Dust emission from Draine & Li (2007): ApJ 657, 810-837
================================================================
         5 = grain model
 4.000E-08 4.000E-01 3.000E-05 = a_01 (cm) , sigma_1 , b_C1/0.92
 2.500E-07 4.000E-01 1.000E-05 = a_02 (cm) , sigma_2 , b_C2/0.92
 7.000E+00 1.000E+04 2.000E+00 = Umin , Umax, beta (dN/dU propto U^{-beta})
 5.089E+01 = <U> 
     mmp83 = radfield
 2.287E-22 = power/H (erg s-1)
 band   nu*P_nu(band) j_nu(band)
 (um)   (erg s-1 H-1)(Jy cm2 sr-1 H-1)
1.270E+00  6.320E-25  2.129E-17 COBE-DIRBE
2.220E+00  8.082E-25  4.759E-17 COBE-DIRBE
3.530E+00  5.256E-24  4.921E-16 COBE-DIRBE
4.880E+00  2.461E-24  3.186E-16 COBE-DIRBE
1.229E+01  2.538E-23  8.274E-15 COBE-DIRBE
2.079E+01  3.451E-23  1.903E-14 COBE-DIRBE
5.599E+01  1.287E-22  1.911E-13 COBE-DIRBE
9.770E+01  6.588E-23  1.707E-13 COBE-DIRBE
1.479E+02  2.763E-23  1.084E-13 COBE-DIRBE
2.479E+02  5.511E-24  3.624E-14 COBE-DIRBE
1.200E+01  2.606E-23  8.297E-15 IRAS
2.500E+01  4.649E-23  3.083E-14 IRAS
6.000E+01  1.227E-22  1.953E-13 IRAS
1.000E+02  6.285E-23  1.667E-13 IRAS
3.550E+00  6.111E-24  5.755E-16 SST-IRAC
4.493E+00  1.722E-24  2.052E-16 SST-IRAC
5.731E+00  1.475E-23  2.242E-15 SST-IRAC
7.872E+00  3.609E-23  7.535E-15 SST-IRAC
2.368E+01  4.103E-23  2.577E-14 SST-MIPS
7.142E+01  9.471E-23  1.794E-13 SST-MIPS
1.559E+02  2.185E-23  9.035E-14 SST-MIPS
1.600E+01  2.391E-23  1.015E-14 SST-IRSPU
2.200E+01  3.924E-23  2.290E-14 SST-IRSPU











lambda    nu*dP/dnu     j_nu
 (um)   (erg s-1 H-1)(Jy cm2 sr-1 H-1)
1.000E+04  8.888E-31  2.358E-19
9.908E+03  9.214E-31  2.422E-19
9.817E+03  9.552E-31  2.487E-19
9.727E+03  9.902E-31  2.555E-19
9.638E+03  1.027E-30  2.624E-19
9.550E+03  1.064E-30  2.696E-19
9.462E+03  1.103E-30  2.769E-19
9.376E+03  1.144E-30  2.844E-19
9.290E+03  1.186E-30  2.922E-19
9.204E+03  1.229E-30  3.001E-19
9.120E+03  1.274E-30  3.083E-19
9.036E+03  1.321E-30  3.167E-19
8.954E+03  1.369E-30  3.252E-19
8.872E+03  1.419E-30  3.340E-19
8.790E+03  1.471E-30  3.430E-19
8.710E+03  1.525E-30  3.523E-19
8.630E+03  1.581E-30  3.618E-19
8.551E+03  1.639E-30  3.716E-19
8.472E+03  1.698E-30  3.817E-19
8.395E+03  1.761E-30  3.921E-19
8.318E+03  1.825E-30  4.027E-19
8.241E+03  1.892E-30  4.137E-19
8.166E+03  1.962E-30  4.249E-19
8.091E+03  2.034E-30  4.365E-19
8.017E+03  2.109E-30  4.484E-19
7.943E+03  2.186E-30  4.606E-19
7.870E+03  2.267E-30  4.732E-19
7.798E+03  2.350E-30  4.861E-19
7.727E+03  2.437E-30  4.994E-19
7.656E+03  2.526E-30  5.131E-19
7.586E+03  2.620E-30  5.271E-19
7.516E+03  2.716E-30  5.416E-19
7.447E+03  2.817E-30  5.564E-19
7.379E+03  2.921E-30  5.717E-19
7.311E+03  3.029E-30  5.874E-19
7.244E+03  3.141E-30  6.036E-19
7.178E+03  3.257E-30  6.202E-19
7.112E+03  3.378E-30  6.373E-19
7.047E+03  3.503E-30  6.548E-19
6.982E+03  3.633E-30  6.729E-19
6.918E+03  3.768E-30  6.914E-19
6.855E+03  3.907E-30  7.105E-19
6.792E+03  4.052E-30  7.301E-19
6.730E+03  4.203E-30  7.502E-19
6.668E+03  4.359E-30  7.710E-19
6.607E+03  4.521E-30  7.923E-19
6.546E+03  4.689E-30  8.143E-19
6.486E+03  4.864E-30  8.368E-19
6.427E+03  5.045E-30  8.600E-19
6.368E+03  5.233E-30  8.839E-19
6.310E+03  5.428E-30  9.085E-19
6.252E+03  5.631E-30  9.338E-19
6.194E+03  5.841E-30  9.598E-19
6.138E+03  6.059E-30  9.865E-19
6.081E+03  6.286E-30  1.014E-18
6.026E+03  6.521E-30  1.042E-18
5.970E+03  6.766E-30  1.071E-18
5.916E+03  7.019E-30  1.101E-18
5.861E+03  7.283E-30  1.132E-18
5.808E+03  7.556E-30  1.164E-18
5.754E+03  7.840E-30  1.197E-18
5.702E+03  8.134E-30  1.230E-18
5.649E+03  8.440E-30  1.265E-18
5.598E+03  8.758E-30  1.300E-18
5.546E+03  9.087E-30  1.337E-18
5.495E+03  9.430E-30  1.375E-18
5.445E+03  9.785E-30  1.413E-18
5.395E+03  1.015E-29  1.453E-18
5.346E+03  1.054E-29  1.494E-18
5.297E+03  1.094E-29  1.536E-18
5.248E+03  1.135E-29  1.580E-18
5.200E+03  1.178E-29  1.625E-18
5.152E+03  1.222E-29  1.671E-18
5.105E+03  1.269E-29  1.718E-18
5.058E+03  1.317E-29  1.767E-18
5.012E+03  1.367E-29  1.817E-18
4.966E+03  1.418E-29  1.868E-18
4.920E+03  1.472E-29  1.921E-18
4.875E+03  1.528E-29  1.976E-18
4.831E+03  1.586E-29  2.032E-18
4.786E+03  1.646E-29  2.090E-18
4.742E+03  1.709E-29  2.150E-18
4.699E+03  1.774E-29  2.211E-18
4.656E+03  1.841E-29  2.274E-18
4.613E+03  1.912E-29  2.339E-18
4.571E+03  1.984E-29  2.406E-18
4.529E+03  2.060E-29  2.475E-18
4.487E+03  2.139E-29  2.546E-18
4.446E+03  2.221E-29  2.619E-18
4.406E+03  2.306E-29  2.694E-18
4.365E+03  2.394E-29  2.772E-18
4.325E+03  2.485E-29  2.851E-18
4.285E+03  2.581E-29  2.934E-18
4.246E+03  2.680E-29  3.018E-18
4.207E+03  2.782E-29  3.105E-18
4.169E+03  2.889E-29  3.195E-18
4.130E+03  3.000E-29  3.287E-18
4.093E+03  3.116E-29  3.382E-18
4.055E+03  3.235E-29  3.480E-18
4.018E+03  3.360E-29  3.581E-18
3.981E+03  3.489E-29  3.685E-18
3.945E+03  3.624E-29  3.791E-18
3.908E+03  3.763E-29  3.901E-18
3.873E+03  3.908E-29  4.015E-18
3.837E+03  4.059E-29  4.131E-18
3.802E+03  4.215E-29  4.251E-18
3.767E+03  4.378E-29  4.375E-18
3.733E+03  4.548E-29  4.503E-18
3.698E+03  4.724E-29  4.634E-18
3.664E+03  4.907E-29  4.769E-18
3.631E+03  5.097E-29  4.909E-18
3.597E+03  5.294E-29  5.052E-18
3.565E+03  5.500E-29  5.200E-18
3.532E+03  5.713E-29  5.353E-18
3.499E+03  5.936E-29  5.510E-18
3.467E+03  6.166E-29  5.672E-18
3.436E+03  6.407E-29  5.838E-18
3.404E+03  6.656E-29  6.010E-18
3.373E+03  6.916E-29  6.187E-18
3.342E+03  7.186E-29  6.370E-18
3.311E+03  7.466E-29  6.558E-18
3.281E+03  7.758E-29  6.752E-18
3.251E+03  8.061E-29  6.951E-18
3.221E+03  8.377E-29  7.157E-18
3.192E+03  8.705E-29  7.369E-18
3.162E+03  9.046E-29  7.588E-18
3.133E+03  9.401E-29  7.813E-18
3.105E+03  9.770E-29  8.045E-18
3.076E+03  1.015E-28  8.285E-18
3.048E+03  1.055E-28  8.531E-18
3.020E+03  1.097E-28  8.785E-18
2.992E+03  1.140E-28  9.047E-18
2.965E+03  1.185E-28  9.316E-18
2.938E+03  1.231E-28  9.593E-18
2.911E+03  1.279E-28  9.879E-18
2.884E+03  1.330E-28  1.017E-17
2.858E+03  1.382E-28  1.048E-17
2.831E+03  1.437E-28  1.079E-17
2.805E+03  1.493E-28  1.111E-17
2.780E+03  1.552E-28  1.145E-17
2.754E+03  1.614E-28  1.179E-17
2.729E+03  1.677E-28  1.214E-17
2.704E+03  1.744E-28  1.251E-17
2.679E+03  1.813E-28  1.288E-17
2.655E+03  1.884E-28  1.327E-17
2.630E+03  1.959E-28  1.367E-17
2.606E+03  2.037E-28  1.408E-17
2.582E+03  2.118E-28  1.451E-17
2.559E+03  2.202E-28  1.494E-17
2.535E+03  2.289E-28  1.539E-17
2.512E+03  2.380E-28  1.586E-17
2.489E+03  2.475E-28  1.634E-17
2.466E+03  2.574E-28  1.683E-17
2.443E+03  2.676E-28  1.735E-17
2.421E+03  2.783E-28  1.787E-17
2.399E+03  2.894E-28  1.841E-17
2.377E+03  3.009E-28  1.897E-17
2.355E+03  3.130E-28  1.955E-17
2.333E+03  3.255E-28  2.015E-17
2.312E+03  3.385E-28  2.076E-17
2.291E+03  3.520E-28  2.139E-17
2.270E+03  3.661E-28  2.204E-17
2.249E+03  3.808E-28  2.272E-17
2.228E+03  3.961E-28  2.341E-17
2.208E+03  4.120E-28  2.413E-17
2.188E+03  4.285E-28  2.487E-17
2.168E+03  4.457E-28  2.563E-17
2.148E+03  4.636E-28  2.641E-17
2.128E+03  4.822E-28  2.722E-17
2.109E+03  5.016E-28  2.806E-17
2.089E+03  5.218E-28  2.892E-17
2.070E+03  5.428E-28  2.981E-17
2.051E+03  5.647E-28  3.072E-17
2.032E+03  5.874E-28  3.167E-17
2.014E+03  6.111E-28  3.264E-17
1.995E+03  6.357E-28  3.365E-17
1.977E+03  6.614E-28  3.468E-17
1.959E+03  6.880E-28  3.575E-17
1.941E+03  7.158E-28  3.685E-17
1.923E+03  7.447E-28  3.799E-17
1.905E+03  7.748E-28  3.916E-17
1.888E+03  8.061E-28  4.037E-17
1.871E+03  8.387E-28  4.162E-17
1.854E+03  8.726E-28  4.290E-17
1.837E+03  9.079E-28  4.423E-17
1.820E+03  9.447E-28  4.560E-17
1.803E+03  9.830E-28  4.701E-17
1.786E+03  1.023E-27  4.847E-17
1.770E+03  1.064E-27  4.997E-17
1.754E+03  1.107E-27  5.152E-17
1.738E+03  1.152E-27  5.312E-17
1.722E+03  1.199E-27  5.477E-17
1.706E+03  1.248E-27  5.647E-17
1.690E+03  1.298E-27  5.822E-17
1.675E+03  1.351E-27  6.003E-17
1.660E+03  1.406E-27  6.190E-17
1.644E+03  1.463E-27  6.382E-17
1.629E+03  1.523E-27  6.581E-17
1.614E+03  1.585E-27  6.785E-17
1.600E+03  1.649E-27  6.997E-17
1.585E+03  1.716E-27  7.214E-17
1.570E+03  1.786E-27  7.439E-17
1.556E+03  1.859E-27  7.671E-17
1.542E+03  1.934E-27  7.910E-17
1.528E+03  2.013E-27  8.156E-17
1.514E+03  2.095E-27  8.410E-17
1.500E+03  2.180E-27  8.673E-17
1.486E+03  2.269E-27  8.943E-17
1.472E+03  2.361E-27  9.223E-17
1.459E+03  2.458E-27  9.511E-17
1.445E+03  2.558E-27  9.808E-17
1.432E+03  2.662E-27  1.011E-16
1.419E+03  2.771E-27  1.043E-16
1.406E+03  2.884E-27  1.076E-16
1.393E+03  3.002E-27  1.109E-16
1.380E+03  3.124E-27  1.144E-16
1.368E+03  3.252E-27  1.180E-16
1.355E+03  3.385E-27  1.217E-16
1.343E+03  3.523E-27  1.255E-16
1.330E+03  3.667E-27  1.294E-16
1.318E+03  3.816E-27  1.334E-16
1.306E+03  3.972E-27  1.376E-16
1.294E+03  4.134E-27  1.419E-16
1.282E+03  4.303E-27  1.464E-16
1.271E+03  4.479E-27  1.510E-16
1.259E+03  4.662E-27  1.557E-16
1.247E+03  4.852E-27  1.605E-16
1.236E+03  5.050E-27  1.656E-16
1.225E+03  5.256E-27  1.708E-16
1.213E+03  5.471E-27  1.761E-16
1.202E+03  5.694E-27  1.816E-16
1.191E+03  5.927E-27  1.873E-16
1.180E+03  6.169E-27  1.931E-16
1.169E+03  6.420E-27  1.992E-16
1.159E+03  6.682E-27  2.054E-16
1.148E+03  6.955E-27  2.118E-16
1.138E+03  7.239E-27  2.184E-16
1.127E+03  7.534E-27  2.253E-16
1.117E+03  7.841E-27  2.323E-16
1.107E+03  8.161E-27  2.396E-16
1.096E+03  8.494E-27  2.470E-16
1.086E+03  8.840E-27  2.548E-16
1.076E+03  9.200E-27  2.627E-16
1.067E+03  9.575E-27  2.709E-16
1.057E+03  9.965E-27  2.793E-16
1.047E+03  1.037E-26  2.881E-16
1.038E+03  1.079E-26  2.970E-16
1.028E+03  1.123E-26  3.063E-16
1.019E+03  1.169E-26  3.158E-16
1.009E+03  1.216E-26  3.256E-16
1.000E+03  1.266E-26  3.358E-16
9.908E+02  1.317E-26  3.462E-16
9.817E+02  1.371E-26  3.570E-16
9.727E+02  1.427E-26  3.681E-16
9.638E+02  1.485E-26  3.796E-16
9.550E+02  1.545E-26  3.914E-16
9.462E+02  1.608E-26  4.036E-16
9.376E+02  1.673E-26  4.161E-16
9.290E+02  1.741E-26  4.290E-16
9.204E+02  1.812E-26  4.423E-16
9.120E+02  1.885E-26  4.561E-16
9.036E+02  1.962E-26  4.702E-16
8.954E+02  2.041E-26  4.848E-16
8.872E+02  2.124E-26  4.998E-16
8.790E+02  2.210E-26  5.152E-16
8.710E+02  2.299E-26  5.311E-16
8.630E+02  2.392E-26  5.475E-16
8.551E+02  2.488E-26  5.644E-16
8.472E+02  2.589E-26  5.818E-16
8.395E+02  2.693E-26  5.997E-16
8.318E+02  2.802E-26  6.182E-16
8.241E+02  2.915E-26  6.372E-16
8.166E+02  3.032E-26  6.567E-16
8.091E+02  3.154E-26  6.769E-16
8.017E+02  3.281E-26  6.976E-16
7.943E+02  3.412E-26  7.190E-16
7.870E+02  3.549E-26  7.410E-16
7.798E+02  3.692E-26  7.637E-16
7.727E+02  3.840E-26  7.870E-16
7.656E+02  3.994E-26  8.110E-16
7.586E+02  4.153E-26  8.358E-16
7.516E+02  4.320E-26  8.612E-16
7.447E+02  4.493E-26  8.875E-16
7.379E+02  4.673E-26  9.146E-16
7.311E+02  4.860E-26  9.426E-16
7.244E+02  5.055E-26  9.714E-16
7.178E+02  5.257E-26  1.001E-15
7.112E+02  5.468E-26  1.032E-15
7.047E+02  5.687E-26  1.063E-15
6.982E+02  5.915E-26  1.096E-15
6.918E+02  6.152E-26  1.129E-15
6.855E+02  6.398E-26  1.163E-15
6.792E+02  6.654E-26  1.199E-15
6.730E+02  6.920E-26  1.235E-15
6.668E+02  7.196E-26  1.273E-15
6.607E+02  7.483E-26  1.311E-15
6.546E+02  7.782E-26  1.351E-15
6.486E+02  8.094E-26  1.393E-15
6.427E+02  8.419E-26  1.435E-15
6.368E+02  8.756E-26  1.479E-15
6.310E+02  9.107E-26  1.524E-15
6.252E+02  9.472E-26  1.571E-15
6.194E+02  9.852E-26  1.619E-15
6.138E+02  1.025E-25  1.668E-15
6.081E+02  1.066E-25  1.719E-15
6.026E+02  1.108E-25  1.772E-15
5.970E+02  1.153E-25  1.826E-15
5.916E+02  1.199E-25  1.882E-15
5.861E+02  1.247E-25  1.939E-15
5.808E+02  1.297E-25  1.998E-15
5.754E+02  1.349E-25  2.059E-15
5.702E+02  1.403E-25  2.122E-15
5.649E+02  1.459E-25  2.187E-15
5.598E+02  1.518E-25  2.254E-15
5.546E+02  1.579E-25  2.323E-15
5.495E+02  1.642E-25  2.393E-15
5.445E+02  1.708E-25  2.467E-15
5.395E+02  1.776E-25  2.542E-15
5.346E+02  1.847E-25  2.619E-15
5.297E+02  1.921E-25  2.699E-15
5.248E+02  1.998E-25  2.782E-15
5.200E+02  2.078E-25  2.867E-15
5.152E+02  2.162E-25  2.954E-15
5.105E+02  2.248E-25  3.044E-15
5.058E+02  2.338E-25  3.137E-15
5.012E+02  2.432E-25  3.233E-15
4.966E+02  2.529E-25  3.331E-15
4.920E+02  2.630E-25  3.433E-15
4.875E+02  2.736E-25  3.538E-15
4.831E+02  2.845E-25  3.645E-15
4.786E+02  2.959E-25  3.756E-15
4.742E+02  3.077E-25  3.871E-15
4.699E+02  3.200E-25  3.988E-15
4.656E+02  3.328E-25  4.110E-15
4.613E+02  3.460E-25  4.235E-15
4.571E+02  3.599E-25  4.363E-15
4.529E+02  3.742E-25  4.496E-15
4.487E+02  3.891E-25  4.632E-15
4.446E+02  4.047E-25  4.773E-15
4.406E+02  4.208E-25  4.917E-15
4.365E+02  4.375E-25  5.066E-15
4.325E+02  4.549E-25  5.219E-15
4.285E+02  4.730E-25  5.377E-15
4.246E+02  4.919E-25  5.540E-15
4.207E+02  5.114E-25  5.707E-15
4.169E+02  5.317E-25  5.880E-15
4.130E+02  5.529E-25  6.057E-15
4.093E+02  5.748E-25  6.240E-15
4.055E+02  5.976E-25  6.428E-15
4.018E+02  6.213E-25  6.622E-15
3.981E+02  6.460E-25  6.822E-15
3.945E+02  6.716E-25  7.027E-15
3.908E+02  6.982E-25  7.239E-15
3.873E+02  7.259E-25  7.456E-15
3.837E+02  7.546E-25  7.680E-15
3.802E+02  7.845E-25  7.911E-15
3.767E+02  8.155E-25  8.148E-15
3.733E+02  8.477E-25  8.393E-15
3.698E+02  8.811E-25  8.644E-15
3.664E+02  9.159E-25  8.903E-15
3.631E+02  9.520E-25  9.169E-15
3.597E+02  9.895E-25  9.442E-15
3.565E+02  1.028E-24  9.724E-15
3.532E+02  1.069E-24  1.001E-14
3.499E+02  1.111E-24  1.031E-14
3.467E+02  1.154E-24  1.062E-14
3.436E+02  1.200E-24  1.093E-14
3.404E+02  1.247E-24  1.126E-14
3.373E+02  1.296E-24  1.159E-14
3.342E+02  1.346E-24  1.193E-14
3.311E+02  1.399E-24  1.229E-14
3.281E+02  1.453E-24  1.265E-14
3.251E+02  1.510E-24  1.302E-14
3.221E+02  1.569E-24  1.340E-14
3.192E+02  1.630E-24  1.380E-14
3.162E+02  1.693E-24  1.420E-14
3.133E+02  1.759E-24  1.462E-14
3.105E+02  1.827E-24  1.504E-14
3.076E+02  1.897E-24  1.548E-14
3.048E+02  1.971E-24  1.593E-14
3.020E+02  2.047E-24  1.640E-14
2.992E+02  2.126E-24  1.687E-14
2.965E+02  2.207E-24  1.736E-14
2.938E+02  2.292E-24  1.786E-14
2.911E+02  2.380E-24  1.838E-14
2.884E+02  2.471E-24  1.890E-14
2.858E+02  2.566E-24  1.945E-14
2.831E+02  2.664E-24  2.001E-14
2.805E+02  2.765E-24  2.058E-14
2.780E+02  2.870E-24  2.116E-14
2.754E+02  2.979E-24  2.177E-14
2.729E+02  3.093E-24  2.239E-14
2.704E+02  3.210E-24  2.302E-14
2.679E+02  3.332E-24  2.368E-14
2.655E+02  3.458E-24  2.435E-14
2.630E+02  3.589E-24  2.504E-14
2.606E+02  3.724E-24  2.575E-14
2.582E+02  3.865E-24  2.647E-14
2.559E+02  4.010E-24  2.721E-14
2.535E+02  4.159E-24  2.797E-14
2.512E+02  4.313E-24  2.874E-14
2.489E+02  4.470E-24  2.951E-14
2.466E+02  4.629E-24  3.028E-14
2.443E+02  4.793E-24  3.107E-14
2.421E+02  4.962E-24  3.186E-14
2.399E+02  5.135E-24  3.267E-14
2.377E+02  5.311E-24  3.348E-14
2.355E+02  5.492E-24  3.431E-14
2.333E+02  5.678E-24  3.515E-14
2.312E+02  5.871E-24  3.601E-14
2.291E+02  6.069E-24  3.688E-14
2.270E+02  6.273E-24  3.777E-14
2.249E+02  6.484E-24  3.868E-14
2.228E+02  6.700E-24  3.961E-14
2.208E+02  6.924E-24  4.055E-14
2.188E+02  7.153E-24  4.151E-14
2.168E+02  7.390E-24  4.249E-14
2.148E+02  7.633E-24  4.349E-14
2.128E+02  7.884E-24  4.451E-14
2.109E+02  8.142E-24  4.554E-14
2.089E+02  8.407E-24  4.659E-14
2.070E+02  8.679E-24  4.766E-14
2.051E+02  8.959E-24  4.874E-14
2.032E+02  9.247E-24  4.985E-14
2.014E+02  9.543E-24  5.098E-14
1.995E+02  9.848E-24  5.212E-14
1.977E+02  1.016E-23  5.328E-14
1.959E+02  1.048E-23  5.446E-14
1.941E+02  1.081E-23  5.566E-14
1.923E+02  1.115E-23  5.688E-14
1.905E+02  1.150E-23  5.812E-14
1.888E+02  1.186E-23  5.938E-14
1.871E+02  1.223E-23  6.066E-14
1.854E+02  1.260E-23  6.196E-14
1.837E+02  1.299E-23  6.328E-14
1.820E+02  1.339E-23  6.462E-14
1.803E+02  1.380E-23  6.598E-14
1.786E+02  1.422E-23  6.737E-14
1.770E+02  1.465E-23  6.877E-14
1.754E+02  1.509E-23  7.020E-14
1.738E+02  1.554E-23  7.165E-14
1.722E+02  1.601E-23  7.313E-14
1.706E+02  1.649E-23  7.463E-14
1.690E+02  1.698E-23  7.615E-14
1.675E+02  1.749E-23  7.770E-14
1.660E+02  1.801E-23  7.928E-14
1.644E+02  1.854E-23  8.088E-14
1.629E+02  1.909E-23  8.252E-14
1.614E+02  1.966E-23  8.418E-14
1.600E+02  2.024E-23  8.587E-14
1.585E+02  2.084E-23  8.761E-14
1.570E+02  2.146E-23  8.937E-14
1.556E+02  2.209E-23  9.118E-14
1.542E+02  2.275E-23  9.302E-14
1.528E+02  2.342E-23  9.491E-14
1.514E+02  2.412E-23  9.683E-14
1.500E+02  2.484E-23  9.880E-14
1.486E+02  2.557E-23  1.008E-13
1.472E+02  2.633E-23  1.028E-13
1.459E+02  2.710E-23  1.049E-13
1.445E+02  2.789E-23  1.069E-13
1.432E+02  2.868E-23  1.089E-13
1.419E+02  2.946E-23  1.109E-13
1.406E+02  3.023E-23  1.127E-13
1.393E+02  3.098E-23  1.145E-13
1.380E+02  3.169E-23  1.160E-13
1.368E+02  3.238E-23  1.175E-13
1.355E+02  3.305E-23  1.188E-13
1.343E+02  3.370E-23  1.200E-13
1.330E+02  3.434E-23  1.212E-13
1.318E+02  3.499E-23  1.223E-13
1.306E+02  3.564E-23  1.235E-13
1.294E+02  3.631E-23  1.247E-13
1.282E+02  3.700E-23  1.258E-13
1.271E+02  3.770E-23  1.270E-13
1.259E+02  3.842E-23  1.283E-13
1.247E+02  3.915E-23  1.296E-13
1.236E+02  3.991E-23  1.309E-13
1.225E+02  4.069E-23  1.322E-13
1.213E+02  4.149E-23  1.335E-13
1.202E+02  4.230E-23  1.349E-13
1.191E+02  4.313E-23  1.363E-13
1.180E+02  4.397E-23  1.377E-13
1.169E+02  4.483E-23  1.391E-13
1.159E+02  4.570E-23  1.405E-13
1.148E+02  4.659E-23  1.419E-13
1.138E+02  4.749E-23  1.433E-13
1.127E+02  4.841E-23  1.447E-13
1.117E+02  4.935E-23  1.462E-13
1.107E+02  5.029E-23  1.476E-13
1.096E+02  5.126E-23  1.491E-13
1.086E+02  5.224E-23  1.505E-13
1.076E+02  5.322E-23  1.520E-13
1.067E+02  5.423E-23  1.534E-13
1.057E+02  5.524E-23  1.549E-13
1.047E+02  5.627E-23  1.563E-13
1.038E+02  5.731E-23  1.577E-13
1.028E+02  5.835E-23  1.591E-13
1.019E+02  5.940E-23  1.605E-13
1.009E+02  6.046E-23  1.619E-13
1.000E+02  6.153E-23  1.632E-13
9.908E+01  6.260E-23  1.645E-13
9.817E+01  6.369E-23  1.659E-13
9.727E+01  6.478E-23  1.672E-13
9.638E+01  6.588E-23  1.684E-13
9.550E+01  6.699E-23  1.697E-13
9.462E+01  6.810E-23  1.709E-13
9.376E+01  6.921E-23  1.721E-13
9.290E+01  7.033E-23  1.733E-13
9.204E+01  7.145E-23  1.745E-13
9.120E+01  7.258E-23  1.756E-13
9.036E+01  7.371E-23  1.767E-13
8.954E+01  7.485E-23  1.778E-13
8.872E+01  7.599E-23  1.788E-13
8.790E+01  7.713E-23  1.798E-13
8.710E+01  7.828E-23  1.808E-13
8.630E+01  7.943E-23  1.818E-13
8.551E+01  8.059E-23  1.828E-13
8.472E+01  8.173E-23  1.837E-13
8.395E+01  8.288E-23  1.846E-13
8.318E+01  8.404E-23  1.854E-13
8.241E+01  8.519E-23  1.862E-13
8.166E+01  8.635E-23  1.870E-13
8.091E+01  8.751E-23  1.878E-13
8.017E+01  8.867E-23  1.886E-13
7.943E+01  8.982E-23  1.893E-13
7.870E+01  9.097E-23  1.899E-13
7.798E+01  9.212E-23  1.906E-13
7.727E+01  9.327E-23  1.912E-13
7.656E+01  9.441E-23  1.917E-13
7.586E+01  9.555E-23  1.923E-13
7.516E+01  9.668E-23  1.928E-13
7.447E+01  9.781E-23  1.932E-13
7.379E+01  9.891E-23  1.936E-13
7.311E+01  1.000E-22  1.940E-13
7.244E+01  1.011E-22  1.943E-13
7.178E+01  1.022E-22  1.946E-13
7.112E+01  1.033E-22  1.949E-13
7.047E+01  1.044E-22  1.951E-13
6.982E+01  1.055E-22  1.954E-13
6.918E+01  1.066E-22  1.956E-13
6.855E+01  1.076E-22  1.957E-13
6.792E+01  1.087E-22  1.958E-13
6.730E+01  1.097E-22  1.959E-13
6.668E+01  1.108E-22  1.959E-13
6.607E+01  1.118E-22  1.959E-13
6.546E+01  1.128E-22  1.959E-13
6.486E+01  1.138E-22  1.959E-13
6.427E+01  1.148E-22  1.958E-13
6.368E+01  1.158E-22  1.957E-13
6.310E+01  1.168E-22  1.955E-13
6.252E+01  1.178E-22  1.954E-13
6.194E+01  1.188E-22  1.952E-13
6.138E+01  1.198E-22  1.950E-13
6.081E+01  1.207E-22  1.947E-13
6.026E+01  1.217E-22  1.944E-13
5.970E+01  1.226E-22  1.941E-13
5.916E+01  1.235E-22  1.938E-13
5.861E+01  1.244E-22  1.935E-13
5.808E+01  1.253E-22  1.931E-13
5.754E+01  1.262E-22  1.927E-13
5.702E+01  1.271E-22  1.922E-13
5.649E+01  1.280E-22  1.918E-13
5.598E+01  1.289E-22  1.913E-13
5.546E+01  1.297E-22  1.909E-13
5.495E+01  1.306E-22  1.904E-13
5.445E+01  1.315E-22  1.899E-13
5.395E+01  1.323E-22  1.893E-13
5.346E+01  1.332E-22  1.888E-13
5.297E+01  1.340E-22  1.882E-13
5.248E+01  1.348E-22  1.877E-13
5.200E+01  1.356E-22  1.871E-13
5.152E+01  1.365E-22  1.865E-13
5.105E+01  1.373E-22  1.859E-13
5.058E+01  1.381E-22  1.852E-13
5.012E+01  1.389E-22  1.846E-13
4.966E+01  1.396E-22  1.839E-13
4.920E+01  1.404E-22  1.833E-13
4.875E+01  1.412E-22  1.826E-13
4.831E+01  1.420E-22  1.819E-13
4.786E+01  1.427E-22  1.812E-13
4.742E+01  1.435E-22  1.805E-13
4.699E+01  1.443E-22  1.798E-13
4.656E+01  1.450E-22  1.791E-13
4.613E+01  1.458E-22  1.784E-13
4.571E+01  1.465E-22  1.776E-13
4.529E+01  1.472E-22  1.769E-13
4.487E+01  1.480E-22  1.761E-13
4.446E+01  1.487E-22  1.753E-13
4.406E+01  1.494E-22  1.745E-13
4.365E+01  1.500E-22  1.737E-13
4.325E+01  1.507E-22  1.729E-13
4.285E+01  1.513E-22  1.720E-13
4.246E+01  1.520E-22  1.712E-13
4.207E+01  1.525E-22  1.702E-13
4.169E+01  1.531E-22  1.693E-13
4.130E+01  1.536E-22  1.683E-13
4.093E+01  1.541E-22  1.672E-13
4.055E+01  1.545E-22  1.661E-13
4.018E+01  1.548E-22  1.650E-13
3.981E+01  1.551E-22  1.638E-13
3.945E+01  1.553E-22  1.625E-13
3.908E+01  1.555E-22  1.612E-13
3.873E+01  1.555E-22  1.598E-13
3.837E+01  1.555E-22  1.583E-13
3.802E+01  1.554E-22  1.567E-13
3.767E+01  1.551E-22  1.550E-13
3.733E+01  1.547E-22  1.532E-13
3.698E+01  1.542E-22  1.513E-13
3.664E+01  1.536E-22  1.493E-13
3.631E+01  1.528E-22  1.471E-13
3.597E+01  1.518E-22  1.449E-13
3.565E+01  1.507E-22  1.425E-13
3.532E+01  1.495E-22  1.400E-13
3.499E+01  1.480E-22  1.374E-13
3.467E+01  1.464E-22  1.347E-13
3.436E+01  1.447E-22  1.318E-13
3.404E+01  1.427E-22  1.289E-13
3.373E+01  1.406E-22  1.258E-13
3.342E+01  1.383E-22  1.226E-13
3.311E+01  1.359E-22  1.193E-13
3.281E+01  1.333E-22  1.160E-13
3.251E+01  1.305E-22  1.126E-13
3.221E+01  1.277E-22  1.091E-13
3.192E+01  1.247E-22  1.055E-13
3.162E+01  1.216E-22  1.020E-13
3.133E+01  1.184E-22  9.839E-14
3.105E+01  1.151E-22  9.479E-14
3.076E+01  1.118E-22  9.121E-14
3.048E+01  1.084E-22  8.765E-14
3.020E+01  1.050E-22  8.413E-14
2.992E+01  1.016E-22  8.066E-14
2.965E+01  9.823E-23  7.725E-14
2.938E+01  9.485E-23  7.391E-14
2.911E+01  9.152E-23  7.066E-14
2.884E+01  8.823E-23  6.750E-14
2.858E+01  8.502E-23  6.444E-14
2.831E+01  8.187E-23  6.149E-14
2.805E+01  7.881E-23  5.865E-14
2.780E+01  7.584E-23  5.592E-14
2.754E+01  7.296E-23  5.330E-14
2.729E+01  7.018E-23  5.080E-14
2.704E+01  6.751E-23  4.842E-14
2.679E+01  6.494E-23  4.615E-14
2.655E+01  6.248E-23  4.400E-14
2.630E+01  6.013E-23  4.195E-14
2.606E+01  5.788E-23  4.001E-14
2.582E+01  5.574E-23  3.818E-14
2.559E+01  5.370E-23  3.644E-14
2.535E+01  5.176E-23  3.481E-14
2.512E+01  4.992E-23  3.326E-14
2.489E+01  4.817E-23  3.180E-14
2.466E+01  4.651E-23  3.043E-14
2.443E+01  4.494E-23  2.913E-14
2.421E+01  4.346E-23  2.791E-14
2.399E+01  4.204E-23  2.675E-14
2.377E+01  4.071E-23  2.567E-14
2.355E+01  3.946E-23  2.465E-14
2.333E+01  3.828E-23  2.370E-14
2.312E+01  3.716E-23  2.279E-14
2.291E+01  3.610E-23  2.194E-14
2.270E+01  3.513E-23  2.115E-14
2.249E+01  3.422E-23  2.042E-14
2.228E+01  3.338E-23  1.973E-14
2.208E+01  3.259E-23  1.909E-14
2.188E+01  3.182E-23  1.847E-14
2.168E+01  3.110E-23  1.788E-14
2.148E+01  3.043E-23  1.734E-14
2.128E+01  2.981E-23  1.683E-14
2.109E+01  2.924E-23  1.635E-14
2.089E+01  2.871E-23  1.591E-14
2.070E+01  2.821E-23  1.549E-14
2.051E+01  2.774E-23  1.509E-14
2.032E+01  2.732E-23  1.473E-14
2.014E+01  2.696E-23  1.440E-14
1.995E+01  2.663E-23  1.409E-14
1.977E+01  2.633E-23  1.381E-14
1.959E+01  2.605E-23  1.353E-14
1.941E+01  2.580E-23  1.328E-14
1.923E+01  2.558E-23  1.305E-14
1.905E+01  2.541E-23  1.284E-14
1.888E+01  2.528E-23  1.266E-14
1.871E+01  2.523E-23  1.252E-14
1.854E+01  2.527E-23  1.242E-14
1.837E+01  2.546E-23  1.240E-14
1.820E+01  2.595E-23  1.252E-14
1.803E+01  2.720E-23  1.301E-14
1.786E+01  2.946E-23  1.396E-14
1.770E+01  2.927E-23  1.374E-14
1.754E+01  3.150E-23  1.465E-14
1.738E+01  3.803E-23  1.753E-14
1.722E+01  3.526E-23  1.610E-14
1.706E+01  3.487E-23  1.578E-14
1.690E+01  3.381E-23  1.516E-14
1.675E+01  3.221E-23  1.431E-14
1.660E+01  3.301E-23  1.453E-14
1.644E+01  3.936E-23  1.717E-14
1.629E+01  2.927E-23  1.265E-14
1.614E+01  2.582E-23  1.106E-14
1.600E+01  2.655E-23  1.127E-14
1.585E+01  2.641E-23  1.110E-14
1.570E+01  2.264E-23  9.433E-15
1.556E+01  2.081E-23  8.588E-15
1.542E+01  1.988E-23  8.129E-15
1.528E+01  1.928E-23  7.814E-15
1.514E+01  1.885E-23  7.570E-15
1.500E+01  1.853E-23  7.372E-15
1.486E+01  1.829E-23  7.210E-15
1.472E+01  1.815E-23  7.090E-15
1.459E+01  1.817E-23  7.031E-15
1.445E+01  1.852E-23  7.099E-15
1.432E+01  1.958E-23  7.437E-15
1.419E+01  2.076E-23  7.813E-15
1.406E+01  1.952E-23  7.281E-15
1.393E+01  1.858E-23  6.865E-15
1.380E+01  1.880E-23  6.883E-15
1.368E+01  2.054E-23  7.453E-15
1.355E+01  2.124E-23  7.636E-15
1.343E+01  1.966E-23  7.001E-15
1.330E+01  1.967E-23  6.941E-15
1.318E+01  2.077E-23  7.264E-15
1.306E+01  2.299E-23  7.964E-15
1.294E+01  2.683E-23  9.212E-15
1.282E+01  3.302E-23  1.123E-14
1.271E+01  4.071E-23  1.372E-14
1.259E+01  4.399E-23  1.469E-14
1.247E+01  3.950E-23  1.307E-14
1.236E+01  3.399E-23  1.114E-14
1.225E+01  3.167E-23  1.029E-14
1.213E+01  3.226E-23  1.038E-14
1.202E+01  3.337E-23  1.064E-14
1.191E+01  3.217E-23  1.016E-14
1.180E+01  2.961E-23  9.269E-15
1.169E+01  2.876E-23  8.923E-15
1.159E+01  3.191E-23  9.809E-15
1.148E+01  4.255E-23  1.296E-14
1.138E+01  6.493E-23  1.959E-14
1.127E+01  9.023E-23  2.698E-14
1.117E+01  6.161E-23  1.825E-14
1.107E+01  3.267E-23  9.591E-15
1.096E+01  2.237E-23  6.508E-15
1.086E+01  1.751E-23  5.047E-15
1.076E+01  1.484E-23  4.239E-15
1.067E+01  1.322E-23  3.741E-15
1.057E+01  1.216E-23  3.410E-15
1.047E+01  1.144E-23  3.177E-15
1.038E+01  1.092E-23  3.004E-15
1.028E+01  1.054E-23  2.873E-15
1.019E+01  1.026E-23  2.771E-15
1.009E+01  1.006E-23  2.693E-15
1.000E+01  9.930E-24  2.634E-15
9.908E+00  9.866E-24  2.593E-15
9.817E+00  9.862E-24  2.568E-15
9.727E+00  9.917E-24  2.559E-15
9.638E+00  1.003E-23  2.566E-15
9.550E+00  1.022E-23  2.588E-15
9.462E+00  1.047E-23  2.629E-15
9.376E+00  1.082E-23  2.692E-15
9.290E+00  1.130E-23  2.784E-15
9.204E+00  1.194E-23  2.916E-15
9.120E+00  1.285E-23  3.108E-15
9.036E+00  1.416E-23  3.395E-15
8.954E+00  1.615E-23  3.836E-15
8.872E+00  1.931E-23  4.545E-15
8.790E+00  2.450E-23  5.714E-15
8.710E+00  3.243E-23  7.492E-15
8.630E+00  3.979E-23  9.108E-15
8.551E+00  3.877E-23  8.794E-15
8.472E+00  3.354E-23  7.538E-15
8.395E+00  3.085E-23  6.869E-15
8.318E+00  3.062E-23  6.756E-15
8.241E+00  3.191E-23  6.975E-15
8.166E+00  3.524E-23  7.634E-15
8.091E+00  4.165E-23  8.938E-15
8.017E+00  5.190E-23  1.104E-14
7.943E+00  6.543E-23  1.379E-14
7.870E+00  7.770E-23  1.622E-14
7.798E+00  8.338E-23  1.725E-14
7.727E+00  8.658E-23  1.775E-14
7.656E+00  9.241E-23  1.877E-14
7.586E+00  9.109E-23  1.833E-14
7.516E+00  7.508E-23  1.497E-14
7.447E+00  5.677E-23  1.122E-14
7.379E+00  4.359E-23  8.532E-15
7.311E+00  3.483E-23  6.755E-15
7.244E+00  2.878E-23  5.529E-15
7.178E+00  2.439E-23  4.644E-15
7.112E+00  2.116E-23  3.992E-15
7.047E+00  1.881E-23  3.517E-15
6.982E+00  1.722E-23  3.189E-15
6.918E+00  1.629E-23  2.989E-15
6.855E+00  1.595E-23  2.901E-15
6.792E+00  1.604E-23  2.889E-15
6.730E+00  1.618E-23  2.888E-15
6.668E+00  1.596E-23  2.823E-15
6.607E+00  1.540E-23  2.699E-15
6.546E+00  1.504E-23  2.612E-15
6.486E+00  1.560E-23  2.685E-15
6.427E+00  1.799E-23  3.066E-15
6.368E+00  2.398E-23  4.051E-15
6.310E+00  3.767E-23  6.305E-15
6.252E+00  6.125E-23  1.016E-14
6.194E+00  6.235E-23  1.024E-14
6.138E+00  3.741E-23  6.091E-15
6.081E+00  2.191E-23  3.534E-15
6.026E+00  1.469E-23  2.348E-15
5.970E+00  1.124E-23  1.781E-15
5.916E+00  9.684E-24  1.520E-15
5.861E+00  9.372E-24  1.457E-15
5.808E+00  1.023E-23  1.576E-15
5.754E+00  1.213E-23  1.851E-15
5.702E+00  1.323E-23  2.001E-15
5.649E+00  1.127E-23  1.689E-15
5.598E+00  8.396E-24  1.247E-15
5.546E+00  6.405E-24  9.422E-16
5.495E+00  5.244E-24  7.644E-16
5.445E+00  4.616E-24  6.668E-16
5.395E+00  4.386E-24  6.276E-16
5.346E+00  4.599E-24  6.521E-16
5.297E+00  5.416E-24  7.609E-16
5.248E+00  6.014E-24  8.372E-16
5.200E+00  4.865E-24  6.710E-16
5.152E+00  3.671E-24  5.017E-16
5.105E+00  3.015E-24  4.083E-16
5.058E+00  2.649E-24  3.555E-16
5.012E+00  2.420E-24  3.218E-16
4.966E+00  2.262E-24  2.979E-16
4.920E+00  2.143E-24  2.797E-16
4.875E+00  2.049E-24  2.650E-16
4.831E+00  1.973E-24  2.528E-16
4.786E+00  1.908E-24  2.423E-16
4.742E+00  1.853E-24  2.331E-16
4.699E+00  1.805E-24  2.250E-16
4.656E+00  1.762E-24  2.176E-16
4.613E+00  1.724E-24  2.110E-16
4.571E+00  1.690E-24  2.049E-16
4.529E+00  1.659E-24  1.993E-16
4.487E+00  1.631E-24  1.942E-16
4.446E+00  1.606E-24  1.894E-16
4.406E+00  1.583E-24  1.850E-16
4.365E+00  1.561E-24  1.808E-16
4.325E+00  1.542E-24  1.769E-16
4.285E+00  1.524E-24  1.733E-16
4.246E+00  1.508E-24  1.698E-16
4.207E+00  1.493E-24  1.666E-16
4.169E+00  1.480E-24  1.636E-16
4.130E+00  1.468E-24  1.608E-16
4.093E+00  1.457E-24  1.582E-16
4.055E+00  1.448E-24  1.557E-16
4.018E+00  1.440E-24  1.534E-16
3.981E+00  1.433E-24  1.514E-16
3.945E+00  1.429E-24  1.495E-16
3.908E+00  1.426E-24  1.478E-16
3.873E+00  1.425E-24  1.464E-16
3.837E+00  1.427E-24  1.452E-16
3.802E+00  1.431E-24  1.443E-16
3.767E+00  1.440E-24  1.439E-16
3.733E+00  1.453E-24  1.438E-16
3.698E+00  1.472E-24  1.444E-16
3.664E+00  1.499E-24  1.457E-16
3.631E+00  1.537E-24  1.481E-16
3.597E+00  1.591E-24  1.519E-16
3.565E+00  1.669E-24  1.578E-16
3.532E+00  1.783E-24  1.671E-16
3.499E+00  1.958E-24  1.818E-16
3.467E+00  2.241E-24  2.061E-16
3.436E+00  2.735E-24  2.493E-16
3.404E+00  3.712E-24  3.352E-16
3.373E+00  6.045E-24  5.408E-16
3.342E+00  1.377E-23  1.221E-15
3.311E+00  5.210E-23  4.576E-15
3.281E+00  3.558E-23  3.096E-15
3.251E+00  1.016E-23  8.763E-16
3.221E+00  4.852E-24  4.145E-16
3.192E+00  3.095E-24  2.620E-16
3.162E+00  2.319E-24  1.945E-16
3.133E+00  1.911E-24  1.588E-16
3.105E+00  1.669E-24  1.374E-16
3.076E+00  1.514E-24  1.235E-16
3.048E+00  1.407E-24  1.138E-16
3.020E+00  1.330E-24  1.066E-16
2.992E+00  1.273E-24  1.010E-16
2.965E+00  1.227E-24  9.653E-17
2.938E+00  1.191E-24  9.282E-17
2.911E+00  1.161E-24  8.966E-17
2.884E+00  1.136E-24  8.689E-17
2.858E+00  1.114E-24  8.444E-17
2.831E+00  1.095E-24  8.222E-17
2.805E+00  1.077E-24  8.018E-17
2.780E+00  1.062E-24  7.829E-17
2.754E+00  1.047E-24  7.652E-17
2.729E+00  1.034E-24  7.486E-17
2.704E+00  1.022E-24  7.327E-17
2.679E+00  1.010E-24  7.175E-17
2.655E+00  9.983E-25  7.029E-17
2.630E+00  9.874E-25  6.889E-17
2.606E+00  9.768E-25  6.753E-17
2.582E+00  9.666E-25  6.621E-17
2.559E+00  9.566E-25  6.492E-17
2.535E+00  9.467E-25  6.366E-17
2.512E+00  9.371E-25  6.244E-17
2.489E+00  9.276E-25  6.124E-17
2.466E+00  9.180E-25  6.005E-17
2.443E+00  9.085E-25  5.888E-17
2.421E+00  8.991E-25  5.774E-17
2.399E+00  8.899E-25  5.662E-17
2.377E+00  8.807E-25  5.553E-17
2.355E+00  8.716E-25  5.445E-17
2.333E+00  8.625E-25  5.339E-17
2.312E+00  8.535E-25  5.234E-17
2.291E+00  8.444E-25  5.131E-17
2.270E+00  8.354E-25  5.030E-17
2.249E+00  8.262E-25  4.929E-17
2.228E+00  8.169E-25  4.829E-17
2.208E+00  8.075E-25  4.730E-17
2.188E+00  7.980E-25  4.631E-17
2.168E+00  7.881E-25  4.532E-17
2.148E+00  7.780E-25  4.432E-17
2.128E+00  7.674E-25  4.332E-17
2.109E+00  7.563E-25  4.230E-17
2.089E+00  7.444E-25  4.126E-17
2.070E+00  7.317E-25  4.018E-17
2.051E+00  7.178E-25  3.906E-17
2.032E+00  7.025E-25  3.787E-17
2.014E+00  6.855E-25  3.661E-17
1.995E+00  6.663E-25  3.526E-17
1.977E+00  6.451E-25  3.383E-17
1.959E+00  6.224E-25  3.234E-17
1.941E+00  6.005E-25  3.091E-17
1.923E+00  5.832E-25  2.975E-17
1.905E+00  5.747E-25  2.905E-17
1.888E+00  5.766E-25  2.887E-17
1.871E+00  5.856E-25  2.906E-17
1.854E+00  5.971E-25  2.936E-17
1.837E+00  6.072E-25  2.958E-17
1.820E+00  6.145E-25  2.966E-17
1.803E+00  6.188E-25  2.960E-17
1.786E+00  6.207E-25  2.941E-17
1.770E+00  6.206E-25  2.914E-17
1.754E+00  6.192E-25  2.881E-17
1.738E+00  6.167E-25  2.843E-17
1.722E+00  6.134E-25  2.802E-17
1.706E+00  6.097E-25  2.759E-17
1.690E+00  6.056E-25  2.715E-17
1.675E+00  6.013E-25  2.671E-17
1.660E+00  5.969E-25  2.628E-17
1.644E+00  5.924E-25  2.584E-17
1.629E+00  5.879E-25  2.541E-17
1.614E+00  5.836E-25  2.499E-17
1.600E+00  5.794E-25  2.459E-17
1.585E+00  5.755E-25  2.419E-17
1.570E+00  5.719E-25  2.382E-17
1.556E+00  5.686E-25  2.347E-17
1.542E+00  5.658E-25  2.314E-17
1.528E+00  5.635E-25  2.283E-17
1.514E+00  5.618E-25  2.256E-17
1.500E+00  5.609E-25  2.231E-17
1.486E+00  5.608E-25  2.210E-17
1.472E+00  5.617E-25  2.194E-17
1.459E+00  5.638E-25  2.182E-17
1.445E+00  5.673E-25  2.175E-17
1.432E+00  5.725E-25  2.175E-17
1.419E+00  5.797E-25  2.182E-17
1.406E+00  5.893E-25  2.198E-17
1.393E+00  6.018E-25  2.224E-17
1.380E+00  6.178E-25  2.262E-17
1.368E+00  6.379E-25  2.314E-17
1.355E+00  6.628E-25  2.383E-17
1.343E+00  6.931E-25  2.469E-17
1.330E+00  7.292E-25  2.573E-17
1.318E+00  7.702E-25  2.693E-17
1.306E+00  8.140E-25  2.820E-17
1.294E+00  8.552E-25  2.936E-17
1.282E+00  8.853E-25  3.011E-17
1.271E+00  8.941E-25  3.013E-17
1.259E+00  8.743E-25  2.920E-17
1.247E+00  8.265E-25  2.735E-17
1.236E+00  7.599E-25  2.491E-17
1.225E+00  6.869E-25  2.231E-17
1.213E+00  6.179E-25  1.989E-17
1.202E+00  5.582E-25  1.780E-17
1.191E+00  5.098E-25  1.611E-17
1.180E+00  4.722E-25  1.478E-17
1.169E+00  4.445E-25  1.379E-17
1.159E+00  4.255E-25  1.308E-17
1.148E+00  4.147E-25  1.263E-17
1.138E+00  4.119E-25  1.243E-17
1.127E+00  4.180E-25  1.250E-17
1.117E+00  4.348E-25  1.288E-17
1.107E+00  4.656E-25  1.367E-17
1.096E+00  5.158E-25  1.500E-17
1.086E+00  5.936E-25  1.711E-17
1.076E+00  7.067E-25  2.018E-17
1.067E+00  8.485E-25  2.400E-17
1.057E+00  9.619E-25  2.697E-17
1.047E+00  9.427E-25  2.618E-17
1.038E+00  7.820E-25  2.152E-17
1.028E+00  5.925E-25  1.616E-17
1.019E+00  4.456E-25  1.204E-17
1.009E+00  3.460E-25  9.264E-18
1.000E+00  2.800E-25  7.428E-18
