Dust emission from Draine & Li (2007): ApJ 657, 810-837
==========================================================
         2 = grain model
 4.000E-08 4.000E-01 7.500E-06 = a_01 (cm) , sigma_1 , b_C1/0.92
 2.000E-07 5.500E-01 2.500E-06 = a_02 (cm) , sigma_2 , b_C2/0.92
 1.500E-01 1.000E+06 2.000E+00 = Umin , Umax, beta (dN/dU propto U^{-beta})
 2.357E+00 = <U> 
     mmp83 = radfield
 1.042E-23 = power/H (erg s-1)
 band   nu*P_nu(band) j_nu(band)
 (um)   (erg s-1 H-1)(Jy cm2 sr-1 H-1)
1.270E+00  1.006E-26  3.389E-19 COBE-DIRBE
2.220E+00  1.313E-26  7.734E-19 COBE-DIRBE
3.530E+00  9.790E-26  9.167E-18 COBE-DIRBE
4.880E+00  1.058E-25  1.370E-17 COBE-DIRBE
1.229E+01  1.260E-24  4.107E-16 COBE-DIRBE
2.079E+01  2.528E-24  1.394E-15 COBE-DIRBE
5.599E+01  4.161E-24  6.180E-15 COBE-DIRBE
9.770E+01  3.089E-24  8.004E-15 COBE-DIRBE
1.479E+02  2.252E-24  8.833E-15 COBE-DIRBE
2.479E+02  8.607E-25  5.659E-15 COBE-DIRBE
1.200E+01  1.209E-24  3.850E-16 IRAS
2.500E+01  3.148E-24  2.087E-15 IRAS
6.000E+01  4.058E-24  6.459E-15 IRAS
1.000E+02  3.044E-24  8.076E-15 IRAS
3.550E+00  1.124E-25  1.059E-17 SST-IRAC
4.493E+00  7.220E-26  8.605E-18 SST-IRAC
5.731E+00  4.244E-25  6.452E-17 SST-IRAC
7.872E+00  1.216E-24  2.540E-16 SST-IRAC
2.368E+01  2.968E-24  1.864E-15 SST-MIPS
7.142E+01  3.294E-24  6.241E-15 SST-MIPS
1.559E+02  2.011E-24  8.315E-15 SST-MIPS
1.600E+01  1.611E-24  6.838E-16 SST-IRSPU
2.200E+01  2.894E-24  1.689E-15 SST-IRSPU
7.500E+01  2.837E-24  5.644E-15 Herschel-PACS
1.100E+02  2.200E-24  6.420E-15 Herschel-PACS
1.700E+02  1.539E-24  6.942E-15 Herschel-PACS
2.500E+02  7.500E-25  4.974E-15 Herschel-SPIRE
3.600E+02  2.540E-25  2.426E-15 Herschel-SPIRE
5.200E+02  7.092E-26  9.782E-16 Herschel-SPIRE
2.400E+00  1.560E-26  9.930E-19 Akari IRC NIR N2
3.200E+00  7.344E-26  6.234E-18 Akari IRC NIR N3
4.100E+00  7.169E-26  7.797E-18 Akari IRC NIR N4
7.000E+00  1.248E-24  2.317E-16 Akari IRC MIR-S S7
9.000E+00  1.143E-24  2.730E-16 Akari IRC MIR-S S9W
1.100E+01  1.134E-24  3.308E-16 Akari IRC MIR-S S11
1.500E+01  1.702E-24  6.772E-16 Akari IRC MIR-L L15
1.800E+01  2.247E-24  1.073E-15 Akari IRC MIR-L L18W
2.400E+01  2.909E-24  1.852E-15 Akari IRC MIR-L L24
6.500E+01  3.731E-24  6.433E-15 Akari FIS N60
8.000E+01  3.304E-24  7.011E-15 Akari FIS WIDE-S
1.400E+02  2.257E-24  8.380E-15 Akari FIS WIDE-L
1.600E+02  1.968E-24  8.351E-15 Akari FIS N160
 
 
 
 


lambda    nu*dP/dnu     j_nu
 (um)   (erg s-1 H-1)(Jy cm2 sr-1 H-1)
1.000E+04  4.661E-31  1.236E-19
9.908E+03  4.832E-31  1.270E-19
9.817E+03  5.008E-31  1.304E-19
9.727E+03  5.191E-31  1.339E-19
9.638E+03  5.381E-31  1.376E-19
9.550E+03  5.577E-31  1.413E-19
9.462E+03  5.781E-31  1.451E-19
9.376E+03  5.992E-31  1.490E-19
9.290E+03  6.211E-31  1.531E-19
9.204E+03  6.438E-31  1.572E-19
9.120E+03  6.673E-31  1.614E-19
9.036E+03  6.917E-31  1.658E-19
8.954E+03  7.169E-31  1.703E-19
8.872E+03  7.430E-31  1.748E-19
8.790E+03  7.700E-31  1.795E-19
8.710E+03  7.980E-31  1.844E-19
8.630E+03  8.271E-31  1.893E-19
8.551E+03  8.572E-31  1.944E-19
8.472E+03  8.884E-31  1.997E-19
8.395E+03  9.208E-31  2.050E-19
8.318E+03  9.544E-31  2.106E-19
8.241E+03  9.893E-31  2.163E-19
8.166E+03  1.025E-30  2.221E-19
8.091E+03  1.063E-30  2.281E-19
8.017E+03  1.102E-30  2.343E-19
7.943E+03  1.142E-30  2.406E-19
7.870E+03  1.184E-30  2.472E-19
7.798E+03  1.227E-30  2.539E-19
7.727E+03  1.272E-30  2.608E-19
7.656E+03  1.319E-30  2.678E-19
7.586E+03  1.367E-30  2.751E-19
7.516E+03  1.417E-30  2.826E-19
7.447E+03  1.469E-30  2.903E-19
7.379E+03  1.523E-30  2.982E-19
7.311E+03  1.580E-30  3.063E-19
7.244E+03  1.638E-30  3.147E-19
7.178E+03  1.698E-30  3.233E-19
7.112E+03  1.760E-30  3.321E-19
7.047E+03  1.825E-30  3.412E-19
6.982E+03  1.893E-30  3.505E-19
6.918E+03  1.962E-30  3.601E-19
6.855E+03  2.034E-30  3.699E-19
6.792E+03  2.109E-30  3.800E-19
6.730E+03  2.187E-30  3.904E-19
6.668E+03  2.268E-30  4.011E-19
6.607E+03  2.352E-30  4.121E-19
6.546E+03  2.439E-30  4.234E-19
6.486E+03  2.529E-30  4.351E-19
6.427E+03  2.622E-30  4.470E-19
6.368E+03  2.719E-30  4.593E-19
6.310E+03  2.820E-30  4.720E-19
6.252E+03  2.924E-30  4.850E-19
6.194E+03  3.033E-30  4.983E-19
6.138E+03  3.145E-30  5.121E-19
6.081E+03  3.262E-30  5.262E-19
6.026E+03  3.383E-30  5.407E-19
5.970E+03  3.509E-30  5.557E-19
5.916E+03  3.639E-30  5.711E-19
5.861E+03  3.775E-30  5.869E-19
5.808E+03  3.915E-30  6.031E-19
5.754E+03  4.061E-30  6.199E-19
5.702E+03  4.212E-30  6.371E-19
5.649E+03  4.369E-30  6.547E-19
5.598E+03  4.532E-30  6.729E-19
5.546E+03  4.701E-30  6.916E-19
5.495E+03  4.877E-30  7.109E-19
5.445E+03  5.059E-30  7.307E-19
5.395E+03  5.248E-30  7.510E-19
5.346E+03  5.444E-30  7.720E-19
5.297E+03  5.648E-30  7.935E-19
5.248E+03  5.859E-30  8.156E-19
5.200E+03  6.078E-30  8.384E-19
5.152E+03  6.306E-30  8.618E-19
5.105E+03  6.542E-30  8.859E-19
5.058E+03  6.788E-30  9.107E-19
5.012E+03  7.042E-30  9.362E-19
4.966E+03  7.306E-30  9.624E-19
4.920E+03  7.580E-30  9.894E-19
4.875E+03  7.865E-30  1.017E-18
4.831E+03  8.160E-30  1.046E-18
4.786E+03  8.467E-30  1.075E-18
4.742E+03  8.786E-30  1.105E-18
4.699E+03  9.116E-30  1.136E-18
4.656E+03  9.459E-30  1.168E-18
4.613E+03  9.816E-30  1.201E-18
4.571E+03  1.019E-29  1.235E-18
4.529E+03  1.057E-29  1.270E-18
4.487E+03  1.097E-29  1.306E-18
4.446E+03  1.138E-29  1.342E-18
4.406E+03  1.181E-29  1.380E-18
4.365E+03  1.226E-29  1.419E-18
4.325E+03  1.272E-29  1.460E-18
4.285E+03  1.320E-29  1.501E-18
4.246E+03  1.370E-29  1.543E-18
4.207E+03  1.422E-29  1.587E-18
4.169E+03  1.476E-29  1.632E-18
4.130E+03  1.532E-29  1.679E-18
4.093E+03  1.590E-29  1.726E-18
4.055E+03  1.651E-29  1.775E-18
4.018E+03  1.713E-29  1.826E-18
3.981E+03  1.778E-29  1.878E-18
3.945E+03  1.846E-29  1.931E-18
3.908E+03  1.916E-29  1.986E-18
3.873E+03  1.989E-29  2.043E-18
3.837E+03  2.064E-29  2.101E-18
3.802E+03  2.143E-29  2.161E-18
3.767E+03  2.224E-29  2.222E-18
3.733E+03  2.309E-29  2.286E-18
3.698E+03  2.397E-29  2.351E-18
3.664E+03  2.488E-29  2.419E-18
3.631E+03  2.583E-29  2.488E-18
3.597E+03  2.682E-29  2.559E-18
3.565E+03  2.784E-29  2.633E-18
3.532E+03  2.891E-29  2.708E-18
3.499E+03  3.001E-29  2.786E-18
3.467E+03  3.116E-29  2.866E-18
3.436E+03  3.235E-29  2.948E-18
3.404E+03  3.359E-29  3.033E-18
3.373E+03  3.488E-29  3.121E-18
3.342E+03  3.622E-29  3.211E-18
3.311E+03  3.761E-29  3.303E-18
3.281E+03  3.905E-29  3.399E-18
3.251E+03  4.055E-29  3.497E-18
3.221E+03  4.211E-29  3.598E-18
3.192E+03  4.373E-29  3.702E-18
3.162E+03  4.541E-29  3.809E-18
3.133E+03  4.716E-29  3.920E-18
3.105E+03  4.898E-29  4.033E-18
3.076E+03  5.086E-29  4.150E-18
3.048E+03  5.282E-29  4.271E-18
3.020E+03  5.486E-29  4.395E-18
2.992E+03  5.697E-29  4.522E-18
2.965E+03  5.917E-29  4.653E-18
2.938E+03  6.144E-29  4.788E-18
2.911E+03  6.381E-29  4.927E-18
2.884E+03  6.627E-29  5.070E-18
2.858E+03  6.883E-29  5.217E-18
2.831E+03  7.148E-29  5.369E-18
2.805E+03  7.424E-29  5.525E-18
2.780E+03  7.711E-29  5.686E-18
2.754E+03  8.009E-29  5.851E-18
2.729E+03  8.319E-29  6.022E-18
2.704E+03  8.641E-29  6.197E-18
2.679E+03  8.975E-29  6.378E-18
2.655E+03  9.323E-29  6.565E-18
2.630E+03  9.684E-29  6.756E-18
2.606E+03  1.006E-28  6.954E-18
2.582E+03  1.045E-28  7.157E-18
2.559E+03  1.085E-28  7.367E-18
2.535E+03  1.128E-28  7.583E-18
2.512E+03  1.171E-28  7.805E-18
2.489E+03  1.217E-28  8.034E-18
2.466E+03  1.264E-28  8.270E-18
2.443E+03  1.313E-28  8.512E-18
2.421E+03  1.364E-28  8.762E-18
2.399E+03  1.418E-28  9.020E-18
2.377E+03  1.473E-28  9.285E-18
2.355E+03  1.530E-28  9.558E-18
2.333E+03  1.590E-28  9.839E-18
2.312E+03  1.652E-28  1.013E-17
2.291E+03  1.716E-28  1.043E-17
2.270E+03  1.783E-28  1.073E-17
2.249E+03  1.852E-28  1.105E-17
2.228E+03  1.925E-28  1.138E-17
2.208E+03  2.000E-28  1.171E-17
2.188E+03  2.078E-28  1.206E-17
2.168E+03  2.159E-28  1.241E-17
2.148E+03  2.243E-28  1.278E-17
2.128E+03  2.331E-28  1.316E-17
2.109E+03  2.422E-28  1.355E-17
2.089E+03  2.517E-28  1.395E-17
2.070E+03  2.615E-28  1.436E-17
2.051E+03  2.717E-28  1.478E-17
2.032E+03  2.824E-28  1.522E-17
2.014E+03  2.934E-28  1.567E-17
1.995E+03  3.049E-28  1.614E-17
1.977E+03  3.168E-28  1.661E-17
1.959E+03  3.292E-28  1.710E-17
1.941E+03  3.421E-28  1.761E-17
1.923E+03  3.555E-28  1.813E-17
1.905E+03  3.694E-28  1.867E-17
1.888E+03  3.838E-28  1.922E-17
1.871E+03  3.988E-28  1.979E-17
1.854E+03  4.145E-28  2.038E-17
1.837E+03  4.307E-28  2.098E-17
1.820E+03  4.475E-28  2.160E-17
1.803E+03  4.651E-28  2.224E-17
1.786E+03  4.833E-28  2.290E-17
1.770E+03  5.022E-28  2.358E-17
1.754E+03  5.219E-28  2.428E-17
1.738E+03  5.423E-28  2.500E-17
1.722E+03  5.636E-28  2.574E-17
1.706E+03  5.856E-28  2.650E-17
1.690E+03  6.086E-28  2.729E-17
1.675E+03  6.324E-28  2.810E-17
1.660E+03  6.572E-28  2.893E-17
1.644E+03  6.829E-28  2.979E-17
1.629E+03  7.096E-28  3.067E-17
1.614E+03  7.374E-28  3.158E-17
1.600E+03  7.663E-28  3.251E-17
1.585E+03  7.963E-28  3.348E-17
1.570E+03  8.274E-28  3.447E-17
1.556E+03  8.598E-28  3.549E-17
1.542E+03  8.935E-28  3.654E-17
1.528E+03  9.284E-28  3.762E-17
1.514E+03  9.647E-28  3.873E-17
1.500E+03  1.002E-27  3.988E-17
1.486E+03  1.042E-27  4.106E-17
1.472E+03  1.082E-27  4.227E-17
1.459E+03  1.125E-27  4.352E-17
1.445E+03  1.169E-27  4.481E-17
1.432E+03  1.214E-27  4.613E-17
1.419E+03  1.262E-27  4.750E-17
1.406E+03  1.311E-27  4.890E-17
1.393E+03  1.362E-27  5.034E-17
1.380E+03  1.415E-27  5.183E-17
1.368E+03  1.471E-27  5.336E-17
1.355E+03  1.528E-27  5.493E-17
1.343E+03  1.588E-27  5.655E-17
1.330E+03  1.650E-27  5.822E-17
1.318E+03  1.714E-27  5.993E-17
1.306E+03  1.781E-27  6.170E-17
1.294E+03  1.850E-27  6.351E-17
1.282E+03  1.922E-27  6.538E-17
1.271E+03  1.997E-27  6.730E-17
1.259E+03  2.074E-27  6.927E-17
1.247E+03  2.155E-27  7.131E-17
1.236E+03  2.239E-27  7.340E-17
1.225E+03  2.326E-27  7.555E-17
1.213E+03  2.416E-27  7.776E-17
1.202E+03  2.510E-27  8.003E-17
1.191E+03  2.607E-27  8.237E-17
1.180E+03  2.708E-27  8.478E-17
1.169E+03  2.813E-27  8.725E-17
1.159E+03  2.921E-27  8.980E-17
1.148E+03  3.034E-27  9.241E-17
1.138E+03  3.152E-27  9.510E-17
1.127E+03  3.273E-27  9.787E-17
1.117E+03  3.399E-27  1.007E-16
1.107E+03  3.530E-27  1.036E-16
1.096E+03  3.666E-27  1.066E-16
1.086E+03  3.808E-27  1.097E-16
1.076E+03  3.954E-27  1.129E-16
1.067E+03  4.106E-27  1.162E-16
1.057E+03  4.263E-27  1.195E-16
1.047E+03  4.427E-27  1.230E-16
1.038E+03  4.596E-27  1.265E-16
1.028E+03  4.772E-27  1.301E-16
1.019E+03  4.955E-27  1.339E-16
1.009E+03  5.144E-27  1.377E-16
1.000E+03  5.340E-27  1.417E-16
9.908E+02  5.544E-27  1.457E-16
9.817E+02  5.756E-27  1.499E-16
9.727E+02  5.975E-27  1.542E-16
9.638E+02  6.203E-27  1.586E-16
9.550E+02  6.439E-27  1.631E-16
9.462E+02  6.683E-27  1.678E-16
9.376E+02  6.937E-27  1.725E-16
9.290E+02  7.200E-27  1.774E-16
9.204E+02  7.473E-27  1.824E-16
9.120E+02  7.755E-27  1.876E-16
9.036E+02  8.048E-27  1.929E-16
8.954E+02  8.352E-27  1.984E-16
8.872E+02  8.666E-27  2.039E-16
8.790E+02  8.992E-27  2.097E-16
8.710E+02  9.330E-27  2.155E-16
8.630E+02  9.680E-27  2.216E-16
8.551E+02  1.004E-26  2.278E-16
8.472E+02  1.042E-26  2.341E-16
8.395E+02  1.081E-26  2.406E-16
8.318E+02  1.121E-26  2.473E-16
8.241E+02  1.163E-26  2.542E-16
8.166E+02  1.206E-26  2.612E-16
8.091E+02  1.251E-26  2.684E-16
8.017E+02  1.297E-26  2.758E-16
7.943E+02  1.345E-26  2.834E-16
7.870E+02  1.395E-26  2.911E-16
7.798E+02  1.446E-26  2.991E-16
7.727E+02  1.499E-26  3.073E-16
7.656E+02  1.554E-26  3.156E-16
7.586E+02  1.611E-26  3.242E-16
7.516E+02  1.670E-26  3.330E-16
7.447E+02  1.732E-26  3.421E-16
7.379E+02  1.795E-26  3.513E-16
7.311E+02  1.861E-26  3.609E-16
7.244E+02  1.929E-26  3.706E-16
7.178E+02  1.999E-26  3.806E-16
7.112E+02  2.072E-26  3.909E-16
7.047E+02  2.147E-26  4.014E-16
6.982E+02  2.226E-26  4.122E-16
6.918E+02  2.306E-26  4.233E-16
6.855E+02  2.390E-26  4.346E-16
6.792E+02  2.477E-26  4.462E-16
6.730E+02  2.566E-26  4.581E-16
6.668E+02  2.658E-26  4.702E-16
6.607E+02  2.754E-26  4.827E-16
6.546E+02  2.853E-26  4.955E-16
6.486E+02  2.956E-26  5.087E-16
6.427E+02  3.063E-26  5.221E-16
6.368E+02  3.173E-26  5.360E-16
6.310E+02  3.287E-26  5.501E-16
6.252E+02  3.405E-26  5.647E-16
6.194E+02  3.527E-26  5.795E-16
6.138E+02  3.653E-26  5.948E-16
6.081E+02  3.784E-26  6.104E-16
6.026E+02  3.919E-26  6.264E-16
5.970E+02  4.059E-26  6.428E-16
5.916E+02  4.203E-26  6.595E-16
5.861E+02  4.353E-26  6.767E-16
5.808E+02  4.507E-26  6.943E-16
5.754E+02  4.667E-26  7.123E-16
5.702E+02  4.832E-26  7.308E-16
5.649E+02  5.003E-26  7.497E-16
5.598E+02  5.179E-26  7.690E-16
5.546E+02  5.362E-26  7.888E-16
5.495E+02  5.550E-26  8.091E-16
5.445E+02  5.746E-26  8.298E-16
5.395E+02  5.947E-26  8.511E-16
5.346E+02  6.155E-26  8.728E-16
5.297E+02  6.370E-26  8.950E-16
5.248E+02  6.593E-26  9.178E-16
5.200E+02  6.823E-26  9.411E-16
5.152E+02  7.060E-26  9.649E-16
5.105E+02  7.305E-26  9.892E-16
5.058E+02  7.558E-26  1.014E-15
5.012E+02  7.819E-26  1.040E-15
4.966E+02  8.089E-26  1.066E-15
4.920E+02  8.368E-26  1.092E-15
4.875E+02  8.656E-26  1.119E-15
4.831E+02  8.952E-26  1.147E-15
4.786E+02  9.259E-26  1.176E-15
4.742E+02  9.575E-26  1.205E-15
4.699E+02  9.901E-26  1.234E-15
4.656E+02  1.024E-25  1.264E-15
4.613E+02  1.059E-25  1.295E-15
4.571E+02  1.094E-25  1.327E-15
4.529E+02  1.131E-25  1.359E-15
4.487E+02  1.169E-25  1.392E-15
4.446E+02  1.209E-25  1.426E-15
4.406E+02  1.249E-25  1.460E-15
4.365E+02  1.291E-25  1.495E-15
4.325E+02  1.334E-25  1.531E-15
4.285E+02  1.378E-25  1.567E-15
4.246E+02  1.424E-25  1.604E-15
4.207E+02  1.471E-25  1.642E-15
4.169E+02  1.520E-25  1.681E-15
4.130E+02  1.570E-25  1.720E-15
4.093E+02  1.622E-25  1.760E-15
4.055E+02  1.675E-25  1.801E-15
4.018E+02  1.729E-25  1.843E-15
3.981E+02  1.786E-25  1.886E-15
3.945E+02  1.844E-25  1.929E-15
3.908E+02  1.903E-25  1.973E-15
3.873E+02  1.965E-25  2.018E-15
3.837E+02  2.028E-25  2.064E-15
3.802E+02  2.093E-25  2.111E-15
3.767E+02  2.160E-25  2.158E-15
3.733E+02  2.229E-25  2.207E-15
3.698E+02  2.300E-25  2.256E-15
3.664E+02  2.373E-25  2.306E-15
3.631E+02  2.448E-25  2.357E-15
3.597E+02  2.525E-25  2.409E-15
3.565E+02  2.604E-25  2.462E-15
3.532E+02  2.685E-25  2.515E-15
3.499E+02  2.769E-25  2.570E-15
3.467E+02  2.854E-25  2.625E-15
3.436E+02  2.943E-25  2.682E-15
3.404E+02  3.033E-25  2.739E-15
3.373E+02  3.126E-25  2.797E-15
3.342E+02  3.222E-25  2.856E-15
3.311E+02  3.319E-25  2.916E-15
3.281E+02  3.420E-25  2.976E-15
3.251E+02  3.523E-25  3.038E-15
3.221E+02  3.629E-25  3.100E-15
3.192E+02  3.737E-25  3.164E-15
3.162E+02  3.848E-25  3.228E-15
3.133E+02  3.962E-25  3.293E-15
3.105E+02  4.079E-25  3.359E-15
3.076E+02  4.199E-25  3.426E-15
3.048E+02  4.322E-25  3.494E-15
3.020E+02  4.448E-25  3.563E-15
2.992E+02  4.576E-25  3.632E-15
2.965E+02  4.708E-25  3.703E-15
2.938E+02  4.843E-25  3.774E-15
2.911E+02  4.981E-25  3.846E-15
2.884E+02  5.122E-25  3.919E-15
2.858E+02  5.267E-25  3.992E-15
2.831E+02  5.415E-25  4.067E-15
2.805E+02  5.566E-25  4.142E-15
2.780E+02  5.720E-25  4.218E-15
2.754E+02  5.878E-25  4.295E-15
2.729E+02  6.040E-25  4.373E-15
2.704E+02  6.206E-25  4.451E-15
2.679E+02  6.375E-25  4.531E-15
2.655E+02  6.549E-25  4.611E-15
2.630E+02  6.725E-25  4.692E-15
2.606E+02  6.906E-25  4.774E-15
2.582E+02  7.090E-25  4.856E-15
2.559E+02  7.277E-25  4.939E-15
2.535E+02  7.467E-25  5.021E-15
2.512E+02  7.660E-25  5.104E-15
2.489E+02  7.853E-25  5.184E-15
2.466E+02  8.046E-25  5.263E-15
2.443E+02  8.241E-25  5.342E-15
2.421E+02  8.439E-25  5.419E-15
2.399E+02  8.638E-25  5.496E-15
2.377E+02  8.837E-25  5.571E-15
2.355E+02  9.039E-25  5.646E-15
2.333E+02  9.243E-25  5.721E-15
2.312E+02  9.451E-25  5.796E-15
2.291E+02  9.661E-25  5.871E-15
2.270E+02  9.875E-25  5.946E-15
2.249E+02  1.009E-24  6.020E-15
2.228E+02  1.031E-24  6.094E-15
2.208E+02  1.053E-24  6.169E-15
2.188E+02  1.076E-24  6.243E-15
2.168E+02  1.098E-24  6.316E-15
2.148E+02  1.121E-24  6.389E-15
2.128E+02  1.145E-24  6.462E-15
2.109E+02  1.168E-24  6.535E-15
2.089E+02  1.192E-24  6.607E-15
2.070E+02  1.216E-24  6.679E-15
2.051E+02  1.241E-24  6.750E-15
2.032E+02  1.265E-24  6.821E-15
2.014E+02  1.290E-24  6.891E-15
1.995E+02  1.315E-24  6.961E-15
1.977E+02  1.340E-24  7.030E-15
1.959E+02  1.366E-24  7.098E-15
1.941E+02  1.392E-24  7.166E-15
1.923E+02  1.418E-24  7.233E-15
1.905E+02  1.444E-24  7.300E-15
1.888E+02  1.471E-24  7.366E-15
1.871E+02  1.498E-24  7.431E-15
1.854E+02  1.524E-24  7.495E-15
1.837E+02  1.552E-24  7.559E-15
1.820E+02  1.579E-24  7.623E-15
1.803E+02  1.607E-24  7.685E-15
1.786E+02  1.635E-24  7.748E-15
1.770E+02  1.663E-24  7.809E-15
1.754E+02  1.692E-24  7.870E-15
1.738E+02  1.720E-24  7.930E-15
1.722E+02  1.749E-24  7.990E-15
1.706E+02  1.779E-24  8.049E-15
1.690E+02  1.808E-24  8.108E-15
1.675E+02  1.838E-24  8.166E-15
1.660E+02  1.868E-24  8.224E-15
1.644E+02  1.899E-24  8.282E-15
1.629E+02  1.930E-24  8.339E-15
1.614E+02  1.961E-24  8.397E-15
1.600E+02  1.992E-24  8.454E-15
1.585E+02  2.025E-24  8.511E-15
1.570E+02  2.057E-24  8.569E-15
1.556E+02  2.090E-24  8.626E-15
1.542E+02  2.124E-24  8.684E-15
1.528E+02  2.158E-24  8.742E-15
1.514E+02  2.192E-24  8.800E-15
1.500E+02  2.227E-24  8.858E-15
1.486E+02  2.262E-24  8.916E-15
1.472E+02  2.297E-24  8.972E-15
1.459E+02  2.332E-24  9.025E-15
1.445E+02  2.367E-24  9.075E-15
1.432E+02  2.400E-24  9.118E-15
1.419E+02  2.431E-24  9.152E-15
1.406E+02  2.460E-24  9.175E-15
1.393E+02  2.485E-24  9.184E-15
1.380E+02  2.507E-24  9.180E-15
1.368E+02  2.526E-24  9.163E-15
1.355E+02  2.541E-24  9.135E-15
1.343E+02  2.555E-24  9.099E-15
1.330E+02  2.567E-24  9.058E-15
1.318E+02  2.578E-24  9.016E-15
1.306E+02  2.590E-24  8.973E-15
1.294E+02  2.601E-24  8.931E-15
1.282E+02  2.613E-24  8.890E-15
1.271E+02  2.626E-24  8.850E-15
1.259E+02  2.639E-24  8.812E-15
1.247E+02  2.652E-24  8.776E-15
1.236E+02  2.666E-24  8.741E-15
1.225E+02  2.681E-24  8.708E-15
1.213E+02  2.696E-24  8.676E-15
1.202E+02  2.711E-24  8.646E-15
1.191E+02  2.727E-24  8.616E-15
1.180E+02  2.743E-24  8.587E-15
1.169E+02  2.758E-24  8.557E-15
1.159E+02  2.774E-24  8.528E-15
1.148E+02  2.791E-24  8.500E-15
1.138E+02  2.807E-24  8.472E-15
1.127E+02  2.824E-24  8.444E-15
1.117E+02  2.841E-24  8.416E-15
1.107E+02  2.858E-24  8.389E-15
1.096E+02  2.875E-24  8.362E-15
1.086E+02  2.892E-24  8.335E-15
1.076E+02  2.909E-24  8.307E-15
1.067E+02  2.926E-24  8.279E-15
1.057E+02  2.944E-24  8.252E-15
1.047E+02  2.961E-24  8.224E-15
1.038E+02  2.978E-24  8.195E-15
1.028E+02  2.995E-24  8.166E-15
1.019E+02  3.011E-24  8.137E-15
1.009E+02  3.028E-24  8.107E-15
1.000E+02  3.045E-24  8.076E-15
9.908E+01  3.061E-24  8.045E-15
9.817E+01  3.077E-24  8.013E-15
9.727E+01  3.093E-24  7.981E-15
9.638E+01  3.109E-24  7.949E-15
9.550E+01  3.125E-24  7.916E-15
9.462E+01  3.140E-24  7.882E-15
9.376E+01  3.155E-24  7.848E-15
9.290E+01  3.171E-24  7.813E-15
9.204E+01  3.186E-24  7.778E-15
9.120E+01  3.200E-24  7.742E-15
9.036E+01  3.215E-24  7.706E-15
8.954E+01  3.229E-24  7.670E-15
8.872E+01  3.244E-24  7.634E-15
8.790E+01  3.258E-24  7.597E-15
8.710E+01  3.273E-24  7.561E-15
8.630E+01  3.287E-24  7.524E-15
8.551E+01  3.301E-24  7.487E-15
8.472E+01  3.315E-24  7.450E-15
8.395E+01  3.329E-24  7.413E-15
8.318E+01  3.343E-24  7.375E-15
8.241E+01  3.357E-24  7.338E-15
8.166E+01  3.371E-24  7.301E-15
8.091E+01  3.385E-24  7.264E-15
8.017E+01  3.399E-24  7.227E-15
7.943E+01  3.412E-24  7.190E-15
7.870E+01  3.426E-24  7.152E-15
7.798E+01  3.440E-24  7.115E-15
7.727E+01  3.453E-24  7.078E-15
7.656E+01  3.467E-24  7.041E-15
7.586E+01  3.481E-24  7.003E-15
7.516E+01  3.494E-24  6.967E-15
7.447E+01  3.508E-24  6.930E-15
7.379E+01  3.521E-24  6.892E-15
7.311E+01  3.535E-24  6.856E-15
7.244E+01  3.548E-24  6.819E-15
7.178E+01  3.562E-24  6.782E-15
7.112E+01  3.576E-24  6.746E-15
7.047E+01  3.590E-24  6.710E-15
6.982E+01  3.604E-24  6.675E-15
6.918E+01  3.619E-24  6.641E-15
6.855E+01  3.633E-24  6.606E-15
6.792E+01  3.647E-24  6.571E-15
6.730E+01  3.662E-24  6.537E-15
6.668E+01  3.677E-24  6.504E-15
6.607E+01  3.692E-24  6.471E-15
6.546E+01  3.707E-24  6.438E-15
6.486E+01  3.723E-24  6.406E-15
6.427E+01  3.739E-24  6.374E-15
6.368E+01  3.755E-24  6.343E-15
6.310E+01  3.771E-24  6.312E-15
6.252E+01  3.788E-24  6.282E-15
6.194E+01  3.806E-24  6.253E-15
6.138E+01  3.823E-24  6.225E-15
6.081E+01  3.841E-24  6.197E-15
6.026E+01  3.860E-24  6.169E-15
5.970E+01  3.878E-24  6.142E-15
5.916E+01  3.898E-24  6.116E-15
5.861E+01  3.917E-24  6.090E-15
5.808E+01  3.937E-24  6.065E-15
5.754E+01  3.958E-24  6.041E-15
5.702E+01  3.979E-24  6.017E-15
5.649E+01  4.000E-24  5.995E-15
5.598E+01  4.023E-24  5.973E-15
5.546E+01  4.046E-24  5.952E-15
5.495E+01  4.070E-24  5.932E-15
5.445E+01  4.094E-24  5.913E-15
5.395E+01  4.119E-24  5.895E-15
5.346E+01  4.145E-24  5.878E-15
5.297E+01  4.172E-24  5.861E-15
5.248E+01  4.199E-24  5.845E-15
5.200E+01  4.227E-24  5.831E-15
5.152E+01  4.256E-24  5.817E-15
5.105E+01  4.286E-24  5.804E-15
5.058E+01  4.317E-24  5.792E-15
5.012E+01  4.348E-24  5.781E-15
4.966E+01  4.381E-24  5.771E-15
4.920E+01  4.414E-24  5.762E-15
4.875E+01  4.449E-24  5.753E-15
4.831E+01  4.484E-24  5.746E-15
4.786E+01  4.521E-24  5.740E-15
4.742E+01  4.559E-24  5.735E-15
4.699E+01  4.598E-24  5.731E-15
4.656E+01  4.638E-24  5.728E-15
4.613E+01  4.679E-24  5.726E-15
4.571E+01  4.721E-24  5.724E-15
4.529E+01  4.765E-24  5.724E-15
4.487E+01  4.810E-24  5.725E-15
4.446E+01  4.856E-24  5.727E-15
4.406E+01  4.902E-24  5.729E-15
4.365E+01  4.950E-24  5.732E-15
4.325E+01  4.999E-24  5.736E-15
4.285E+01  5.049E-24  5.740E-15
4.246E+01  5.100E-24  5.744E-15
4.207E+01  5.151E-24  5.749E-15
4.169E+01  5.204E-24  5.754E-15
4.130E+01  5.256E-24  5.759E-15
4.093E+01  5.309E-24  5.763E-15
4.055E+01  5.362E-24  5.767E-15
4.018E+01  5.415E-24  5.771E-15
3.981E+01  5.467E-24  5.774E-15
3.945E+01  5.520E-24  5.775E-15
3.908E+01  5.571E-24  5.776E-15
3.873E+01  5.621E-24  5.775E-15
3.837E+01  5.670E-24  5.771E-15
3.802E+01  5.718E-24  5.766E-15
3.767E+01  5.763E-24  5.758E-15
3.733E+01  5.805E-24  5.747E-15
3.698E+01  5.844E-24  5.733E-15
3.664E+01  5.879E-24  5.715E-15
3.631E+01  5.911E-24  5.693E-15
3.597E+01  5.939E-24  5.668E-15
3.565E+01  5.963E-24  5.638E-15
3.532E+01  5.981E-24  5.603E-15
3.499E+01  5.994E-24  5.564E-15
3.467E+01  6.000E-24  5.519E-15
3.436E+01  6.001E-24  5.469E-15
3.404E+01  5.995E-24  5.413E-15
3.373E+01  5.982E-24  5.352E-15
3.342E+01  5.963E-24  5.286E-15
3.311E+01  5.937E-24  5.214E-15
3.281E+01  5.903E-24  5.137E-15
3.251E+01  5.862E-24  5.055E-15
3.221E+01  5.815E-24  4.968E-15
3.192E+01  5.760E-24  4.876E-15
3.162E+01  5.699E-24  4.780E-15
3.133E+01  5.631E-24  4.680E-15
3.105E+01  5.558E-24  4.577E-15
3.076E+01  5.479E-24  4.471E-15
3.048E+01  5.396E-24  4.362E-15
3.020E+01  5.308E-24  4.252E-15
2.992E+01  5.216E-24  4.140E-15
2.965E+01  5.121E-24  4.028E-15
2.938E+01  5.024E-24  3.915E-15
2.911E+01  4.924E-24  3.802E-15
2.884E+01  4.824E-24  3.690E-15
2.858E+01  4.722E-24  3.580E-15
2.831E+01  4.621E-24  3.470E-15
2.805E+01  4.519E-24  3.363E-15
2.780E+01  4.419E-24  3.258E-15
2.754E+01  4.319E-24  3.155E-15
2.729E+01  4.221E-24  3.055E-15
2.704E+01  4.125E-24  2.958E-15
2.679E+01  4.031E-24  2.864E-15
2.655E+01  3.939E-24  2.773E-15
2.630E+01  3.849E-24  2.686E-15
2.606E+01  3.762E-24  2.601E-15
2.582E+01  3.678E-24  2.519E-15
2.559E+01  3.597E-24  2.441E-15
2.535E+01  3.518E-24  2.366E-15
2.512E+01  3.442E-24  2.294E-15
2.489E+01  3.369E-24  2.224E-15
2.466E+01  3.299E-24  2.158E-15
2.443E+01  3.231E-24  2.094E-15
2.421E+01  3.166E-24  2.033E-15
2.399E+01  3.102E-24  1.974E-15
2.377E+01  3.042E-24  1.918E-15
2.355E+01  2.985E-24  1.865E-15
2.333E+01  2.930E-24  1.813E-15
2.312E+01  2.875E-24  1.763E-15
2.291E+01  2.824E-24  1.716E-15
2.270E+01  2.776E-24  1.672E-15
2.249E+01  2.733E-24  1.630E-15
2.228E+01  2.691E-24  1.591E-15
2.208E+01  2.651E-24  1.553E-15
2.188E+01  2.611E-24  1.515E-15
2.168E+01  2.572E-24  1.479E-15
2.148E+01  2.534E-24  1.444E-15
2.128E+01  2.500E-24  1.411E-15
2.109E+01  2.468E-24  1.380E-15
2.089E+01  2.437E-24  1.350E-15
2.070E+01  2.406E-24  1.321E-15
2.051E+01  2.376E-24  1.293E-15
2.032E+01  2.349E-24  1.266E-15
2.014E+01  2.326E-24  1.243E-15
1.995E+01  2.305E-24  1.220E-15
1.977E+01  2.283E-24  1.197E-15
1.959E+01  2.262E-24  1.175E-15
1.941E+01  2.240E-24  1.153E-15
1.923E+01  2.221E-24  1.133E-15
1.905E+01  2.212E-24  1.118E-15
1.888E+01  2.197E-24  1.100E-15
1.871E+01  2.145E-24  1.065E-15
1.854E+01  2.106E-24  1.036E-15
1.837E+01  2.075E-24  1.011E-15
1.820E+01  2.047E-24  9.882E-16
1.803E+01  2.029E-24  9.705E-16
1.786E+01  2.023E-24  9.588E-16
1.770E+01  1.990E-24  9.346E-16
1.754E+01  1.984E-24  9.229E-16
1.738E+01  2.021E-24  9.317E-16
1.722E+01  1.973E-24  9.011E-16
1.706E+01  1.939E-24  8.774E-16
1.690E+01  1.885E-24  8.454E-16
1.675E+01  1.821E-24  8.090E-16
1.660E+01  1.793E-24  7.892E-16
1.644E+01  1.851E-24  8.073E-16
1.629E+01  1.653E-24  7.144E-16
1.614E+01  1.553E-24  6.648E-16
1.600E+01  1.497E-24  6.350E-16
1.585E+01  1.451E-24  6.098E-16
1.570E+01  1.404E-24  5.847E-16
1.556E+01  1.364E-24  5.631E-16
1.542E+01  1.330E-24  5.438E-16
1.528E+01  1.298E-24  5.261E-16
1.514E+01  1.270E-24  5.098E-16
1.500E+01  1.244E-24  4.949E-16
1.486E+01  1.221E-24  4.812E-16
1.472E+01  1.201E-24  4.689E-16
1.459E+01  1.185E-24  4.586E-16
1.445E+01  1.179E-24  4.520E-16
1.432E+01  1.190E-24  4.521E-16
1.419E+01  1.207E-24  4.544E-16
1.406E+01  1.179E-24  4.396E-16
1.393E+01  1.162E-24  4.294E-16
1.380E+01  1.174E-24  4.300E-16
1.368E+01  1.214E-24  4.404E-16
1.355E+01  1.267E-24  4.553E-16
1.343E+01  1.278E-24  4.552E-16
1.330E+01  1.244E-24  4.389E-16
1.318E+01  1.225E-24  4.285E-16
1.306E+01  1.247E-24  4.321E-16
1.294E+01  1.319E-24  4.527E-16
1.282E+01  1.454E-24  4.945E-16
1.271E+01  1.625E-24  5.477E-16
1.259E+01  1.679E-24  5.607E-16
1.247E+01  1.553E-24  5.137E-16
1.236E+01  1.422E-24  4.662E-16
1.225E+01  1.374E-24  4.463E-16
1.213E+01  1.401E-24  4.509E-16
1.202E+01  1.443E-24  4.601E-16
1.191E+01  1.411E-24  4.459E-16
1.180E+01  1.339E-24  4.193E-16
1.169E+01  1.317E-24  4.087E-16
1.159E+01  1.401E-24  4.306E-16
1.148E+01  1.693E-24  5.155E-16
1.138E+01  2.068E-24  6.241E-16
1.127E+01  2.517E-24  7.525E-16
1.117E+01  1.963E-24  5.814E-16
1.107E+01  1.323E-24  3.884E-16
1.096E+01  1.108E-24  3.222E-16
1.086E+01  1.006E-24  2.899E-16
1.076E+01  9.503E-25  2.714E-16
1.067E+01  9.162E-25  2.592E-16
1.057E+01  8.864E-25  2.485E-16
1.047E+01  8.648E-25  2.402E-16
1.038E+01  8.476E-25  2.333E-16
1.028E+01  8.323E-25  2.270E-16
1.019E+01  8.181E-25  2.210E-16
1.009E+01  8.052E-25  2.156E-16
1.000E+01  7.938E-25  2.106E-16
9.908E+00  7.844E-25  2.062E-16
9.817E+00  7.766E-25  2.022E-16
9.727E+00  7.703E-25  1.988E-16
9.638E+00  7.655E-25  1.957E-16
9.550E+00  7.614E-25  1.929E-16
9.462E+00  7.581E-25  1.903E-16
9.376E+00  7.561E-25  1.880E-16
9.290E+00  7.560E-25  1.863E-16
9.204E+00  7.596E-25  1.855E-16
9.120E+00  7.694E-25  1.861E-16
9.036E+00  7.897E-25  1.893E-16
8.954E+00  8.278E-25  1.966E-16
8.872E+00  8.963E-25  2.109E-16
8.790E+00  1.017E-24  2.371E-16
8.710E+00  1.207E-24  2.788E-16
8.630E+00  1.382E-24  3.164E-16
8.551E+00  1.348E-24  3.058E-16
8.472E+00  1.210E-24  2.720E-16
8.395E+00  1.137E-24  2.532E-16
8.318E+00  1.127E-24  2.486E-16
8.241E+00  1.156E-24  2.527E-16
8.166E+00  1.238E-24  2.681E-16
8.091E+00  1.399E-24  3.002E-16
8.017E+00  1.657E-24  3.523E-16
7.943E+00  1.993E-24  4.200E-16
7.870E+00  2.282E-24  4.765E-16
7.798E+00  2.373E-24  4.909E-16
7.727E+00  2.368E-24  4.854E-16
7.656E+00  2.415E-24  4.905E-16
7.586E+00  2.340E-24  4.709E-16
7.516E+00  1.994E-24  3.975E-16
7.447E+00  1.611E-24  3.182E-16
7.379E+00  1.330E-24  2.602E-16
7.311E+00  1.133E-24  2.198E-16
7.244E+00  9.891E-25  1.901E-16
7.178E+00  8.778E-25  1.671E-16
7.112E+00  7.914E-25  1.493E-16
7.047E+00  7.258E-25  1.357E-16
6.982E+00  6.791E-25  1.258E-16
6.918E+00  6.500E-25  1.193E-16
6.855E+00  6.369E-25  1.158E-16
6.792E+00  6.348E-25  1.144E-16
6.730E+00  6.329E-25  1.130E-16
6.668E+00  6.190E-25  1.095E-16
6.607E+00  5.932E-25  1.040E-16
6.546E+00  5.711E-25  9.916E-17
6.486E+00  5.714E-25  9.832E-17
6.427E+00  6.155E-25  1.049E-16
6.368E+00  7.421E-25  1.254E-16
6.310E+00  1.031E-24  1.726E-16
6.252E+00  1.505E-24  2.495E-16
6.194E+00  1.508E-24  2.478E-16
6.138E+00  9.873E-25  1.607E-16
6.081E+00  6.405E-25  1.033E-16
6.026E+00  4.682E-25  7.483E-17
5.970E+00  3.787E-25  5.998E-17
5.916E+00  3.299E-25  5.176E-17
5.861E+00  3.055E-25  4.749E-17
5.808E+00  3.017E-25  4.648E-17
5.754E+00  3.183E-25  4.859E-17
5.702E+00  3.284E-25  4.966E-17
5.649E+00  2.898E-25  4.342E-17
5.598E+00  2.423E-25  3.598E-17
5.546E+00  2.117E-25  3.114E-17
5.495E+00  1.936E-25  2.822E-17
5.445E+00  1.835E-25  2.650E-17
5.395E+00  1.803E-25  2.581E-17
5.346E+00  1.859E-25  2.635E-17
5.297E+00  1.975E-25  2.775E-17
5.248E+00  1.910E-25  2.659E-17
5.200E+00  1.647E-25  2.272E-17
5.152E+00  1.437E-25  1.963E-17
5.105E+00  1.302E-25  1.763E-17
5.058E+00  1.208E-25  1.621E-17
5.012E+00  1.137E-25  1.511E-17
4.966E+00  1.077E-25  1.419E-17
4.920E+00  1.025E-25  1.338E-17
4.875E+00  9.790E-26  1.266E-17
4.831E+00  9.365E-26  1.200E-17
4.786E+00  8.972E-26  1.139E-17
4.742E+00  8.605E-26  1.082E-17
4.699E+00  8.260E-26  1.030E-17
4.656E+00  7.934E-26  9.799E-18
4.613E+00  7.625E-26  9.331E-18
4.571E+00  7.332E-26  8.890E-18
4.529E+00  7.054E-26  8.474E-18
4.487E+00  6.789E-26  8.081E-18
4.446E+00  6.537E-26  7.710E-18
4.406E+00  6.297E-26  7.358E-18
4.365E+00  6.068E-26  7.026E-18
4.325E+00  5.850E-26  6.711E-18
4.285E+00  5.642E-26  6.414E-18
4.246E+00  5.445E-26  6.133E-18
4.207E+00  5.257E-26  5.867E-18
4.169E+00  5.079E-26  5.616E-18
4.130E+00  4.910E-26  5.379E-18
4.093E+00  4.749E-26  5.156E-18
4.055E+00  4.598E-26  4.945E-18
4.018E+00  4.455E-26  4.748E-18
3.981E+00  4.321E-26  4.563E-18
3.945E+00  4.195E-26  4.390E-18
3.908E+00  4.079E-26  4.229E-18
3.873E+00  3.971E-26  4.080E-18
3.837E+00  3.874E-26  3.943E-18
3.802E+00  3.787E-26  3.819E-18
3.767E+00  3.711E-26  3.708E-18
3.733E+00  3.647E-26  3.611E-18
3.698E+00  3.599E-26  3.531E-18
3.664E+00  3.569E-26  3.469E-18
3.631E+00  3.562E-26  3.431E-18
3.597E+00  3.586E-26  3.422E-18
3.565E+00  3.654E-26  3.455E-18
3.532E+00  3.788E-26  3.549E-18
3.499E+00  4.028E-26  3.739E-18
3.467E+00  4.455E-26  4.098E-18
3.436E+00  5.246E-26  4.780E-18
3.404E+00  6.858E-26  6.192E-18
3.373E+00  1.077E-25  9.639E-18
3.342E+00  2.385E-25  2.114E-17
3.311E+00  8.879E-25  7.799E-17
3.281E+00  6.067E-25  5.280E-17
3.251E+00  1.756E-25  1.514E-17
3.221E+00  8.530E-26  7.288E-18
3.192E+00  5.526E-26  4.679E-18
3.162E+00  4.186E-26  3.511E-18
3.133E+00  3.469E-26  2.883E-18
3.105E+00  3.037E-26  2.501E-18
3.076E+00  2.753E-26  2.246E-18
3.048E+00  2.552E-26  2.063E-18
3.020E+00  2.403E-26  1.925E-18
2.992E+00  2.288E-26  1.816E-18
2.965E+00  2.195E-26  1.726E-18
2.938E+00  2.119E-26  1.651E-18
2.911E+00  2.054E-26  1.586E-18
2.884E+00  1.998E-26  1.529E-18
2.858E+00  1.949E-26  1.477E-18
2.831E+00  1.905E-26  1.431E-18
2.805E+00  1.866E-26  1.389E-18
2.780E+00  1.830E-26  1.349E-18
2.754E+00  1.797E-26  1.313E-18
2.729E+00  1.767E-26  1.279E-18
2.704E+00  1.738E-26  1.247E-18
2.679E+00  1.711E-26  1.216E-18
2.655E+00  1.686E-26  1.187E-18
2.630E+00  1.662E-26  1.159E-18
2.606E+00  1.639E-26  1.133E-18
2.582E+00  1.616E-26  1.107E-18
2.559E+00  1.595E-26  1.083E-18
2.535E+00  1.575E-26  1.059E-18
2.512E+00  1.555E-26  1.036E-18
2.489E+00  1.535E-26  1.013E-18
2.466E+00  1.516E-26  9.917E-19
2.443E+00  1.497E-26  9.704E-19
2.421E+00  1.479E-26  9.497E-19
2.399E+00  1.461E-26  9.296E-19
2.377E+00  1.443E-26  9.100E-19
2.355E+00  1.426E-26  8.910E-19
2.333E+00  1.409E-26  8.723E-19
2.312E+00  1.393E-26  8.540E-19
2.291E+00  1.376E-26  8.361E-19
2.270E+00  1.359E-26  8.185E-19
2.249E+00  1.343E-26  8.012E-19
2.228E+00  1.326E-26  7.841E-19
2.208E+00  1.310E-26  7.672E-19
2.188E+00  1.293E-26  7.504E-19
2.168E+00  1.276E-26  7.337E-19
2.148E+00  1.259E-26  7.170E-19
2.128E+00  1.240E-26  7.002E-19
2.109E+00  1.221E-26  6.832E-19
2.089E+00  1.202E-26  6.659E-19
2.070E+00  1.180E-26  6.481E-19
2.051E+00  1.157E-26  6.297E-19
2.032E+00  1.132E-26  6.103E-19
2.014E+00  1.104E-26  5.897E-19
1.995E+00  1.073E-26  5.678E-19
1.977E+00  1.038E-26  5.445E-19
1.959E+00  1.002E-26  5.205E-19
1.941E+00  9.663E-27  4.975E-19
1.923E+00  9.382E-27  4.786E-19
1.905E+00  9.242E-27  4.671E-19
1.888E+00  9.264E-27  4.639E-19
1.871E+00  9.401E-27  4.665E-19
1.854E+00  9.575E-27  4.708E-19
1.837E+00  9.729E-27  4.740E-19
1.820E+00  9.839E-27  4.749E-19
1.803E+00  9.902E-27  4.736E-19
1.786E+00  9.927E-27  4.704E-19
1.770E+00  9.921E-27  4.658E-19
1.754E+00  9.894E-27  4.603E-19
1.738E+00  9.850E-27  4.540E-19
1.722E+00  9.794E-27  4.473E-19
1.706E+00  9.731E-27  4.404E-19
1.690E+00  9.663E-27  4.333E-19
1.675E+00  9.591E-27  4.261E-19
1.660E+00  9.518E-27  4.190E-19
1.644E+00  9.444E-27  4.120E-19
1.629E+00  9.371E-27  4.050E-19
1.614E+00  9.299E-27  3.982E-19
1.600E+00  9.231E-27  3.917E-19
1.585E+00  9.166E-27  3.854E-19
1.570E+00  9.106E-27  3.793E-19
1.556E+00  9.052E-27  3.736E-19
1.542E+00  9.006E-27  3.683E-19
1.528E+00  8.968E-27  3.634E-19
1.514E+00  8.940E-27  3.589E-19
1.500E+00  8.923E-27  3.550E-19
1.486E+00  8.921E-27  3.516E-19
1.472E+00  8.934E-27  3.489E-19
1.459E+00  8.967E-27  3.470E-19
1.445E+00  9.022E-27  3.459E-19
1.432E+00  9.104E-27  3.459E-19
1.419E+00  9.218E-27  3.470E-19
1.406E+00  9.371E-27  3.495E-19
1.393E+00  9.570E-27  3.536E-19
1.380E+00  9.824E-27  3.597E-19
1.368E+00  1.014E-26  3.680E-19
1.355E+00  1.054E-26  3.789E-19
1.343E+00  1.102E-26  3.927E-19
1.330E+00  1.160E-26  4.094E-19
1.318E+00  1.225E-26  4.285E-19
1.306E+00  1.295E-26  4.488E-19
1.294E+00  1.361E-26  4.673E-19
1.282E+00  1.409E-26  4.794E-19
1.271E+00  1.424E-26  4.799E-19
1.259E+00  1.393E-26  4.650E-19
1.247E+00  1.317E-26  4.357E-19
1.236E+00  1.211E-26  3.969E-19
1.225E+00  1.094E-26  3.555E-19
1.213E+00  9.843E-27  3.168E-19
1.202E+00  8.893E-27  2.836E-19
1.191E+00  8.120E-27  2.566E-19
1.180E+00  7.522E-27  2.355E-19
1.169E+00  7.079E-27  2.196E-19
1.159E+00  6.778E-27  2.083E-19
1.148E+00  6.606E-27  2.012E-19
1.138E+00  6.564E-27  1.981E-19
1.127E+00  6.663E-27  1.992E-19
1.117E+00  6.934E-27  2.054E-19
1.107E+00  7.430E-27  2.181E-19
1.096E+00  8.238E-27  2.396E-19
1.086E+00  9.489E-27  2.735E-19
1.076E+00  1.131E-26  3.229E-19
1.067E+00  1.359E-26  3.845E-19
1.057E+00  1.542E-26  4.323E-19
1.047E+00  1.512E-26  4.199E-19
1.038E+00  1.254E-26  3.451E-19
1.028E+00  9.496E-27  2.590E-19
1.019E+00  7.134E-27  1.928E-19
1.009E+00  5.534E-27  1.481E-19
1.000E+00  4.473E-27  1.186E-19
