Dust emission from Draine & Li (2007): ApJ 657, 810-837
================================================================
         5 = grain model
 4.000E-08 4.000E-01 3.000E-05 = a_01 (cm) , sigma_1 , b_C1/0.92
 2.500E-07 4.000E-01 1.000E-05 = a_02 (cm) , sigma_2 , b_C2/0.92
 7.000E-01 1.000E+03 2.000E+00 = Umin , Umax, beta (dN/dU propto U^{-beta})
 5.089E+00 = <U> 
     mmp83 = radfield
 2.288E-23 = power/H (erg s-1)
 band   nu*P_nu(band) j_nu(band)
 (um)   (erg s-1 H-1)(Jy cm2 sr-1 H-1)
1.270E+00  6.300E-26  2.122E-18 COBE-DIRBE
2.220E+00  8.050E-26  4.740E-18 COBE-DIRBE
3.530E+00  5.228E-25  4.895E-17 COBE-DIRBE
4.880E+00  2.433E-25  3.150E-17 COBE-DIRBE
1.229E+01  2.222E-24  7.244E-16 COBE-DIRBE
2.079E+01  2.051E-24  1.131E-15 COBE-DIRBE
5.599E+01  1.164E-23  1.729E-14 COBE-DIRBE
9.770E+01  1.034E-23  2.679E-14 COBE-DIRBE
1.479E+02  6.476E-24  2.540E-14 COBE-DIRBE
2.479E+02  1.915E-24  1.259E-14 COBE-DIRBE
1.200E+01  2.328E-24  7.409E-16 IRAS
2.500E+01  2.334E-24  1.548E-15 IRAS
6.000E+01  1.165E-23  1.855E-14 IRAS
1.000E+02  1.015E-23  2.692E-14 IRAS
3.550E+00  6.079E-25  5.725E-17 SST-IRAC
4.493E+00  1.706E-25  2.033E-17 SST-IRAC
5.731E+00  1.441E-24  2.190E-16 SST-IRAC
7.872E+00  3.361E-24  7.018E-16 SST-IRAC
2.368E+01  1.978E-24  1.243E-15 SST-MIPS
7.142E+01  1.094E-23  2.073E-14 SST-MIPS
1.559E+02  5.560E-24  2.299E-14 SST-MIPS
1.600E+01  1.891E-24  8.025E-16 SST-IRSPU
2.200E+01  2.007E-24  1.172E-15 SST-IRSPU











lambda    nu*dP/dnu     j_nu
 (um)   (erg s-1 H-1)(Jy cm2 sr-1 H-1)
1.000E+04  5.997E-31  1.591E-19
9.908E+03  6.216E-31  1.634E-19
9.817E+03  6.443E-31  1.678E-19
9.727E+03  6.679E-31  1.723E-19
9.638E+03  6.923E-31  1.770E-19
9.550E+03  7.176E-31  1.818E-19
9.462E+03  7.439E-31  1.867E-19
9.376E+03  7.711E-31  1.918E-19
9.290E+03  7.993E-31  1.970E-19
9.204E+03  8.285E-31  2.023E-19
9.120E+03  8.588E-31  2.078E-19
9.036E+03  8.903E-31  2.134E-19
8.954E+03  9.227E-31  2.191E-19
8.872E+03  9.563E-31  2.250E-19
8.790E+03  9.911E-31  2.311E-19
8.710E+03  1.027E-30  2.373E-19
8.630E+03  1.065E-30  2.437E-19
8.551E+03  1.103E-30  2.503E-19
8.472E+03  1.144E-30  2.570E-19
8.395E+03  1.185E-30  2.640E-19
8.318E+03  1.229E-30  2.711E-19
8.241E+03  1.274E-30  2.784E-19
8.166E+03  1.320E-30  2.860E-19
8.091E+03  1.369E-30  2.937E-19
8.017E+03  1.419E-30  3.017E-19
7.943E+03  1.471E-30  3.099E-19
7.870E+03  1.525E-30  3.183E-19
7.798E+03  1.581E-30  3.269E-19
7.727E+03  1.639E-30  3.358E-19
7.656E+03  1.699E-30  3.450E-19
7.586E+03  1.761E-30  3.544E-19
7.516E+03  1.826E-30  3.641E-19
7.447E+03  1.893E-30  3.740E-19
7.379E+03  1.963E-30  3.842E-19
7.311E+03  2.035E-30  3.947E-19
7.244E+03  2.110E-30  4.055E-19
7.178E+03  2.188E-30  4.166E-19
7.112E+03  2.269E-30  4.280E-19
7.047E+03  2.353E-30  4.397E-19
6.982E+03  2.439E-30  4.518E-19
6.918E+03  2.529E-30  4.642E-19
6.855E+03  2.623E-30  4.769E-19
6.792E+03  2.720E-30  4.900E-19
6.730E+03  2.820E-30  5.034E-19
6.668E+03  2.924E-30  5.173E-19
6.607E+03  3.033E-30  5.315E-19
6.546E+03  3.145E-30  5.461E-19
6.486E+03  3.262E-30  5.612E-19
6.427E+03  3.383E-30  5.766E-19
6.368E+03  3.508E-30  5.926E-19
6.310E+03  3.638E-30  6.089E-19
6.252E+03  3.773E-30  6.258E-19
6.194E+03  3.914E-30  6.431E-19
6.138E+03  4.059E-30  6.609E-19
6.081E+03  4.210E-30  6.792E-19
6.026E+03  4.367E-30  6.980E-19
5.970E+03  4.530E-30  7.174E-19
5.916E+03  4.699E-30  7.373E-19
5.861E+03  4.874E-30  7.579E-19
5.808E+03  5.056E-30  7.789E-19
5.754E+03  5.245E-30  8.006E-19
5.702E+03  5.441E-30  8.229E-19
5.649E+03  5.645E-30  8.459E-19
5.598E+03  5.856E-30  8.695E-19
5.546E+03  6.075E-30  8.938E-19
5.495E+03  6.303E-30  9.188E-19
5.445E+03  6.539E-30  9.445E-19
5.395E+03  6.785E-30  9.709E-19
5.346E+03  7.039E-30  9.981E-19
5.297E+03  7.304E-30  1.026E-18
5.248E+03  7.578E-30  1.055E-18
5.200E+03  7.863E-30  1.085E-18
5.152E+03  8.159E-30  1.115E-18
5.105E+03  8.466E-30  1.146E-18
5.058E+03  8.784E-30  1.179E-18
5.012E+03  9.115E-30  1.212E-18
4.966E+03  9.459E-30  1.246E-18
4.920E+03  9.815E-30  1.281E-18
4.875E+03  1.019E-29  1.317E-18
4.831E+03  1.057E-29  1.354E-18
4.786E+03  1.097E-29  1.393E-18
4.742E+03  1.138E-29  1.432E-18
4.699E+03  1.181E-29  1.472E-18
4.656E+03  1.226E-29  1.514E-18
4.613E+03  1.272E-29  1.557E-18
4.571E+03  1.321E-29  1.601E-18
4.529E+03  1.371E-29  1.647E-18
4.487E+03  1.423E-29  1.694E-18
4.446E+03  1.477E-29  1.742E-18
4.406E+03  1.533E-29  1.791E-18
4.365E+03  1.591E-29  1.842E-18
4.325E+03  1.652E-29  1.895E-18
4.285E+03  1.714E-29  1.949E-18
4.246E+03  1.780E-29  2.005E-18
4.207E+03  1.847E-29  2.062E-18
4.169E+03  1.918E-29  2.121E-18
4.130E+03  1.991E-29  2.181E-18
4.093E+03  2.067E-29  2.244E-18
4.055E+03  2.146E-29  2.308E-18
4.018E+03  2.228E-29  2.374E-18
3.981E+03  2.313E-29  2.443E-18
3.945E+03  2.401E-29  2.513E-18
3.908E+03  2.493E-29  2.585E-18
3.873E+03  2.588E-29  2.659E-18
3.837E+03  2.687E-29  2.735E-18
3.802E+03  2.790E-29  2.814E-18
3.767E+03  2.897E-29  2.895E-18
3.733E+03  3.008E-29  2.979E-18
3.698E+03  3.124E-29  3.065E-18
3.664E+03  3.244E-29  3.153E-18
3.631E+03  3.368E-29  3.244E-18
3.597E+03  3.498E-29  3.338E-18
3.565E+03  3.633E-29  3.435E-18
3.532E+03  3.773E-29  3.534E-18
3.499E+03  3.918E-29  3.637E-18
3.467E+03  4.069E-29  3.742E-18
3.436E+03  4.226E-29  3.851E-18
3.404E+03  4.389E-29  3.963E-18
3.373E+03  4.559E-29  4.079E-18
3.342E+03  4.735E-29  4.198E-18
3.311E+03  4.918E-29  4.320E-18
3.281E+03  5.109E-29  4.446E-18
3.251E+03  5.307E-29  4.576E-18
3.221E+03  5.512E-29  4.710E-18
3.192E+03  5.726E-29  4.848E-18
3.162E+03  5.948E-29  4.990E-18
3.133E+03  6.179E-29  5.136E-18
3.105E+03  6.419E-29  5.286E-18
3.076E+03  6.669E-29  5.442E-18
3.048E+03  6.929E-29  5.602E-18
3.020E+03  7.198E-29  5.766E-18
2.992E+03  7.478E-29  5.936E-18
2.965E+03  7.769E-29  6.110E-18
2.938E+03  8.071E-29  6.289E-18
2.911E+03  8.385E-29  6.474E-18
2.884E+03  8.711E-29  6.664E-18
2.858E+03  9.050E-29  6.860E-18
2.831E+03  9.403E-29  7.062E-18
2.805E+03  9.770E-29  7.270E-18
2.780E+03  1.015E-28  7.485E-18
2.754E+03  1.055E-28  7.706E-18
2.729E+03  1.096E-28  7.933E-18
2.704E+03  1.139E-28  8.168E-18
2.679E+03  1.183E-28  8.410E-18
2.655E+03  1.230E-28  8.659E-18
2.630E+03  1.278E-28  8.916E-18
2.606E+03  1.328E-28  9.180E-18
2.582E+03  1.380E-28  9.453E-18
2.559E+03  1.434E-28  9.734E-18
2.535E+03  1.490E-28  1.002E-17
2.512E+03  1.549E-28  1.032E-17
2.489E+03  1.610E-28  1.063E-17
2.466E+03  1.673E-28  1.095E-17
2.443E+03  1.739E-28  1.127E-17
2.421E+03  1.808E-28  1.161E-17
2.399E+03  1.879E-28  1.195E-17
2.377E+03  1.953E-28  1.231E-17
2.355E+03  2.030E-28  1.268E-17
2.333E+03  2.110E-28  1.306E-17
2.312E+03  2.193E-28  1.345E-17
2.291E+03  2.280E-28  1.385E-17
2.270E+03  2.370E-28  1.427E-17
2.249E+03  2.463E-28  1.470E-17
2.228E+03  2.561E-28  1.514E-17
2.208E+03  2.662E-28  1.559E-17
2.188E+03  2.767E-28  1.606E-17
2.168E+03  2.877E-28  1.654E-17
2.148E+03  2.991E-28  1.704E-17
2.128E+03  3.109E-28  1.755E-17
2.109E+03  3.232E-28  1.808E-17
2.089E+03  3.361E-28  1.862E-17
2.070E+03  3.494E-28  1.919E-17
2.051E+03  3.632E-28  1.976E-17
2.032E+03  3.776E-28  2.036E-17
2.014E+03  3.926E-28  2.097E-17
1.995E+03  4.082E-28  2.161E-17
1.977E+03  4.244E-28  2.226E-17
1.959E+03  4.413E-28  2.293E-17
1.941E+03  4.588E-28  2.362E-17
1.923E+03  4.770E-28  2.433E-17
1.905E+03  4.960E-28  2.507E-17
1.888E+03  5.157E-28  2.583E-17
1.871E+03  5.362E-28  2.661E-17
1.854E+03  5.575E-28  2.741E-17
1.837E+03  5.797E-28  2.824E-17
1.820E+03  6.028E-28  2.909E-17
1.803E+03  6.267E-28  2.998E-17
1.786E+03  6.517E-28  3.088E-17
1.770E+03  6.776E-28  3.182E-17
1.754E+03  7.046E-28  3.278E-17
1.738E+03  7.327E-28  3.377E-17
1.722E+03  7.619E-28  3.480E-17
1.706E+03  7.922E-28  3.585E-17
1.690E+03  8.238E-28  3.694E-17
1.675E+03  8.566E-28  3.806E-17
1.660E+03  8.908E-28  3.921E-17
1.644E+03  9.263E-28  4.040E-17
1.629E+03  9.632E-28  4.163E-17
1.614E+03  1.002E-27  4.289E-17
1.600E+03  1.042E-27  4.419E-17
1.585E+03  1.083E-27  4.553E-17
1.570E+03  1.126E-27  4.691E-17
1.556E+03  1.171E-27  4.834E-17
1.542E+03  1.218E-27  4.980E-17
1.528E+03  1.266E-27  5.131E-17
1.514E+03  1.317E-27  5.287E-17
1.500E+03  1.369E-27  5.447E-17
1.486E+03  1.424E-27  5.613E-17
1.472E+03  1.481E-27  5.783E-17
1.459E+03  1.540E-27  5.959E-17
1.445E+03  1.601E-27  6.140E-17
1.432E+03  1.665E-27  6.326E-17
1.419E+03  1.732E-27  6.518E-17
1.406E+03  1.801E-27  6.716E-17
1.393E+03  1.872E-27  6.920E-17
1.380E+03  1.947E-27  7.130E-17
1.368E+03  2.025E-27  7.346E-17
1.355E+03  2.106E-27  7.569E-17
1.343E+03  2.189E-27  7.798E-17
1.330E+03  2.277E-27  8.035E-17
1.318E+03  2.367E-27  8.278E-17
1.306E+03  2.462E-27  8.529E-17
1.294E+03  2.560E-27  8.788E-17
1.282E+03  2.662E-27  9.054E-17
1.271E+03  2.768E-27  9.328E-17
1.259E+03  2.878E-27  9.610E-17
1.247E+03  2.992E-27  9.901E-17
1.236E+03  3.111E-27  1.020E-16
1.225E+03  3.235E-27  1.051E-16
1.213E+03  3.364E-27  1.083E-16
1.202E+03  3.497E-27  1.115E-16
1.191E+03  3.636E-27  1.149E-16
1.180E+03  3.781E-27  1.184E-16
1.169E+03  3.931E-27  1.219E-16
1.159E+03  4.086E-27  1.256E-16
1.148E+03  4.249E-27  1.294E-16
1.138E+03  4.417E-27  1.333E-16
1.127E+03  4.592E-27  1.373E-16
1.117E+03  4.774E-27  1.414E-16
1.107E+03  4.963E-27  1.457E-16
1.096E+03  5.159E-27  1.501E-16
1.086E+03  5.363E-27  1.546E-16
1.076E+03  5.575E-27  1.592E-16
1.067E+03  5.795E-27  1.640E-16
1.057E+03  6.024E-27  1.689E-16
1.047E+03  6.262E-27  1.739E-16
1.038E+03  6.508E-27  1.791E-16
1.028E+03  6.765E-27  1.845E-16
1.019E+03  7.031E-27  1.900E-16
1.009E+03  7.308E-27  1.956E-16
1.000E+03  7.595E-27  2.015E-16
9.908E+02  7.894E-27  2.075E-16
9.817E+02  8.204E-27  2.136E-16
9.727E+02  8.527E-27  2.200E-16
9.638E+02  8.861E-27  2.266E-16
9.550E+02  9.209E-27  2.333E-16
9.462E+02  9.570E-27  2.402E-16
9.376E+02  9.945E-27  2.473E-16
9.290E+02  1.033E-26  2.547E-16
9.204E+02  1.074E-26  2.622E-16
9.120E+02  1.116E-26  2.700E-16
9.036E+02  1.159E-26  2.779E-16
8.954E+02  1.205E-26  2.861E-16
8.872E+02  1.252E-26  2.945E-16
8.790E+02  1.300E-26  3.032E-16
8.710E+02  1.351E-26  3.121E-16
8.630E+02  1.403E-26  3.213E-16
8.551E+02  1.458E-26  3.307E-16
8.472E+02  1.514E-26  3.403E-16
8.395E+02  1.573E-26  3.503E-16
8.318E+02  1.634E-26  3.605E-16
8.241E+02  1.697E-26  3.710E-16
8.166E+02  1.762E-26  3.817E-16
8.091E+02  1.830E-26  3.928E-16
8.017E+02  1.901E-26  4.042E-16
7.943E+02  1.974E-26  4.159E-16
7.870E+02  2.050E-26  4.279E-16
7.798E+02  2.128E-26  4.402E-16
7.727E+02  2.210E-26  4.529E-16
7.656E+02  2.294E-26  4.659E-16
7.586E+02  2.382E-26  4.793E-16
7.516E+02  2.473E-26  4.931E-16
7.447E+02  2.568E-26  5.072E-16
7.379E+02  2.666E-26  5.218E-16
7.311E+02  2.768E-26  5.367E-16
7.244E+02  2.873E-26  5.521E-16
7.178E+02  2.983E-26  5.679E-16
7.112E+02  3.097E-26  5.842E-16
7.047E+02  3.214E-26  6.009E-16
6.982E+02  3.337E-26  6.180E-16
6.918E+02  3.464E-26  6.357E-16
6.855E+02  3.595E-26  6.538E-16
6.792E+02  3.732E-26  6.724E-16
6.730E+02  3.873E-26  6.914E-16
6.668E+02  4.020E-26  7.110E-16
6.607E+02  4.172E-26  7.311E-16
6.546E+02  4.330E-26  7.518E-16
6.486E+02  4.494E-26  7.732E-16
6.427E+02  4.664E-26  7.951E-16
6.368E+02  4.841E-26  8.177E-16
6.310E+02  5.024E-26  8.409E-16
6.252E+02  5.214E-26  8.647E-16
6.194E+02  5.411E-26  8.891E-16
6.138E+02  5.616E-26  9.142E-16
6.081E+02  5.828E-26  9.401E-16
6.026E+02  6.047E-26  9.666E-16
5.970E+02  6.275E-26  9.938E-16
5.916E+02  6.512E-26  1.022E-15
5.861E+02  6.757E-26  1.051E-15
5.808E+02  7.011E-26  1.080E-15
5.754E+02  7.275E-26  1.110E-15
5.702E+02  7.548E-26  1.142E-15
5.649E+02  7.831E-26  1.174E-15
5.598E+02  8.125E-26  1.206E-15
5.546E+02  8.429E-26  1.240E-15
5.495E+02  8.745E-26  1.275E-15
5.445E+02  9.072E-26  1.310E-15
5.395E+02  9.412E-26  1.347E-15
5.346E+02  9.763E-26  1.384E-15
5.297E+02  1.013E-25  1.423E-15
5.248E+02  1.051E-25  1.462E-15
5.200E+02  1.090E-25  1.503E-15
5.152E+02  1.130E-25  1.545E-15
5.105E+02  1.172E-25  1.587E-15
5.058E+02  1.216E-25  1.631E-15
5.012E+02  1.261E-25  1.676E-15
4.966E+02  1.308E-25  1.723E-15
4.920E+02  1.356E-25  1.770E-15
4.875E+02  1.406E-25  1.819E-15
4.831E+02  1.458E-25  1.869E-15
4.786E+02  1.512E-25  1.920E-15
4.742E+02  1.568E-25  1.972E-15
4.699E+02  1.625E-25  2.026E-15
4.656E+02  1.685E-25  2.081E-15
4.613E+02  1.747E-25  2.138E-15
4.571E+02  1.811E-25  2.196E-15
4.529E+02  1.878E-25  2.256E-15
4.487E+02  1.946E-25  2.317E-15
4.446E+02  2.017E-25  2.379E-15
4.406E+02  2.091E-25  2.443E-15
4.365E+02  2.167E-25  2.509E-15
4.325E+02  2.246E-25  2.576E-15
4.285E+02  2.327E-25  2.645E-15
4.246E+02  2.411E-25  2.716E-15
4.207E+02  2.499E-25  2.788E-15
4.169E+02  2.589E-25  2.863E-15
4.130E+02  2.682E-25  2.939E-15
4.093E+02  2.779E-25  3.017E-15
4.055E+02  2.879E-25  3.097E-15
4.018E+02  2.982E-25  3.178E-15
3.981E+02  3.089E-25  3.262E-15
3.945E+02  3.200E-25  3.348E-15
3.908E+02  3.314E-25  3.436E-15
3.873E+02  3.432E-25  3.526E-15
3.837E+02  3.554E-25  3.618E-15
3.802E+02  3.681E-25  3.712E-15
3.767E+02  3.811E-25  3.808E-15
3.733E+02  3.946E-25  3.907E-15
3.698E+02  4.086E-25  4.008E-15
3.664E+02  4.230E-25  4.111E-15
3.631E+02  4.379E-25  4.217E-15
3.597E+02  4.532E-25  4.325E-15
3.565E+02  4.691E-25  4.435E-15
3.532E+02  4.855E-25  4.548E-15
3.499E+02  5.024E-25  4.664E-15
3.467E+02  5.199E-25  4.782E-15
3.436E+02  5.380E-25  4.902E-15
3.404E+02  5.566E-25  5.026E-15
3.373E+02  5.758E-25  5.152E-15
3.342E+02  5.956E-25  5.280E-15
3.311E+02  6.161E-25  5.412E-15
3.281E+02  6.372E-25  5.546E-15
3.251E+02  6.590E-25  5.683E-15
3.221E+02  6.815E-25  5.823E-15
3.192E+02  7.046E-25  5.965E-15
3.162E+02  7.285E-25  6.111E-15
3.133E+02  7.531E-25  6.260E-15
3.105E+02  7.785E-25  6.411E-15
3.076E+02  8.047E-25  6.566E-15
3.048E+02  8.316E-25  6.724E-15
3.020E+02  8.594E-25  6.884E-15
2.992E+02  8.880E-25  7.048E-15
2.965E+02  9.175E-25  7.215E-15
2.938E+02  9.478E-25  7.386E-15
2.911E+02  9.790E-25  7.559E-15
2.884E+02  1.011E-24  7.736E-15
2.858E+02  1.044E-24  7.916E-15
2.831E+02  1.078E-24  8.099E-15
2.805E+02  1.113E-24  8.286E-15
2.780E+02  1.149E-24  8.476E-15
2.754E+02  1.187E-24  8.669E-15
2.729E+02  1.225E-24  8.866E-15
2.704E+02  1.264E-24  9.068E-15
2.679E+02  1.305E-24  9.273E-15
2.655E+02  1.346E-24  9.481E-15
2.630E+02  1.389E-24  9.693E-15
2.606E+02  1.433E-24  9.909E-15
2.582E+02  1.479E-24  1.013E-14
2.559E+02  1.525E-24  1.035E-14
2.535E+02  1.572E-24  1.057E-14
2.512E+02  1.621E-24  1.080E-14
2.489E+02  1.669E-24  1.102E-14
2.466E+02  1.719E-24  1.124E-14
2.443E+02  1.769E-24  1.146E-14
2.421E+02  1.820E-24  1.169E-14
2.399E+02  1.871E-24  1.191E-14
2.377E+02  1.924E-24  1.213E-14
2.355E+02  1.977E-24  1.235E-14
2.333E+02  2.031E-24  1.257E-14
2.312E+02  2.087E-24  1.280E-14
2.291E+02  2.143E-24  1.303E-14
2.270E+02  2.201E-24  1.325E-14
2.249E+02  2.260E-24  1.349E-14
2.228E+02  2.321E-24  1.372E-14
2.208E+02  2.382E-24  1.395E-14
2.188E+02  2.445E-24  1.419E-14
2.168E+02  2.509E-24  1.443E-14
2.148E+02  2.574E-24  1.467E-14
2.128E+02  2.641E-24  1.491E-14
2.109E+02  2.709E-24  1.515E-14
2.089E+02  2.778E-24  1.539E-14
2.070E+02  2.848E-24  1.564E-14
2.051E+02  2.919E-24  1.588E-14
2.032E+02  2.992E-24  1.613E-14
2.014E+02  3.066E-24  1.638E-14
1.995E+02  3.142E-24  1.663E-14
1.977E+02  3.219E-24  1.688E-14
1.959E+02  3.297E-24  1.713E-14
1.941E+02  3.376E-24  1.738E-14
1.923E+02  3.456E-24  1.763E-14
1.905E+02  3.538E-24  1.788E-14
1.888E+02  3.622E-24  1.814E-14
1.871E+02  3.706E-24  1.839E-14
1.854E+02  3.792E-24  1.865E-14
1.837E+02  3.880E-24  1.890E-14
1.820E+02  3.969E-24  1.916E-14
1.803E+02  4.059E-24  1.941E-14
1.786E+02  4.151E-24  1.967E-14
1.770E+02  4.244E-24  1.993E-14
1.754E+02  4.339E-24  2.019E-14
1.738E+02  4.435E-24  2.044E-14
1.722E+02  4.533E-24  2.070E-14
1.706E+02  4.633E-24  2.097E-14
1.690E+02  4.734E-24  2.123E-14
1.675E+02  4.837E-24  2.149E-14
1.660E+02  4.941E-24  2.175E-14
1.644E+02  5.048E-24  2.202E-14
1.629E+02  5.157E-24  2.229E-14
1.614E+02  5.267E-24  2.256E-14
1.600E+02  5.380E-24  2.283E-14
1.585E+02  5.495E-24  2.310E-14
1.570E+02  5.612E-24  2.338E-14
1.556E+02  5.732E-24  2.366E-14
1.542E+02  5.855E-24  2.394E-14
1.528E+02  5.980E-24  2.423E-14
1.514E+02  6.108E-24  2.452E-14
1.500E+02  6.238E-24  2.481E-14
1.486E+02  6.370E-24  2.511E-14
1.472E+02  6.505E-24  2.540E-14
1.459E+02  6.639E-24  2.569E-14
1.445E+02  6.774E-24  2.597E-14
1.432E+02  6.906E-24  2.624E-14
1.419E+02  7.033E-24  2.647E-14
1.406E+02  7.153E-24  2.668E-14
1.393E+02  7.263E-24  2.684E-14
1.380E+02  7.363E-24  2.696E-14
1.368E+02  7.453E-24  2.704E-14
1.355E+02  7.534E-24  2.708E-14
1.343E+02  7.609E-24  2.710E-14
1.330E+02  7.680E-24  2.710E-14
1.318E+02  7.749E-24  2.710E-14
1.306E+02  7.818E-24  2.709E-14
1.294E+02  7.888E-24  2.708E-14
1.282E+02  7.959E-24  2.707E-14
1.271E+02  8.030E-24  2.706E-14
1.259E+02  8.105E-24  2.706E-14
1.247E+02  8.181E-24  2.707E-14
1.236E+02  8.259E-24  2.708E-14
1.225E+02  8.338E-24  2.709E-14
1.213E+02  8.419E-24  2.710E-14
1.202E+02  8.502E-24  2.711E-14
1.191E+02  8.585E-24  2.713E-14
1.180E+02  8.670E-24  2.714E-14
1.169E+02  8.754E-24  2.716E-14
1.159E+02  8.838E-24  2.717E-14
1.148E+02  8.924E-24  2.718E-14
1.138E+02  9.010E-24  2.719E-14
1.127E+02  9.096E-24  2.720E-14
1.117E+02  9.183E-24  2.721E-14
1.107E+02  9.270E-24  2.721E-14
1.096E+02  9.358E-24  2.722E-14
1.086E+02  9.445E-24  2.722E-14
1.076E+02  9.532E-24  2.722E-14
1.067E+02  9.619E-24  2.721E-14
1.057E+02  9.705E-24  2.721E-14
1.047E+02  9.792E-24  2.720E-14
1.038E+02  9.877E-24  2.718E-14
1.028E+02  9.961E-24  2.716E-14
1.019E+02  1.004E-23  2.714E-14
1.009E+02  1.013E-23  2.711E-14
1.000E+02  1.021E-23  2.708E-14
9.908E+01  1.029E-23  2.704E-14
9.817E+01  1.037E-23  2.699E-14
9.727E+01  1.044E-23  2.694E-14
9.638E+01  1.052E-23  2.689E-14
9.550E+01  1.059E-23  2.684E-14
9.462E+01  1.067E-23  2.677E-14
9.376E+01  1.074E-23  2.671E-14
9.290E+01  1.081E-23  2.663E-14
9.204E+01  1.088E-23  2.656E-14
9.120E+01  1.094E-23  2.647E-14
9.036E+01  1.101E-23  2.639E-14
8.954E+01  1.107E-23  2.630E-14
8.872E+01  1.113E-23  2.620E-14
8.790E+01  1.120E-23  2.610E-14
8.710E+01  1.125E-23  2.600E-14
8.630E+01  1.131E-23  2.589E-14
8.551E+01  1.137E-23  2.578E-14
8.472E+01  1.142E-23  2.566E-14
8.395E+01  1.147E-23  2.554E-14
8.318E+01  1.152E-23  2.542E-14
8.241E+01  1.157E-23  2.530E-14
8.166E+01  1.162E-23  2.517E-14
8.091E+01  1.166E-23  2.503E-14
8.017E+01  1.171E-23  2.490E-14
7.943E+01  1.175E-23  2.476E-14
7.870E+01  1.179E-23  2.461E-14
7.798E+01  1.183E-23  2.446E-14
7.727E+01  1.186E-23  2.431E-14
7.656E+01  1.190E-23  2.416E-14
7.586E+01  1.193E-23  2.400E-14
7.516E+01  1.196E-23  2.384E-14
7.447E+01  1.198E-23  2.367E-14
7.379E+01  1.201E-23  2.350E-14
7.311E+01  1.203E-23  2.333E-14
7.244E+01  1.205E-23  2.315E-14
7.178E+01  1.207E-23  2.297E-14
7.112E+01  1.208E-23  2.279E-14
7.047E+01  1.210E-23  2.261E-14
6.982E+01  1.211E-23  2.243E-14
6.918E+01  1.212E-23  2.225E-14
6.855E+01  1.213E-23  2.206E-14
6.792E+01  1.214E-23  2.187E-14
6.730E+01  1.215E-23  2.168E-14
6.668E+01  1.215E-23  2.149E-14
6.607E+01  1.215E-23  2.130E-14
6.546E+01  1.215E-23  2.110E-14
6.486E+01  1.215E-23  2.090E-14
6.427E+01  1.214E-23  2.070E-14
6.368E+01  1.214E-23  2.050E-14
6.310E+01  1.213E-23  2.030E-14
6.252E+01  1.212E-23  2.010E-14
6.194E+01  1.211E-23  1.990E-14
6.138E+01  1.210E-23  1.970E-14
6.081E+01  1.209E-23  1.950E-14
6.026E+01  1.207E-23  1.930E-14
5.970E+01  1.206E-23  1.909E-14
5.916E+01  1.204E-23  1.889E-14
5.861E+01  1.202E-23  1.868E-14
5.808E+01  1.199E-23  1.848E-14
5.754E+01  1.197E-23  1.827E-14
5.702E+01  1.195E-23  1.807E-14
5.649E+01  1.192E-23  1.786E-14
5.598E+01  1.189E-23  1.766E-14
5.546E+01  1.187E-23  1.746E-14
5.495E+01  1.184E-23  1.726E-14
5.445E+01  1.181E-23  1.705E-14
5.395E+01  1.178E-23  1.685E-14
5.346E+01  1.174E-23  1.665E-14
5.297E+01  1.171E-23  1.645E-14
5.248E+01  1.168E-23  1.625E-14
5.200E+01  1.164E-23  1.606E-14
5.152E+01  1.160E-23  1.586E-14
5.105E+01  1.157E-23  1.566E-14
5.058E+01  1.153E-23  1.547E-14
5.012E+01  1.149E-23  1.527E-14
4.966E+01  1.144E-23  1.508E-14
4.920E+01  1.140E-23  1.488E-14
4.875E+01  1.136E-23  1.469E-14
4.831E+01  1.132E-23  1.450E-14
4.786E+01  1.127E-23  1.431E-14
4.742E+01  1.122E-23  1.412E-14
4.699E+01  1.118E-23  1.393E-14
4.656E+01  1.113E-23  1.374E-14
4.613E+01  1.108E-23  1.356E-14
4.571E+01  1.103E-23  1.337E-14
4.529E+01  1.098E-23  1.319E-14
4.487E+01  1.092E-23  1.300E-14
4.446E+01  1.087E-23  1.282E-14
4.406E+01  1.081E-23  1.264E-14
4.365E+01  1.076E-23  1.245E-14
4.325E+01  1.070E-23  1.227E-14
4.285E+01  1.063E-23  1.209E-14
4.246E+01  1.057E-23  1.190E-14
4.207E+01  1.050E-23  1.172E-14
4.169E+01  1.043E-23  1.153E-14
4.130E+01  1.036E-23  1.135E-14
4.093E+01  1.028E-23  1.116E-14
4.055E+01  1.020E-23  1.097E-14
4.018E+01  1.011E-23  1.078E-14
3.981E+01  1.002E-23  1.058E-14
3.945E+01  9.929E-24  1.039E-14
3.908E+01  9.830E-24  1.019E-14
3.873E+01  9.726E-24  9.991E-15
3.837E+01  9.616E-24  9.788E-15
3.802E+01  9.501E-24  9.581E-15
3.767E+01  9.379E-24  9.371E-15
3.733E+01  9.249E-24  9.158E-15
3.698E+01  9.114E-24  8.941E-15
3.664E+01  8.972E-24  8.720E-15
3.631E+01  8.822E-24  8.497E-15
3.597E+01  8.666E-24  8.269E-15
3.565E+01  8.503E-24  8.040E-15
3.532E+01  8.333E-24  7.807E-15
3.499E+01  8.157E-24  7.572E-15
3.467E+01  7.973E-24  7.334E-15
3.436E+01  7.785E-24  7.094E-15
3.404E+01  7.590E-24  6.853E-15
3.373E+01  7.389E-24  6.611E-15
3.342E+01  7.185E-24  6.369E-15
3.311E+01  6.976E-24  6.128E-15
3.281E+01  6.765E-24  5.887E-15
3.251E+01  6.550E-24  5.648E-15
3.221E+01  6.335E-24  5.412E-15
3.192E+01  6.118E-24  5.179E-15
3.162E+01  5.901E-24  4.950E-15
3.133E+01  5.686E-24  4.726E-15
3.105E+01  5.472E-24  4.506E-15
3.076E+01  5.261E-24  4.293E-15
3.048E+01  5.055E-24  4.087E-15
3.020E+01  4.852E-24  3.887E-15
2.992E+01  4.655E-24  3.695E-15
2.965E+01  4.463E-24  3.510E-15
2.938E+01  4.278E-24  3.333E-15
2.911E+01  4.099E-24  3.165E-15
2.884E+01  3.927E-24  3.004E-15
2.858E+01  3.763E-24  2.852E-15
2.831E+01  3.607E-24  2.709E-15
2.805E+01  3.458E-24  2.573E-15
2.780E+01  3.317E-24  2.446E-15
2.754E+01  3.184E-24  2.326E-15
2.729E+01  3.058E-24  2.213E-15
2.704E+01  2.940E-24  2.108E-15
2.679E+01  2.829E-24  2.011E-15
2.655E+01  2.725E-24  1.919E-15
2.630E+01  2.628E-24  1.834E-15
2.606E+01  2.538E-24  1.754E-15
2.582E+01  2.454E-24  1.681E-15
2.559E+01  2.376E-24  1.613E-15
2.535E+01  2.304E-24  1.550E-15
2.512E+01  2.238E-24  1.491E-15
2.489E+01  2.176E-24  1.437E-15
2.466E+01  2.120E-24  1.387E-15
2.443E+01  2.067E-24  1.340E-15
2.421E+01  2.020E-24  1.297E-15
2.399E+01  1.976E-24  1.257E-15
2.377E+01  1.936E-24  1.221E-15
2.355E+01  1.900E-24  1.187E-15
2.333E+01  1.867E-24  1.156E-15
2.312E+01  1.837E-24  1.127E-15
2.291E+01  1.810E-24  1.100E-15
2.270E+01  1.786E-24  1.076E-15
2.249E+01  1.766E-24  1.053E-15
2.228E+01  1.747E-24  1.033E-15
2.208E+01  1.731E-24  1.014E-15
2.188E+01  1.717E-24  9.963E-16
2.168E+01  1.704E-24  9.799E-16
2.148E+01  1.694E-24  9.650E-16
2.128E+01  1.685E-24  9.513E-16
2.109E+01  1.679E-24  9.388E-16
2.089E+01  1.673E-24  9.274E-16
2.070E+01  1.670E-24  9.169E-16
2.051E+01  1.667E-24  9.073E-16
2.032E+01  1.667E-24  8.987E-16
2.014E+01  1.669E-24  8.914E-16
1.995E+01  1.672E-24  8.849E-16
1.977E+01  1.677E-24  8.793E-16
1.959E+01  1.683E-24  8.744E-16
1.941E+01  1.691E-24  8.707E-16
1.923E+01  1.702E-24  8.681E-16
1.905E+01  1.715E-24  8.669E-16
1.888E+01  1.732E-24  8.675E-16
1.871E+01  1.755E-24  8.709E-16
1.854E+01  1.786E-24  8.780E-16
1.837E+01  1.829E-24  8.911E-16
1.820E+01  1.898E-24  9.163E-16
1.803E+01  2.036E-24  9.735E-16
1.786E+01  2.261E-24  1.071E-15
1.770E+01  2.265E-24  1.064E-15
1.754E+01  2.484E-24  1.156E-15
1.738E+01  3.086E-24  1.423E-15
1.722E+01  2.855E-24  1.304E-15
1.706E+01  2.836E-24  1.283E-15
1.690E+01  2.755E-24  1.235E-15
1.675E+01  2.626E-24  1.167E-15
1.660E+01  2.709E-24  1.193E-15
1.644E+01  3.283E-24  1.432E-15
1.629E+01  2.401E-24  1.038E-15
1.614E+01  2.107E-24  9.022E-16
1.600E+01  2.181E-24  9.254E-16
1.585E+01  2.178E-24  9.156E-16
1.570E+01  1.855E-24  7.727E-16
1.556E+01  1.702E-24  7.023E-16
1.542E+01  1.627E-24  6.656E-16
1.528E+01  1.582E-24  6.412E-16
1.514E+01  1.551E-24  6.229E-16
1.500E+01  1.529E-24  6.083E-16
1.486E+01  1.514E-24  5.967E-16
1.472E+01  1.507E-24  5.886E-16
1.459E+01  1.514E-24  5.857E-16
1.445E+01  1.549E-24  5.937E-16
1.432E+01  1.646E-24  6.253E-16
1.419E+01  1.753E-24  6.600E-16
1.406E+01  1.650E-24  6.152E-16
1.393E+01  1.571E-24  5.805E-16
1.380E+01  1.594E-24  5.837E-16
1.368E+01  1.751E-24  6.352E-16
1.355E+01  1.816E-24  6.529E-16
1.343E+01  1.682E-24  5.990E-16
1.330E+01  1.688E-24  5.956E-16
1.318E+01  1.790E-24  6.259E-16
1.306E+01  1.991E-24  6.899E-16
1.294E+01  2.338E-24  8.027E-16
1.282E+01  2.895E-24  9.848E-16
1.271E+01  3.587E-24  1.209E-15
1.259E+01  3.887E-24  1.298E-15
1.247E+01  3.491E-24  1.155E-15
1.236E+01  3.004E-24  9.849E-16
1.225E+01  2.802E-24  9.102E-16
1.213E+01  2.861E-24  9.209E-16
1.202E+01  2.967E-24  9.463E-16
1.191E+01  2.864E-24  9.051E-16
1.180E+01  2.638E-24  8.259E-16
1.169E+01  2.566E-24  7.960E-16
1.159E+01  2.855E-24  8.775E-16
1.148E+01  3.823E-24  1.164E-15
1.138E+01  5.863E-24  1.769E-15
1.127E+01  8.175E-24  2.444E-15
1.117E+01  5.583E-24  1.654E-15
1.107E+01  2.952E-24  8.666E-16
1.096E+01  2.016E-24  5.864E-16
1.086E+01  1.575E-24  4.539E-16
1.076E+01  1.333E-24  3.807E-16
1.067E+01  1.187E-24  3.358E-16
1.057E+01  1.092E-24  3.061E-16
1.047E+01  1.027E-24  2.852E-16
1.038E+01  9.807E-25  2.699E-16
1.028E+01  9.472E-25  2.583E-16
1.019E+01  9.228E-25  2.493E-16
1.009E+01  9.057E-25  2.425E-16
1.000E+01  8.949E-25  2.374E-16
9.908E+00  8.900E-25  2.339E-16
9.817E+00  8.904E-25  2.319E-16
9.727E+00  8.963E-25  2.313E-16
9.638E+00  9.077E-25  2.321E-16
9.550E+00  9.250E-25  2.343E-16
9.462E+00  9.489E-25  2.382E-16
9.376E+00  9.812E-25  2.440E-16
9.290E+00  1.024E-24  2.524E-16
9.204E+00  1.084E-24  2.645E-16
9.120E+00  1.166E-24  2.821E-16
9.036E+00  1.286E-24  3.082E-16
8.954E+00  1.467E-24  3.485E-16
8.872E+00  1.756E-24  4.132E-16
8.790E+00  2.231E-24  5.201E-16
8.710E+00  2.957E-24  6.831E-16
8.630E+00  3.636E-24  8.323E-16
8.551E+00  3.551E-24  8.055E-16
8.472E+00  3.078E-24  6.918E-16
8.395E+00  2.835E-24  6.313E-16
8.318E+00  2.818E-24  6.217E-16
8.241E+00  2.940E-24  6.426E-16
8.166E+00  3.250E-24  7.040E-16
8.091E+00  3.846E-24  8.254E-16
8.017E+00  4.800E-24  1.021E-15
7.943E+00  6.063E-24  1.278E-15
7.870E+00  7.217E-24  1.507E-15
7.798E+00  7.764E-24  1.606E-15
7.727E+00  8.083E-24  1.657E-15
7.656E+00  8.648E-24  1.756E-15
7.586E+00  8.545E-24  1.719E-15
7.516E+00  7.061E-24  1.408E-15
7.447E+00  5.354E-24  1.058E-15
7.379E+00  4.121E-24  8.066E-16
7.311E+00  3.301E-24  6.402E-16
7.244E+00  2.734E-24  5.253E-16
7.178E+00  2.323E-24  4.422E-16
7.112E+00  2.019E-24  3.809E-16
7.047E+00  1.799E-24  3.363E-16
6.982E+00  1.650E-24  3.055E-16
6.918E+00  1.564E-24  2.869E-16
6.855E+00  1.534E-24  2.789E-16
6.792E+00  1.544E-24  2.782E-16
6.730E+00  1.560E-24  2.785E-16
6.668E+00  1.541E-24  2.726E-16
6.607E+00  1.489E-24  2.610E-16
6.546E+00  1.456E-24  2.529E-16
6.486E+00  1.513E-24  2.603E-16
6.427E+00  1.746E-24  2.976E-16
6.368E+00  2.330E-24  3.935E-16
6.310E+00  3.663E-24  6.131E-16
6.252E+00  5.961E-24  9.886E-16
6.194E+00  6.074E-24  9.981E-16
6.138E+00  3.649E-24  5.940E-16
6.081E+00  2.139E-24  3.451E-16
6.026E+00  1.436E-24  2.295E-16
5.970E+00  1.100E-24  1.742E-16
5.916E+00  9.484E-25  1.488E-16
5.861E+00  9.185E-25  1.428E-16
5.808E+00  1.003E-24  1.546E-16
5.754E+00  1.190E-24  1.816E-16
5.702E+00  1.299E-24  1.964E-16
5.649E+00  1.108E-24  1.660E-16
5.598E+00  8.255E-25  1.226E-16
5.546E+00  6.301E-25  9.270E-17
5.495E+00  5.162E-25  7.525E-17
5.445E+00  4.547E-25  6.568E-17
5.395E+00  4.322E-25  6.185E-17
5.346E+00  4.534E-25  6.429E-17
5.297E+00  5.340E-25  7.503E-17
5.248E+00  5.932E-25  8.258E-17
5.200E+00  4.801E-25  6.622E-17
5.152E+00  3.624E-25  4.953E-17
5.105E+00  2.978E-25  4.033E-17
5.058E+00  2.618E-25  3.513E-17
5.012E+00  2.393E-25  3.181E-17
4.966E+00  2.236E-25  2.946E-17
4.920E+00  2.120E-25  2.766E-17
4.875E+00  2.028E-25  2.622E-17
4.831E+00  1.952E-25  2.502E-17
4.786E+00  1.889E-25  2.398E-17
4.742E+00  1.835E-25  2.308E-17
4.699E+00  1.787E-25  2.228E-17
4.656E+00  1.745E-25  2.156E-17
4.613E+00  1.708E-25  2.090E-17
4.571E+00  1.675E-25  2.030E-17
4.529E+00  1.644E-25  1.975E-17
4.487E+00  1.617E-25  1.924E-17
4.446E+00  1.592E-25  1.877E-17
4.406E+00  1.569E-25  1.833E-17
4.365E+00  1.548E-25  1.793E-17
4.325E+00  1.529E-25  1.754E-17
4.285E+00  1.512E-25  1.718E-17
4.246E+00  1.496E-25  1.685E-17
4.207E+00  1.481E-25  1.653E-17
4.169E+00  1.468E-25  1.623E-17
4.130E+00  1.456E-25  1.596E-17
4.093E+00  1.446E-25  1.570E-17
4.055E+00  1.437E-25  1.545E-17
4.018E+00  1.429E-25  1.523E-17
3.981E+00  1.423E-25  1.502E-17
3.945E+00  1.418E-25  1.484E-17
3.908E+00  1.415E-25  1.467E-17
3.873E+00  1.415E-25  1.453E-17
3.837E+00  1.417E-25  1.442E-17
3.802E+00  1.421E-25  1.433E-17
3.767E+00  1.430E-25  1.429E-17
3.733E+00  1.443E-25  1.429E-17
3.698E+00  1.462E-25  1.434E-17
3.664E+00  1.489E-25  1.448E-17
3.631E+00  1.528E-25  1.471E-17
3.597E+00  1.582E-25  1.509E-17
3.565E+00  1.659E-25  1.569E-17
3.532E+00  1.773E-25  1.661E-17
3.499E+00  1.947E-25  1.807E-17
3.467E+00  2.228E-25  2.049E-17
3.436E+00  2.720E-25  2.479E-17
3.404E+00  3.692E-25  3.334E-17
3.373E+00  6.013E-25  5.380E-17
3.342E+00  1.370E-24  1.215E-16
3.311E+00  5.184E-24  4.554E-16
3.281E+00  3.540E-24  3.081E-16
3.251E+00  1.011E-24  8.719E-17
3.221E+00  4.828E-25  4.125E-17
3.192E+00  3.079E-25  2.607E-17
3.162E+00  2.307E-25  1.935E-17
3.133E+00  1.901E-25  1.580E-17
3.105E+00  1.660E-25  1.367E-17
3.076E+00  1.506E-25  1.229E-17
3.048E+00  1.400E-25  1.132E-17
3.020E+00  1.324E-25  1.060E-17
2.992E+00  1.266E-25  1.005E-17
2.965E+00  1.221E-25  9.604E-18
2.938E+00  1.185E-25  9.235E-18
2.911E+00  1.155E-25  8.921E-18
2.884E+00  1.130E-25  8.646E-18
2.858E+00  1.108E-25  8.402E-18
2.831E+00  1.089E-25  8.182E-18
2.805E+00  1.072E-25  7.979E-18
2.780E+00  1.057E-25  7.792E-18
2.754E+00  1.042E-25  7.616E-18
2.729E+00  1.029E-25  7.450E-18
2.704E+00  1.017E-25  7.293E-18
2.679E+00  1.005E-25  7.142E-18
2.655E+00  9.937E-26  6.997E-18
2.630E+00  9.829E-26  6.857E-18
2.606E+00  9.724E-26  6.722E-18
2.582E+00  9.622E-26  6.591E-18
2.559E+00  9.523E-26  6.463E-18
2.535E+00  9.426E-26  6.338E-18
2.512E+00  9.330E-26  6.216E-18
2.489E+00  9.235E-26  6.097E-18
2.466E+00  9.141E-26  5.979E-18
2.443E+00  9.046E-26  5.863E-18
2.421E+00  8.953E-26  5.749E-18
2.399E+00  8.861E-26  5.638E-18
2.377E+00  8.770E-26  5.529E-18
2.355E+00  8.680E-26  5.422E-18
2.333E+00  8.590E-26  5.317E-18
2.312E+00  8.500E-26  5.213E-18
2.291E+00  8.410E-26  5.111E-18
2.270E+00  8.320E-26  5.009E-18
2.249E+00  8.229E-26  4.909E-18
2.228E+00  8.137E-26  4.810E-18
2.208E+00  8.044E-26  4.711E-18
2.188E+00  7.949E-26  4.613E-18
2.168E+00  7.851E-26  4.514E-18
2.148E+00  7.750E-26  4.415E-18
2.128E+00  7.645E-26  4.316E-18
2.109E+00  7.534E-26  4.214E-18
2.089E+00  7.416E-26  4.110E-18
2.070E+00  7.290E-26  4.003E-18
2.051E+00  7.151E-26  3.891E-18
2.032E+00  6.999E-26  3.773E-18
2.014E+00  6.829E-26  3.648E-18
1.995E+00  6.638E-26  3.513E-18
1.977E+00  6.427E-26  3.370E-18
1.959E+00  6.201E-26  3.222E-18
1.941E+00  5.983E-26  3.080E-18
1.923E+00  5.811E-26  2.964E-18
1.905E+00  5.727E-26  2.894E-18
1.888E+00  5.745E-26  2.877E-18
1.871E+00  5.836E-26  2.896E-18
1.854E+00  5.950E-26  2.925E-18
1.837E+00  6.050E-26  2.948E-18
1.820E+00  6.123E-26  2.956E-18
1.803E+00  6.167E-26  2.949E-18
1.786E+00  6.185E-26  2.931E-18
1.770E+00  6.185E-26  2.904E-18
1.754E+00  6.171E-26  2.871E-18
1.738E+00  6.146E-26  2.833E-18
1.722E+00  6.114E-26  2.792E-18
1.706E+00  6.076E-26  2.750E-18
1.690E+00  6.036E-26  2.706E-18
1.675E+00  5.993E-26  2.663E-18
1.660E+00  5.949E-26  2.619E-18
1.644E+00  5.904E-26  2.575E-18
1.629E+00  5.860E-26  2.533E-18
1.614E+00  5.817E-26  2.491E-18
1.600E+00  5.775E-26  2.450E-18
1.585E+00  5.736E-26  2.412E-18
1.570E+00  5.700E-26  2.374E-18
1.556E+00  5.667E-26  2.339E-18
1.542E+00  5.639E-26  2.306E-18
1.528E+00  5.617E-26  2.276E-18
1.514E+00  5.600E-26  2.248E-18
1.500E+00  5.591E-26  2.224E-18
1.486E+00  5.590E-26  2.203E-18
1.472E+00  5.599E-26  2.187E-18
1.459E+00  5.620E-26  2.175E-18
1.445E+00  5.655E-26  2.168E-18
1.432E+00  5.707E-26  2.168E-18
1.419E+00  5.779E-26  2.175E-18
1.406E+00  5.875E-26  2.191E-18
1.393E+00  5.999E-26  2.217E-18
1.380E+00  6.158E-26  2.255E-18
1.368E+00  6.359E-26  2.307E-18
1.355E+00  6.607E-26  2.375E-18
1.343E+00  6.909E-26  2.461E-18
1.330E+00  7.269E-26  2.565E-18
1.318E+00  7.678E-26  2.685E-18
1.306E+00  8.114E-26  2.811E-18
1.294E+00  8.525E-26  2.927E-18
1.282E+00  8.825E-26  3.002E-18
1.271E+00  8.913E-26  3.004E-18
1.259E+00  8.716E-26  2.911E-18
1.247E+00  8.239E-26  2.726E-18
1.236E+00  7.575E-26  2.483E-18
1.225E+00  6.847E-26  2.224E-18
1.213E+00  6.159E-26  1.982E-18
1.202E+00  5.564E-26  1.774E-18
1.191E+00  5.081E-26  1.606E-18
1.180E+00  4.707E-26  1.474E-18
1.169E+00  4.430E-26  1.374E-18
1.159E+00  4.241E-26  1.304E-18
1.148E+00  4.133E-26  1.259E-18
1.138E+00  4.105E-26  1.239E-18
1.127E+00  4.166E-26  1.246E-18
1.117E+00  4.333E-26  1.284E-18
1.107E+00  4.640E-26  1.362E-18
1.096E+00  5.141E-26  1.495E-18
1.086E+00  5.916E-26  1.705E-18
1.076E+00  7.043E-26  2.011E-18
1.067E+00  8.456E-26  2.392E-18
1.057E+00  9.587E-26  2.687E-18
1.047E+00  9.395E-26  2.610E-18
1.038E+00  7.793E-26  2.145E-18
1.028E+00  5.905E-26  1.610E-18
1.019E+00  4.440E-26  1.200E-18
1.009E+00  3.448E-26  9.230E-19
1.000E+00  2.790E-26  7.401E-19
