Dust emission from Draine & Li (2007): ApJ 657, 810-837
================================================================
         5 = grain model
 4.000E-08 4.000E-01 3.000E-05 = a_01 (cm) , sigma_1 , b_C1/0.92
 2.500E-07 4.000E-01 1.000E-05 = a_02 (cm) , sigma_2 , b_C2/0.92
 7.000E-01 1.000E+05 2.000E+00 = Umin , Umax, beta (dN/dU propto U^{-beta})
 8.309E+00 = <U> 
     mmp83 = radfield
 3.733E-23 = power/H (erg s-1)
 band   nu*P_nu(band) j_nu(band)
 (um)   (erg s-1 H-1)(Jy cm2 sr-1 H-1)
1.270E+00  1.037E-25  3.494E-18 COBE-DIRBE
2.220E+00  1.334E-25  7.854E-18 COBE-DIRBE
3.530E+00  8.717E-25  8.162E-17 COBE-DIRBE
4.880E+00  4.169E-25  5.396E-17 COBE-DIRBE
1.229E+01  4.672E-24  1.523E-15 COBE-DIRBE
2.079E+01  7.631E-24  4.208E-15 COBE-DIRBE
5.599E+01  1.650E-23  2.450E-14 COBE-DIRBE
9.770E+01  1.112E-23  2.881E-14 COBE-DIRBE
1.479E+02  6.639E-24  2.605E-14 COBE-DIRBE
2.479E+02  1.933E-24  1.271E-14 COBE-DIRBE
1.200E+01  4.733E-24  1.507E-15 IRAS
2.500E+01  9.686E-24  6.423E-15 IRAS
6.000E+01  1.602E-23  2.550E-14 IRAS
1.000E+02  1.085E-23  2.877E-14 IRAS
3.550E+00  1.013E-24  9.543E-17 SST-IRAC
4.493E+00  2.898E-25  3.454E-17 SST-IRAC
5.731E+00  2.549E-24  3.875E-16 SST-IRAC
7.872E+00  6.438E-24  1.344E-15 SST-IRAC
2.368E+01  8.969E-24  5.634E-15 SST-MIPS
7.142E+01  1.296E-23  2.455E-14 SST-MIPS
1.559E+02  5.672E-24  2.345E-14 SST-MIPS
1.600E+01  4.781E-24  2.029E-15 SST-IRSPU
2.200E+01  8.677E-24  5.064E-15 SST-IRSPU











lambda    nu*dP/dnu     j_nu
 (um)   (erg s-1 H-1)(Jy cm2 sr-1 H-1)
1.000E+04  6.007E-31  1.593E-19
9.908E+03  6.227E-31  1.637E-19
9.817E+03  6.454E-31  1.681E-19
9.727E+03  6.690E-31  1.726E-19
9.638E+03  6.935E-31  1.773E-19
9.550E+03  7.188E-31  1.821E-19
9.462E+03  7.451E-31  1.870E-19
9.376E+03  7.724E-31  1.921E-19
9.290E+03  8.006E-31  1.973E-19
9.204E+03  8.299E-31  2.026E-19
9.120E+03  8.603E-31  2.081E-19
9.036E+03  8.918E-31  2.138E-19
8.954E+03  9.243E-31  2.195E-19
8.872E+03  9.579E-31  2.254E-19
8.790E+03  9.928E-31  2.315E-19
8.710E+03  1.029E-30  2.377E-19
8.630E+03  1.066E-30  2.441E-19
8.551E+03  1.105E-30  2.507E-19
8.472E+03  1.146E-30  2.575E-19
8.395E+03  1.187E-30  2.644E-19
8.318E+03  1.231E-30  2.716E-19
8.241E+03  1.276E-30  2.789E-19
8.166E+03  1.323E-30  2.865E-19
8.091E+03  1.371E-30  2.942E-19
8.017E+03  1.421E-30  3.022E-19
7.943E+03  1.473E-30  3.104E-19
7.870E+03  1.527E-30  3.188E-19
7.798E+03  1.583E-30  3.275E-19
7.727E+03  1.641E-30  3.364E-19
7.656E+03  1.702E-30  3.456E-19
7.586E+03  1.764E-30  3.550E-19
7.516E+03  1.829E-30  3.647E-19
7.447E+03  1.896E-30  3.746E-19
7.379E+03  1.966E-30  3.849E-19
7.311E+03  2.039E-30  3.954E-19
7.244E+03  2.114E-30  4.062E-19
7.178E+03  2.192E-30  4.173E-19
7.112E+03  2.273E-30  4.287E-19
7.047E+03  2.357E-30  4.405E-19
6.982E+03  2.444E-30  4.526E-19
6.918E+03  2.534E-30  4.650E-19
6.855E+03  2.627E-30  4.777E-19
6.792E+03  2.724E-30  4.908E-19
6.730E+03  2.825E-30  5.043E-19
6.668E+03  2.929E-30  5.182E-19
6.607E+03  3.038E-30  5.324E-19
6.546E+03  3.150E-30  5.471E-19
6.486E+03  3.267E-30  5.621E-19
6.427E+03  3.388E-30  5.776E-19
6.368E+03  3.514E-30  5.936E-19
6.310E+03  3.645E-30  6.100E-19
6.252E+03  3.780E-30  6.268E-19
6.194E+03  3.921E-30  6.442E-19
6.138E+03  4.066E-30  6.620E-19
6.081E+03  4.218E-30  6.804E-19
6.026E+03  4.375E-30  6.992E-19
5.970E+03  4.538E-30  7.187E-19
5.916E+03  4.707E-30  7.386E-19
5.861E+03  4.883E-30  7.592E-19
5.808E+03  5.065E-30  7.803E-19
5.754E+03  5.254E-30  8.020E-19
5.702E+03  5.451E-30  8.244E-19
5.649E+03  5.655E-30  8.474E-19
5.598E+03  5.866E-30  8.710E-19
5.546E+03  6.086E-30  8.953E-19
5.495E+03  6.314E-30  9.204E-19
5.445E+03  6.551E-30  9.461E-19
5.395E+03  6.796E-30  9.726E-19
5.346E+03  7.051E-30  9.999E-19
5.297E+03  7.316E-30  1.028E-18
5.248E+03  7.591E-30  1.057E-18
5.200E+03  7.877E-30  1.086E-18
5.152E+03  8.173E-30  1.117E-18
5.105E+03  8.480E-30  1.148E-18
5.058E+03  8.800E-30  1.181E-18
5.012E+03  9.131E-30  1.214E-18
4.966E+03  9.475E-30  1.248E-18
4.920E+03  9.832E-30  1.283E-18
4.875E+03  1.020E-29  1.319E-18
4.831E+03  1.059E-29  1.357E-18
4.786E+03  1.099E-29  1.395E-18
4.742E+03  1.140E-29  1.434E-18
4.699E+03  1.183E-29  1.475E-18
4.656E+03  1.228E-29  1.517E-18
4.613E+03  1.275E-29  1.560E-18
4.571E+03  1.323E-29  1.604E-18
4.529E+03  1.373E-29  1.650E-18
4.487E+03  1.425E-29  1.696E-18
4.446E+03  1.479E-29  1.745E-18
4.406E+03  1.536E-29  1.794E-18
4.365E+03  1.594E-29  1.846E-18
4.325E+03  1.654E-29  1.898E-18
4.285E+03  1.717E-29  1.952E-18
4.246E+03  1.783E-29  2.008E-18
4.207E+03  1.851E-29  2.065E-18
4.169E+03  1.921E-29  2.125E-18
4.130E+03  1.995E-29  2.185E-18
4.093E+03  2.071E-29  2.248E-18
4.055E+03  2.150E-29  2.312E-18
4.018E+03  2.232E-29  2.379E-18
3.981E+03  2.317E-29  2.447E-18
3.945E+03  2.406E-29  2.517E-18
3.908E+03  2.498E-29  2.589E-18
3.873E+03  2.593E-29  2.664E-18
3.837E+03  2.692E-29  2.740E-18
3.802E+03  2.795E-29  2.819E-18
3.767E+03  2.902E-29  2.900E-18
3.733E+03  3.014E-29  2.984E-18
3.698E+03  3.129E-29  3.070E-18
3.664E+03  3.250E-29  3.159E-18
3.631E+03  3.375E-29  3.250E-18
3.597E+03  3.504E-29  3.344E-18
3.565E+03  3.639E-29  3.441E-18
3.532E+03  3.779E-29  3.541E-18
3.499E+03  3.925E-29  3.643E-18
3.467E+03  4.076E-29  3.749E-18
3.436E+03  4.234E-29  3.858E-18
3.404E+03  4.397E-29  3.970E-18
3.373E+03  4.567E-29  4.086E-18
3.342E+03  4.744E-29  4.205E-18
3.311E+03  4.927E-29  4.328E-18
3.281E+03  5.118E-29  4.454E-18
3.251E+03  5.316E-29  4.584E-18
3.221E+03  5.522E-29  4.718E-18
3.192E+03  5.737E-29  4.856E-18
3.162E+03  5.959E-29  4.999E-18
3.133E+03  6.191E-29  5.145E-18
3.105E+03  6.431E-29  5.296E-18
3.076E+03  6.681E-29  5.452E-18
3.048E+03  6.941E-29  5.612E-18
3.020E+03  7.211E-29  5.777E-18
2.992E+03  7.492E-29  5.947E-18
2.965E+03  7.783E-29  6.121E-18
2.938E+03  8.086E-29  6.301E-18
2.911E+03  8.400E-29  6.486E-18
2.884E+03  8.727E-29  6.676E-18
2.858E+03  9.067E-29  6.873E-18
2.831E+03  9.420E-29  7.075E-18
2.805E+03  9.788E-29  7.284E-18
2.780E+03  1.017E-28  7.499E-18
2.754E+03  1.057E-28  7.720E-18
2.729E+03  1.098E-28  7.948E-18
2.704E+03  1.141E-28  8.183E-18
2.679E+03  1.186E-28  8.426E-18
2.655E+03  1.232E-28  8.675E-18
2.630E+03  1.280E-28  8.932E-18
2.606E+03  1.330E-28  9.197E-18
2.582E+03  1.383E-28  9.470E-18
2.559E+03  1.437E-28  9.752E-18
2.535E+03  1.493E-28  1.004E-17
2.512E+03  1.552E-28  1.034E-17
2.489E+03  1.613E-28  1.065E-17
2.466E+03  1.676E-28  1.097E-17
2.443E+03  1.742E-28  1.129E-17
2.421E+03  1.811E-28  1.163E-17
2.399E+03  1.882E-28  1.198E-17
2.377E+03  1.956E-28  1.234E-17
2.355E+03  2.034E-28  1.270E-17
2.333E+03  2.114E-28  1.308E-17
2.312E+03  2.197E-28  1.348E-17
2.291E+03  2.284E-28  1.388E-17
2.270E+03  2.374E-28  1.430E-17
2.249E+03  2.468E-28  1.472E-17
2.228E+03  2.566E-28  1.517E-17
2.208E+03  2.667E-28  1.562E-17
2.188E+03  2.773E-28  1.609E-17
2.168E+03  2.882E-28  1.657E-17
2.148E+03  2.997E-28  1.707E-17
2.128E+03  3.115E-28  1.759E-17
2.109E+03  3.239E-28  1.811E-17
2.089E+03  3.367E-28  1.866E-17
2.070E+03  3.501E-28  1.922E-17
2.051E+03  3.639E-28  1.980E-17
2.032E+03  3.784E-28  2.040E-17
2.014E+03  3.934E-28  2.101E-17
1.995E+03  4.090E-28  2.165E-17
1.977E+03  4.253E-28  2.230E-17
1.959E+03  4.421E-28  2.297E-17
1.941E+03  4.597E-28  2.367E-17
1.923E+03  4.780E-28  2.438E-17
1.905E+03  4.970E-28  2.512E-17
1.888E+03  5.167E-28  2.588E-17
1.871E+03  5.373E-28  2.666E-17
1.854E+03  5.586E-28  2.747E-17
1.837E+03  5.808E-28  2.830E-17
1.820E+03  6.040E-28  2.915E-17
1.803E+03  6.280E-28  3.004E-17
1.786E+03  6.530E-28  3.094E-17
1.770E+03  6.790E-28  3.188E-17
1.754E+03  7.061E-28  3.285E-17
1.738E+03  7.342E-28  3.384E-17
1.722E+03  7.634E-28  3.487E-17
1.706E+03  7.938E-28  3.593E-17
1.690E+03  8.255E-28  3.702E-17
1.675E+03  8.584E-28  3.814E-17
1.660E+03  8.926E-28  3.929E-17
1.644E+03  9.282E-28  4.049E-17
1.629E+03  9.652E-28  4.171E-17
1.614E+03  1.004E-27  4.298E-17
1.600E+03  1.044E-27  4.428E-17
1.585E+03  1.085E-27  4.563E-17
1.570E+03  1.129E-27  4.701E-17
1.556E+03  1.174E-27  4.844E-17
1.542E+03  1.220E-27  4.991E-17
1.528E+03  1.269E-27  5.142E-17
1.514E+03  1.320E-27  5.298E-17
1.500E+03  1.372E-27  5.459E-17
1.486E+03  1.427E-27  5.625E-17
1.472E+03  1.484E-27  5.795E-17
1.459E+03  1.543E-27  5.971E-17
1.445E+03  1.605E-27  6.153E-17
1.432E+03  1.669E-27  6.339E-17
1.419E+03  1.735E-27  6.532E-17
1.406E+03  1.804E-27  6.730E-17
1.393E+03  1.876E-27  6.934E-17
1.380E+03  1.951E-27  7.145E-17
1.368E+03  2.029E-27  7.362E-17
1.355E+03  2.110E-27  7.585E-17
1.343E+03  2.194E-27  7.815E-17
1.330E+03  2.282E-27  8.052E-17
1.318E+03  2.373E-27  8.296E-17
1.306E+03  2.467E-27  8.548E-17
1.294E+03  2.565E-27  8.807E-17
1.282E+03  2.668E-27  9.074E-17
1.271E+03  2.774E-27  9.348E-17
1.259E+03  2.884E-27  9.631E-17
1.247E+03  2.999E-27  9.923E-17
1.236E+03  3.118E-27  1.022E-16
1.225E+03  3.242E-27  1.053E-16
1.213E+03  3.371E-27  1.085E-16
1.202E+03  3.505E-27  1.118E-16
1.191E+03  3.644E-27  1.152E-16
1.180E+03  3.789E-27  1.186E-16
1.169E+03  3.939E-27  1.222E-16
1.159E+03  4.096E-27  1.259E-16
1.148E+03  4.258E-27  1.297E-16
1.138E+03  4.427E-27  1.336E-16
1.127E+03  4.602E-27  1.376E-16
1.117E+03  4.785E-27  1.418E-16
1.107E+03  4.974E-27  1.460E-16
1.096E+03  5.171E-27  1.504E-16
1.086E+03  5.375E-27  1.549E-16
1.076E+03  5.588E-27  1.596E-16
1.067E+03  5.809E-27  1.643E-16
1.057E+03  6.038E-27  1.693E-16
1.047E+03  6.276E-27  1.743E-16
1.038E+03  6.524E-27  1.795E-16
1.028E+03  6.781E-27  1.849E-16
1.019E+03  7.048E-27  1.904E-16
1.009E+03  7.325E-27  1.961E-16
1.000E+03  7.613E-27  2.019E-16
9.908E+02  7.913E-27  2.080E-16
9.817E+02  8.224E-27  2.142E-16
9.727E+02  8.547E-27  2.205E-16
9.638E+02  8.883E-27  2.271E-16
9.550E+02  9.232E-27  2.339E-16
9.462E+02  9.594E-27  2.408E-16
9.376E+02  9.970E-27  2.479E-16
9.290E+02  1.036E-26  2.553E-16
9.204E+02  1.077E-26  2.629E-16
9.120E+02  1.119E-26  2.706E-16
9.036E+02  1.162E-26  2.786E-16
8.954E+02  1.208E-26  2.868E-16
8.872E+02  1.255E-26  2.953E-16
8.790E+02  1.304E-26  3.040E-16
8.710E+02  1.354E-26  3.129E-16
8.630E+02  1.407E-26  3.221E-16
8.551E+02  1.462E-26  3.315E-16
8.472E+02  1.518E-26  3.412E-16
8.395E+02  1.577E-26  3.512E-16
8.318E+02  1.638E-26  3.614E-16
8.241E+02  1.701E-26  3.719E-16
8.166E+02  1.767E-26  3.827E-16
8.091E+02  1.835E-26  3.938E-16
8.017E+02  1.906E-26  4.052E-16
7.943E+02  1.979E-26  4.170E-16
7.870E+02  2.055E-26  4.290E-16
7.798E+02  2.134E-26  4.414E-16
7.727E+02  2.216E-26  4.541E-16
7.656E+02  2.300E-26  4.672E-16
7.586E+02  2.388E-26  4.806E-16
7.516E+02  2.480E-26  4.944E-16
7.447E+02  2.575E-26  5.086E-16
7.379E+02  2.673E-26  5.232E-16
7.311E+02  2.775E-26  5.382E-16
7.244E+02  2.881E-26  5.536E-16
7.178E+02  2.991E-26  5.695E-16
7.112E+02  3.105E-26  5.858E-16
7.047E+02  3.223E-26  6.026E-16
6.982E+02  3.346E-26  6.198E-16
6.918E+02  3.474E-26  6.375E-16
6.855E+02  3.606E-26  6.556E-16
6.792E+02  3.743E-26  6.743E-16
6.730E+02  3.884E-26  6.934E-16
6.668E+02  4.031E-26  7.130E-16
6.607E+02  4.184E-26  7.332E-16
6.546E+02  4.342E-26  7.540E-16
6.486E+02  4.507E-26  7.755E-16
6.427E+02  4.678E-26  7.975E-16
6.368E+02  4.855E-26  8.201E-16
6.310E+02  5.039E-26  8.434E-16
6.252E+02  5.230E-26  8.673E-16
6.194E+02  5.427E-26  8.918E-16
6.138E+02  5.633E-26  9.170E-16
6.081E+02  5.845E-26  9.429E-16
6.026E+02  6.066E-26  9.695E-16
5.970E+02  6.295E-26  9.969E-16
5.916E+02  6.532E-26  1.025E-15
5.861E+02  6.778E-26  1.054E-15
5.808E+02  7.033E-26  1.083E-15
5.754E+02  7.298E-26  1.114E-15
5.702E+02  7.572E-26  1.145E-15
5.649E+02  7.856E-26  1.177E-15
5.598E+02  8.151E-26  1.210E-15
5.546E+02  8.457E-26  1.244E-15
5.495E+02  8.774E-26  1.279E-15
5.445E+02  9.102E-26  1.315E-15
5.395E+02  9.443E-26  1.351E-15
5.346E+02  9.796E-26  1.389E-15
5.297E+02  1.016E-25  1.428E-15
5.248E+02  1.054E-25  1.467E-15
5.200E+02  1.093E-25  1.508E-15
5.152E+02  1.134E-25  1.550E-15
5.105E+02  1.176E-25  1.593E-15
5.058E+02  1.220E-25  1.637E-15
5.012E+02  1.265E-25  1.682E-15
4.966E+02  1.312E-25  1.729E-15
4.920E+02  1.361E-25  1.776E-15
4.875E+02  1.411E-25  1.825E-15
4.831E+02  1.464E-25  1.875E-15
4.786E+02  1.518E-25  1.927E-15
4.742E+02  1.574E-25  1.979E-15
4.699E+02  1.631E-25  2.034E-15
4.656E+02  1.692E-25  2.089E-15
4.613E+02  1.754E-25  2.146E-15
4.571E+02  1.818E-25  2.204E-15
4.529E+02  1.885E-25  2.264E-15
4.487E+02  1.954E-25  2.325E-15
4.446E+02  2.025E-25  2.388E-15
4.406E+02  2.099E-25  2.453E-15
4.365E+02  2.175E-25  2.519E-15
4.325E+02  2.254E-25  2.586E-15
4.285E+02  2.336E-25  2.656E-15
4.246E+02  2.421E-25  2.727E-15
4.207E+02  2.509E-25  2.800E-15
4.169E+02  2.600E-25  2.874E-15
4.130E+02  2.693E-25  2.951E-15
4.093E+02  2.790E-25  3.029E-15
4.055E+02  2.891E-25  3.110E-15
4.018E+02  2.995E-25  3.192E-15
3.981E+02  3.102E-25  3.276E-15
3.945E+02  3.214E-25  3.362E-15
3.908E+02  3.328E-25  3.451E-15
3.873E+02  3.447E-25  3.541E-15
3.837E+02  3.570E-25  3.634E-15
3.802E+02  3.697E-25  3.729E-15
3.767E+02  3.829E-25  3.826E-15
3.733E+02  3.964E-25  3.925E-15
3.698E+02  4.105E-25  4.027E-15
3.664E+02  4.250E-25  4.131E-15
3.631E+02  4.399E-25  4.237E-15
3.597E+02  4.554E-25  4.346E-15
3.565E+02  4.714E-25  4.457E-15
3.532E+02  4.879E-25  4.571E-15
3.499E+02  5.049E-25  4.687E-15
3.467E+02  5.225E-25  4.806E-15
3.436E+02  5.407E-25  4.927E-15
3.404E+02  5.594E-25  5.051E-15
3.373E+02  5.788E-25  5.178E-15
3.342E+02  5.987E-25  5.308E-15
3.311E+02  6.194E-25  5.440E-15
3.281E+02  6.406E-25  5.575E-15
3.251E+02  6.626E-25  5.713E-15
3.221E+02  6.852E-25  5.854E-15
3.192E+02  7.085E-25  5.998E-15
3.162E+02  7.326E-25  6.145E-15
3.133E+02  7.574E-25  6.295E-15
3.105E+02  7.830E-25  6.448E-15
3.076E+02  8.093E-25  6.604E-15
3.048E+02  8.365E-25  6.763E-15
3.020E+02  8.645E-25  6.925E-15
2.992E+02  8.933E-25  7.090E-15
2.965E+02  9.230E-25  7.259E-15
2.938E+02  9.536E-25  7.431E-15
2.911E+02  9.851E-25  7.606E-15
2.884E+02  1.018E-24  7.784E-15
2.858E+02  1.051E-24  7.966E-15
2.831E+02  1.085E-24  8.151E-15
2.805E+02  1.121E-24  8.340E-15
2.780E+02  1.157E-24  8.532E-15
2.754E+02  1.195E-24  8.727E-15
2.729E+02  1.233E-24  8.927E-15
2.704E+02  1.273E-24  9.130E-15
2.679E+02  1.314E-24  9.337E-15
2.655E+02  1.356E-24  9.548E-15
2.630E+02  1.399E-24  9.762E-15
2.606E+02  1.444E-24  9.981E-15
2.582E+02  1.489E-24  1.020E-14
2.559E+02  1.536E-24  1.043E-14
2.535E+02  1.584E-24  1.065E-14
2.512E+02  1.633E-24  1.088E-14
2.489E+02  1.682E-24  1.111E-14
2.466E+02  1.732E-24  1.133E-14
2.443E+02  1.783E-24  1.156E-14
2.421E+02  1.834E-24  1.178E-14
2.399E+02  1.887E-24  1.201E-14
2.377E+02  1.940E-24  1.223E-14
2.355E+02  1.994E-24  1.245E-14
2.333E+02  2.049E-24  1.268E-14
2.312E+02  2.105E-24  1.291E-14
2.291E+02  2.163E-24  1.314E-14
2.270E+02  2.221E-24  1.337E-14
2.249E+02  2.281E-24  1.361E-14
2.228E+02  2.343E-24  1.385E-14
2.208E+02  2.405E-24  1.409E-14
2.188E+02  2.469E-24  1.433E-14
2.168E+02  2.534E-24  1.457E-14
2.148E+02  2.600E-24  1.481E-14
2.128E+02  2.668E-24  1.506E-14
2.109E+02  2.737E-24  1.531E-14
2.089E+02  2.807E-24  1.556E-14
2.070E+02  2.878E-24  1.581E-14
2.051E+02  2.951E-24  1.606E-14
2.032E+02  3.025E-24  1.631E-14
2.014E+02  3.101E-24  1.656E-14
1.995E+02  3.178E-24  1.682E-14
1.977E+02  3.256E-24  1.707E-14
1.959E+02  3.335E-24  1.733E-14
1.941E+02  3.416E-24  1.759E-14
1.923E+02  3.499E-24  1.785E-14
1.905E+02  3.582E-24  1.811E-14
1.888E+02  3.668E-24  1.837E-14
1.871E+02  3.754E-24  1.863E-14
1.854E+02  3.842E-24  1.889E-14
1.837E+02  3.932E-24  1.915E-14
1.820E+02  4.023E-24  1.942E-14
1.803E+02  4.115E-24  1.968E-14
1.786E+02  4.209E-24  1.995E-14
1.770E+02  4.305E-24  2.021E-14
1.754E+02  4.402E-24  2.048E-14
1.738E+02  4.501E-24  2.075E-14
1.722E+02  4.602E-24  2.102E-14
1.706E+02  4.705E-24  2.129E-14
1.690E+02  4.808E-24  2.156E-14
1.675E+02  4.915E-24  2.183E-14
1.660E+02  5.023E-24  2.211E-14
1.644E+02  5.133E-24  2.239E-14
1.629E+02  5.245E-24  2.267E-14
1.614E+02  5.359E-24  2.295E-14
1.600E+02  5.475E-24  2.323E-14
1.585E+02  5.594E-24  2.352E-14
1.570E+02  5.716E-24  2.381E-14
1.556E+02  5.840E-24  2.410E-14
1.542E+02  5.967E-24  2.440E-14
1.528E+02  6.097E-24  2.471E-14
1.514E+02  6.230E-24  2.501E-14
1.500E+02  6.366E-24  2.532E-14
1.486E+02  6.503E-24  2.563E-14
1.472E+02  6.643E-24  2.594E-14
1.459E+02  6.784E-24  2.625E-14
1.445E+02  6.925E-24  2.655E-14
1.432E+02  7.063E-24  2.683E-14
1.419E+02  7.196E-24  2.709E-14
1.406E+02  7.323E-24  2.731E-14
1.393E+02  7.440E-24  2.749E-14
1.380E+02  7.546E-24  2.763E-14
1.368E+02  7.643E-24  2.773E-14
1.355E+02  7.730E-24  2.779E-14
1.343E+02  7.812E-24  2.782E-14
1.330E+02  7.890E-24  2.784E-14
1.318E+02  7.966E-24  2.786E-14
1.306E+02  8.043E-24  2.787E-14
1.294E+02  8.120E-24  2.788E-14
1.282E+02  8.199E-24  2.789E-14
1.271E+02  8.279E-24  2.790E-14
1.259E+02  8.362E-24  2.792E-14
1.247E+02  8.447E-24  2.795E-14
1.236E+02  8.534E-24  2.798E-14
1.225E+02  8.623E-24  2.801E-14
1.213E+02  8.715E-24  2.805E-14
1.202E+02  8.808E-24  2.809E-14
1.191E+02  8.902E-24  2.813E-14
1.180E+02  8.998E-24  2.817E-14
1.169E+02  9.094E-24  2.821E-14
1.159E+02  9.190E-24  2.825E-14
1.148E+02  9.288E-24  2.829E-14
1.138E+02  9.387E-24  2.833E-14
1.127E+02  9.487E-24  2.836E-14
1.117E+02  9.588E-24  2.840E-14
1.107E+02  9.690E-24  2.844E-14
1.096E+02  9.792E-24  2.848E-14
1.086E+02  9.895E-24  2.852E-14
1.076E+02  9.998E-24  2.855E-14
1.067E+02  1.010E-23  2.858E-14
1.057E+02  1.021E-23  2.861E-14
1.047E+02  1.031E-23  2.863E-14
1.038E+02  1.041E-23  2.866E-14
1.028E+02  1.052E-23  2.868E-14
1.019E+02  1.062E-23  2.869E-14
1.009E+02  1.072E-23  2.870E-14
1.000E+02  1.082E-23  2.871E-14
9.908E+01  1.092E-23  2.871E-14
9.817E+01  1.102E-23  2.871E-14
9.727E+01  1.112E-23  2.871E-14
9.638E+01  1.122E-23  2.870E-14
9.550E+01  1.132E-23  2.869E-14
9.462E+01  1.142E-23  2.867E-14
9.376E+01  1.152E-23  2.865E-14
9.290E+01  1.162E-23  2.863E-14
9.204E+01  1.171E-23  2.860E-14
9.120E+01  1.181E-23  2.857E-14
9.036E+01  1.190E-23  2.853E-14
8.954E+01  1.200E-23  2.849E-14
8.872E+01  1.209E-23  2.845E-14
8.790E+01  1.218E-23  2.841E-14
8.710E+01  1.227E-23  2.836E-14
8.630E+01  1.237E-23  2.831E-14
8.551E+01  1.246E-23  2.826E-14
8.472E+01  1.255E-23  2.819E-14
8.395E+01  1.263E-23  2.813E-14
8.318E+01  1.272E-23  2.807E-14
8.241E+01  1.281E-23  2.801E-14
8.166E+01  1.290E-23  2.794E-14
8.091E+01  1.299E-23  2.787E-14
8.017E+01  1.307E-23  2.780E-14
7.943E+01  1.316E-23  2.773E-14
7.870E+01  1.324E-23  2.765E-14
7.798E+01  1.333E-23  2.757E-14
7.727E+01  1.341E-23  2.749E-14
7.656E+01  1.349E-23  2.740E-14
7.586E+01  1.358E-23  2.732E-14
7.516E+01  1.366E-23  2.723E-14
7.447E+01  1.374E-23  2.714E-14
7.379E+01  1.382E-23  2.704E-14
7.311E+01  1.390E-23  2.695E-14
7.244E+01  1.397E-23  2.685E-14
7.178E+01  1.405E-23  2.675E-14
7.112E+01  1.413E-23  2.665E-14
7.047E+01  1.420E-23  2.655E-14
6.982E+01  1.428E-23  2.645E-14
6.918E+01  1.436E-23  2.635E-14
6.855E+01  1.443E-23  2.625E-14
6.792E+01  1.451E-23  2.614E-14
6.730E+01  1.459E-23  2.604E-14
6.668E+01  1.466E-23  2.593E-14
6.607E+01  1.474E-23  2.583E-14
6.546E+01  1.481E-23  2.572E-14
6.486E+01  1.489E-23  2.562E-14
6.427E+01  1.496E-23  2.551E-14
6.368E+01  1.504E-23  2.540E-14
6.310E+01  1.512E-23  2.530E-14
6.252E+01  1.519E-23  2.519E-14
6.194E+01  1.527E-23  2.509E-14
6.138E+01  1.535E-23  2.499E-14
6.081E+01  1.543E-23  2.489E-14
6.026E+01  1.551E-23  2.478E-14
5.970E+01  1.558E-23  2.468E-14
5.916E+01  1.566E-23  2.458E-14
5.861E+01  1.574E-23  2.448E-14
5.808E+01  1.582E-23  2.438E-14
5.754E+01  1.591E-23  2.428E-14
5.702E+01  1.599E-23  2.418E-14
5.649E+01  1.607E-23  2.409E-14
5.598E+01  1.616E-23  2.399E-14
5.546E+01  1.625E-23  2.390E-14
5.495E+01  1.634E-23  2.381E-14
5.445E+01  1.643E-23  2.373E-14
5.395E+01  1.652E-23  2.364E-14
5.346E+01  1.661E-23  2.356E-14
5.297E+01  1.671E-23  2.347E-14
5.248E+01  1.681E-23  2.340E-14
5.200E+01  1.690E-23  2.332E-14
5.152E+01  1.701E-23  2.324E-14
5.105E+01  1.711E-23  2.317E-14
5.058E+01  1.721E-23  2.310E-14
5.012E+01  1.732E-23  2.303E-14
4.966E+01  1.743E-23  2.296E-14
4.920E+01  1.754E-23  2.289E-14
4.875E+01  1.765E-23  2.283E-14
4.831E+01  1.777E-23  2.277E-14
4.786E+01  1.789E-23  2.271E-14
4.742E+01  1.801E-23  2.266E-14
4.699E+01  1.814E-23  2.261E-14
4.656E+01  1.826E-23  2.256E-14
4.613E+01  1.840E-23  2.251E-14
4.571E+01  1.853E-23  2.247E-14
4.529E+01  1.866E-23  2.242E-14
4.487E+01  1.880E-23  2.238E-14
4.446E+01  1.894E-23  2.234E-14
4.406E+01  1.909E-23  2.231E-14
4.365E+01  1.923E-23  2.227E-14
4.325E+01  1.938E-23  2.224E-14
4.285E+01  1.953E-23  2.220E-14
4.246E+01  1.968E-23  2.216E-14
4.207E+01  1.983E-23  2.213E-14
4.169E+01  1.998E-23  2.209E-14
4.130E+01  2.013E-23  2.205E-14
4.093E+01  2.028E-23  2.201E-14
4.055E+01  2.042E-23  2.197E-14
4.018E+01  2.057E-23  2.192E-14
3.981E+01  2.071E-23  2.187E-14
3.945E+01  2.084E-23  2.181E-14
3.908E+01  2.097E-23  2.174E-14
3.873E+01  2.110E-23  2.167E-14
3.837E+01  2.121E-23  2.159E-14
3.802E+01  2.132E-23  2.150E-14
3.767E+01  2.142E-23  2.140E-14
3.733E+01  2.150E-23  2.129E-14
3.698E+01  2.157E-23  2.116E-14
3.664E+01  2.163E-23  2.102E-14
3.631E+01  2.167E-23  2.087E-14
3.597E+01  2.169E-23  2.070E-14
3.565E+01  2.169E-23  2.051E-14
3.532E+01  2.167E-23  2.031E-14
3.499E+01  2.164E-23  2.008E-14
3.467E+01  2.158E-23  1.985E-14
3.436E+01  2.149E-23  1.959E-14
3.404E+01  2.139E-23  1.931E-14
3.373E+01  2.125E-23  1.901E-14
3.342E+01  2.110E-23  1.870E-14
3.311E+01  2.092E-23  1.837E-14
3.281E+01  2.071E-23  1.802E-14
3.251E+01  2.048E-23  1.766E-14
3.221E+01  2.022E-23  1.728E-14
3.192E+01  1.995E-23  1.689E-14
3.162E+01  1.965E-23  1.648E-14
3.133E+01  1.933E-23  1.607E-14
3.105E+01  1.899E-23  1.564E-14
3.076E+01  1.864E-23  1.521E-14
3.048E+01  1.828E-23  1.478E-14
3.020E+01  1.790E-23  1.434E-14
2.992E+01  1.751E-23  1.390E-14
2.965E+01  1.711E-23  1.346E-14
2.938E+01  1.671E-23  1.302E-14
2.911E+01  1.631E-23  1.259E-14
2.884E+01  1.590E-23  1.217E-14
2.858E+01  1.550E-23  1.175E-14
2.831E+01  1.510E-23  1.134E-14
2.805E+01  1.470E-23  1.094E-14
2.780E+01  1.431E-23  1.055E-14
2.754E+01  1.392E-23  1.017E-14
2.729E+01  1.354E-23  9.804E-15
2.704E+01  1.318E-23  9.450E-15
2.679E+01  1.282E-23  9.109E-15
2.655E+01  1.247E-23  8.780E-15
2.630E+01  1.213E-23  8.465E-15
2.606E+01  1.181E-23  8.161E-15
2.582E+01  1.149E-23  7.871E-15
2.559E+01  1.119E-23  7.593E-15
2.535E+01  1.090E-23  7.327E-15
2.512E+01  1.061E-23  7.072E-15
2.489E+01  1.034E-23  6.829E-15
2.466E+01  1.008E-23  6.597E-15
2.443E+01  9.835E-24  6.374E-15
2.421E+01  9.595E-24  6.162E-15
2.399E+01  9.363E-24  5.958E-15
2.377E+01  9.141E-24  5.763E-15
2.355E+01  8.933E-24  5.580E-15
2.333E+01  8.732E-24  5.405E-15
2.312E+01  8.536E-24  5.235E-15
2.291E+01  8.349E-24  5.073E-15
2.270E+01  8.176E-24  4.923E-15
2.249E+01  8.015E-24  4.781E-15
2.228E+01  7.862E-24  4.648E-15
2.208E+01  7.715E-24  4.519E-15
2.188E+01  7.570E-24  4.393E-15
2.168E+01  7.428E-24  4.271E-15
2.148E+01  7.294E-24  4.155E-15
2.128E+01  7.168E-24  4.046E-15
2.109E+01  7.052E-24  3.944E-15
2.089E+01  6.939E-24  3.846E-15
2.070E+01  6.830E-24  3.750E-15
2.051E+01  6.725E-24  3.659E-15
2.032E+01  6.627E-24  3.573E-15
2.014E+01  6.544E-24  3.496E-15
1.995E+01  6.464E-24  3.421E-15
1.977E+01  6.387E-24  3.350E-15
1.959E+01  6.311E-24  3.279E-15
1.941E+01  6.236E-24  3.210E-15
1.923E+01  6.162E-24  3.143E-15
1.905E+01  6.090E-24  3.078E-15
1.888E+01  6.023E-24  3.016E-15
1.871E+01  5.963E-24  2.959E-15
1.854E+01  5.914E-24  2.908E-15
1.837E+01  5.884E-24  2.867E-15
1.820E+01  5.896E-24  2.846E-15
1.803E+01  6.019E-24  2.879E-15
1.786E+01  6.288E-24  2.980E-15
1.770E+01  6.200E-24  2.911E-15
1.754E+01  6.465E-24  3.008E-15
1.738E+01  7.365E-24  3.395E-15
1.722E+01  6.899E-24  3.151E-15
1.706E+01  6.787E-24  3.071E-15
1.690E+01  6.575E-24  2.948E-15
1.675E+01  6.284E-24  2.792E-15
1.660E+01  6.351E-24  2.796E-15
1.644E+01  7.251E-24  3.163E-15
1.629E+01  5.694E-24  2.461E-15
1.614E+01  5.130E-24  2.197E-15
1.600E+01  5.196E-24  2.205E-15
1.585E+01  5.134E-24  2.158E-15
1.570E+01  4.524E-24  1.885E-15
1.556E+01  4.208E-24  1.737E-15
1.542E+01  4.030E-24  1.648E-15
1.528E+01  3.906E-24  1.583E-15
1.514E+01  3.809E-24  1.529E-15
1.500E+01  3.730E-24  1.484E-15
1.486E+01  3.666E-24  1.445E-15
1.472E+01  3.619E-24  1.413E-15
1.459E+01  3.598E-24  1.392E-15
1.445E+01  3.630E-24  1.392E-15
1.432E+01  3.778E-24  1.435E-15
1.419E+01  3.947E-24  1.486E-15
1.406E+01  3.741E-24  1.395E-15
1.393E+01  3.581E-24  1.324E-15
1.380E+01  3.607E-24  1.321E-15
1.368E+01  3.877E-24  1.407E-15
1.355E+01  3.983E-24  1.432E-15
1.343E+01  3.726E-24  1.327E-15
1.330E+01  3.724E-24  1.314E-15
1.318E+01  3.896E-24  1.362E-15
1.306E+01  4.248E-24  1.472E-15
1.294E+01  4.865E-24  1.670E-15
1.282E+01  5.864E-24  1.995E-15
1.271E+01  7.111E-24  2.396E-15
1.259E+01  7.648E-24  2.554E-15
1.247E+01  6.921E-24  2.290E-15
1.236E+01  6.025E-24  1.975E-15
1.225E+01  5.646E-24  1.834E-15
1.213E+01  5.742E-24  1.848E-15
1.202E+01  5.925E-24  1.890E-15
1.191E+01  5.728E-24  1.810E-15
1.180E+01  5.304E-24  1.661E-15
1.169E+01  5.164E-24  1.602E-15
1.159E+01  5.685E-24  1.747E-15
1.148E+01  7.476E-24  2.277E-15
1.138E+01  1.117E-23  3.372E-15
1.127E+01  1.539E-23  4.602E-15
1.117E+01  1.063E-23  3.150E-15
1.107E+01  5.805E-24  1.704E-15
1.096E+01  4.079E-24  1.186E-15
1.086E+01  3.260E-24  9.395E-16
1.076E+01  2.807E-24  8.014E-16
1.067E+01  2.528E-24  7.153E-16
1.057E+01  2.344E-24  6.571E-16
1.047E+01  2.215E-24  6.153E-16
1.038E+01  2.121E-24  5.836E-16
1.028E+01  2.049E-24  5.587E-16
1.019E+01  1.994E-24  5.388E-16
1.009E+01  1.953E-24  5.228E-16
1.000E+01  1.924E-24  5.104E-16
9.908E+00  1.906E-24  5.010E-16
9.817E+00  1.899E-24  4.946E-16
9.727E+00  1.903E-24  4.910E-16
9.638E+00  1.917E-24  4.902E-16
9.550E+00  1.943E-24  4.922E-16
9.462E+00  1.982E-24  4.974E-16
9.376E+00  2.037E-24  5.066E-16
9.290E+00  2.114E-24  5.208E-16
9.204E+00  2.221E-24  5.423E-16
9.120E+00  2.375E-24  5.745E-16
9.036E+00  2.600E-24  6.232E-16
8.954E+00  2.945E-24  6.994E-16
8.872E+00  3.496E-24  8.226E-16
8.790E+00  4.404E-24  1.027E-15
8.710E+00  5.793E-24  1.338E-15
8.630E+00  7.085E-24  1.622E-15
8.551E+00  6.907E-24  1.567E-15
8.472E+00  5.990E-24  1.346E-15
8.395E+00  5.518E-24  1.229E-15
8.318E+00  5.481E-24  1.209E-15
8.241E+00  5.712E-24  1.249E-15
8.166E+00  6.306E-24  1.366E-15
8.091E+00  7.444E-24  1.598E-15
8.017E+00  9.265E-24  1.970E-15
7.943E+00  1.167E-23  2.458E-15
7.870E+00  1.384E-23  2.890E-15
7.798E+00  1.484E-23  3.071E-15
7.727E+00  1.541E-23  3.158E-15
7.656E+00  1.643E-23  3.337E-15
7.586E+00  1.619E-23  3.257E-15
7.516E+00  1.334E-23  2.659E-15
7.447E+00  1.008E-23  1.992E-15
7.379E+00  7.742E-24  1.515E-15
7.311E+00  6.185E-24  1.200E-15
7.244E+00  5.109E-24  9.817E-16
7.178E+00  4.329E-24  8.242E-16
7.112E+00  3.753E-24  7.080E-16
7.047E+00  3.335E-24  6.233E-16
6.982E+00  3.049E-24  5.647E-16
6.918E+00  2.881E-24  5.287E-16
6.855E+00  2.817E-24  5.123E-16
6.792E+00  2.828E-24  5.095E-16
6.730E+00  2.848E-24  5.084E-16
6.668E+00  2.806E-24  4.963E-16
6.607E+00  2.703E-24  4.738E-16
6.546E+00  2.637E-24  4.579E-16
6.486E+00  2.731E-24  4.699E-16
6.427E+00  3.142E-24  5.356E-16
6.368E+00  4.180E-24  7.061E-16
6.310E+00  6.552E-24  1.097E-15
6.252E+00  1.063E-23  1.764E-15
6.194E+00  1.081E-23  1.776E-15
6.138E+00  6.482E-24  1.055E-15
6.081E+00  3.794E-24  6.120E-16
6.026E+00  2.542E-24  4.063E-16
5.970E+00  1.945E-24  3.080E-16
5.916E+00  1.673E-24  2.626E-16
5.861E+00  1.617E-24  2.514E-16
5.808E+00  1.763E-24  2.715E-16
5.754E+00  2.086E-24  3.184E-16
5.702E+00  2.272E-24  3.436E-16
5.649E+00  1.934E-24  2.899E-16
5.598E+00  1.440E-24  2.138E-16
5.546E+00  1.098E-24  1.615E-16
5.495E+00  8.979E-25  1.309E-16
5.445E+00  7.897E-25  1.141E-16
5.395E+00  7.494E-25  1.072E-16
5.346E+00  7.848E-25  1.113E-16
5.297E+00  9.229E-25  1.297E-16
5.248E+00  1.024E-24  1.425E-16
5.200E+00  8.274E-25  1.141E-16
5.152E+00  6.239E-25  8.527E-17
5.105E+00  5.122E-25  6.936E-17
5.058E+00  4.497E-25  6.034E-17
5.012E+00  4.105E-25  5.457E-17
4.966E+00  3.832E-25  5.048E-17
4.920E+00  3.628E-25  4.735E-17
4.875E+00  3.467E-25  4.484E-17
4.831E+00  3.335E-25  4.273E-17
4.786E+00  3.223E-25  4.092E-17
4.742E+00  3.127E-25  3.934E-17
4.699E+00  3.044E-25  3.794E-17
4.656E+00  2.970E-25  3.667E-17
4.613E+00  2.904E-25  3.553E-17
4.571E+00  2.844E-25  3.448E-17
4.529E+00  2.790E-25  3.352E-17
4.487E+00  2.742E-25  3.263E-17
4.446E+00  2.697E-25  3.181E-17
4.406E+00  2.657E-25  3.105E-17
4.365E+00  2.620E-25  3.033E-17
4.325E+00  2.586E-25  2.966E-17
4.285E+00  2.554E-25  2.904E-17
4.246E+00  2.526E-25  2.845E-17
4.207E+00  2.500E-25  2.790E-17
4.169E+00  2.476E-25  2.738E-17
4.130E+00  2.455E-25  2.690E-17
4.093E+00  2.436E-25  2.645E-17
4.055E+00  2.420E-25  2.603E-17
4.018E+00  2.405E-25  2.564E-17
3.981E+00  2.394E-25  2.528E-17
3.945E+00  2.385E-25  2.495E-17
3.908E+00  2.379E-25  2.466E-17
3.873E+00  2.377E-25  2.441E-17
3.837E+00  2.379E-25  2.421E-17
3.802E+00  2.386E-25  2.406E-17
3.767E+00  2.399E-25  2.397E-17
3.733E+00  2.420E-25  2.396E-17
3.698E+00  2.451E-25  2.404E-17
3.664E+00  2.495E-25  2.426E-17
3.631E+00  2.558E-25  2.464E-17
3.597E+00  2.647E-25  2.526E-17
3.565E+00  2.776E-25  2.624E-17
3.532E+00  2.964E-25  2.777E-17
3.499E+00  3.254E-25  3.020E-17
3.467E+00  3.721E-25  3.422E-17
3.436E+00  4.540E-25  4.138E-17
3.404E+00  6.159E-25  5.561E-17
3.373E+00  1.002E-24  8.968E-17
3.342E+00  2.283E-24  2.024E-16
3.311E+00  8.632E-24  7.582E-16
3.281E+00  5.894E-24  5.130E-16
3.251E+00  1.683E-24  1.452E-16
3.221E+00  8.039E-25  6.868E-17
3.192E+00  5.129E-25  4.342E-17
3.162E+00  3.843E-25  3.224E-17
3.133E+00  3.167E-25  2.632E-17
3.105E+00  2.766E-25  2.278E-17
3.076E+00  2.509E-25  2.047E-17
3.048E+00  2.332E-25  1.886E-17
3.020E+00  2.205E-25  1.766E-17
2.992E+00  2.109E-25  1.674E-17
2.965E+00  2.034E-25  1.599E-17
2.938E+00  1.973E-25  1.538E-17
2.911E+00  1.924E-25  1.485E-17
2.884E+00  1.881E-25  1.439E-17
2.858E+00  1.845E-25  1.398E-17
2.831E+00  1.813E-25  1.361E-17
2.805E+00  1.784E-25  1.327E-17
2.780E+00  1.758E-25  1.296E-17
2.754E+00  1.734E-25  1.267E-17
2.729E+00  1.711E-25  1.239E-17
2.704E+00  1.690E-25  1.212E-17
2.679E+00  1.670E-25  1.187E-17
2.655E+00  1.651E-25  1.163E-17
2.630E+00  1.633E-25  1.139E-17
2.606E+00  1.615E-25  1.117E-17
2.582E+00  1.598E-25  1.095E-17
2.559E+00  1.581E-25  1.073E-17
2.535E+00  1.565E-25  1.052E-17
2.512E+00  1.549E-25  1.032E-17
2.489E+00  1.533E-25  1.012E-17
2.466E+00  1.517E-25  9.923E-18
2.443E+00  1.501E-25  9.729E-18
2.421E+00  1.485E-25  9.539E-18
2.399E+00  1.470E-25  9.353E-18
2.377E+00  1.455E-25  9.171E-18
2.355E+00  1.439E-25  8.992E-18
2.333E+00  1.424E-25  8.816E-18
2.312E+00  1.409E-25  8.642E-18
2.291E+00  1.394E-25  8.471E-18
2.270E+00  1.379E-25  8.302E-18
2.249E+00  1.364E-25  8.135E-18
2.228E+00  1.348E-25  7.969E-18
2.208E+00  1.333E-25  7.805E-18
2.188E+00  1.317E-25  7.641E-18
2.168E+00  1.300E-25  7.477E-18
2.148E+00  1.283E-25  7.312E-18
2.128E+00  1.266E-25  7.146E-18
2.109E+00  1.247E-25  6.977E-18
2.089E+00  1.228E-25  6.804E-18
2.070E+00  1.207E-25  6.626E-18
2.051E+00  1.184E-25  6.440E-18
2.032E+00  1.158E-25  6.245E-18
2.014E+00  1.130E-25  6.037E-18
1.995E+00  1.098E-25  5.814E-18
1.977E+00  1.063E-25  5.577E-18
1.959E+00  1.026E-25  5.331E-18
1.941E+00  9.899E-26  5.096E-18
1.923E+00  9.613E-26  4.904E-18
1.905E+00  9.473E-26  4.788E-18
1.888E+00  9.502E-26  4.759E-18
1.871E+00  9.650E-26  4.788E-18
1.854E+00  9.836E-26  4.836E-18
1.837E+00  1.000E-25  4.872E-18
1.820E+00  1.012E-25  4.885E-18
1.803E+00  1.019E-25  4.873E-18
1.786E+00  1.022E-25  4.843E-18
1.770E+00  1.022E-25  4.797E-18
1.754E+00  1.019E-25  4.742E-18
1.738E+00  1.015E-25  4.679E-18
1.722E+00  1.010E-25  4.611E-18
1.706E+00  1.003E-25  4.540E-18
1.690E+00  9.965E-26  4.468E-18
1.675E+00  9.893E-26  4.395E-18
1.660E+00  9.819E-26  4.323E-18
1.644E+00  9.745E-26  4.251E-18
1.629E+00  9.671E-26  4.180E-18
1.614E+00  9.599E-26  4.110E-18
1.600E+00  9.529E-26  4.043E-18
1.585E+00  9.464E-26  3.979E-18
1.570E+00  9.403E-26  3.917E-18
1.556E+00  9.349E-26  3.858E-18
1.542E+00  9.301E-26  3.804E-18
1.528E+00  9.263E-26  3.753E-18
1.514E+00  9.235E-26  3.708E-18
1.500E+00  9.218E-26  3.667E-18
1.486E+00  9.216E-26  3.633E-18
1.472E+00  9.230E-26  3.605E-18
1.459E+00  9.264E-26  3.585E-18
1.445E+00  9.321E-26  3.574E-18
1.432E+00  9.406E-26  3.573E-18
1.419E+00  9.523E-26  3.585E-18
1.406E+00  9.680E-26  3.610E-18
1.393E+00  9.884E-26  3.653E-18
1.380E+00  1.015E-25  3.715E-18
1.368E+00  1.047E-25  3.800E-18
1.355E+00  1.088E-25  3.912E-18
1.343E+00  1.138E-25  4.053E-18
1.330E+00  1.197E-25  4.224E-18
1.318E+00  1.264E-25  4.421E-18
1.306E+00  1.336E-25  4.629E-18
1.294E+00  1.403E-25  4.818E-18
1.282E+00  1.453E-25  4.941E-18
1.271E+00  1.467E-25  4.945E-18
1.259E+00  1.435E-25  4.791E-18
1.247E+00  1.356E-25  4.487E-18
1.236E+00  1.247E-25  4.087E-18
1.225E+00  1.127E-25  3.661E-18
1.213E+00  1.014E-25  3.263E-18
1.202E+00  9.159E-26  2.921E-18
1.191E+00  8.364E-26  2.643E-18
1.180E+00  7.748E-26  2.426E-18
1.169E+00  7.293E-26  2.262E-18
1.159E+00  6.981E-26  2.146E-18
1.148E+00  6.803E-26  2.072E-18
1.138E+00  6.758E-26  2.039E-18
1.127E+00  6.857E-26  2.050E-18
1.117E+00  7.132E-26  2.113E-18
1.107E+00  7.636E-26  2.241E-18
1.096E+00  8.459E-26  2.460E-18
1.086E+00  9.733E-26  2.805E-18
1.076E+00  1.159E-25  3.308E-18
1.067E+00  1.391E-25  3.935E-18
1.057E+00  1.577E-25  4.421E-18
1.047E+00  1.545E-25  4.292E-18
1.038E+00  1.282E-25  3.528E-18
1.028E+00  9.714E-26  2.649E-18
1.019E+00  7.305E-26  1.974E-18
1.009E+00  5.673E-26  1.519E-18
1.000E+00  4.592E-26  1.218E-18
