Dust emission from Draine & Li (2007): ApJ 657, 810-837
================================================================
        10 = grain model
 4.000E-08 4.000E-01 5.000E-06 = a_01 (cm) , sigma_1 , b_C1/0.92
 2.500E-07 4.000E-01 5.000E-06 = a_02 (cm) , sigma_2 , b_C2/0.92
 7.000E-01 1.000E+05 2.000E+00 = Umin , Umax, beta (dN/dU propto U^{-beta})
 8.309E+00 = <U> 
     mmp83 = radfield
 8.676E-24 = power/H (erg s-1)
 band   nu*P_nu(band) j_nu(band)
 (um)   (erg s-1 H-1)(Jy cm2 sr-1 H-1)
1.270E+00  2.433E-26  8.197E-19 COBE-DIRBE
2.220E+00  3.278E-26  1.930E-18 COBE-DIRBE
3.530E+00  1.740E-25  1.630E-17 COBE-DIRBE
4.880E+00  8.685E-26  1.124E-17 COBE-DIRBE
1.229E+01  1.196E-24  3.900E-16 COBE-DIRBE
2.079E+01  2.166E-24  1.195E-15 COBE-DIRBE
5.599E+01  3.664E-24  5.441E-15 COBE-DIRBE
9.770E+01  2.696E-24  6.988E-15 COBE-DIRBE
1.479E+02  1.677E-24  6.577E-15 COBE-DIRBE
2.479E+02  5.299E-25  3.484E-15 COBE-DIRBE
1.200E+01  1.170E-24  3.725E-16 IRAS
2.500E+01  2.500E-24  1.658E-15 IRAS
6.000E+01  3.584E-24  5.703E-15 IRAS
1.000E+02  2.639E-24  7.000E-15 IRAS
3.550E+00  2.011E-25  1.893E-17 SST-IRAC
4.493E+00  6.265E-26  7.467E-18 SST-IRAC
5.731E+00  5.073E-25  7.713E-17 SST-IRAC
7.872E+00  1.436E-24  2.999E-16 SST-IRAC
2.368E+01  2.381E-24  1.495E-15 SST-MIPS
7.142E+01  3.021E-24  5.723E-15 SST-MIPS
1.559E+02  1.446E-24  5.981E-15 SST-MIPS
1.600E+01  1.339E-24  5.684E-16 SST-IRSPU
2.200E+01  2.362E-24  1.379E-15 SST-IRSPU











lambda    nu*dP/dnu     j_nu
 (um)   (erg s-1 H-1)(Jy cm2 sr-1 H-1)
1.000E+04  2.070E-31  5.491E-20
9.908E+03  2.145E-31  5.639E-20
9.817E+03  2.223E-31  5.790E-20
9.727E+03  2.304E-31  5.946E-20
9.638E+03  2.388E-31  6.105E-20
9.550E+03  2.475E-31  6.269E-20
9.462E+03  2.565E-31  6.438E-20
9.376E+03  2.658E-31  6.611E-20
9.290E+03  2.755E-31  6.788E-20
9.204E+03  2.855E-31  6.970E-20
9.120E+03  2.959E-31  7.158E-20
9.036E+03  3.066E-31  7.350E-20
8.954E+03  3.177E-31  7.546E-20
8.872E+03  3.292E-31  7.747E-20
8.790E+03  3.411E-31  7.954E-20
8.710E+03  3.535E-31  8.166E-20
8.630E+03  3.663E-31  8.384E-20
8.551E+03  3.795E-31  8.608E-20
8.472E+03  3.933E-31  8.838E-20
8.395E+03  4.075E-31  9.075E-20
8.318E+03  4.223E-31  9.318E-20
8.241E+03  4.377E-31  9.568E-20
8.166E+03  4.536E-31  9.825E-20
8.091E+03  4.701E-31  1.009E-19
8.017E+03  4.872E-31  1.036E-19
7.943E+03  5.049E-31  1.064E-19
7.870E+03  5.233E-31  1.092E-19
7.798E+03  5.423E-31  1.122E-19
7.727E+03  5.621E-31  1.152E-19
7.656E+03  5.826E-31  1.183E-19
7.586E+03  6.039E-31  1.215E-19
7.516E+03  6.259E-31  1.248E-19
7.447E+03  6.488E-31  1.282E-19
7.379E+03  6.725E-31  1.316E-19
7.311E+03  6.971E-31  1.352E-19
7.244E+03  7.226E-31  1.389E-19
7.178E+03  7.491E-31  1.426E-19
7.112E+03  7.765E-31  1.465E-19
7.047E+03  8.050E-31  1.505E-19
6.982E+03  8.345E-31  1.546E-19
6.918E+03  8.651E-31  1.588E-19
6.855E+03  8.968E-31  1.631E-19
6.792E+03  9.296E-31  1.675E-19
6.730E+03  9.637E-31  1.720E-19
6.668E+03  9.991E-31  1.767E-19
6.607E+03  1.036E-30  1.815E-19
6.546E+03  1.074E-30  1.865E-19
6.486E+03  1.113E-30  1.916E-19
6.427E+03  1.154E-30  1.968E-19
6.368E+03  1.197E-30  2.022E-19
6.310E+03  1.241E-30  2.077E-19
6.252E+03  1.287E-30  2.134E-19
6.194E+03  1.334E-30  2.192E-19
6.138E+03  1.383E-30  2.252E-19
6.081E+03  1.434E-30  2.314E-19
6.026E+03  1.487E-30  2.377E-19
5.970E+03  1.542E-30  2.443E-19
5.916E+03  1.599E-30  2.510E-19
5.861E+03  1.659E-30  2.579E-19
5.808E+03  1.720E-30  2.650E-19
5.754E+03  1.784E-30  2.723E-19
5.702E+03  1.850E-30  2.798E-19
5.649E+03  1.919E-30  2.875E-19
5.598E+03  1.990E-30  2.954E-19
5.546E+03  2.064E-30  3.036E-19
5.495E+03  2.140E-30  3.120E-19
5.445E+03  2.220E-30  3.206E-19
5.395E+03  2.302E-30  3.295E-19
5.346E+03  2.388E-30  3.386E-19
5.297E+03  2.477E-30  3.480E-19
5.248E+03  2.569E-30  3.577E-19
5.200E+03  2.665E-30  3.676E-19
5.152E+03  2.764E-30  3.778E-19
5.105E+03  2.867E-30  3.883E-19
5.058E+03  2.974E-30  3.991E-19
5.012E+03  3.085E-30  4.102E-19
4.966E+03  3.201E-30  4.216E-19
4.920E+03  3.320E-30  4.333E-19
4.875E+03  3.444E-30  4.454E-19
4.831E+03  3.573E-30  4.578E-19
4.786E+03  3.707E-30  4.706E-19
4.742E+03  3.845E-30  4.837E-19
4.699E+03  3.989E-30  4.972E-19
4.656E+03  4.139E-30  5.111E-19
4.613E+03  4.294E-30  5.254E-19
4.571E+03  4.455E-30  5.402E-19
4.529E+03  4.622E-30  5.553E-19
4.487E+03  4.796E-30  5.709E-19
4.446E+03  4.976E-30  5.869E-19
4.406E+03  5.163E-30  6.034E-19
4.365E+03  5.357E-30  6.203E-19
4.325E+03  5.559E-30  6.378E-19
4.285E+03  5.769E-30  6.557E-19
4.246E+03  5.986E-30  6.742E-19
4.207E+03  6.212E-30  6.932E-19
4.169E+03  6.446E-30  7.128E-19
4.130E+03  6.689E-30  7.329E-19
4.093E+03  6.942E-30  7.536E-19
4.055E+03  7.204E-30  7.749E-19
4.018E+03  7.476E-30  7.968E-19
3.981E+03  7.759E-30  8.193E-19
3.945E+03  8.052E-30  8.425E-19
3.908E+03  8.356E-30  8.663E-19
3.873E+03  8.672E-30  8.908E-19
3.837E+03  9.000E-30  9.161E-19
3.802E+03  9.341E-30  9.420E-19
3.767E+03  9.695E-30  9.688E-19
3.733E+03  1.006E-29  9.963E-19
3.698E+03  1.044E-29  1.025E-18
3.664E+03  1.084E-29  1.054E-18
3.631E+03  1.125E-29  1.084E-18
3.597E+03  1.168E-29  1.115E-18
3.565E+03  1.212E-29  1.146E-18
3.532E+03  1.259E-29  1.179E-18
3.499E+03  1.307E-29  1.213E-18
3.467E+03  1.356E-29  1.248E-18
3.436E+03  1.408E-29  1.283E-18
3.404E+03  1.462E-29  1.320E-18
3.373E+03  1.518E-29  1.358E-18
3.342E+03  1.576E-29  1.397E-18
3.311E+03  1.636E-29  1.437E-18
3.281E+03  1.698E-29  1.478E-18
3.251E+03  1.763E-29  1.521E-18
3.221E+03  1.831E-29  1.564E-18
3.192E+03  1.901E-29  1.609E-18
3.162E+03  1.974E-29  1.656E-18
3.133E+03  2.050E-29  1.703E-18
3.105E+03  2.128E-29  1.753E-18
3.076E+03  2.210E-29  1.803E-18
3.048E+03  2.295E-29  1.855E-18
3.020E+03  2.383E-29  1.909E-18
2.992E+03  2.474E-29  1.964E-18
2.965E+03  2.569E-29  2.021E-18
2.938E+03  2.668E-29  2.079E-18
2.911E+03  2.770E-29  2.139E-18
2.884E+03  2.876E-29  2.201E-18
2.858E+03  2.987E-29  2.264E-18
2.831E+03  3.102E-29  2.330E-18
2.805E+03  3.221E-29  2.397E-18
2.780E+03  3.345E-29  2.466E-18
2.754E+03  3.474E-29  2.538E-18
2.729E+03  3.608E-29  2.612E-18
2.704E+03  3.747E-29  2.687E-18
2.679E+03  3.891E-29  2.765E-18
2.655E+03  4.042E-29  2.846E-18
2.630E+03  4.198E-29  2.929E-18
2.606E+03  4.360E-29  3.014E-18
2.582E+03  4.528E-29  3.102E-18
2.559E+03  4.703E-29  3.192E-18
2.535E+03  4.885E-29  3.285E-18
2.512E+03  5.075E-29  3.381E-18
2.489E+03  5.271E-29  3.480E-18
2.466E+03  5.475E-29  3.582E-18
2.443E+03  5.688E-29  3.686E-18
2.421E+03  5.908E-29  3.794E-18
2.399E+03  6.137E-29  3.905E-18
2.377E+03  6.376E-29  4.020E-18
2.355E+03  6.623E-29  4.138E-18
2.333E+03  6.881E-29  4.259E-18
2.312E+03  7.148E-29  4.384E-18
2.291E+03  7.426E-29  4.513E-18
2.270E+03  7.715E-29  4.645E-18
2.249E+03  8.015E-29  4.782E-18
2.228E+03  8.327E-29  4.922E-18
2.208E+03  8.651E-29  5.067E-18
2.188E+03  8.988E-29  5.216E-18
2.168E+03  9.338E-29  5.370E-18
2.148E+03  9.702E-29  5.528E-18
2.128E+03  1.008E-28  5.691E-18
2.109E+03  1.047E-28  5.858E-18
2.089E+03  1.088E-28  6.031E-18
2.070E+03  1.131E-28  6.209E-18
2.051E+03  1.175E-28  6.392E-18
2.032E+03  1.221E-28  6.581E-18
2.014E+03  1.268E-28  6.775E-18
1.995E+03  1.318E-28  6.975E-18
1.977E+03  1.369E-28  7.181E-18
1.959E+03  1.423E-28  7.393E-18
1.941E+03  1.478E-28  7.611E-18
1.923E+03  1.536E-28  7.836E-18
1.905E+03  1.596E-28  8.067E-18
1.888E+03  1.659E-28  8.306E-18
1.871E+03  1.723E-28  8.552E-18
1.854E+03  1.791E-28  8.804E-18
1.837E+03  1.861E-28  9.065E-18
1.820E+03  1.934E-28  9.333E-18
1.803E+03  2.009E-28  9.609E-18
1.786E+03  2.088E-28  9.894E-18
1.770E+03  2.170E-28  1.019E-17
1.754E+03  2.255E-28  1.049E-17
1.738E+03  2.343E-28  1.080E-17
1.722E+03  2.434E-28  1.112E-17
1.706E+03  2.530E-28  1.145E-17
1.690E+03  2.629E-28  1.179E-17
1.675E+03  2.732E-28  1.214E-17
1.660E+03  2.839E-28  1.250E-17
1.644E+03  2.950E-28  1.287E-17
1.629E+03  3.066E-28  1.325E-17
1.614E+03  3.186E-28  1.364E-17
1.600E+03  3.310E-28  1.405E-17
1.585E+03  3.440E-28  1.446E-17
1.570E+03  3.575E-28  1.489E-17
1.556E+03  3.715E-28  1.533E-17
1.542E+03  3.860E-28  1.579E-17
1.528E+03  4.011E-28  1.625E-17
1.514E+03  4.168E-28  1.673E-17
1.500E+03  4.331E-28  1.723E-17
1.486E+03  4.501E-28  1.774E-17
1.472E+03  4.677E-28  1.827E-17
1.459E+03  4.861E-28  1.881E-17
1.445E+03  5.051E-28  1.937E-17
1.432E+03  5.249E-28  1.994E-17
1.419E+03  5.454E-28  2.053E-17
1.406E+03  5.668E-28  2.114E-17
1.393E+03  5.890E-28  2.177E-17
1.380E+03  6.121E-28  2.241E-17
1.368E+03  6.360E-28  2.307E-17
1.355E+03  6.609E-28  2.376E-17
1.343E+03  6.868E-28  2.446E-17
1.330E+03  7.136E-28  2.518E-17
1.318E+03  7.415E-28  2.593E-17
1.306E+03  7.705E-28  2.670E-17
1.294E+03  8.006E-28  2.749E-17
1.282E+03  8.319E-28  2.830E-17
1.271E+03  8.644E-28  2.913E-17
1.259E+03  8.982E-28  2.999E-17
1.247E+03  9.332E-28  3.088E-17
1.236E+03  9.697E-28  3.179E-17
1.225E+03  1.007E-27  3.273E-17
1.213E+03  1.047E-27  3.369E-17
1.202E+03  1.088E-27  3.468E-17
1.191E+03  1.130E-27  3.570E-17
1.180E+03  1.174E-27  3.675E-17
1.169E+03  1.220E-27  3.784E-17
1.159E+03  1.267E-27  3.895E-17
1.148E+03  1.316E-27  4.009E-17
1.138E+03  1.368E-27  4.127E-17
1.127E+03  1.421E-27  4.248E-17
1.117E+03  1.476E-27  4.372E-17
1.107E+03  1.533E-27  4.500E-17
1.096E+03  1.593E-27  4.632E-17
1.086E+03  1.654E-27  4.767E-17
1.076E+03  1.718E-27  4.907E-17
1.067E+03  1.785E-27  5.050E-17
1.057E+03  1.854E-27  5.197E-17
1.047E+03  1.926E-27  5.348E-17
1.038E+03  2.000E-27  5.504E-17
1.028E+03  2.077E-27  5.664E-17
1.019E+03  2.157E-27  5.829E-17
1.009E+03  2.240E-27  5.998E-17
1.000E+03  2.327E-27  6.172E-17
9.908E+02  2.416E-27  6.351E-17
9.817E+02  2.510E-27  6.535E-17
9.727E+02  2.606E-27  6.725E-17
9.638E+02  2.706E-27  6.919E-17
9.550E+02  2.810E-27  7.120E-17
9.462E+02  2.918E-27  7.325E-17
9.376E+02  3.030E-27  7.537E-17
9.290E+02  3.147E-27  7.754E-17
9.204E+02  3.267E-27  7.977E-17
9.120E+02  3.392E-27  8.207E-17
9.036E+02  3.522E-27  8.443E-17
8.954E+02  3.657E-27  8.685E-17
8.872E+02  3.796E-27  8.933E-17
8.790E+02  3.941E-27  9.188E-17
8.710E+02  4.091E-27  9.451E-17
8.630E+02  4.246E-27  9.720E-17
8.551E+02  4.407E-27  9.996E-17
8.472E+02  4.574E-27  1.028E-16
8.395E+02  4.748E-27  1.057E-16
8.318E+02  4.927E-27  1.087E-16
8.241E+02  5.113E-27  1.118E-16
8.166E+02  5.306E-27  1.149E-16
8.091E+02  5.506E-27  1.182E-16
8.017E+02  5.713E-27  1.215E-16
7.943E+02  5.928E-27  1.249E-16
7.870E+02  6.150E-27  1.284E-16
7.798E+02  6.381E-27  1.320E-16
7.727E+02  6.619E-27  1.357E-16
7.656E+02  6.867E-27  1.395E-16
7.586E+02  7.124E-27  1.433E-16
7.516E+02  7.389E-27  1.473E-16
7.447E+02  7.665E-27  1.514E-16
7.379E+02  7.951E-27  1.556E-16
7.311E+02  8.248E-27  1.600E-16
7.244E+02  8.556E-27  1.644E-16
7.178E+02  8.875E-27  1.690E-16
7.112E+02  9.205E-27  1.737E-16
7.047E+02  9.548E-27  1.785E-16
6.982E+02  9.904E-27  1.834E-16
6.918E+02  1.027E-26  1.885E-16
6.855E+02  1.065E-26  1.937E-16
6.792E+02  1.105E-26  1.991E-16
6.730E+02  1.146E-26  2.045E-16
6.668E+02  1.188E-26  2.101E-16
6.607E+02  1.232E-26  2.159E-16
6.546E+02  1.277E-26  2.218E-16
6.486E+02  1.325E-26  2.280E-16
6.427E+02  1.374E-26  2.342E-16
6.368E+02  1.425E-26  2.407E-16
6.310E+02  1.478E-26  2.473E-16
6.252E+02  1.532E-26  2.541E-16
6.194E+02  1.589E-26  2.611E-16
6.138E+02  1.648E-26  2.683E-16
6.081E+02  1.709E-26  2.756E-16
6.026E+02  1.772E-26  2.832E-16
5.970E+02  1.837E-26  2.910E-16
5.916E+02  1.905E-26  2.989E-16
5.861E+02  1.975E-26  3.071E-16
5.808E+02  2.048E-26  3.155E-16
5.754E+02  2.123E-26  3.241E-16
5.702E+02  2.202E-26  3.330E-16
5.649E+02  2.283E-26  3.421E-16
5.598E+02  2.367E-26  3.514E-16
5.546E+02  2.453E-26  3.610E-16
5.495E+02  2.544E-26  3.708E-16
5.445E+02  2.637E-26  3.809E-16
5.395E+02  2.734E-26  3.912E-16
5.346E+02  2.834E-26  4.018E-16
5.297E+02  2.938E-26  4.127E-16
5.248E+02  3.045E-26  4.239E-16
5.200E+02  3.156E-26  4.354E-16
5.152E+02  3.272E-26  4.472E-16
5.105E+02  3.391E-26  4.592E-16
5.058E+02  3.515E-26  4.716E-16
5.012E+02  3.643E-26  4.843E-16
4.966E+02  3.776E-26  4.974E-16
4.920E+02  3.913E-26  5.107E-16
4.875E+02  4.055E-26  5.244E-16
4.831E+02  4.202E-26  5.385E-16
4.786E+02  4.355E-26  5.529E-16
4.742E+02  4.513E-26  5.677E-16
4.699E+02  4.676E-26  5.828E-16
4.656E+02  4.845E-26  5.983E-16
4.613E+02  5.020E-26  6.142E-16
4.571E+02  5.201E-26  6.306E-16
4.529E+02  5.388E-26  6.473E-16
4.487E+02  5.582E-26  6.644E-16
4.446E+02  5.782E-26  6.820E-16
4.406E+02  5.990E-26  7.000E-16
4.365E+02  6.204E-26  7.184E-16
4.325E+02  6.426E-26  7.372E-16
4.285E+02  6.656E-26  7.566E-16
4.246E+02  6.893E-26  7.764E-16
4.207E+02  7.139E-26  7.967E-16
4.169E+02  7.393E-26  8.175E-16
4.130E+02  7.655E-26  8.387E-16
4.093E+02  7.927E-26  8.606E-16
4.055E+02  8.208E-26  8.829E-16
4.018E+02  8.499E-26  9.058E-16
3.981E+02  8.799E-26  9.292E-16
3.945E+02  9.110E-26  9.532E-16
3.908E+02  9.431E-26  9.777E-16
3.873E+02  9.763E-26  1.003E-15
3.837E+02  1.011E-25  1.029E-15
3.802E+02  1.046E-25  1.055E-15
3.767E+02  1.083E-25  1.082E-15
3.733E+02  1.121E-25  1.109E-15
3.698E+02  1.160E-25  1.138E-15
3.664E+02  1.200E-25  1.166E-15
3.631E+02  1.242E-25  1.196E-15
3.597E+02  1.285E-25  1.226E-15
3.565E+02  1.329E-25  1.257E-15
3.532E+02  1.375E-25  1.288E-15
3.499E+02  1.423E-25  1.321E-15
3.467E+02  1.472E-25  1.353E-15
3.436E+02  1.522E-25  1.387E-15
3.404E+02  1.574E-25  1.421E-15
3.373E+02  1.628E-25  1.457E-15
3.342E+02  1.684E-25  1.492E-15
3.311E+02  1.741E-25  1.529E-15
3.281E+02  1.800E-25  1.566E-15
3.251E+02  1.861E-25  1.605E-15
3.221E+02  1.923E-25  1.643E-15
3.192E+02  1.988E-25  1.683E-15
3.162E+02  2.055E-25  1.724E-15
3.133E+02  2.124E-25  1.765E-15
3.105E+02  2.195E-25  1.807E-15
3.076E+02  2.268E-25  1.850E-15
3.048E+02  2.343E-25  1.894E-15
3.020E+02  2.421E-25  1.939E-15
2.992E+02  2.500E-25  1.985E-15
2.965E+02  2.583E-25  2.031E-15
2.938E+02  2.667E-25  2.078E-15
2.911E+02  2.754E-25  2.127E-15
2.884E+02  2.844E-25  2.176E-15
2.858E+02  2.936E-25  2.226E-15
2.831E+02  3.032E-25  2.277E-15
2.805E+02  3.129E-25  2.329E-15
2.780E+02  3.230E-25  2.381E-15
2.754E+02  3.333E-25  2.435E-15
2.729E+02  3.440E-25  2.490E-15
2.704E+02  3.550E-25  2.546E-15
2.679E+02  3.663E-25  2.603E-15
2.655E+02  3.779E-25  2.661E-15
2.630E+02  3.899E-25  2.720E-15
2.606E+02  4.022E-25  2.780E-15
2.582E+02  4.148E-25  2.841E-15
2.559E+02  4.277E-25  2.903E-15
2.535E+02  4.409E-25  2.965E-15
2.512E+02  4.543E-25  3.027E-15
2.489E+02  4.678E-25  3.088E-15
2.466E+02  4.813E-25  3.148E-15
2.443E+02  4.950E-25  3.208E-15
2.421E+02  5.088E-25  3.268E-15
2.399E+02  5.229E-25  3.327E-15
2.377E+02  5.370E-25  3.385E-15
2.355E+02  5.513E-25  3.444E-15
2.333E+02  5.659E-25  3.503E-15
2.312E+02  5.808E-25  3.562E-15
2.291E+02  5.959E-25  3.621E-15
2.270E+02  6.114E-25  3.681E-15
2.249E+02  6.271E-25  3.741E-15
2.228E+02  6.432E-25  3.802E-15
2.208E+02  6.595E-25  3.863E-15
2.188E+02  6.762E-25  3.924E-15
2.168E+02  6.931E-25  3.986E-15
2.148E+02  7.104E-25  4.047E-15
2.128E+02  7.279E-25  4.109E-15
2.109E+02  7.457E-25  4.171E-15
2.089E+02  7.638E-25  4.233E-15
2.070E+02  7.821E-25  4.295E-15
2.051E+02  8.007E-25  4.357E-15
2.032E+02  8.197E-25  4.419E-15
2.014E+02  8.389E-25  4.481E-15
1.995E+02  8.585E-25  4.544E-15
1.977E+02  8.783E-25  4.606E-15
1.959E+02  8.983E-25  4.668E-15
1.941E+02  9.186E-25  4.730E-15
1.923E+02  9.393E-25  4.791E-15
1.905E+02  9.602E-25  4.853E-15
1.888E+02  9.814E-25  4.915E-15
1.871E+02  1.003E-24  4.976E-15
1.854E+02  1.025E-24  5.037E-15
1.837E+02  1.047E-24  5.099E-15
1.820E+02  1.069E-24  5.159E-15
1.803E+02  1.091E-24  5.220E-15
1.786E+02  1.114E-24  5.280E-15
1.770E+02  1.137E-24  5.340E-15
1.754E+02  1.161E-24  5.400E-15
1.738E+02  1.184E-24  5.460E-15
1.722E+02  1.208E-24  5.519E-15
1.706E+02  1.233E-24  5.578E-15
1.690E+02  1.257E-24  5.636E-15
1.675E+02  1.282E-24  5.695E-15
1.660E+02  1.307E-24  5.753E-15
1.644E+02  1.332E-24  5.812E-15
1.629E+02  1.358E-24  5.870E-15
1.614E+02  1.384E-24  5.928E-15
1.600E+02  1.411E-24  5.986E-15
1.585E+02  1.438E-24  6.044E-15
1.570E+02  1.465E-24  6.102E-15
1.556E+02  1.493E-24  6.161E-15
1.542E+02  1.521E-24  6.220E-15
1.528E+02  1.550E-24  6.279E-15
1.514E+02  1.579E-24  6.340E-15
1.500E+02  1.609E-24  6.401E-15
1.486E+02  1.640E-24  6.463E-15
1.472E+02  1.671E-24  6.525E-15
1.459E+02  1.702E-24  6.588E-15
1.445E+02  1.734E-24  6.649E-15
1.432E+02  1.766E-24  6.709E-15
1.419E+02  1.797E-24  6.764E-15
1.406E+02  1.827E-24  6.813E-15
1.393E+02  1.854E-24  6.853E-15
1.380E+02  1.880E-24  6.883E-15
1.368E+02  1.903E-24  6.905E-15
1.355E+02  1.925E-24  6.918E-15
1.343E+02  1.945E-24  6.927E-15
1.330E+02  1.964E-24  6.932E-15
1.318E+02  1.984E-24  6.937E-15
1.306E+02  2.003E-24  6.941E-15
1.294E+02  2.023E-24  6.945E-15
1.282E+02  2.043E-24  6.950E-15
1.271E+02  2.064E-24  6.956E-15
1.259E+02  2.085E-24  6.962E-15
1.247E+02  2.106E-24  6.969E-15
1.236E+02  2.128E-24  6.976E-15
1.225E+02  2.150E-24  6.983E-15
1.213E+02  2.172E-24  6.990E-15
1.202E+02  2.194E-24  6.998E-15
1.191E+02  2.217E-24  7.005E-15
1.180E+02  2.239E-24  7.011E-15
1.169E+02  2.262E-24  7.016E-15
1.159E+02  2.284E-24  7.021E-15
1.148E+02  2.307E-24  7.025E-15
1.138E+02  2.329E-24  7.029E-15
1.127E+02  2.352E-24  7.031E-15
1.117E+02  2.374E-24  7.034E-15
1.107E+02  2.397E-24  7.037E-15
1.096E+02  2.420E-24  7.039E-15
1.086E+02  2.443E-24  7.040E-15
1.076E+02  2.465E-24  7.040E-15
1.067E+02  2.488E-24  7.039E-15
1.057E+02  2.511E-24  7.038E-15
1.047E+02  2.533E-24  7.036E-15
1.038E+02  2.556E-24  7.033E-15
1.028E+02  2.578E-24  7.029E-15
1.019E+02  2.599E-24  7.023E-15
1.009E+02  2.621E-24  7.017E-15
1.000E+02  2.643E-24  7.010E-15
9.908E+01  2.664E-24  7.001E-15
9.817E+01  2.685E-24  6.992E-15
9.727E+01  2.706E-24  6.981E-15
9.638E+01  2.726E-24  6.970E-15
9.550E+01  2.747E-24  6.958E-15
9.462E+01  2.767E-24  6.945E-15
9.376E+01  2.787E-24  6.932E-15
9.290E+01  2.807E-24  6.917E-15
9.204E+01  2.827E-24  6.902E-15
9.120E+01  2.846E-24  6.885E-15
9.036E+01  2.865E-24  6.868E-15
8.954E+01  2.884E-24  6.850E-15
8.872E+01  2.903E-24  6.832E-15
8.790E+01  2.922E-24  6.813E-15
8.710E+01  2.940E-24  6.793E-15
8.630E+01  2.959E-24  6.774E-15
8.551E+01  2.977E-24  6.753E-15
8.472E+01  2.995E-24  6.731E-15
8.395E+01  3.013E-24  6.708E-15
8.318E+01  3.030E-24  6.686E-15
8.241E+01  3.047E-24  6.662E-15
8.166E+01  3.065E-24  6.639E-15
8.091E+01  3.082E-24  6.615E-15
8.017E+01  3.099E-24  6.590E-15
7.943E+01  3.116E-24  6.565E-15
7.870E+01  3.132E-24  6.539E-15
7.798E+01  3.148E-24  6.512E-15
7.727E+01  3.164E-24  6.485E-15
7.656E+01  3.180E-24  6.458E-15
7.586E+01  3.196E-24  6.431E-15
7.516E+01  3.212E-24  6.403E-15
7.447E+01  3.227E-24  6.375E-15
7.379E+01  3.241E-24  6.345E-15
7.311E+01  3.256E-24  6.315E-15
7.244E+01  3.270E-24  6.285E-15
7.178E+01  3.285E-24  6.254E-15
7.112E+01  3.299E-24  6.223E-15
7.047E+01  3.313E-24  6.193E-15
6.982E+01  3.328E-24  6.163E-15
6.918E+01  3.342E-24  6.133E-15
6.855E+01  3.356E-24  6.102E-15
6.792E+01  3.369E-24  6.070E-15
6.730E+01  3.383E-24  6.038E-15
6.668E+01  3.396E-24  6.007E-15
6.607E+01  3.410E-24  5.976E-15
6.546E+01  3.423E-24  5.944E-15
6.486E+01  3.436E-24  5.912E-15
6.427E+01  3.449E-24  5.880E-15
6.368E+01  3.462E-24  5.848E-15
6.310E+01  3.475E-24  5.816E-15
6.252E+01  3.488E-24  5.784E-15
6.194E+01  3.501E-24  5.753E-15
6.138E+01  3.514E-24  5.721E-15
6.081E+01  3.527E-24  5.690E-15
6.026E+01  3.540E-24  5.658E-15
5.970E+01  3.553E-24  5.626E-15
5.916E+01  3.565E-24  5.595E-15
5.861E+01  3.578E-24  5.563E-15
5.808E+01  3.590E-24  5.531E-15
5.754E+01  3.603E-24  5.499E-15
5.702E+01  3.615E-24  5.468E-15
5.649E+01  3.628E-24  5.436E-15
5.598E+01  3.640E-24  5.405E-15
5.546E+01  3.653E-24  5.375E-15
5.495E+01  3.666E-24  5.344E-15
5.445E+01  3.679E-24  5.314E-15
5.395E+01  3.693E-24  5.284E-15
5.346E+01  3.706E-24  5.255E-15
5.297E+01  3.719E-24  5.225E-15
5.248E+01  3.732E-24  5.196E-15
5.200E+01  3.746E-24  5.167E-15
5.152E+01  3.759E-24  5.138E-15
5.105E+01  3.773E-24  5.109E-15
5.058E+01  3.786E-24  5.080E-15
5.012E+01  3.800E-24  5.052E-15
4.966E+01  3.813E-24  5.023E-15
4.920E+01  3.827E-24  4.995E-15
4.875E+01  3.841E-24  4.967E-15
4.831E+01  3.855E-24  4.940E-15
4.786E+01  3.869E-24  4.913E-15
4.742E+01  3.884E-24  4.886E-15
4.699E+01  3.899E-24  4.859E-15
4.656E+01  3.913E-24  4.833E-15
4.613E+01  3.928E-24  4.807E-15
4.571E+01  3.943E-24  4.781E-15
4.529E+01  3.959E-24  4.756E-15
4.487E+01  3.974E-24  4.731E-15
4.446E+01  3.990E-24  4.706E-15
4.406E+01  4.006E-24  4.681E-15
4.365E+01  4.022E-24  4.657E-15
4.325E+01  4.038E-24  4.632E-15
4.285E+01  4.053E-24  4.608E-15
4.246E+01  4.069E-24  4.583E-15
4.207E+01  4.084E-24  4.558E-15
4.169E+01  4.099E-24  4.533E-15
4.130E+01  4.114E-24  4.508E-15
4.093E+01  4.129E-24  4.482E-15
4.055E+01  4.142E-24  4.456E-15
4.018E+01  4.155E-24  4.429E-15
3.981E+01  4.168E-24  4.401E-15
3.945E+01  4.180E-24  4.373E-15
3.908E+01  4.190E-24  4.344E-15
3.873E+01  4.200E-24  4.315E-15
3.837E+01  4.209E-24  4.284E-15
3.802E+01  4.216E-24  4.252E-15
3.767E+01  4.222E-24  4.218E-15
3.733E+01  4.225E-24  4.183E-15
3.698E+01  4.226E-24  4.145E-15
3.664E+01  4.225E-24  4.107E-15
3.631E+01  4.223E-24  4.067E-15
3.597E+01  4.218E-24  4.025E-15
3.565E+01  4.211E-24  3.982E-15
3.532E+01  4.202E-24  3.937E-15
3.499E+01  4.191E-24  3.890E-15
3.467E+01  4.176E-24  3.841E-15
3.436E+01  4.160E-24  3.791E-15
3.404E+01  4.140E-24  3.739E-15
3.373E+01  4.118E-24  3.684E-15
3.342E+01  4.093E-24  3.629E-15
3.311E+01  4.067E-24  3.572E-15
3.281E+01  4.037E-24  3.514E-15
3.251E+01  4.005E-24  3.453E-15
3.221E+01  3.970E-24  3.392E-15
3.192E+01  3.933E-24  3.329E-15
3.162E+01  3.893E-24  3.265E-15
3.133E+01  3.851E-24  3.201E-15
3.105E+01  3.807E-24  3.135E-15
3.076E+01  3.761E-24  3.069E-15
3.048E+01  3.714E-24  3.003E-15
3.020E+01  3.666E-24  2.937E-15
2.992E+01  3.616E-24  2.870E-15
2.965E+01  3.565E-24  2.803E-15
2.938E+01  3.513E-24  2.737E-15
2.911E+01  3.460E-24  2.672E-15
2.884E+01  3.408E-24  2.607E-15
2.858E+01  3.355E-24  2.543E-15
2.831E+01  3.303E-24  2.481E-15
2.805E+01  3.251E-24  2.419E-15
2.780E+01  3.199E-24  2.359E-15
2.754E+01  3.148E-24  2.300E-15
2.729E+01  3.098E-24  2.243E-15
2.704E+01  3.049E-24  2.187E-15
2.679E+01  3.001E-24  2.133E-15
2.655E+01  2.953E-24  2.080E-15
2.630E+01  2.907E-24  2.028E-15
2.606E+01  2.862E-24  1.979E-15
2.582E+01  2.818E-24  1.930E-15
2.559E+01  2.775E-24  1.884E-15
2.535E+01  2.734E-24  1.838E-15
2.512E+01  2.693E-24  1.795E-15
2.489E+01  2.654E-24  1.752E-15
2.466E+01  2.615E-24  1.711E-15
2.443E+01  2.577E-24  1.670E-15
2.421E+01  2.540E-24  1.631E-15
2.399E+01  2.503E-24  1.593E-15
2.377E+01  2.468E-24  1.556E-15
2.355E+01  2.435E-24  1.521E-15
2.333E+01  2.402E-24  1.487E-15
2.312E+01  2.368E-24  1.452E-15
2.291E+01  2.336E-24  1.420E-15
2.270E+01  2.307E-24  1.389E-15
2.249E+01  2.281E-24  1.361E-15
2.228E+01  2.256E-24  1.333E-15
2.208E+01  2.231E-24  1.306E-15
2.188E+01  2.204E-24  1.279E-15
2.168E+01  2.177E-24  1.252E-15
2.148E+01  2.150E-24  1.225E-15
2.128E+01  2.126E-24  1.200E-15
2.109E+01  2.104E-24  1.177E-15
2.089E+01  2.081E-24  1.154E-15
2.070E+01  2.059E-24  1.131E-15
2.051E+01  2.036E-24  1.108E-15
2.032E+01  2.015E-24  1.086E-15
2.014E+01  1.999E-24  1.068E-15
1.995E+01  1.984E-24  1.050E-15
1.977E+01  1.967E-24  1.032E-15
1.959E+01  1.950E-24  1.013E-15
1.941E+01  1.931E-24  9.942E-16
1.923E+01  1.911E-24  9.749E-16
1.905E+01  1.891E-24  9.556E-16
1.888E+01  1.870E-24  9.365E-16
1.871E+01  1.850E-24  9.178E-16
1.854E+01  1.831E-24  9.004E-16
1.837E+01  1.817E-24  8.853E-16
1.820E+01  1.814E-24  8.755E-16
1.803E+01  1.842E-24  8.808E-16
1.786E+01  1.910E-24  9.050E-16
1.770E+01  1.874E-24  8.800E-16
1.754E+01  1.938E-24  9.017E-16
1.738E+01  2.181E-24  1.005E-15
1.722E+01  2.035E-24  9.295E-16
1.706E+01  1.990E-24  9.005E-16
1.690E+01  1.917E-24  8.594E-16
1.675E+01  1.822E-24  8.095E-16
1.660E+01  1.827E-24  8.041E-16
1.644E+01  2.061E-24  8.991E-16
1.629E+01  1.619E-24  6.996E-16
1.614E+01  1.452E-24  6.217E-16
1.600E+01  1.458E-24  6.187E-16
1.585E+01  1.430E-24  6.012E-16
1.570E+01  1.255E-24  5.226E-16
1.556E+01  1.160E-24  4.786E-16
1.542E+01  1.103E-24  4.510E-16
1.528E+01  1.061E-24  4.300E-16
1.514E+01  1.027E-24  4.125E-16
1.500E+01  9.991E-25  3.974E-16
1.486E+01  9.750E-25  3.843E-16
1.472E+01  9.558E-25  3.733E-16
1.459E+01  9.438E-25  3.652E-16
1.445E+01  9.464E-25  3.629E-16
1.432E+01  9.790E-25  3.719E-16
1.419E+01  1.018E-24  3.830E-16
1.406E+01  9.608E-25  3.584E-16
1.393E+01  9.173E-25  3.390E-16
1.380E+01  9.215E-25  3.374E-16
1.368E+01  9.877E-25  3.583E-16
1.355E+01  1.013E-24  3.640E-16
1.343E+01  9.469E-25  3.373E-16
1.330E+01  9.446E-25  3.334E-16
1.318E+01  9.853E-25  3.446E-16
1.306E+01  1.069E-24  3.703E-16
1.294E+01  1.215E-24  4.172E-16
1.282E+01  1.452E-24  4.938E-16
1.271E+01  1.745E-24  5.881E-16
1.259E+01  1.868E-24  6.238E-16
1.247E+01  1.693E-24  5.600E-16
1.236E+01  1.479E-24  4.848E-16
1.225E+01  1.387E-24  4.506E-16
1.213E+01  1.407E-24  4.529E-16
1.202E+01  1.447E-24  4.616E-16
1.191E+01  1.400E-24  4.424E-16
1.180E+01  1.302E-24  4.077E-16
1.169E+01  1.269E-24  3.938E-16
1.159E+01  1.387E-24  4.264E-16
1.148E+01  1.789E-24  5.448E-16
1.138E+01  2.626E-24  7.924E-16
1.127E+01  3.571E-24  1.068E-15
1.117E+01  2.493E-24  7.385E-16
1.107E+01  1.408E-24  4.132E-16
1.096E+01  1.022E-24  2.973E-16
1.086E+01  8.409E-25  2.423E-16
1.076E+01  7.426E-25  2.121E-16
1.067E+01  6.842E-25  1.936E-16
1.057E+01  6.474E-25  1.815E-16
1.047E+01  6.227E-25  1.730E-16
1.038E+01  6.050E-25  1.665E-16
1.028E+01  5.913E-25  1.612E-16
1.019E+01  5.805E-25  1.568E-16
1.009E+01  5.723E-25  1.532E-16
1.000E+01  5.669E-25  1.504E-16
9.908E+00  5.644E-25  1.483E-16
9.817E+00  5.646E-25  1.470E-16
9.727E+00  5.673E-25  1.464E-16
9.638E+00  5.723E-25  1.463E-16
9.550E+00  5.790E-25  1.467E-16
9.462E+00  5.871E-25  1.474E-16
9.376E+00  5.969E-25  1.485E-16
9.290E+00  6.096E-25  1.502E-16
9.204E+00  6.272E-25  1.531E-16
9.120E+00  6.535E-25  1.581E-16
9.036E+00  6.950E-25  1.666E-16
8.954E+00  7.629E-25  1.812E-16
8.872E+00  8.773E-25  2.064E-16
8.790E+00  1.072E-24  2.499E-16
8.710E+00  1.373E-24  3.172E-16
8.630E+00  1.651E-24  3.780E-16
8.551E+00  1.601E-24  3.631E-16
8.472E+00  1.388E-24  3.120E-16
8.395E+00  1.276E-24  2.841E-16
8.318E+00  1.260E-24  2.780E-16
8.241E+00  1.303E-24  2.848E-16
8.166E+00  1.425E-24  3.087E-16
8.091E+00  1.667E-24  3.577E-16
8.017E+00  2.056E-24  4.372E-16
7.943E+00  2.569E-24  5.413E-16
7.870E+00  3.029E-24  6.324E-16
7.798E+00  3.231E-24  6.683E-16
7.727E+00  3.336E-24  6.836E-16
7.656E+00  3.540E-24  7.189E-16
7.586E+00  3.471E-24  6.984E-16
7.516E+00  2.847E-24  5.677E-16
7.447E+00  2.144E-24  4.235E-16
7.379E+00  1.639E-24  3.209E-16
7.311E+00  1.305E-24  2.530E-16
7.244E+00  1.074E-24  2.063E-16
7.178E+00  9.068E-25  1.727E-16
7.112E+00  7.837E-25  1.478E-16
7.047E+00  6.942E-25  1.298E-16
6.982E+00  6.328E-25  1.172E-16
6.918E+00  5.962E-25  1.094E-16
6.855E+00  5.812E-25  1.057E-16
6.792E+00  5.814E-25  1.048E-16
6.730E+00  5.837E-25  1.042E-16
6.668E+00  5.734E-25  1.014E-16
6.607E+00  5.511E-25  9.658E-17
6.546E+00  5.361E-25  9.309E-17
6.486E+00  5.535E-25  9.524E-17
6.427E+00  6.341E-25  1.081E-16
6.368E+00  8.392E-25  1.418E-16
6.310E+00  1.308E-24  2.190E-16
6.252E+00  2.113E-24  3.505E-16
6.194E+00  2.143E-24  3.521E-16
6.138E+00  1.284E-24  2.091E-16
6.081E+00  7.527E-25  1.214E-16
6.026E+00  5.055E-25  8.080E-17
5.970E+00  3.875E-25  6.137E-17
5.916E+00  3.337E-25  5.237E-17
5.861E+00  3.221E-25  5.009E-17
5.808E+00  3.498E-25  5.389E-17
5.754E+00  4.118E-25  6.286E-17
5.702E+00  4.471E-25  6.763E-17
5.649E+00  3.811E-25  5.711E-17
5.598E+00  2.851E-25  4.233E-17
5.546E+00  2.187E-25  3.218E-17
5.495E+00  1.800E-25  2.624E-17
5.445E+00  1.590E-25  2.297E-17
5.395E+00  1.511E-25  2.162E-17
5.346E+00  1.577E-25  2.236E-17
5.297E+00  1.839E-25  2.584E-17
5.248E+00  2.029E-25  2.825E-17
5.200E+00  1.653E-25  2.280E-17
5.152E+00  1.264E-25  1.728E-17
5.105E+00  1.051E-25  1.423E-17
5.058E+00  9.311E-26  1.249E-17
5.012E+00  8.562E-26  1.138E-17
4.966E+00  8.040E-26  1.059E-17
4.920E+00  7.650E-26  9.985E-18
4.875E+00  7.342E-26  9.494E-18
4.831E+00  7.089E-26  9.084E-18
4.786E+00  6.876E-26  8.730E-18
4.742E+00  6.694E-26  8.420E-18
4.699E+00  6.535E-26  8.145E-18
4.656E+00  6.394E-26  7.897E-18
4.613E+00  6.269E-26  7.671E-18
4.571E+00  6.157E-26  7.465E-18
4.529E+00  6.055E-26  7.275E-18
4.487E+00  5.964E-26  7.099E-18
4.446E+00  5.880E-26  6.935E-18
4.406E+00  5.805E-26  6.783E-18
4.365E+00  5.736E-26  6.641E-18
4.325E+00  5.673E-26  6.508E-18
4.285E+00  5.615E-26  6.383E-18
4.246E+00  5.563E-26  6.266E-18
4.207E+00  5.516E-26  6.156E-18
4.169E+00  5.473E-26  6.052E-18
4.130E+00  5.435E-26  5.955E-18
4.093E+00  5.400E-26  5.862E-18
4.055E+00  5.370E-26  5.776E-18
4.018E+00  5.344E-26  5.696E-18
3.981E+00  5.323E-26  5.621E-18
3.945E+00  5.308E-26  5.554E-18
3.908E+00  5.298E-26  5.493E-18
3.873E+00  5.295E-26  5.439E-18
3.837E+00  5.300E-26  5.395E-18
3.802E+00  5.315E-26  5.360E-18
3.767E+00  5.342E-26  5.338E-18
3.733E+00  5.383E-26  5.330E-18
3.698E+00  5.443E-26  5.340E-18
3.664E+00  5.529E-26  5.375E-18
3.631E+00  5.650E-26  5.442E-18
3.597E+00  5.822E-26  5.555E-18
3.565E+00  6.067E-26  5.736E-18
3.532E+00  6.428E-26  6.022E-18
3.499E+00  6.980E-26  6.479E-18
3.467E+00  7.872E-26  7.240E-18
3.436E+00  9.435E-26  8.599E-18
3.404E+00  1.252E-25  1.131E-17
3.373E+00  1.989E-25  1.780E-17
3.342E+00  4.432E-25  3.929E-17
3.311E+00  1.655E-24  1.453E-16
3.281E+00  1.133E-24  9.857E-17
3.251E+00  3.292E-25  2.839E-17
3.221E+00  1.613E-25  1.378E-17
3.192E+00  1.057E-25  8.952E-18
3.162E+00  8.120E-26  6.811E-18
3.133E+00  6.827E-26  5.674E-18
3.105E+00  6.062E-26  4.992E-18
3.076E+00  5.570E-26  4.545E-18
3.048E+00  5.233E-26  4.231E-18
3.020E+00  4.989E-26  3.997E-18
2.992E+00  4.805E-26  3.814E-18
2.965E+00  4.662E-26  3.666E-18
2.938E+00  4.546E-26  3.542E-18
2.911E+00  4.450E-26  3.436E-18
2.884E+00  4.369E-26  3.342E-18
2.858E+00  4.299E-26  3.258E-18
2.831E+00  4.237E-26  3.182E-18
2.805E+00  4.181E-26  3.111E-18
2.780E+00  4.130E-26  3.045E-18
2.754E+00  4.083E-26  2.983E-18
2.729E+00  4.040E-26  2.924E-18
2.704E+00  3.999E-26  2.868E-18
2.679E+00  3.959E-26  2.814E-18
2.655E+00  3.922E-26  2.762E-18
2.630E+00  3.886E-26  2.711E-18
2.606E+00  3.851E-26  2.662E-18
2.582E+00  3.817E-26  2.614E-18
2.559E+00  3.783E-26  2.568E-18
2.535E+00  3.750E-26  2.522E-18
2.512E+00  3.718E-26  2.477E-18
2.489E+00  3.686E-26  2.433E-18
2.466E+00  3.654E-26  2.390E-18
2.443E+00  3.622E-26  2.347E-18
2.421E+00  3.590E-26  2.306E-18
2.399E+00  3.559E-26  2.264E-18
2.377E+00  3.528E-26  2.224E-18
2.355E+00  3.496E-26  2.184E-18
2.333E+00  3.465E-26  2.145E-18
2.312E+00  3.434E-26  2.106E-18
2.291E+00  3.403E-26  2.068E-18
2.270E+00  3.372E-26  2.030E-18
2.249E+00  3.340E-26  1.993E-18
2.228E+00  3.308E-26  1.955E-18
2.208E+00  3.275E-26  1.918E-18
2.188E+00  3.242E-26  1.881E-18
2.168E+00  3.208E-26  1.845E-18
2.148E+00  3.173E-26  1.808E-18
2.128E+00  3.136E-26  1.770E-18
2.109E+00  3.098E-26  1.733E-18
2.089E+00  3.057E-26  1.694E-18
2.070E+00  3.014E-26  1.655E-18
2.051E+00  2.966E-26  1.614E-18
2.032E+00  2.915E-26  1.571E-18
2.014E+00  2.857E-26  1.526E-18
1.995E+00  2.793E-26  1.478E-18
1.977E+00  2.722E-26  1.428E-18
1.959E+00  2.647E-26  1.375E-18
1.941E+00  2.574E-26  1.325E-18
1.923E+00  2.516E-26  1.283E-18
1.905E+00  2.485E-26  1.256E-18
1.888E+00  2.486E-26  1.245E-18
1.871E+00  2.510E-26  1.245E-18
1.854E+00  2.541E-26  1.249E-18
1.837E+00  2.568E-26  1.251E-18
1.820E+00  2.587E-26  1.248E-18
1.803E+00  2.596E-26  1.241E-18
1.786E+00  2.597E-26  1.231E-18
1.770E+00  2.592E-26  1.217E-18
1.754E+00  2.583E-26  1.201E-18
1.738E+00  2.570E-26  1.185E-18
1.722E+00  2.555E-26  1.167E-18
1.706E+00  2.538E-26  1.149E-18
1.690E+00  2.521E-26  1.130E-18
1.675E+00  2.502E-26  1.112E-18
1.660E+00  2.483E-26  1.093E-18
1.644E+00  2.464E-26  1.075E-18
1.629E+00  2.445E-26  1.057E-18
1.614E+00  2.427E-26  1.039E-18
1.600E+00  2.408E-26  1.022E-18
1.585E+00  2.391E-26  1.005E-18
1.570E+00  2.374E-26  9.888E-19
1.556E+00  2.358E-26  9.733E-19
1.542E+00  2.344E-26  9.586E-19
1.528E+00  2.331E-26  9.446E-19
1.514E+00  2.321E-26  9.317E-19
1.500E+00  2.312E-26  9.198E-19
1.486E+00  2.306E-26  9.090E-19
1.472E+00  2.304E-26  8.997E-19
1.459E+00  2.305E-26  8.918E-19
1.445E+00  2.310E-26  8.858E-19
1.432E+00  2.321E-26  8.818E-19
1.419E+00  2.339E-26  8.803E-19
1.406E+00  2.363E-26  8.815E-19
1.393E+00  2.397E-26  8.860E-19
1.380E+00  2.443E-26  8.944E-19
1.368E+00  2.501E-26  9.072E-19
1.355E+00  2.574E-26  9.253E-19
1.343E+00  2.665E-26  9.492E-19
1.330E+00  2.774E-26  9.789E-19
1.318E+00  2.899E-26  1.014E-18
1.306E+00  3.033E-26  1.051E-18
1.294E+00  3.158E-26  1.084E-18
1.282E+00  3.249E-26  1.105E-18
1.271E+00  3.272E-26  1.103E-18
1.259E+00  3.203E-26  1.070E-18
1.247E+00  3.046E-26  1.008E-18
1.236E+00  2.828E-26  9.272E-19
1.225E+00  2.590E-26  8.414E-19
1.213E+00  2.364E-26  7.610E-19
1.202E+00  2.169E-26  6.916E-19
1.191E+00  2.008E-26  6.347E-19
1.180E+00  1.883E-26  5.895E-19
1.169E+00  1.789E-26  5.549E-19
1.159E+00  1.722E-26  5.295E-19
1.148E+00  1.682E-26  5.124E-19
1.138E+00  1.668E-26  5.033E-19
1.127E+00  1.682E-26  5.029E-19
1.117E+00  1.730E-26  5.126E-19
1.107E+00  1.823E-26  5.352E-19
1.096E+00  1.979E-26  5.757E-19
1.086E+00  2.223E-26  6.407E-19
1.076E+00  2.581E-26  7.370E-19
1.067E+00  3.032E-26  8.577E-19
1.057E+00  3.391E-26  9.507E-19
1.047E+00  3.325E-26  9.236E-19
1.038E+00  2.804E-26  7.717E-19
1.028E+00  2.190E-26  5.972E-19
1.019E+00  1.712E-26  4.626E-19
1.009E+00  1.387E-26  3.712E-19
1.000E+00  1.169E-26  3.100E-19
