Dust emission from Draine & Li (2007): ApJ 657, 810-837
==========================================================
         4 = grain model
 4.000E-08 4.000E-01 2.250E-05 = a_01 (cm) , sigma_1 , b_C1/0.92
 2.000E-07 5.500E-01 7.500E-06 = a_02 (cm) , sigma_2 , b_C2/0.92
 7.000E-01 1.000E+06 2.000E+00 = Umin , Umax, beta (dN/dU propto U^{-beta})
 9.921E+00 = <U> 
     mmp83 = radfield
 4.408E-23 = power/H (erg s-1)
 band   nu*P_nu(band) j_nu(band)
 (um)   (erg s-1 H-1)(Jy cm2 sr-1 H-1)
1.270E+00  9.575E-26  3.226E-18 COBE-DIRBE
2.220E+00  1.267E-25  7.461E-18 COBE-DIRBE
3.530E+00  9.020E-25  8.446E-17 COBE-DIRBE
4.880E+00  6.559E-25  8.491E-17 COBE-DIRBE
1.229E+01  6.747E-24  2.199E-15 COBE-DIRBE
2.079E+01  1.147E-23  6.325E-15 COBE-DIRBE
5.599E+01  1.774E-23  2.635E-14 COBE-DIRBE
9.770E+01  1.160E-23  3.007E-14 COBE-DIRBE
1.479E+02  6.887E-24  2.702E-14 COBE-DIRBE
2.479E+02  1.996E-24  1.312E-14 COBE-DIRBE
1.200E+01  6.752E-24  2.149E-15 IRAS
2.500E+01  1.398E-23  9.272E-15 IRAS
6.000E+01  1.720E-23  2.737E-14 IRAS
1.000E+02  1.132E-23  3.001E-14 IRAS
3.550E+00  1.044E-24  9.827E-17 SST-IRAC
4.493E+00  4.570E-25  5.447E-17 SST-IRAC
5.731E+00  3.026E-24  4.599E-16 SST-IRAC
7.872E+00  7.866E-24  1.643E-15 SST-IRAC
2.368E+01  1.316E-23  8.265E-15 SST-MIPS
7.142E+01  1.363E-23  2.583E-14 SST-MIPS
1.559E+02  5.877E-24  2.430E-14 SST-MIPS
1.600E+01  7.749E-24  3.289E-15 SST-IRSPU
2.200E+01  1.292E-23  7.538E-15 SST-IRSPU
7.500E+01  1.177E-23  2.341E-14 Herschel-PACS
1.100E+02  8.142E-24  2.376E-14 Herschel-PACS
1.700E+02  4.472E-24  2.017E-14 Herschel-PACS
2.500E+02  1.695E-24  1.124E-14 Herschel-SPIRE
3.600E+02  4.805E-25  4.589E-15 Herschel-SPIRE
5.200E+02  1.189E-25  1.641E-15 Herschel-SPIRE
2.400E+00  1.466E-25  9.335E-18 Akari IRC NIR N2
3.200E+00  6.853E-25  5.817E-17 Akari IRC NIR N3
4.100E+00  4.691E-25  5.102E-17 Akari IRC NIR N4
7.000E+00  8.444E-24  1.568E-15 Akari IRC MIR-S S7
9.000E+00  6.953E-24  1.660E-15 Akari IRC MIR-S S9W
1.100E+01  6.287E-24  1.834E-15 Akari IRC MIR-S S11
1.500E+01  8.186E-24  3.257E-15 Akari IRC MIR-L L15
1.800E+01  1.031E-23  4.922E-15 Akari IRC MIR-L L18W
2.400E+01  1.296E-23  8.248E-15 Akari IRC MIR-L L24
6.500E+01  1.566E-23  2.700E-14 Akari FIS N60
8.000E+01  1.298E-23  2.754E-14 Akari FIS WIDE-S
1.400E+02  6.881E-24  2.555E-14 Akari FIS WIDE-L
1.600E+02  5.608E-24  2.380E-14 Akari FIS N160
 
 
 
 


lambda    nu*dP/dnu     j_nu
 (um)   (erg s-1 H-1)(Jy cm2 sr-1 H-1)
1.000E+04  6.073E-31  1.611E-19
9.908E+03  6.296E-31  1.655E-19
9.817E+03  6.526E-31  1.699E-19
9.727E+03  6.765E-31  1.745E-19
9.638E+03  7.012E-31  1.793E-19
9.550E+03  7.269E-31  1.841E-19
9.462E+03  7.535E-31  1.891E-19
9.376E+03  7.810E-31  1.942E-19
9.290E+03  8.096E-31  1.995E-19
9.204E+03  8.392E-31  2.049E-19
9.120E+03  8.699E-31  2.105E-19
9.036E+03  9.018E-31  2.162E-19
8.954E+03  9.347E-31  2.220E-19
8.872E+03  9.687E-31  2.280E-19
8.790E+03  1.004E-30  2.341E-19
8.710E+03  1.041E-30  2.404E-19
8.630E+03  1.078E-30  2.469E-19
8.551E+03  1.118E-30  2.535E-19
8.472E+03  1.159E-30  2.604E-19
8.395E+03  1.201E-30  2.674E-19
8.318E+03  1.245E-30  2.747E-19
8.241E+03  1.290E-30  2.821E-19
8.166E+03  1.338E-30  2.897E-19
8.091E+03  1.387E-30  2.976E-19
8.017E+03  1.437E-30  3.057E-19
7.943E+03  1.490E-30  3.140E-19
7.870E+03  1.545E-30  3.225E-19
7.798E+03  1.601E-30  3.313E-19
7.727E+03  1.660E-30  3.403E-19
7.656E+03  1.721E-30  3.496E-19
7.586E+03  1.785E-30  3.591E-19
7.516E+03  1.850E-30  3.689E-19
7.447E+03  1.918E-30  3.790E-19
7.379E+03  1.989E-30  3.893E-19
7.311E+03  2.062E-30  4.000E-19
7.244E+03  2.138E-30  4.109E-19
7.178E+03  2.217E-30  4.222E-19
7.112E+03  2.299E-30  4.337E-19
7.047E+03  2.384E-30  4.456E-19
6.982E+03  2.472E-30  4.579E-19
6.918E+03  2.563E-30  4.704E-19
6.855E+03  2.658E-30  4.833E-19
6.792E+03  2.756E-30  4.966E-19
6.730E+03  2.858E-30  5.102E-19
6.668E+03  2.964E-30  5.243E-19
6.607E+03  3.074E-30  5.387E-19
6.546E+03  3.188E-30  5.535E-19
6.486E+03  3.306E-30  5.688E-19
6.427E+03  3.429E-30  5.845E-19
6.368E+03  3.556E-30  6.006E-19
6.310E+03  3.688E-30  6.172E-19
6.252E+03  3.825E-30  6.343E-19
6.194E+03  3.967E-30  6.519E-19
6.138E+03  4.115E-30  6.699E-19
6.081E+03  4.268E-30  6.885E-19
6.026E+03  4.427E-30  7.076E-19
5.970E+03  4.592E-30  7.273E-19
5.916E+03  4.764E-30  7.475E-19
5.861E+03  4.942E-30  7.683E-19
5.808E+03  5.126E-30  7.897E-19
5.754E+03  5.318E-30  8.117E-19
5.702E+03  5.517E-30  8.343E-19
5.649E+03  5.723E-30  8.576E-19
5.598E+03  5.937E-30  8.816E-19
5.546E+03  6.160E-30  9.062E-19
5.495E+03  6.391E-30  9.316E-19
5.445E+03  6.631E-30  9.577E-19
5.395E+03  6.879E-30  9.845E-19
5.346E+03  7.138E-30  1.012E-18
5.297E+03  7.406E-30  1.041E-18
5.248E+03  7.684E-30  1.070E-18
5.200E+03  7.973E-30  1.100E-18
5.152E+03  8.273E-30  1.131E-18
5.105E+03  8.585E-30  1.163E-18
5.058E+03  8.908E-30  1.195E-18
5.012E+03  9.244E-30  1.229E-18
4.966E+03  9.593E-30  1.264E-18
4.920E+03  9.954E-30  1.299E-18
4.875E+03  1.033E-29  1.336E-18
4.831E+03  1.072E-29  1.374E-18
4.786E+03  1.113E-29  1.412E-18
4.742E+03  1.155E-29  1.452E-18
4.699E+03  1.198E-29  1.494E-18
4.656E+03  1.244E-29  1.536E-18
4.613E+03  1.291E-29  1.579E-18
4.571E+03  1.340E-29  1.624E-18
4.529E+03  1.390E-29  1.670E-18
4.487E+03  1.443E-29  1.718E-18
4.446E+03  1.498E-29  1.767E-18
4.406E+03  1.555E-29  1.817E-18
4.365E+03  1.614E-29  1.869E-18
4.325E+03  1.676E-29  1.922E-18
4.285E+03  1.739E-29  1.977E-18
4.246E+03  1.806E-29  2.034E-18
4.207E+03  1.874E-29  2.092E-18
4.169E+03  1.946E-29  2.152E-18
4.130E+03  2.020E-29  2.213E-18
4.093E+03  2.097E-29  2.277E-18
4.055E+03  2.177E-29  2.342E-18
4.018E+03  2.261E-29  2.409E-18
3.981E+03  2.347E-29  2.479E-18
3.945E+03  2.437E-29  2.550E-18
3.908E+03  2.530E-29  2.623E-18
3.873E+03  2.627E-29  2.698E-18
3.837E+03  2.727E-29  2.776E-18
3.802E+03  2.832E-29  2.856E-18
3.767E+03  2.940E-29  2.938E-18
3.733E+03  3.053E-29  3.023E-18
3.698E+03  3.171E-29  3.110E-18
3.664E+03  3.292E-29  3.200E-18
3.631E+03  3.419E-29  3.293E-18
3.597E+03  3.551E-29  3.388E-18
3.565E+03  3.687E-29  3.486E-18
3.532E+03  3.829E-29  3.588E-18
3.499E+03  3.977E-29  3.692E-18
3.467E+03  4.131E-29  3.799E-18
3.436E+03  4.290E-29  3.910E-18
3.404E+03  4.456E-29  4.023E-18
3.373E+03  4.628E-29  4.141E-18
3.342E+03  4.807E-29  4.262E-18
3.311E+03  4.993E-29  4.386E-18
3.281E+03  5.187E-29  4.514E-18
3.251E+03  5.388E-29  4.646E-18
3.221E+03  5.597E-29  4.782E-18
3.192E+03  5.814E-29  4.922E-18
3.162E+03  6.040E-29  5.067E-18
3.133E+03  6.275E-29  5.215E-18
3.105E+03  6.519E-29  5.368E-18
3.076E+03  6.772E-29  5.526E-18
3.048E+03  7.036E-29  5.689E-18
3.020E+03  7.310E-29  5.856E-18
2.992E+03  7.595E-29  6.028E-18
2.965E+03  7.890E-29  6.205E-18
2.938E+03  8.197E-29  6.388E-18
2.911E+03  8.516E-29  6.575E-18
2.884E+03  8.848E-29  6.769E-18
2.858E+03  9.193E-29  6.968E-18
2.831E+03  9.552E-29  7.174E-18
2.805E+03  9.924E-29  7.385E-18
2.780E+03  1.031E-28  7.604E-18
2.754E+03  1.072E-28  7.828E-18
2.729E+03  1.113E-28  8.060E-18
2.704E+03  1.157E-28  8.299E-18
2.679E+03  1.202E-28  8.544E-18
2.655E+03  1.249E-28  8.798E-18
2.630E+03  1.298E-28  9.059E-18
2.606E+03  1.349E-28  9.328E-18
2.582E+03  1.402E-28  9.605E-18
2.559E+03  1.457E-28  9.891E-18
2.535E+03  1.515E-28  1.019E-17
2.512E+03  1.574E-28  1.049E-17
2.489E+03  1.636E-28  1.080E-17
2.466E+03  1.701E-28  1.112E-17
2.443E+03  1.768E-28  1.146E-17
2.421E+03  1.837E-28  1.180E-17
2.399E+03  1.910E-28  1.215E-17
2.377E+03  1.985E-28  1.251E-17
2.355E+03  2.063E-28  1.289E-17
2.333E+03  2.145E-28  1.328E-17
2.312E+03  2.229E-28  1.367E-17
2.291E+03  2.318E-28  1.408E-17
2.270E+03  2.409E-28  1.451E-17
2.249E+03  2.505E-28  1.494E-17
2.228E+03  2.604E-28  1.539E-17
2.208E+03  2.707E-28  1.585E-17
2.188E+03  2.814E-28  1.633E-17
2.168E+03  2.925E-28  1.682E-17
2.148E+03  3.041E-28  1.733E-17
2.128E+03  3.162E-28  1.785E-17
2.109E+03  3.287E-28  1.839E-17
2.089E+03  3.418E-28  1.894E-17
2.070E+03  3.554E-28  1.951E-17
2.051E+03  3.695E-28  2.010E-17
2.032E+03  3.841E-28  2.071E-17
2.014E+03  3.994E-28  2.133E-17
1.995E+03  4.153E-28  2.198E-17
1.977E+03  4.318E-28  2.264E-17
1.959E+03  4.489E-28  2.333E-17
1.941E+03  4.668E-28  2.403E-17
1.923E+03  4.853E-28  2.476E-17
1.905E+03  5.047E-28  2.551E-17
1.888E+03  5.247E-28  2.628E-17
1.871E+03  5.456E-28  2.707E-17
1.854E+03  5.674E-28  2.789E-17
1.837E+03  5.900E-28  2.874E-17
1.820E+03  6.135E-28  2.961E-17
1.803E+03  6.379E-28  3.051E-17
1.786E+03  6.633E-28  3.143E-17
1.770E+03  6.898E-28  3.239E-17
1.754E+03  7.173E-28  3.337E-17
1.738E+03  7.459E-28  3.438E-17
1.722E+03  7.756E-28  3.543E-17
1.706E+03  8.066E-28  3.650E-17
1.690E+03  8.388E-28  3.761E-17
1.675E+03  8.723E-28  3.875E-17
1.660E+03  9.071E-28  3.993E-17
1.644E+03  9.433E-28  4.114E-17
1.629E+03  9.809E-28  4.239E-17
1.614E+03  1.020E-27  4.368E-17
1.600E+03  1.061E-27  4.501E-17
1.585E+03  1.103E-27  4.638E-17
1.570E+03  1.147E-27  4.779E-17
1.556E+03  1.193E-27  4.924E-17
1.542E+03  1.241E-27  5.074E-17
1.528E+03  1.290E-27  5.228E-17
1.514E+03  1.342E-27  5.387E-17
1.500E+03  1.395E-27  5.550E-17
1.486E+03  1.451E-27  5.719E-17
1.472E+03  1.509E-27  5.893E-17
1.459E+03  1.569E-27  6.072E-17
1.445E+03  1.632E-27  6.257E-17
1.432E+03  1.697E-27  6.447E-17
1.419E+03  1.765E-27  6.644E-17
1.406E+03  1.835E-27  6.846E-17
1.393E+03  1.909E-27  7.054E-17
1.380E+03  1.985E-27  7.268E-17
1.368E+03  2.064E-27  7.489E-17
1.355E+03  2.147E-27  7.717E-17
1.343E+03  2.232E-27  7.952E-17
1.330E+03  2.322E-27  8.193E-17
1.318E+03  2.414E-27  8.442E-17
1.306E+03  2.511E-27  8.699E-17
1.294E+03  2.611E-27  8.963E-17
1.282E+03  2.715E-27  9.235E-17
1.271E+03  2.823E-27  9.515E-17
1.259E+03  2.936E-27  9.804E-17
1.247E+03  3.053E-27  1.010E-16
1.236E+03  3.174E-27  1.041E-16
1.225E+03  3.301E-27  1.072E-16
1.213E+03  3.432E-27  1.105E-16
1.202E+03  3.569E-27  1.138E-16
1.191E+03  3.711E-27  1.173E-16
1.180E+03  3.858E-27  1.208E-16
1.169E+03  4.012E-27  1.245E-16
1.159E+03  4.171E-27  1.282E-16
1.148E+03  4.337E-27  1.321E-16
1.138E+03  4.509E-27  1.361E-16
1.127E+03  4.688E-27  1.402E-16
1.117E+03  4.874E-27  1.444E-16
1.107E+03  5.068E-27  1.488E-16
1.096E+03  5.268E-27  1.532E-16
1.086E+03  5.477E-27  1.578E-16
1.076E+03  5.694E-27  1.626E-16
1.067E+03  5.919E-27  1.675E-16
1.057E+03  6.153E-27  1.725E-16
1.047E+03  6.397E-27  1.777E-16
1.038E+03  6.649E-27  1.830E-16
1.028E+03  6.912E-27  1.885E-16
1.019E+03  7.184E-27  1.941E-16
1.009E+03  7.468E-27  1.999E-16
1.000E+03  7.762E-27  2.059E-16
9.908E+02  8.068E-27  2.120E-16
9.817E+02  8.386E-27  2.184E-16
9.727E+02  8.716E-27  2.249E-16
9.638E+02  9.059E-27  2.316E-16
9.550E+02  9.415E-27  2.385E-16
9.462E+02  9.785E-27  2.456E-16
9.376E+02  1.017E-26  2.529E-16
9.290E+02  1.057E-26  2.604E-16
9.204E+02  1.098E-26  2.682E-16
9.120E+02  1.141E-26  2.761E-16
9.036E+02  1.186E-26  2.843E-16
8.954E+02  1.232E-26  2.927E-16
8.872E+02  1.281E-26  3.013E-16
8.790E+02  1.330E-26  3.102E-16
8.710E+02  1.382E-26  3.194E-16
8.630E+02  1.436E-26  3.288E-16
8.551E+02  1.492E-26  3.384E-16
8.472E+02  1.550E-26  3.483E-16
8.395E+02  1.610E-26  3.585E-16
8.318E+02  1.673E-26  3.690E-16
8.241E+02  1.737E-26  3.798E-16
8.166E+02  1.804E-26  3.909E-16
8.091E+02  1.874E-26  4.022E-16
8.017E+02  1.946E-26  4.139E-16
7.943E+02  2.021E-26  4.259E-16
7.870E+02  2.099E-26  4.383E-16
7.798E+02  2.180E-26  4.510E-16
7.727E+02  2.264E-26  4.640E-16
7.656E+02  2.351E-26  4.774E-16
7.586E+02  2.441E-26  4.911E-16
7.516E+02  2.534E-26  5.053E-16
7.447E+02  2.631E-26  5.198E-16
7.379E+02  2.732E-26  5.348E-16
7.311E+02  2.837E-26  5.502E-16
7.244E+02  2.945E-26  5.660E-16
7.178E+02  3.058E-26  5.823E-16
7.112E+02  3.175E-26  5.990E-16
7.047E+02  3.296E-26  6.162E-16
6.982E+02  3.422E-26  6.338E-16
6.918E+02  3.553E-26  6.520E-16
6.855E+02  3.688E-26  6.706E-16
6.792E+02  3.828E-26  6.898E-16
6.730E+02  3.974E-26  7.094E-16
6.668E+02  4.124E-26  7.295E-16
6.607E+02  4.281E-26  7.502E-16
6.546E+02  4.443E-26  7.716E-16
6.486E+02  4.612E-26  7.936E-16
6.427E+02  4.788E-26  8.162E-16
6.368E+02  4.969E-26  8.394E-16
6.310E+02  5.158E-26  8.633E-16
6.252E+02  5.354E-26  8.878E-16
6.194E+02  5.557E-26  9.130E-16
6.138E+02  5.767E-26  9.389E-16
6.081E+02  5.985E-26  9.655E-16
6.026E+02  6.212E-26  9.929E-16
5.970E+02  6.447E-26  1.021E-15
5.916E+02  6.690E-26  1.050E-15
5.861E+02  6.943E-26  1.079E-15
5.808E+02  7.205E-26  1.110E-15
5.754E+02  7.476E-26  1.141E-15
5.702E+02  7.758E-26  1.173E-15
5.649E+02  8.050E-26  1.206E-15
5.598E+02  8.353E-26  1.240E-15
5.546E+02  8.667E-26  1.275E-15
5.495E+02  8.992E-26  1.311E-15
5.445E+02  9.330E-26  1.348E-15
5.395E+02  9.679E-26  1.385E-15
5.346E+02  1.004E-25  1.424E-15
5.297E+02  1.042E-25  1.464E-15
5.248E+02  1.081E-25  1.505E-15
5.200E+02  1.121E-25  1.546E-15
5.152E+02  1.163E-25  1.589E-15
5.105E+02  1.206E-25  1.634E-15
5.058E+02  1.251E-25  1.679E-15
5.012E+02  1.298E-25  1.726E-15
4.966E+02  1.346E-25  1.773E-15
4.920E+02  1.396E-25  1.822E-15
4.875E+02  1.448E-25  1.873E-15
4.831E+02  1.502E-25  1.924E-15
4.786E+02  1.557E-25  1.977E-15
4.742E+02  1.615E-25  2.031E-15
4.699E+02  1.674E-25  2.087E-15
4.656E+02  1.736E-25  2.144E-15
4.613E+02  1.800E-25  2.203E-15
4.571E+02  1.866E-25  2.263E-15
4.529E+02  1.935E-25  2.324E-15
4.487E+02  2.006E-25  2.388E-15
4.446E+02  2.079E-25  2.452E-15
4.406E+02  2.155E-25  2.519E-15
4.365E+02  2.234E-25  2.587E-15
4.325E+02  2.315E-25  2.656E-15
4.285E+02  2.400E-25  2.728E-15
4.246E+02  2.487E-25  2.801E-15
4.207E+02  2.577E-25  2.876E-15
4.169E+02  2.670E-25  2.953E-15
4.130E+02  2.767E-25  3.032E-15
4.093E+02  2.867E-25  3.112E-15
4.055E+02  2.971E-25  3.195E-15
4.018E+02  3.078E-25  3.280E-15
3.981E+02  3.188E-25  3.367E-15
3.945E+02  3.303E-25  3.456E-15
3.908E+02  3.421E-25  3.547E-15
3.873E+02  3.544E-25  3.640E-15
3.837E+02  3.670E-25  3.736E-15
3.802E+02  3.801E-25  3.833E-15
3.767E+02  3.936E-25  3.933E-15
3.733E+02  4.076E-25  4.036E-15
3.698E+02  4.221E-25  4.140E-15
3.664E+02  4.370E-25  4.248E-15
3.631E+02  4.524E-25  4.357E-15
3.597E+02  4.684E-25  4.469E-15
3.565E+02  4.848E-25  4.584E-15
3.532E+02  5.018E-25  4.701E-15
3.499E+02  5.194E-25  4.821E-15
3.467E+02  5.375E-25  4.944E-15
3.436E+02  5.563E-25  5.069E-15
3.404E+02  5.756E-25  5.197E-15
3.373E+02  5.956E-25  5.328E-15
3.342E+02  6.162E-25  5.462E-15
3.311E+02  6.374E-25  5.599E-15
3.281E+02  6.593E-25  5.738E-15
3.251E+02  6.820E-25  5.881E-15
3.221E+02  7.053E-25  6.026E-15
3.192E+02  7.294E-25  6.175E-15
3.162E+02  7.542E-25  6.326E-15
3.133E+02  7.798E-25  6.481E-15
3.105E+02  8.062E-25  6.639E-15
3.076E+02  8.334E-25  6.800E-15
3.048E+02  8.614E-25  6.964E-15
3.020E+02  8.903E-25  7.132E-15
2.992E+02  9.200E-25  7.303E-15
2.965E+02  9.507E-25  7.477E-15
2.938E+02  9.823E-25  7.654E-15
2.911E+02  1.015E-24  7.835E-15
2.884E+02  1.048E-24  8.019E-15
2.858E+02  1.083E-24  8.207E-15
2.831E+02  1.118E-24  8.398E-15
2.805E+02  1.155E-24  8.593E-15
2.780E+02  1.192E-24  8.792E-15
2.754E+02  1.231E-24  8.994E-15
2.729E+02  1.271E-24  9.200E-15
2.704E+02  1.312E-24  9.410E-15
2.679E+02  1.354E-24  9.624E-15
2.655E+02  1.398E-24  9.842E-15
2.630E+02  1.442E-24  1.006E-14
2.606E+02  1.488E-24  1.029E-14
2.582E+02  1.536E-24  1.052E-14
2.559E+02  1.584E-24  1.075E-14
2.535E+02  1.633E-24  1.098E-14
2.512E+02  1.684E-24  1.122E-14
2.489E+02  1.735E-24  1.145E-14
2.466E+02  1.787E-24  1.169E-14
2.443E+02  1.839E-24  1.192E-14
2.421E+02  1.892E-24  1.215E-14
2.399E+02  1.947E-24  1.239E-14
2.377E+02  2.001E-24  1.262E-14
2.355E+02  2.057E-24  1.285E-14
2.333E+02  2.114E-24  1.309E-14
2.312E+02  2.173E-24  1.332E-14
2.291E+02  2.232E-24  1.356E-14
2.270E+02  2.293E-24  1.381E-14
2.249E+02  2.355E-24  1.405E-14
2.228E+02  2.419E-24  1.430E-14
2.208E+02  2.484E-24  1.455E-14
2.188E+02  2.550E-24  1.480E-14
2.168E+02  2.617E-24  1.505E-14
2.148E+02  2.686E-24  1.530E-14
2.128E+02  2.756E-24  1.556E-14
2.109E+02  2.827E-24  1.582E-14
2.089E+02  2.900E-24  1.607E-14
2.070E+02  2.975E-24  1.633E-14
2.051E+02  3.050E-24  1.659E-14
2.032E+02  3.127E-24  1.686E-14
2.014E+02  3.205E-24  1.712E-14
1.995E+02  3.285E-24  1.739E-14
1.977E+02  3.366E-24  1.765E-14
1.959E+02  3.449E-24  1.792E-14
1.941E+02  3.533E-24  1.819E-14
1.923E+02  3.619E-24  1.846E-14
1.905E+02  3.706E-24  1.873E-14
1.888E+02  3.794E-24  1.900E-14
1.871E+02  3.884E-24  1.927E-14
1.854E+02  3.976E-24  1.955E-14
1.837E+02  4.069E-24  1.982E-14
1.820E+02  4.164E-24  2.010E-14
1.803E+02  4.260E-24  2.037E-14
1.786E+02  4.358E-24  2.065E-14
1.770E+02  4.457E-24  2.093E-14
1.754E+02  4.558E-24  2.121E-14
1.738E+02  4.661E-24  2.149E-14
1.722E+02  4.766E-24  2.177E-14
1.706E+02  4.873E-24  2.205E-14
1.690E+02  4.981E-24  2.233E-14
1.675E+02  5.091E-24  2.262E-14
1.660E+02  5.203E-24  2.291E-14
1.644E+02  5.318E-24  2.320E-14
1.629E+02  5.434E-24  2.349E-14
1.614E+02  5.553E-24  2.378E-14
1.600E+02  5.674E-24  2.407E-14
1.585E+02  5.797E-24  2.437E-14
1.570E+02  5.924E-24  2.468E-14
1.556E+02  6.053E-24  2.498E-14
1.542E+02  6.184E-24  2.529E-14
1.528E+02  6.319E-24  2.560E-14
1.514E+02  6.456E-24  2.592E-14
1.500E+02  6.597E-24  2.624E-14
1.486E+02  6.739E-24  2.656E-14
1.472E+02  6.884E-24  2.688E-14
1.459E+02  7.029E-24  2.720E-14
1.445E+02  7.174E-24  2.751E-14
1.432E+02  7.317E-24  2.780E-14
1.419E+02  7.455E-24  2.806E-14
1.406E+02  7.587E-24  2.830E-14
1.393E+02  7.708E-24  2.849E-14
1.380E+02  7.820E-24  2.863E-14
1.368E+02  7.922E-24  2.874E-14
1.355E+02  8.014E-24  2.881E-14
1.343E+02  8.101E-24  2.885E-14
1.330E+02  8.184E-24  2.888E-14
1.318E+02  8.265E-24  2.890E-14
1.306E+02  8.347E-24  2.892E-14
1.294E+02  8.429E-24  2.894E-14
1.282E+02  8.513E-24  2.896E-14
1.271E+02  8.599E-24  2.898E-14
1.259E+02  8.687E-24  2.901E-14
1.247E+02  8.777E-24  2.904E-14
1.236E+02  8.869E-24  2.908E-14
1.225E+02  8.964E-24  2.912E-14
1.213E+02  9.060E-24  2.916E-14
1.202E+02  9.159E-24  2.921E-14
1.191E+02  9.258E-24  2.926E-14
1.180E+02  9.359E-24  2.930E-14
1.169E+02  9.461E-24  2.935E-14
1.159E+02  9.562E-24  2.939E-14
1.148E+02  9.666E-24  2.944E-14
1.138E+02  9.771E-24  2.948E-14
1.127E+02  9.876E-24  2.953E-14
1.117E+02  9.982E-24  2.957E-14
1.107E+02  1.009E-23  2.962E-14
1.096E+02  1.020E-23  2.966E-14
1.086E+02  1.031E-23  2.970E-14
1.076E+02  1.041E-23  2.974E-14
1.067E+02  1.052E-23  2.978E-14
1.057E+02  1.063E-23  2.981E-14
1.047E+02  1.074E-23  2.984E-14
1.038E+02  1.085E-23  2.987E-14
1.028E+02  1.096E-23  2.989E-14
1.019E+02  1.107E-23  2.991E-14
1.009E+02  1.118E-23  2.993E-14
1.000E+02  1.129E-23  2.994E-14
9.908E+01  1.139E-23  2.994E-14
9.817E+01  1.150E-23  2.995E-14
9.727E+01  1.161E-23  2.995E-14
9.638E+01  1.171E-23  2.994E-14
9.550E+01  1.182E-23  2.994E-14
9.462E+01  1.192E-23  2.992E-14
9.376E+01  1.203E-23  2.991E-14
9.290E+01  1.213E-23  2.989E-14
9.204E+01  1.223E-23  2.986E-14
9.120E+01  1.233E-23  2.983E-14
9.036E+01  1.243E-23  2.980E-14
8.954E+01  1.253E-23  2.976E-14
8.872E+01  1.263E-23  2.972E-14
8.790E+01  1.273E-23  2.968E-14
8.710E+01  1.283E-23  2.964E-14
8.630E+01  1.293E-23  2.959E-14
8.551E+01  1.302E-23  2.954E-14
8.472E+01  1.312E-23  2.948E-14
8.395E+01  1.321E-23  2.943E-14
8.318E+01  1.331E-23  2.937E-14
8.241E+01  1.340E-23  2.930E-14
8.166E+01  1.350E-23  2.924E-14
8.091E+01  1.359E-23  2.917E-14
8.017E+01  1.369E-23  2.910E-14
7.943E+01  1.378E-23  2.903E-14
7.870E+01  1.387E-23  2.896E-14
7.798E+01  1.396E-23  2.888E-14
7.727E+01  1.405E-23  2.880E-14
7.656E+01  1.414E-23  2.872E-14
7.586E+01  1.423E-23  2.864E-14
7.516E+01  1.432E-23  2.855E-14
7.447E+01  1.441E-23  2.846E-14
7.379E+01  1.449E-23  2.837E-14
7.311E+01  1.458E-23  2.828E-14
7.244E+01  1.467E-23  2.818E-14
7.178E+01  1.475E-23  2.809E-14
7.112E+01  1.484E-23  2.799E-14
7.047E+01  1.492E-23  2.790E-14
6.982E+01  1.501E-23  2.780E-14
6.918E+01  1.510E-23  2.770E-14
6.855E+01  1.518E-23  2.761E-14
6.792E+01  1.527E-23  2.751E-14
6.730E+01  1.535E-23  2.741E-14
6.668E+01  1.544E-23  2.731E-14
6.607E+01  1.553E-23  2.721E-14
6.546E+01  1.561E-23  2.711E-14
6.486E+01  1.570E-23  2.701E-14
6.427E+01  1.579E-23  2.691E-14
6.368E+01  1.587E-23  2.681E-14
6.310E+01  1.596E-23  2.671E-14
6.252E+01  1.605E-23  2.662E-14
6.194E+01  1.614E-23  2.652E-14
6.138E+01  1.623E-23  2.643E-14
6.081E+01  1.633E-23  2.634E-14
6.026E+01  1.642E-23  2.624E-14
5.970E+01  1.651E-23  2.615E-14
5.916E+01  1.661E-23  2.606E-14
5.861E+01  1.671E-23  2.597E-14
5.808E+01  1.680E-23  2.589E-14
5.754E+01  1.690E-23  2.580E-14
5.702E+01  1.700E-23  2.572E-14
5.649E+01  1.711E-23  2.564E-14
5.598E+01  1.721E-23  2.556E-14
5.546E+01  1.732E-23  2.548E-14
5.495E+01  1.743E-23  2.541E-14
5.445E+01  1.755E-23  2.534E-14
5.395E+01  1.766E-23  2.528E-14
5.346E+01  1.778E-23  2.521E-14
5.297E+01  1.790E-23  2.515E-14
5.248E+01  1.802E-23  2.509E-14
5.200E+01  1.815E-23  2.504E-14
5.152E+01  1.828E-23  2.499E-14
5.105E+01  1.841E-23  2.494E-14
5.058E+01  1.855E-23  2.489E-14
5.012E+01  1.869E-23  2.485E-14
4.966E+01  1.883E-23  2.481E-14
4.920E+01  1.898E-23  2.477E-14
4.875E+01  1.913E-23  2.474E-14
4.831E+01  1.929E-23  2.471E-14
4.786E+01  1.945E-23  2.469E-14
4.742E+01  1.961E-23  2.467E-14
4.699E+01  1.978E-23  2.465E-14
4.656E+01  1.995E-23  2.464E-14
4.613E+01  2.013E-23  2.463E-14
4.571E+01  2.031E-23  2.463E-14
4.529E+01  2.050E-23  2.463E-14
4.487E+01  2.069E-23  2.463E-14
4.446E+01  2.089E-23  2.464E-14
4.406E+01  2.109E-23  2.465E-14
4.365E+01  2.130E-23  2.466E-14
4.325E+01  2.151E-23  2.468E-14
4.285E+01  2.172E-23  2.469E-14
4.246E+01  2.194E-23  2.471E-14
4.207E+01  2.216E-23  2.473E-14
4.169E+01  2.239E-23  2.475E-14
4.130E+01  2.261E-23  2.477E-14
4.093E+01  2.284E-23  2.479E-14
4.055E+01  2.306E-23  2.481E-14
4.018E+01  2.329E-23  2.482E-14
3.981E+01  2.352E-23  2.484E-14
3.945E+01  2.374E-23  2.484E-14
3.908E+01  2.396E-23  2.484E-14
3.873E+01  2.418E-23  2.484E-14
3.837E+01  2.439E-23  2.483E-14
3.802E+01  2.460E-23  2.480E-14
3.767E+01  2.479E-23  2.477E-14
3.733E+01  2.497E-23  2.472E-14
3.698E+01  2.514E-23  2.466E-14
3.664E+01  2.529E-23  2.459E-14
3.631E+01  2.543E-23  2.450E-14
3.597E+01  2.555E-23  2.439E-14
3.565E+01  2.566E-23  2.426E-14
3.532E+01  2.574E-23  2.411E-14
3.499E+01  2.580E-23  2.395E-14
3.467E+01  2.583E-23  2.376E-14
3.436E+01  2.584E-23  2.354E-14
3.404E+01  2.581E-23  2.331E-14
3.373E+01  2.576E-23  2.305E-14
3.342E+01  2.569E-23  2.277E-14
3.311E+01  2.558E-23  2.247E-14
3.281E+01  2.544E-23  2.214E-14
3.251E+01  2.527E-23  2.179E-14
3.221E+01  2.507E-23  2.142E-14
3.192E+01  2.485E-23  2.103E-14
3.162E+01  2.459E-23  2.063E-14
3.133E+01  2.431E-23  2.020E-14
3.105E+01  2.400E-23  1.976E-14
3.076E+01  2.367E-23  1.931E-14
3.048E+01  2.332E-23  1.885E-14
3.020E+01  2.295E-23  1.839E-14
2.992E+01  2.257E-23  1.791E-14
2.965E+01  2.217E-23  1.744E-14
2.938E+01  2.176E-23  1.696E-14
2.911E+01  2.134E-23  1.648E-14
2.884E+01  2.092E-23  1.600E-14
2.858E+01  2.050E-23  1.554E-14
2.831E+01  2.007E-23  1.507E-14
2.805E+01  1.964E-23  1.462E-14
2.780E+01  1.922E-23  1.417E-14
2.754E+01  1.880E-23  1.374E-14
2.729E+01  1.839E-23  1.331E-14
2.704E+01  1.799E-23  1.290E-14
2.679E+01  1.760E-23  1.251E-14
2.655E+01  1.721E-23  1.212E-14
2.630E+01  1.684E-23  1.175E-14
2.606E+01  1.648E-23  1.139E-14
2.582E+01  1.613E-23  1.105E-14
2.559E+01  1.579E-23  1.071E-14
2.535E+01  1.546E-23  1.040E-14
2.512E+01  1.514E-23  1.009E-14
2.489E+01  1.484E-23  9.798E-15
2.466E+01  1.455E-23  9.517E-15
2.443E+01  1.427E-23  9.248E-15
2.421E+01  1.400E-23  8.989E-15
2.399E+01  1.373E-23  8.740E-15
2.377E+01  1.348E-23  8.502E-15
2.355E+01  1.325E-23  8.278E-15
2.333E+01  1.302E-23  8.062E-15
2.312E+01  1.280E-23  7.851E-15
2.291E+01  1.259E-23  7.650E-15
2.270E+01  1.240E-23  7.464E-15
2.249E+01  1.222E-23  7.289E-15
2.228E+01  1.205E-23  7.124E-15
2.208E+01  1.189E-23  6.965E-15
2.188E+01  1.173E-23  6.807E-15
2.168E+01  1.157E-23  6.653E-15
2.148E+01  1.142E-23  6.505E-15
2.128E+01  1.128E-23  6.367E-15
2.109E+01  1.115E-23  6.238E-15
2.089E+01  1.103E-23  6.113E-15
2.070E+01  1.091E-23  5.991E-15
2.051E+01  1.079E-23  5.872E-15
2.032E+01  1.068E-23  5.760E-15
2.014E+01  1.060E-23  5.663E-15
1.995E+01  1.052E-23  5.568E-15
1.977E+01  1.044E-23  5.476E-15
1.959E+01  1.036E-23  5.384E-15
1.941E+01  1.028E-23  5.293E-15
1.923E+01  1.021E-23  5.210E-15
1.905E+01  1.020E-23  5.155E-15
1.888E+01  1.016E-23  5.088E-15
1.871E+01  9.925E-24  4.925E-15
1.854E+01  9.760E-24  4.798E-15
1.837E+01  9.632E-24  4.692E-15
1.820E+01  9.527E-24  4.599E-15
1.803E+01  9.472E-24  4.530E-15
1.786E+01  9.485E-24  4.495E-15
1.770E+01  9.355E-24  4.392E-15
1.754E+01  9.366E-24  4.357E-15
1.738E+01  9.620E-24  4.434E-15
1.722E+01  9.410E-24  4.298E-15
1.706E+01  9.277E-24  4.198E-15
1.690E+01  9.037E-24  4.052E-15
1.675E+01  8.736E-24  3.881E-15
1.660E+01  8.634E-24  3.801E-15
1.644E+01  9.014E-24  3.932E-15
1.629E+01  7.962E-24  3.441E-15
1.614E+01  7.447E-24  3.189E-15
1.600E+01  7.180E-24  3.046E-15
1.585E+01  6.966E-24  2.929E-15
1.570E+01  6.746E-24  2.810E-15
1.556E+01  6.566E-24  2.710E-15
1.542E+01  6.411E-24  2.622E-15
1.528E+01  6.273E-24  2.542E-15
1.514E+01  6.150E-24  2.469E-15
1.500E+01  6.041E-24  2.403E-15
1.486E+01  5.944E-24  2.343E-15
1.472E+01  5.865E-24  2.291E-15
1.459E+01  5.812E-24  2.249E-15
1.445E+01  5.812E-24  2.228E-15
1.432E+01  5.916E-24  2.248E-15
1.419E+01  6.056E-24  2.280E-15
1.406E+01  5.917E-24  2.207E-15
1.393E+01  5.846E-24  2.161E-15
1.380E+01  5.953E-24  2.180E-15
1.368E+01  6.230E-24  2.260E-15
1.355E+01  6.593E-24  2.370E-15
1.343E+01  6.695E-24  2.385E-15
1.330E+01  6.501E-24  2.294E-15
1.318E+01  6.409E-24  2.241E-15
1.306E+01  6.580E-24  2.280E-15
1.294E+01  7.081E-24  2.431E-15
1.282E+01  8.008E-24  2.724E-15
1.271E+01  9.189E-24  3.097E-15
1.259E+01  9.591E-24  3.203E-15
1.247E+01  8.775E-24  2.904E-15
1.236E+01  7.924E-24  2.598E-15
1.225E+01  7.632E-24  2.479E-15
1.213E+01  7.852E-24  2.527E-15
1.202E+01  8.175E-24  2.607E-15
1.191E+01  7.988E-24  2.524E-15
1.180E+01  7.514E-24  2.353E-15
1.169E+01  7.389E-24  2.292E-15
1.159E+01  7.995E-24  2.458E-15
1.148E+01  9.956E-24  3.032E-15
1.138E+01  1.279E-23  3.858E-15
1.127E+01  1.605E-23  4.800E-15
1.117E+01  1.216E-23  3.602E-15
1.107E+01  7.610E-24  2.234E-15
1.096E+01  6.085E-24  1.770E-15
1.086E+01  5.371E-24  1.548E-15
1.076E+01  4.987E-24  1.424E-15
1.067E+01  4.755E-24  1.345E-15
1.057E+01  4.553E-24  1.276E-15
1.047E+01  4.411E-24  1.225E-15
1.038E+01  4.304E-24  1.184E-15
1.028E+01  4.214E-24  1.149E-15
1.019E+01  4.136E-24  1.117E-15
1.009E+01  4.068E-24  1.089E-15
1.000E+01  4.012E-24  1.064E-15
9.908E+00  3.968E-24  1.043E-15
9.817E+00  3.935E-24  1.025E-15
9.727E+00  3.913E-24  1.010E-15
9.638E+00  3.900E-24  9.971E-16
9.550E+00  3.896E-24  9.868E-16
9.462E+00  3.900E-24  9.789E-16
9.376E+00  3.916E-24  9.739E-16
9.290E+00  3.949E-24  9.732E-16
9.204E+00  4.011E-24  9.793E-16
9.120E+00  4.118E-24  9.963E-16
9.036E+00  4.299E-24  1.031E-15
8.954E+00  4.604E-24  1.094E-15
8.872E+00  5.122E-24  1.205E-15
8.790E+00  6.007E-24  1.401E-15
8.710E+00  7.386E-24  1.706E-15
8.630E+00  8.676E-24  1.986E-15
8.551E+00  8.485E-24  1.925E-15
8.472E+00  7.545E-24  1.696E-15
8.395E+00  7.058E-24  1.572E-15
8.318E+00  7.015E-24  1.548E-15
8.241E+00  7.249E-24  1.585E-15
8.166E+00  7.860E-24  1.703E-15
8.091E+00  9.036E-24  1.939E-15
8.017E+00  1.092E-23  2.322E-15
7.943E+00  1.338E-23  2.819E-15
7.870E+00  1.553E-23  3.241E-15
7.798E+00  1.627E-23  3.365E-15
7.727E+00  1.632E-23  3.346E-15
7.656E+00  1.676E-23  3.403E-15
7.586E+00  1.630E-23  3.281E-15
7.516E+00  1.385E-23  2.761E-15
7.447E+00  1.110E-23  2.193E-15
7.379E+00  9.078E-24  1.777E-15
7.311E+00  7.670E-24  1.488E-15
7.244E+00  6.637E-24  1.275E-15
7.178E+00  5.843E-24  1.112E-15
7.112E+00  5.228E-24  9.864E-16
7.047E+00  4.767E-24  8.911E-16
6.982E+00  4.446E-24  8.234E-16
6.918E+00  4.257E-24  7.813E-16
6.855E+00  4.190E-24  7.619E-16
6.792E+00  4.208E-24  7.582E-16
6.730E+00  4.228E-24  7.547E-16
6.668E+00  4.153E-24  7.345E-16
6.607E+00  3.983E-24  6.980E-16
6.546E+00  3.840E-24  6.668E-16
6.486E+00  3.876E-24  6.668E-16
6.427E+00  4.262E-24  7.266E-16
6.368E+00  5.317E-24  8.982E-16
6.310E+00  7.705E-24  1.289E-15
6.252E+00  1.159E-23  1.922E-15
6.194E+00  1.169E-23  1.921E-15
6.138E+00  7.484E-24  1.218E-15
6.081E+00  4.675E-24  7.541E-16
6.026E+00  3.285E-24  5.251E-16
5.970E+00  2.572E-24  4.073E-16
5.916E+00  2.191E-24  3.438E-16
5.861E+00  2.011E-24  3.127E-16
5.808E+00  2.003E-24  3.086E-16
5.754E+00  2.167E-24  3.308E-16
5.702E+00  2.277E-24  3.443E-16
5.649E+00  1.973E-24  2.956E-16
5.598E+00  1.590E-24  2.361E-16
5.546E+00  1.348E-24  1.984E-16
5.495E+00  1.213E-24  1.768E-16
5.445E+00  1.145E-24  1.654E-16
5.395E+00  1.137E-24  1.627E-16
5.346E+00  1.204E-24  1.707E-16
5.297E+00  1.325E-24  1.861E-16
5.248E+00  1.287E-24  1.791E-16
5.200E+00  1.074E-24  1.481E-16
5.152E+00  9.058E-25  1.238E-16
5.105E+00  8.030E-25  1.087E-16
5.058E+00  7.362E-25  9.878E-17
5.012E+00  6.881E-25  9.148E-17
4.966E+00  6.503E-25  8.566E-17
4.920E+00  6.189E-25  8.077E-17
4.875E+00  5.917E-25  7.652E-17
4.831E+00  5.675E-25  7.272E-17
4.786E+00  5.457E-25  6.928E-17
4.742E+00  5.257E-25  6.613E-17
4.699E+00  5.073E-25  6.323E-17
4.656E+00  4.901E-25  6.053E-17
4.613E+00  4.740E-25  5.801E-17
4.571E+00  4.590E-25  5.565E-17
4.529E+00  4.448E-25  5.343E-17
4.487E+00  4.314E-25  5.135E-17
4.446E+00  4.187E-25  4.938E-17
4.406E+00  4.068E-25  4.754E-17
4.365E+00  3.955E-25  4.579E-17
4.325E+00  3.848E-25  4.414E-17
4.285E+00  3.747E-25  4.259E-17
4.246E+00  3.651E-25  4.112E-17
4.207E+00  3.561E-25  3.974E-17
4.169E+00  3.475E-25  3.843E-17
4.130E+00  3.395E-25  3.720E-17
4.093E+00  3.320E-25  3.604E-17
4.055E+00  3.249E-25  3.495E-17
4.018E+00  3.184E-25  3.393E-17
3.981E+00  3.123E-25  3.298E-17
3.945E+00  3.068E-25  3.210E-17
3.908E+00  3.017E-25  3.128E-17
3.873E+00  2.973E-25  3.054E-17
3.837E+00  2.935E-25  2.987E-17
3.802E+00  2.904E-25  2.929E-17
3.767E+00  2.881E-25  2.879E-17
3.733E+00  2.868E-25  2.840E-17
3.698E+00  2.867E-25  2.812E-17
3.664E+00  2.880E-25  2.800E-17
3.631E+00  2.914E-25  2.807E-17
3.597E+00  2.976E-25  2.840E-17
3.565E+00  3.079E-25  2.911E-17
3.532E+00  3.243E-25  3.038E-17
3.499E+00  3.509E-25  3.257E-17
3.467E+00  3.954E-25  3.637E-17
3.436E+00  4.751E-25  4.330E-17
3.404E+00  6.347E-25  5.731E-17
3.373E+00  1.018E-24  9.112E-17
3.342E+00  2.294E-24  2.033E-16
3.311E+00  8.621E-24  7.572E-16
3.281E+00  5.886E-24  5.122E-16
3.251E+00  1.688E-24  1.456E-16
3.221E+00  8.109E-25  6.929E-17
3.192E+00  5.200E-25  4.402E-17
3.162E+00  3.908E-25  3.279E-17
3.133E+00  3.224E-25  2.680E-17
3.105E+00  2.816E-25  2.319E-17
3.076E+00  2.551E-25  2.081E-17
3.048E+00  2.367E-25  1.913E-17
3.020E+00  2.232E-25  1.788E-17
2.992E+00  2.129E-25  1.690E-17
2.965E+00  2.047E-25  1.610E-17
2.938E+00  1.981E-25  1.543E-17
2.911E+00  1.925E-25  1.486E-17
2.884E+00  1.877E-25  1.436E-17
2.858E+00  1.836E-25  1.391E-17
2.831E+00  1.799E-25  1.351E-17
2.805E+00  1.765E-25  1.314E-17
2.780E+00  1.735E-25  1.279E-17
2.754E+00  1.707E-25  1.247E-17
2.729E+00  1.681E-25  1.217E-17
2.704E+00  1.657E-25  1.188E-17
2.679E+00  1.634E-25  1.161E-17
2.655E+00  1.612E-25  1.135E-17
2.630E+00  1.591E-25  1.110E-17
2.606E+00  1.571E-25  1.086E-17
2.582E+00  1.551E-25  1.063E-17
2.559E+00  1.532E-25  1.040E-17
2.535E+00  1.514E-25  1.018E-17
2.512E+00  1.496E-25  9.968E-18
2.489E+00  1.478E-25  9.759E-18
2.466E+00  1.461E-25  9.555E-18
2.443E+00  1.443E-25  9.355E-18
2.421E+00  1.426E-25  9.159E-18
2.399E+00  1.409E-25  8.968E-18
2.377E+00  1.393E-25  8.782E-18
2.355E+00  1.377E-25  8.600E-18
2.333E+00  1.360E-25  8.421E-18
2.312E+00  1.344E-25  8.245E-18
2.291E+00  1.328E-25  8.073E-18
2.270E+00  1.313E-25  7.903E-18
2.249E+00  1.297E-25  7.735E-18
2.228E+00  1.281E-25  7.569E-18
2.208E+00  1.264E-25  7.405E-18
2.188E+00  1.248E-25  7.242E-18
2.168E+00  1.231E-25  7.079E-18
2.148E+00  1.214E-25  6.916E-18
2.128E+00  1.196E-25  6.752E-18
2.109E+00  1.177E-25  6.586E-18
2.089E+00  1.158E-25  6.416E-18
2.070E+00  1.137E-25  6.242E-18
2.051E+00  1.114E-25  6.061E-18
2.032E+00  1.089E-25  5.870E-18
2.014E+00  1.061E-25  5.669E-18
1.995E+00  1.030E-25  5.453E-18
1.977E+00  9.962E-26  5.224E-18
1.959E+00  9.599E-26  4.988E-18
1.941E+00  9.249E-26  4.762E-18
1.923E+00  8.971E-26  4.576E-18
1.905E+00  8.832E-26  4.464E-18
1.888E+00  8.853E-26  4.434E-18
1.871E+00  8.988E-26  4.460E-18
1.854E+00  9.159E-26  4.503E-18
1.837E+00  9.310E-26  4.535E-18
1.820E+00  9.417E-26  4.546E-18
1.803E+00  9.479E-26  4.533E-18
1.786E+00  9.502E-26  4.503E-18
1.770E+00  9.495E-26  4.458E-18
1.754E+00  9.467E-26  4.404E-18
1.738E+00  9.422E-26  4.343E-18
1.722E+00  9.367E-26  4.278E-18
1.706E+00  9.303E-26  4.210E-18
1.690E+00  9.235E-26  4.141E-18
1.675E+00  9.163E-26  4.071E-18
1.660E+00  9.090E-26  4.002E-18
1.644E+00  9.016E-26  3.933E-18
1.629E+00  8.943E-26  3.865E-18
1.614E+00  8.872E-26  3.799E-18
1.600E+00  8.803E-26  3.735E-18
1.585E+00  8.739E-26  3.674E-18
1.570E+00  8.679E-26  3.615E-18
1.556E+00  8.625E-26  3.560E-18
1.542E+00  8.578E-26  3.508E-18
1.528E+00  8.540E-26  3.460E-18
1.514E+00  8.512E-26  3.417E-18
1.500E+00  8.495E-26  3.379E-18
1.486E+00  8.491E-26  3.347E-18
1.472E+00  8.503E-26  3.321E-18
1.459E+00  8.533E-26  3.302E-18
1.445E+00  8.586E-26  3.292E-18
1.432E+00  8.665E-26  3.292E-18
1.419E+00  8.775E-26  3.303E-18
1.406E+00  8.922E-26  3.328E-18
1.393E+00  9.114E-26  3.368E-18
1.380E+00  9.359E-26  3.427E-18
1.368E+00  9.669E-26  3.508E-18
1.355E+00  1.005E-25  3.614E-18
1.343E+00  1.052E-25  3.747E-18
1.330E+00  1.108E-25  3.909E-18
1.318E+00  1.171E-25  4.094E-18
1.306E+00  1.238E-25  4.291E-18
1.294E+00  1.302E-25  4.469E-18
1.282E+00  1.348E-25  4.586E-18
1.271E+00  1.362E-25  4.589E-18
1.259E+00  1.331E-25  4.445E-18
1.247E+00  1.257E-25  4.160E-18
1.236E+00  1.154E-25  3.784E-18
1.225E+00  1.042E-25  3.384E-18
1.213E+00  9.351E-26  3.010E-18
1.202E+00  8.431E-26  2.689E-18
1.191E+00  7.685E-26  2.428E-18
1.180E+00  7.106E-26  2.225E-18
1.169E+00  6.679E-26  2.072E-18
1.159E+00  6.388E-26  1.963E-18
1.148E+00  6.222E-26  1.895E-18
1.138E+00  6.180E-26  1.865E-18
1.127E+00  6.275E-26  1.876E-18
1.117E+00  6.534E-26  1.936E-18
1.107E+00  7.009E-26  2.057E-18
1.096E+00  7.784E-26  2.264E-18
1.086E+00  8.981E-26  2.588E-18
1.076E+00  1.072E-25  3.062E-18
1.067E+00  1.290E-25  3.651E-18
1.057E+00  1.465E-25  4.107E-18
1.047E+00  1.435E-25  3.987E-18
1.038E+00  1.188E-25  3.270E-18
1.028E+00  8.970E-26  2.446E-18
1.019E+00  6.712E-26  1.813E-18
1.009E+00  5.183E-26  1.388E-18
1.000E+00  4.170E-26  1.106E-18
