Dust emission from Draine & Li (2007): ApJ 657, 810-837
================================================================
        11 = grain model
 4.000E-08 4.000E-01 0.000E+00 = a_01 (cm) , sigma_1 , b_C1/0.92
 2.500E-07 4.000E-01 0.000E+00 = a_02 (cm) , sigma_2 , b_C2/0.92
 7.000E-01 1.000E+03 2.000E+00 = Umin , Umax, beta (dN/dU propto U^{-beta})
 5.089E+00 = <U> 
     mmp83 = radfield
 2.812E-24 = power/H (erg s-1)
 band   nu*P_nu(band) j_nu(band)
 (um)   (erg s-1 H-1)(Jy cm2 sr-1 H-1)
1.270E+00  2.847E-27  9.589E-20 COBE-DIRBE
2.220E+00  4.786E-27  2.818E-19 COBE-DIRBE
3.530E+00  8.179E-27  7.658E-19 COBE-DIRBE
4.880E+00  6.164E-27  7.979E-19 COBE-DIRBE
1.229E+01  7.695E-26  2.509E-17 COBE-DIRBE
2.079E+01  1.618E-25  8.922E-17 COBE-DIRBE
5.599E+01  1.515E-24  2.250E-15 COBE-DIRBE
9.770E+01  1.642E-24  4.255E-15 COBE-DIRBE
1.479E+02  1.085E-24  4.256E-15 COBE-DIRBE
2.479E+02  3.475E-25  2.285E-15 COBE-DIRBE
1.200E+01  7.482E-26  2.382E-17 IRAS
2.500E+01  2.177E-25  1.444E-16 IRAS
6.000E+01  1.557E-24  2.479E-15 IRAS
1.000E+02  1.621E-24  4.300E-15 IRAS
3.550E+00  8.735E-27  8.225E-19 SST-IRAC
4.493E+00  5.794E-27  6.905E-19 SST-IRAC
5.731E+00  1.319E-26  2.006E-18 SST-IRAC
7.872E+00  5.314E-26  1.110E-17 SST-IRAC
2.368E+01  1.983E-25  1.246E-16 SST-MIPS
7.142E+01  1.593E-24  3.018E-15 SST-MIPS
1.559E+02  9.408E-25  3.891E-15 SST-MIPS
1.600E+01  8.324E-26  3.533E-17 SST-IRSPU
2.200E+01  1.927E-25  1.125E-16 SST-IRSPU











lambda    nu*dP/dnu     j_nu
 (um)   (erg s-1 H-1)(Jy cm2 sr-1 H-1)
1.000E+04  1.331E-31  3.530E-20
9.908E+03  1.379E-31  3.625E-20
9.817E+03  1.429E-31  3.722E-20
9.727E+03  1.481E-31  3.821E-20
9.638E+03  1.535E-31  3.923E-20
9.550E+03  1.590E-31  4.028E-20
9.462E+03  1.648E-31  4.136E-20
9.376E+03  1.707E-31  4.246E-20
9.290E+03  1.769E-31  4.360E-20
9.204E+03  1.833E-31  4.476E-20
9.120E+03  1.900E-31  4.596E-20
9.036E+03  1.968E-31  4.718E-20
8.954E+03  2.039E-31  4.844E-20
8.872E+03  2.113E-31  4.972E-20
8.790E+03  2.189E-31  5.104E-20
8.710E+03  2.268E-31  5.239E-20
8.630E+03  2.349E-31  5.378E-20
8.551E+03  2.434E-31  5.521E-20
8.472E+03  2.522E-31  5.668E-20
8.395E+03  2.613E-31  5.819E-20
8.318E+03  2.708E-31  5.974E-20
8.241E+03  2.805E-31  6.133E-20
8.166E+03  2.907E-31  6.297E-20
8.091E+03  3.012E-31  6.465E-20
8.017E+03  3.121E-31  6.637E-20
7.943E+03  3.234E-31  6.815E-20
7.870E+03  3.352E-31  6.997E-20
7.798E+03  3.473E-31  7.185E-20
7.727E+03  3.599E-31  7.377E-20
7.656E+03  3.730E-31  7.575E-20
7.586E+03  3.866E-31  7.778E-20
7.516E+03  4.006E-31  7.987E-20
7.447E+03  4.152E-31  8.202E-20
7.379E+03  4.303E-31  8.423E-20
7.311E+03  4.460E-31  8.649E-20
7.244E+03  4.622E-31  8.882E-20
7.178E+03  4.791E-31  9.122E-20
7.112E+03  4.966E-31  9.368E-20
7.047E+03  5.147E-31  9.621E-20
6.982E+03  5.335E-31  9.881E-20
6.918E+03  5.529E-31  1.015E-19
6.855E+03  5.731E-31  1.042E-19
6.792E+03  5.940E-31  1.070E-19
6.730E+03  6.157E-31  1.099E-19
6.668E+03  6.383E-31  1.129E-19
6.607E+03  6.616E-31  1.159E-19
6.546E+03  6.858E-31  1.191E-19
6.486E+03  7.109E-31  1.223E-19
6.427E+03  7.370E-31  1.256E-19
6.368E+03  7.640E-31  1.291E-19
6.310E+03  7.921E-31  1.326E-19
6.252E+03  8.211E-31  1.362E-19
6.194E+03  8.513E-31  1.399E-19
6.138E+03  8.826E-31  1.437E-19
6.081E+03  9.151E-31  1.476E-19
6.026E+03  9.488E-31  1.516E-19
5.970E+03  9.837E-31  1.558E-19
5.916E+03  1.020E-30  1.600E-19
5.861E+03  1.058E-30  1.644E-19
5.808E+03  1.097E-30  1.689E-19
5.754E+03  1.137E-30  1.736E-19
5.702E+03  1.179E-30  1.783E-19
5.649E+03  1.223E-30  1.832E-19
5.598E+03  1.268E-30  1.883E-19
5.546E+03  1.315E-30  1.934E-19
5.495E+03  1.363E-30  1.987E-19
5.445E+03  1.414E-30  2.042E-19
5.395E+03  1.466E-30  2.098E-19
5.346E+03  1.521E-30  2.156E-19
5.297E+03  1.577E-30  2.216E-19
5.248E+03  1.636E-30  2.277E-19
5.200E+03  1.696E-30  2.340E-19
5.152E+03  1.759E-30  2.405E-19
5.105E+03  1.825E-30  2.471E-19
5.058E+03  1.893E-30  2.540E-19
5.012E+03  1.963E-30  2.610E-19
4.966E+03  2.036E-30  2.682E-19
4.920E+03  2.112E-30  2.757E-19
4.875E+03  2.191E-30  2.833E-19
4.831E+03  2.272E-30  2.912E-19
4.786E+03  2.357E-30  2.992E-19
4.742E+03  2.445E-30  3.076E-19
4.699E+03  2.536E-30  3.161E-19
4.656E+03  2.631E-30  3.249E-19
4.613E+03  2.729E-30  3.340E-19
4.571E+03  2.831E-30  3.433E-19
4.529E+03  2.937E-30  3.529E-19
4.487E+03  3.047E-30  3.628E-19
4.446E+03  3.162E-30  3.729E-19
4.406E+03  3.280E-30  3.833E-19
4.365E+03  3.403E-30  3.941E-19
4.325E+03  3.531E-30  4.051E-19
4.285E+03  3.664E-30  4.165E-19
4.246E+03  3.802E-30  4.282E-19
4.207E+03  3.945E-30  4.402E-19
4.169E+03  4.093E-30  4.526E-19
4.130E+03  4.247E-30  4.653E-19
4.093E+03  4.407E-30  4.784E-19
4.055E+03  4.573E-30  4.919E-19
4.018E+03  4.746E-30  5.058E-19
3.981E+03  4.925E-30  5.200E-19
3.945E+03  5.110E-30  5.347E-19
3.908E+03  5.303E-30  5.498E-19
3.873E+03  5.503E-30  5.653E-19
3.837E+03  5.711E-30  5.813E-19
3.802E+03  5.927E-30  5.977E-19
3.767E+03  6.151E-30  6.146E-19
3.733E+03  6.384E-30  6.320E-19
3.698E+03  6.625E-30  6.499E-19
3.664E+03  6.876E-30  6.684E-19
3.631E+03  7.137E-30  6.874E-19
3.597E+03  7.408E-30  7.069E-19
3.565E+03  7.689E-30  7.271E-19
3.532E+03  7.982E-30  7.478E-19
3.499E+03  8.285E-30  7.691E-19
3.467E+03  8.601E-30  7.910E-19
3.436E+03  8.928E-30  8.136E-19
3.404E+03  9.268E-30  8.369E-19
3.373E+03  9.622E-30  8.608E-19
3.342E+03  9.989E-30  8.855E-19
3.311E+03  1.037E-29  9.109E-19
3.281E+03  1.077E-29  9.370E-19
3.251E+03  1.118E-29  9.639E-19
3.221E+03  1.161E-29  9.916E-19
3.192E+03  1.205E-29  1.020E-18
3.162E+03  1.251E-29  1.050E-18
3.133E+03  1.299E-29  1.080E-18
3.105E+03  1.349E-29  1.111E-18
3.076E+03  1.401E-29  1.143E-18
3.048E+03  1.454E-29  1.176E-18
3.020E+03  1.510E-29  1.210E-18
2.992E+03  1.568E-29  1.245E-18
2.965E+03  1.628E-29  1.281E-18
2.938E+03  1.691E-29  1.318E-18
2.911E+03  1.756E-29  1.356E-18
2.884E+03  1.823E-29  1.395E-18
2.858E+03  1.893E-29  1.435E-18
2.831E+03  1.966E-29  1.476E-18
2.805E+03  2.042E-29  1.519E-18
2.780E+03  2.120E-29  1.563E-18
2.754E+03  2.202E-29  1.609E-18
2.729E+03  2.287E-29  1.655E-18
2.704E+03  2.375E-29  1.703E-18
2.679E+03  2.466E-29  1.753E-18
2.655E+03  2.562E-29  1.804E-18
2.630E+03  2.661E-29  1.856E-18
2.606E+03  2.764E-29  1.910E-18
2.582E+03  2.870E-29  1.966E-18
2.559E+03  2.982E-29  2.024E-18
2.535E+03  3.097E-29  2.083E-18
2.512E+03  3.217E-29  2.143E-18
2.489E+03  3.342E-29  2.206E-18
2.466E+03  3.471E-29  2.271E-18
2.443E+03  3.606E-29  2.337E-18
2.421E+03  3.746E-29  2.406E-18
2.399E+03  3.892E-29  2.476E-18
2.377E+03  4.043E-29  2.549E-18
2.355E+03  4.200E-29  2.624E-18
2.333E+03  4.364E-29  2.701E-18
2.312E+03  4.533E-29  2.780E-18
2.291E+03  4.710E-29  2.862E-18
2.270E+03  4.894E-29  2.946E-18
2.249E+03  5.084E-29  3.033E-18
2.228E+03  5.283E-29  3.123E-18
2.208E+03  5.489E-29  3.215E-18
2.188E+03  5.703E-29  3.309E-18
2.168E+03  5.925E-29  3.407E-18
2.148E+03  6.157E-29  3.508E-18
2.128E+03  6.397E-29  3.611E-18
2.109E+03  6.647E-29  3.718E-18
2.089E+03  6.907E-29  3.828E-18
2.070E+03  7.178E-29  3.941E-18
2.051E+03  7.458E-29  4.058E-18
2.032E+03  7.750E-29  4.178E-18
2.014E+03  8.054E-29  4.302E-18
1.995E+03  8.369E-29  4.429E-18
1.977E+03  8.696E-29  4.560E-18
1.959E+03  9.037E-29  4.695E-18
1.941E+03  9.391E-29  4.835E-18
1.923E+03  9.758E-29  4.978E-18
1.905E+03  1.014E-28  5.126E-18
1.888E+03  1.054E-28  5.278E-18
1.871E+03  1.095E-28  5.434E-18
1.854E+03  1.138E-28  5.596E-18
1.837E+03  1.183E-28  5.762E-18
1.820E+03  1.229E-28  5.933E-18
1.803E+03  1.277E-28  6.109E-18
1.786E+03  1.328E-28  6.291E-18
1.770E+03  1.380E-28  6.478E-18
1.754E+03  1.434E-28  6.671E-18
1.738E+03  1.490E-28  6.869E-18
1.722E+03  1.549E-28  7.073E-18
1.706E+03  1.610E-28  7.284E-18
1.690E+03  1.673E-28  7.501E-18
1.675E+03  1.738E-28  7.724E-18
1.660E+03  1.807E-28  7.954E-18
1.644E+03  1.878E-28  8.191E-18
1.629E+03  1.952E-28  8.435E-18
1.614E+03  2.028E-28  8.686E-18
1.600E+03  2.108E-28  8.944E-18
1.585E+03  2.191E-28  9.211E-18
1.570E+03  2.277E-28  9.485E-18
1.556E+03  2.366E-28  9.767E-18
1.542E+03  2.459E-28  1.006E-17
1.528E+03  2.556E-28  1.036E-17
1.514E+03  2.656E-28  1.067E-17
1.500E+03  2.761E-28  1.098E-17
1.486E+03  2.869E-28  1.131E-17
1.472E+03  2.982E-28  1.165E-17
1.459E+03  3.100E-28  1.199E-17
1.445E+03  3.221E-28  1.235E-17
1.432E+03  3.348E-28  1.272E-17
1.419E+03  3.480E-28  1.310E-17
1.406E+03  3.616E-28  1.349E-17
1.393E+03  3.759E-28  1.389E-17
1.380E+03  3.906E-28  1.430E-17
1.368E+03  4.060E-28  1.473E-17
1.355E+03  4.219E-28  1.517E-17
1.343E+03  4.385E-28  1.562E-17
1.330E+03  4.557E-28  1.608E-17
1.318E+03  4.736E-28  1.656E-17
1.306E+03  4.922E-28  1.705E-17
1.294E+03  5.115E-28  1.756E-17
1.282E+03  5.316E-28  1.808E-17
1.271E+03  5.524E-28  1.862E-17
1.259E+03  5.741E-28  1.917E-17
1.247E+03  5.966E-28  1.974E-17
1.236E+03  6.200E-28  2.033E-17
1.225E+03  6.442E-28  2.093E-17
1.213E+03  6.695E-28  2.155E-17
1.202E+03  6.957E-28  2.219E-17
1.191E+03  7.229E-28  2.284E-17
1.180E+03  7.511E-28  2.352E-17
1.169E+03  7.805E-28  2.421E-17
1.159E+03  8.109E-28  2.493E-17
1.148E+03  8.426E-28  2.566E-17
1.138E+03  8.755E-28  2.642E-17
1.127E+03  9.096E-28  2.720E-17
1.117E+03  9.451E-28  2.800E-17
1.107E+03  9.819E-28  2.882E-17
1.096E+03  1.020E-27  2.967E-17
1.086E+03  1.060E-27  3.054E-17
1.076E+03  1.101E-27  3.144E-17
1.067E+03  1.144E-27  3.236E-17
1.057E+03  1.188E-27  3.331E-17
1.047E+03  1.234E-27  3.428E-17
1.038E+03  1.282E-27  3.529E-17
1.028E+03  1.332E-27  3.632E-17
1.019E+03  1.383E-27  3.738E-17
1.009E+03  1.437E-27  3.847E-17
1.000E+03  1.492E-27  3.959E-17
9.908E+02  1.550E-27  4.074E-17
9.817E+02  1.610E-27  4.193E-17
9.727E+02  1.672E-27  4.315E-17
9.638E+02  1.737E-27  4.441E-17
9.550E+02  1.804E-27  4.570E-17
9.462E+02  1.873E-27  4.702E-17
9.376E+02  1.946E-27  4.839E-17
9.290E+02  2.021E-27  4.979E-17
9.204E+02  2.098E-27  5.123E-17
9.120E+02  2.179E-27  5.271E-17
9.036E+02  2.262E-27  5.423E-17
8.954E+02  2.349E-27  5.579E-17
8.872E+02  2.439E-27  5.739E-17
8.790E+02  2.532E-27  5.904E-17
8.710E+02  2.629E-27  6.073E-17
8.630E+02  2.729E-27  6.247E-17
8.551E+02  2.833E-27  6.425E-17
8.472E+02  2.941E-27  6.609E-17
8.395E+02  3.052E-27  6.797E-17
8.318E+02  3.168E-27  6.990E-17
8.241E+02  3.288E-27  7.188E-17
8.166E+02  3.412E-27  7.391E-17
8.091E+02  3.541E-27  7.600E-17
8.017E+02  3.675E-27  7.815E-17
7.943E+02  3.813E-27  8.034E-17
7.870E+02  3.957E-27  8.260E-17
7.798E+02  4.105E-27  8.492E-17
7.727E+02  4.259E-27  8.730E-17
7.656E+02  4.419E-27  8.974E-17
7.586E+02  4.585E-27  9.225E-17
7.516E+02  4.756E-27  9.482E-17
7.447E+02  4.934E-27  9.747E-17
7.379E+02  5.119E-27  1.002E-16
7.311E+02  5.310E-27  1.030E-16
7.244E+02  5.509E-27  1.059E-16
7.178E+02  5.715E-27  1.088E-16
7.112E+02  5.928E-27  1.118E-16
7.047E+02  6.150E-27  1.150E-16
6.982E+02  6.379E-27  1.181E-16
6.918E+02  6.617E-27  1.214E-16
6.855E+02  6.863E-27  1.248E-16
6.792E+02  7.118E-27  1.282E-16
6.730E+02  7.382E-27  1.318E-16
6.668E+02  7.656E-27  1.354E-16
6.607E+02  7.939E-27  1.391E-16
6.546E+02  8.233E-27  1.430E-16
6.486E+02  8.540E-27  1.469E-16
6.427E+02  8.857E-27  1.510E-16
6.368E+02  9.186E-27  1.552E-16
6.310E+02  9.527E-27  1.595E-16
6.252E+02  9.881E-27  1.639E-16
6.194E+02  1.025E-26  1.684E-16
6.138E+02  1.063E-26  1.730E-16
6.081E+02  1.102E-26  1.778E-16
6.026E+02  1.143E-26  1.827E-16
5.970E+02  1.185E-26  1.877E-16
5.916E+02  1.229E-26  1.929E-16
5.861E+02  1.275E-26  1.982E-16
5.808E+02  1.322E-26  2.036E-16
5.754E+02  1.371E-26  2.092E-16
5.702E+02  1.421E-26  2.149E-16
5.649E+02  1.473E-26  2.208E-16
5.598E+02  1.528E-26  2.269E-16
5.546E+02  1.584E-26  2.331E-16
5.495E+02  1.643E-26  2.394E-16
5.445E+02  1.703E-26  2.460E-16
5.395E+02  1.766E-26  2.527E-16
5.346E+02  1.830E-26  2.596E-16
5.297E+02  1.898E-26  2.666E-16
5.248E+02  1.967E-26  2.739E-16
5.200E+02  2.040E-26  2.813E-16
5.152E+02  2.115E-26  2.890E-16
5.105E+02  2.192E-26  2.968E-16
5.058E+02  2.272E-26  3.049E-16
5.012E+02  2.355E-26  3.131E-16
4.966E+02  2.441E-26  3.216E-16
4.920E+02  2.530E-26  3.303E-16
4.875E+02  2.623E-26  3.392E-16
4.831E+02  2.718E-26  3.483E-16
4.786E+02  2.817E-26  3.577E-16
4.742E+02  2.920E-26  3.673E-16
4.699E+02  3.026E-26  3.771E-16
4.656E+02  3.135E-26  3.872E-16
4.613E+02  3.249E-26  3.976E-16
4.571E+02  3.367E-26  4.082E-16
4.529E+02  3.488E-26  4.191E-16
4.487E+02  3.614E-26  4.302E-16
4.446E+02  3.745E-26  4.417E-16
4.406E+02  3.880E-26  4.534E-16
4.365E+02  4.019E-26  4.654E-16
4.325E+02  4.163E-26  4.777E-16
4.285E+02  4.313E-26  4.903E-16
4.246E+02  4.468E-26  5.032E-16
4.207E+02  4.627E-26  5.164E-16
4.169E+02  4.793E-26  5.300E-16
4.130E+02  4.963E-26  5.438E-16
4.093E+02  5.141E-26  5.581E-16
4.055E+02  5.324E-26  5.726E-16
4.018E+02  5.513E-26  5.876E-16
3.981E+02  5.709E-26  6.028E-16
3.945E+02  5.911E-26  6.185E-16
3.908E+02  6.121E-26  6.346E-16
3.873E+02  6.338E-26  6.510E-16
3.837E+02  6.562E-26  6.678E-16
3.802E+02  6.793E-26  6.851E-16
3.767E+02  7.032E-26  7.026E-16
3.733E+02  7.279E-26  7.206E-16
3.698E+02  7.534E-26  7.391E-16
3.664E+02  7.798E-26  7.580E-16
3.631E+02  8.071E-26  7.773E-16
3.597E+02  8.352E-26  7.970E-16
3.565E+02  8.643E-26  8.172E-16
3.532E+02  8.943E-26  8.378E-16
3.499E+02  9.253E-26  8.589E-16
3.467E+02  9.573E-26  8.805E-16
3.436E+02  9.904E-26  9.026E-16
3.404E+02  1.025E-25  9.251E-16
3.373E+02  1.060E-25  9.482E-16
3.342E+02  1.096E-25  9.717E-16
3.311E+02  1.134E-25  9.958E-16
3.281E+02  1.172E-25  1.020E-15
3.251E+02  1.212E-25  1.045E-15
3.221E+02  1.253E-25  1.071E-15
3.192E+02  1.296E-25  1.097E-15
3.162E+02  1.340E-25  1.124E-15
3.133E+02  1.385E-25  1.151E-15
3.105E+02  1.431E-25  1.179E-15
3.076E+02  1.479E-25  1.207E-15
3.048E+02  1.529E-25  1.236E-15
3.020E+02  1.580E-25  1.265E-15
2.992E+02  1.632E-25  1.295E-15
2.965E+02  1.686E-25  1.326E-15
2.938E+02  1.742E-25  1.357E-15
2.911E+02  1.799E-25  1.389E-15
2.884E+02  1.858E-25  1.422E-15
2.858E+02  1.919E-25  1.455E-15
2.831E+02  1.982E-25  1.488E-15
2.805E+02  2.046E-25  1.522E-15
2.780E+02  2.112E-25  1.557E-15
2.754E+02  2.180E-25  1.593E-15
2.729E+02  2.250E-25  1.629E-15
2.704E+02  2.323E-25  1.666E-15
2.679E+02  2.398E-25  1.704E-15
2.655E+02  2.474E-25  1.742E-15
2.630E+02  2.553E-25  1.782E-15
2.606E+02  2.635E-25  1.821E-15
2.582E+02  2.718E-25  1.862E-15
2.559E+02  2.803E-25  1.903E-15
2.535E+02  2.890E-25  1.944E-15
2.512E+02  2.979E-25  1.985E-15
2.489E+02  3.068E-25  2.026E-15
2.466E+02  3.157E-25  2.065E-15
2.443E+02  3.247E-25  2.105E-15
2.421E+02  3.339E-25  2.144E-15
2.399E+02  3.431E-25  2.183E-15
2.377E+02  3.524E-25  2.222E-15
2.355E+02  3.618E-25  2.260E-15
2.333E+02  3.714E-25  2.299E-15
2.312E+02  3.812E-25  2.338E-15
2.291E+02  3.912E-25  2.377E-15
2.270E+02  4.014E-25  2.417E-15
2.249E+02  4.117E-25  2.456E-15
2.228E+02  4.223E-25  2.496E-15
2.208E+02  4.330E-25  2.536E-15
2.188E+02  4.440E-25  2.576E-15
2.168E+02  4.551E-25  2.617E-15
2.148E+02  4.664E-25  2.657E-15
2.128E+02  4.779E-25  2.698E-15
2.109E+02  4.896E-25  2.739E-15
2.089E+02  5.015E-25  2.779E-15
2.070E+02  5.136E-25  2.820E-15
2.051E+02  5.258E-25  2.861E-15
2.032E+02  5.383E-25  2.902E-15
2.014E+02  5.509E-25  2.943E-15
1.995E+02  5.637E-25  2.983E-15
1.977E+02  5.767E-25  3.024E-15
1.959E+02  5.898E-25  3.065E-15
1.941E+02  6.031E-25  3.105E-15
1.923E+02  6.166E-25  3.146E-15
1.905E+02  6.303E-25  3.186E-15
1.888E+02  6.442E-25  3.226E-15
1.871E+02  6.582E-25  3.266E-15
1.854E+02  6.724E-25  3.306E-15
1.837E+02  6.868E-25  3.346E-15
1.820E+02  7.013E-25  3.385E-15
1.803E+02  7.160E-25  3.424E-15
1.786E+02  7.308E-25  3.463E-15
1.770E+02  7.458E-25  3.502E-15
1.754E+02  7.610E-25  3.540E-15
1.738E+02  7.764E-25  3.579E-15
1.722E+02  7.918E-25  3.617E-15
1.706E+02  8.075E-25  3.654E-15
1.690E+02  8.233E-25  3.692E-15
1.675E+02  8.393E-25  3.729E-15
1.660E+02  8.555E-25  3.766E-15
1.644E+02  8.718E-25  3.803E-15
1.629E+02  8.883E-25  3.839E-15
1.614E+02  9.050E-25  3.875E-15
1.600E+02  9.219E-25  3.911E-15
1.585E+02  9.389E-25  3.947E-15
1.570E+02  9.562E-25  3.983E-15
1.556E+02  9.737E-25  4.019E-15
1.542E+02  9.914E-25  4.054E-15
1.528E+02  1.009E-24  4.090E-15
1.514E+02  1.028E-24  4.125E-15
1.500E+02  1.046E-24  4.161E-15
1.486E+02  1.065E-24  4.197E-15
1.472E+02  1.084E-24  4.233E-15
1.459E+02  1.103E-24  4.268E-15
1.445E+02  1.122E-24  4.302E-15
1.432E+02  1.141E-24  4.335E-15
1.419E+02  1.160E-24  4.365E-15
1.406E+02  1.178E-24  4.392E-15
1.393E+02  1.194E-24  4.414E-15
1.380E+02  1.210E-24  4.432E-15
1.368E+02  1.225E-24  4.445E-15
1.355E+02  1.239E-24  4.455E-15
1.343E+02  1.253E-24  4.461E-15
1.330E+02  1.265E-24  4.466E-15
1.318E+02  1.278E-24  4.470E-15
1.306E+02  1.291E-24  4.472E-15
1.294E+02  1.304E-24  4.475E-15
1.282E+02  1.316E-24  4.478E-15
1.271E+02  1.329E-24  4.480E-15
1.259E+02  1.342E-24  4.483E-15
1.247E+02  1.355E-24  4.485E-15
1.236E+02  1.368E-24  4.487E-15
1.225E+02  1.382E-24  4.488E-15
1.213E+02  1.395E-24  4.489E-15
1.202E+02  1.408E-24  4.490E-15
1.191E+02  1.421E-24  4.490E-15
1.180E+02  1.434E-24  4.490E-15
1.169E+02  1.447E-24  4.489E-15
1.159E+02  1.460E-24  4.486E-15
1.148E+02  1.472E-24  4.484E-15
1.138E+02  1.485E-24  4.480E-15
1.127E+02  1.497E-24  4.476E-15
1.117E+02  1.509E-24  4.472E-15
1.107E+02  1.522E-24  4.466E-15
1.096E+02  1.534E-24  4.461E-15
1.086E+02  1.546E-24  4.454E-15
1.076E+02  1.557E-24  4.446E-15
1.067E+02  1.569E-24  4.438E-15
1.057E+02  1.580E-24  4.429E-15
1.047E+02  1.591E-24  4.419E-15
1.038E+02  1.602E-24  4.409E-15
1.028E+02  1.613E-24  4.397E-15
1.019E+02  1.623E-24  4.385E-15
1.009E+02  1.633E-24  4.371E-15
1.000E+02  1.642E-24  4.357E-15
9.908E+01  1.652E-24  4.342E-15
9.817E+01  1.661E-24  4.326E-15
9.727E+01  1.670E-24  4.308E-15
9.638E+01  1.678E-24  4.291E-15
9.550E+01  1.686E-24  4.272E-15
9.462E+01  1.694E-24  4.253E-15
9.376E+01  1.702E-24  4.233E-15
9.290E+01  1.709E-24  4.212E-15
9.204E+01  1.716E-24  4.190E-15
9.120E+01  1.723E-24  4.167E-15
9.036E+01  1.729E-24  4.144E-15
8.954E+01  1.735E-24  4.120E-15
8.872E+01  1.740E-24  4.095E-15
8.790E+01  1.746E-24  4.070E-15
8.710E+01  1.751E-24  4.044E-15
8.630E+01  1.755E-24  4.018E-15
8.551E+01  1.760E-24  3.991E-15
8.472E+01  1.763E-24  3.963E-15
8.395E+01  1.767E-24  3.935E-15
8.318E+01  1.770E-24  3.905E-15
8.241E+01  1.773E-24  3.876E-15
8.166E+01  1.775E-24  3.846E-15
8.091E+01  1.778E-24  3.815E-15
8.017E+01  1.780E-24  3.784E-15
7.943E+01  1.781E-24  3.752E-15
7.870E+01  1.782E-24  3.720E-15
7.798E+01  1.783E-24  3.687E-15
7.727E+01  1.783E-24  3.654E-15
7.656E+01  1.783E-24  3.621E-15
7.586E+01  1.782E-24  3.587E-15
7.516E+01  1.782E-24  3.552E-15
7.447E+01  1.781E-24  3.517E-15
7.379E+01  1.779E-24  3.482E-15
7.311E+01  1.777E-24  3.446E-15
7.244E+01  1.774E-24  3.410E-15
7.178E+01  1.772E-24  3.373E-15
7.112E+01  1.768E-24  3.336E-15
7.047E+01  1.765E-24  3.299E-15
6.982E+01  1.762E-24  3.263E-15
6.918E+01  1.758E-24  3.225E-15
6.855E+01  1.753E-24  3.187E-15
6.792E+01  1.748E-24  3.149E-15
6.730E+01  1.743E-24  3.111E-15
6.668E+01  1.737E-24  3.072E-15
6.607E+01  1.731E-24  3.034E-15
6.546E+01  1.725E-24  2.995E-15
6.486E+01  1.718E-24  2.956E-15
6.427E+01  1.711E-24  2.917E-15
6.368E+01  1.704E-24  2.878E-15
6.310E+01  1.696E-24  2.839E-15
6.252E+01  1.689E-24  2.800E-15
6.194E+01  1.680E-24  2.761E-15
6.138E+01  1.672E-24  2.722E-15
6.081E+01  1.663E-24  2.683E-15
6.026E+01  1.654E-24  2.644E-15
5.970E+01  1.645E-24  2.605E-15
5.916E+01  1.635E-24  2.565E-15
5.861E+01  1.625E-24  2.526E-15
5.808E+01  1.614E-24  2.487E-15
5.754E+01  1.603E-24  2.447E-15
5.702E+01  1.592E-24  2.408E-15
5.649E+01  1.581E-24  2.369E-15
5.598E+01  1.570E-24  2.330E-15
5.546E+01  1.558E-24  2.292E-15
5.495E+01  1.546E-24  2.253E-15
5.445E+01  1.534E-24  2.215E-15
5.395E+01  1.521E-24  2.177E-15
5.346E+01  1.509E-24  2.139E-15
5.297E+01  1.496E-24  2.102E-15
5.248E+01  1.483E-24  2.064E-15
5.200E+01  1.470E-24  2.027E-15
5.152E+01  1.456E-24  1.990E-15
5.105E+01  1.442E-24  1.953E-15
5.058E+01  1.428E-24  1.916E-15
5.012E+01  1.414E-24  1.880E-15
4.966E+01  1.400E-24  1.844E-15
4.920E+01  1.385E-24  1.808E-15
4.875E+01  1.370E-24  1.772E-15
4.831E+01  1.356E-24  1.737E-15
4.786E+01  1.341E-24  1.702E-15
4.742E+01  1.325E-24  1.667E-15
4.699E+01  1.310E-24  1.633E-15
4.656E+01  1.295E-24  1.599E-15
4.613E+01  1.279E-24  1.566E-15
4.571E+01  1.264E-24  1.532E-15
4.529E+01  1.248E-24  1.499E-15
4.487E+01  1.232E-24  1.467E-15
4.446E+01  1.217E-24  1.435E-15
4.406E+01  1.201E-24  1.403E-15
4.365E+01  1.185E-24  1.372E-15
4.325E+01  1.169E-24  1.341E-15
4.285E+01  1.153E-24  1.310E-15
4.246E+01  1.136E-24  1.280E-15
4.207E+01  1.120E-24  1.250E-15
4.169E+01  1.104E-24  1.220E-15
4.130E+01  1.087E-24  1.191E-15
4.093E+01  1.070E-24  1.162E-15
4.055E+01  1.053E-24  1.133E-15
4.018E+01  1.036E-24  1.104E-15
3.981E+01  1.019E-24  1.076E-15
3.945E+01  1.001E-24  1.048E-15
3.908E+01  9.839E-25  1.020E-15
3.873E+01  9.662E-25  9.925E-16
3.837E+01  9.484E-25  9.653E-16
3.802E+01  9.304E-25  9.383E-16
3.767E+01  9.122E-25  9.115E-16
3.733E+01  8.936E-25  8.847E-16
3.698E+01  8.747E-25  8.581E-16
3.664E+01  8.558E-25  8.318E-16
3.631E+01  8.368E-25  8.059E-16
3.597E+01  8.176E-25  7.802E-16
3.565E+01  7.984E-25  7.549E-16
3.532E+01  7.791E-25  7.299E-16
3.499E+01  7.598E-25  7.052E-16
3.467E+01  7.403E-25  6.809E-16
3.436E+01  7.209E-25  6.569E-16
3.404E+01  7.014E-25  6.333E-16
3.373E+01  6.819E-25  6.101E-16
3.342E+01  6.625E-25  5.873E-16
3.311E+01  6.434E-25  5.651E-16
3.281E+01  6.243E-25  5.433E-16
3.251E+01  6.054E-25  5.220E-16
3.221E+01  5.866E-25  5.012E-16
3.192E+01  5.681E-25  4.809E-16
3.162E+01  5.498E-25  4.611E-16
3.133E+01  5.317E-25  4.419E-16
3.105E+01  5.140E-25  4.233E-16
3.076E+01  4.967E-25  4.053E-16
3.048E+01  4.797E-25  3.879E-16
3.020E+01  4.632E-25  3.711E-16
2.992E+01  4.471E-25  3.549E-16
2.965E+01  4.314E-25  3.392E-16
2.938E+01  4.161E-25  3.242E-16
2.911E+01  4.014E-25  3.099E-16
2.884E+01  3.871E-25  2.962E-16
2.858E+01  3.734E-25  2.831E-16
2.831E+01  3.602E-25  2.706E-16
2.805E+01  3.476E-25  2.587E-16
2.780E+01  3.355E-25  2.474E-16
2.754E+01  3.239E-25  2.366E-16
2.729E+01  3.128E-25  2.264E-16
2.704E+01  3.023E-25  2.168E-16
2.679E+01  2.922E-25  2.077E-16
2.655E+01  2.826E-25  1.990E-16
2.630E+01  2.735E-25  1.908E-16
2.606E+01  2.648E-25  1.831E-16
2.582E+01  2.566E-25  1.758E-16
2.559E+01  2.488E-25  1.688E-16
2.535E+01  2.414E-25  1.623E-16
2.512E+01  2.343E-25  1.561E-16
2.489E+01  2.276E-25  1.503E-16
2.466E+01  2.213E-25  1.447E-16
2.443E+01  2.152E-25  1.395E-16
2.421E+01  2.094E-25  1.345E-16
2.399E+01  2.039E-25  1.297E-16
2.377E+01  1.987E-25  1.252E-16
2.355E+01  1.939E-25  1.211E-16
2.333E+01  1.893E-25  1.172E-16
2.312E+01  1.848E-25  1.133E-16
2.291E+01  1.806E-25  1.097E-16
2.270E+01  1.768E-25  1.065E-16
2.249E+01  1.735E-25  1.035E-16
2.228E+01  1.704E-25  1.007E-16
2.208E+01  1.674E-25  9.806E-17
2.188E+01  1.644E-25  9.540E-17
2.168E+01  1.614E-25  9.281E-17
2.148E+01  1.586E-25  9.036E-17
2.128E+01  1.561E-25  8.812E-17
2.109E+01  1.539E-25  8.609E-17
2.089E+01  1.518E-25  8.412E-17
2.070E+01  1.497E-25  8.219E-17
2.051E+01  1.477E-25  8.034E-17
2.032E+01  1.459E-25  7.864E-17
2.014E+01  1.446E-25  7.726E-17
1.995E+01  1.435E-25  7.593E-17
1.977E+01  1.423E-25  7.461E-17
1.959E+01  1.410E-25  7.326E-17
1.941E+01  1.396E-25  7.186E-17
1.923E+01  1.380E-25  7.041E-17
1.905E+01  1.363E-25  6.891E-17
1.888E+01  1.345E-25  6.737E-17
1.871E+01  1.326E-25  6.579E-17
1.854E+01  1.306E-25  6.419E-17
1.837E+01  1.286E-25  6.263E-17
1.820E+01  1.268E-25  6.119E-17
1.803E+01  1.259E-25  6.020E-17
1.786E+01  1.262E-25  5.978E-17
1.770E+01  1.230E-25  5.773E-17
1.754E+01  1.228E-25  5.712E-17
1.738E+01  1.280E-25  5.902E-17
1.722E+01  1.211E-25  5.530E-17
1.706E+01  1.173E-25  5.309E-17
1.690E+01  1.127E-25  5.053E-17
1.675E+01  1.074E-25  4.774E-17
1.660E+01  1.052E-25  4.629E-17
1.644E+01  1.096E-25  4.782E-17
1.629E+01  9.424E-26  4.073E-17
1.614E+01  8.713E-26  3.731E-17
1.600E+01  8.513E-26  3.612E-17
1.585E+01  8.221E-26  3.456E-17
1.570E+01  7.523E-26  3.134E-17
1.556E+01  7.065E-26  2.916E-17
1.542E+01  6.725E-26  2.750E-17
1.528E+01  6.438E-26  2.609E-17
1.514E+01  6.182E-26  2.482E-17
1.500E+01  5.954E-26  2.369E-17
1.486E+01  5.742E-26  2.263E-17
1.472E+01  5.551E-26  2.168E-17
1.459E+01  5.386E-26  2.084E-17
1.445E+01  5.278E-26  2.024E-17
1.432E+01  5.264E-26  2.000E-17
1.419E+01  5.287E-26  1.990E-17
1.406E+01  5.097E-26  1.901E-17
1.393E+01  4.973E-26  1.838E-17
1.380E+01  4.993E-26  1.828E-17
1.368E+01  5.190E-26  1.883E-17
1.355E+01  5.304E-26  1.907E-17
1.343E+01  5.217E-26  1.858E-17
1.330E+01  5.286E-26  1.866E-17
1.318E+01  5.462E-26  1.910E-17
1.306E+01  5.733E-26  1.986E-17
1.294E+01  6.150E-26  2.111E-17
1.282E+01  6.777E-26  2.305E-17
1.271E+01  7.529E-26  2.537E-17
1.259E+01  7.902E-26  2.639E-17
1.247E+01  7.624E-26  2.523E-17
1.236E+01  7.273E-26  2.384E-17
1.225E+01  7.185E-26  2.334E-17
1.213E+01  7.351E-26  2.366E-17
1.202E+01  7.579E-26  2.417E-17
1.191E+01  7.627E-26  2.410E-17
1.180E+01  7.576E-26  2.372E-17
1.169E+01  7.660E-26  2.376E-17
1.159E+01  8.033E-26  2.469E-17
1.148E+01  8.968E-26  2.731E-17
1.138E+01  1.079E-25  3.256E-17
1.127E+01  1.281E-25  3.829E-17
1.117E+01  1.083E-25  3.209E-17
1.107E+01  8.878E-26  2.606E-17
1.096E+01  8.308E-26  2.416E-17
1.086E+01  8.155E-26  2.350E-17
1.076E+01  8.195E-26  2.340E-17
1.067E+01  8.342E-26  2.360E-17
1.057E+01  8.558E-26  2.399E-17
1.047E+01  8.790E-26  2.442E-17
1.038E+01  8.990E-26  2.474E-17
1.028E+01  9.139E-26  2.492E-17
1.019E+01  9.238E-26  2.496E-17
1.009E+01  9.319E-26  2.495E-17
1.000E+01  9.402E-26  2.494E-17
9.908E+00  9.511E-26  2.500E-17
9.817E+00  9.637E-26  2.510E-17
9.727E+00  9.773E-26  2.522E-17
9.638E+00  9.907E-26  2.533E-17
9.550E+00  9.984E-26  2.529E-17
9.462E+00  9.976E-26  2.504E-17
9.376E+00  9.858E-26  2.452E-17
9.290E+00  9.618E-26  2.370E-17
9.204E+00  9.265E-26  2.262E-17
9.120E+00  8.830E-26  2.136E-17
9.036E+00  8.359E-26  2.004E-17
8.954E+00  7.916E-26  1.880E-17
8.872E+00  7.571E-26  1.782E-17
8.790E+00  7.403E-26  1.726E-17
8.710E+00  7.467E-26  1.725E-17
8.630E+00  7.546E-26  1.727E-17
8.551E+00  7.125E-26  1.616E-17
8.472E+00  6.456E-26  1.451E-17
8.395E+00  5.943E-26  1.323E-17
8.318E+00  5.558E-26  1.226E-17
8.241E+00  5.239E-26  1.145E-17
8.166E+00  5.028E-26  1.089E-17
8.091E+00  5.040E-26  1.082E-17
8.017E+00  5.322E-26  1.132E-17
7.943E+00  5.842E-26  1.231E-17
7.870E+00  6.313E-26  1.318E-17
7.798E+00  6.411E-26  1.326E-17
7.727E+00  6.395E-26  1.311E-17
7.656E+00  6.569E-26  1.334E-17
7.586E+00  6.340E-26  1.276E-17
7.516E+00  5.265E-26  1.050E-17
7.447E+00  4.090E-26  8.081E-18
7.379E+00  3.246E-26  6.354E-18
7.311E+00  2.687E-26  5.211E-18
7.244E+00  2.300E-26  4.419E-18
7.178E+00  2.019E-26  3.844E-18
7.112E+00  1.815E-26  3.424E-18
7.047E+00  1.668E-26  3.118E-18
6.982E+00  1.566E-26  2.901E-18
6.918E+00  1.505E-26  2.763E-18
6.855E+00  1.480E-26  2.691E-18
6.792E+00  1.479E-26  2.664E-18
6.730E+00  1.481E-26  2.644E-18
6.668E+00  1.464E-26  2.589E-18
6.607E+00  1.427E-26  2.500E-18
6.546E+00  1.401E-26  2.433E-18
6.486E+00  1.428E-26  2.457E-18
6.427E+00  1.555E-26  2.652E-18
6.368E+00  1.883E-26  3.181E-18
6.310E+00  2.636E-26  4.412E-18
6.252E+00  3.933E-26  6.523E-18
6.194E+00  3.983E-26  6.545E-18
6.138E+00  2.597E-26  4.228E-18
6.081E+00  1.735E-26  2.799E-18
6.026E+00  1.332E-26  2.130E-18
5.970E+00  1.138E-26  1.803E-18
5.916E+00  1.048E-26  1.644E-18
5.861E+00  1.026E-26  1.596E-18
5.808E+00  1.069E-26  1.647E-18
5.754E+00  1.169E-26  1.784E-18
5.702E+00  1.225E-26  1.852E-18
5.649E+00  1.115E-26  1.671E-18
5.598E+00  9.553E-27  1.418E-18
5.546E+00  8.443E-27  1.242E-18
5.495E+00  7.789E-27  1.135E-18
5.445E+00  7.427E-27  1.073E-18
5.395E+00  7.283E-27  1.042E-18
5.346E+00  7.382E-27  1.047E-18
5.297E+00  7.809E-27  1.097E-18
5.248E+00  8.120E-27  1.130E-18
5.200E+00  7.486E-27  1.033E-18
5.152E+00  6.830E-27  9.334E-19
5.105E+00  6.467E-27  8.757E-19
5.058E+00  6.263E-27  8.403E-19
5.012E+00  6.135E-27  8.155E-19
4.966E+00  6.047E-27  7.965E-19
4.920E+00  5.981E-27  7.807E-19
4.875E+00  5.930E-27  7.669E-19
4.831E+00  5.889E-27  7.546E-19
4.786E+00  5.855E-27  7.434E-19
4.742E+00  5.828E-27  7.331E-19
4.699E+00  5.805E-27  7.236E-19
4.656E+00  5.786E-27  7.146E-19
4.613E+00  5.770E-27  7.061E-19
4.571E+00  5.756E-27  6.979E-19
4.529E+00  5.745E-27  6.901E-19
4.487E+00  5.735E-27  6.827E-19
4.446E+00  5.728E-27  6.756E-19
4.406E+00  5.723E-27  6.688E-19
4.365E+00  5.720E-27  6.623E-19
4.325E+00  5.717E-27  6.559E-19
4.285E+00  5.716E-27  6.498E-19
4.246E+00  5.715E-27  6.438E-19
4.207E+00  5.716E-27  6.379E-19
4.169E+00  5.717E-27  6.321E-19
4.130E+00  5.718E-27  6.265E-19
4.093E+00  5.717E-27  6.207E-19
4.055E+00  5.717E-27  6.149E-19
4.018E+00  5.717E-27  6.093E-19
3.981E+00  5.717E-27  6.038E-19
3.945E+00  5.718E-27  5.983E-19
3.908E+00  5.720E-27  5.930E-19
3.873E+00  5.722E-27  5.878E-19
3.837E+00  5.727E-27  5.829E-19
3.802E+00  5.734E-27  5.783E-19
3.767E+00  5.743E-27  5.738E-19
3.733E+00  5.754E-27  5.697E-19
3.698E+00  5.769E-27  5.659E-19
3.664E+00  5.788E-27  5.626E-19
3.631E+00  5.814E-27  5.600E-19
3.597E+00  5.850E-27  5.583E-19
3.565E+00  5.901E-27  5.579E-19
3.532E+00  5.974E-27  5.596E-19
3.499E+00  6.085E-27  5.648E-19
3.467E+00  6.264E-27  5.761E-19
3.436E+00  6.578E-27  5.995E-19
3.404E+00  7.199E-27  6.500E-19
3.373E+00  8.685E-27  7.770E-19
3.342E+00  1.362E-26  1.207E-18
3.311E+00  3.814E-26  3.350E-18
3.281E+00  2.763E-26  2.405E-18
3.251E+00  1.134E-26  9.782E-19
3.221E+00  7.928E-27  6.774E-19
3.192E+00  6.790E-27  5.748E-19
3.162E+00  6.281E-27  5.269E-19
3.133E+00  6.008E-27  4.994E-19
3.105E+00  5.843E-27  4.812E-19
3.076E+00  5.735E-27  4.680E-19
3.048E+00  5.660E-27  4.576E-19
3.020E+00  5.602E-27  4.488E-19
2.992E+00  5.557E-27  4.411E-19
2.965E+00  5.519E-27  4.341E-19
2.938E+00  5.487E-27  4.276E-19
2.911E+00  5.459E-27  4.215E-19
2.884E+00  5.433E-27  4.156E-19
2.858E+00  5.409E-27  4.100E-19
2.831E+00  5.386E-27  4.045E-19
2.805E+00  5.364E-27  3.992E-19
2.780E+00  5.343E-27  3.940E-19
2.754E+00  5.323E-27  3.889E-19
2.729E+00  5.302E-27  3.838E-19
2.704E+00  5.282E-27  3.788E-19
2.679E+00  5.261E-27  3.739E-19
2.655E+00  5.241E-27  3.690E-19
2.630E+00  5.221E-27  3.642E-19
2.606E+00  5.200E-27  3.595E-19
2.582E+00  5.179E-27  3.548E-19
2.559E+00  5.159E-27  3.501E-19
2.535E+00  5.137E-27  3.455E-19
2.512E+00  5.116E-27  3.409E-19
2.489E+00  5.095E-27  3.364E-19
2.466E+00  5.073E-27  3.319E-19
2.443E+00  5.052E-27  3.274E-19
2.421E+00  5.030E-27  3.230E-19
2.399E+00  5.008E-27  3.186E-19
2.377E+00  4.985E-27  3.143E-19
2.355E+00  4.961E-27  3.099E-19
2.333E+00  4.937E-27  3.056E-19
2.312E+00  4.913E-27  3.013E-19
2.291E+00  4.888E-27  2.970E-19
2.270E+00  4.862E-27  2.927E-19
2.249E+00  4.836E-27  2.885E-19
2.228E+00  4.809E-27  2.843E-19
2.208E+00  4.782E-27  2.801E-19
2.188E+00  4.755E-27  2.759E-19
2.168E+00  4.727E-27  2.718E-19
2.148E+00  4.698E-27  2.677E-19
2.128E+00  4.669E-27  2.636E-19
2.109E+00  4.639E-27  2.595E-19
2.089E+00  4.609E-27  2.554E-19
2.070E+00  4.577E-27  2.513E-19
2.051E+00  4.544E-27  2.472E-19
2.032E+00  4.510E-27  2.431E-19
2.014E+00  4.474E-27  2.390E-19
1.995E+00  4.436E-27  2.348E-19
1.977E+00  4.397E-27  2.306E-19
1.959E+00  4.356E-27  2.263E-19
1.941E+00  4.315E-27  2.222E-19
1.923E+00  4.277E-27  2.182E-19
1.905E+00  4.244E-27  2.145E-19
1.888E+00  4.217E-27  2.112E-19
1.871E+00  4.195E-27  2.082E-19
1.854E+00  4.174E-27  2.052E-19
1.837E+00  4.152E-27  2.023E-19
1.820E+00  4.128E-27  1.993E-19
1.803E+00  4.102E-27  1.962E-19
1.786E+00  4.074E-27  1.931E-19
1.770E+00  4.044E-27  1.899E-19
1.754E+00  4.014E-27  1.868E-19
1.738E+00  3.983E-27  1.836E-19
1.722E+00  3.952E-27  1.805E-19
1.706E+00  3.920E-27  1.774E-19
1.690E+00  3.887E-27  1.743E-19
1.675E+00  3.854E-27  1.712E-19
1.660E+00  3.821E-27  1.682E-19
1.644E+00  3.787E-27  1.652E-19
1.629E+00  3.753E-27  1.622E-19
1.614E+00  3.719E-27  1.592E-19
1.600E+00  3.684E-27  1.563E-19
1.585E+00  3.649E-27  1.534E-19
1.570E+00  3.615E-27  1.506E-19
1.556E+00  3.580E-27  1.478E-19
1.542E+00  3.545E-27  1.450E-19
1.528E+00  3.510E-27  1.422E-19
1.514E+00  3.476E-27  1.395E-19
1.500E+00  3.441E-27  1.369E-19
1.486E+00  3.407E-27  1.343E-19
1.472E+00  3.374E-27  1.318E-19
1.459E+00  3.341E-27  1.293E-19
1.445E+00  3.310E-27  1.269E-19
1.432E+00  3.279E-27  1.246E-19
1.419E+00  3.250E-27  1.223E-19
1.406E+00  3.222E-27  1.202E-19
1.393E+00  3.196E-27  1.181E-19
1.380E+00  3.173E-27  1.162E-19
1.368E+00  3.152E-27  1.143E-19
1.355E+00  3.134E-27  1.127E-19
1.343E+00  3.121E-27  1.112E-19
1.330E+00  3.111E-27  1.098E-19
1.318E+00  3.106E-27  1.086E-19
1.306E+00  3.102E-27  1.075E-19
1.294E+00  3.097E-27  1.063E-19
1.282E+00  3.084E-27  1.049E-19
1.271E+00  3.056E-27  1.030E-19
1.259E+00  3.007E-27  1.004E-19
1.247E+00  2.939E-27  9.723E-20
1.236E+00  2.857E-27  9.365E-20
1.225E+00  2.770E-27  8.997E-20
1.213E+00  2.685E-27  8.643E-20
1.202E+00  2.608E-27  8.316E-20
1.191E+00  2.538E-27  8.020E-20
1.180E+00  2.476E-27  7.753E-20
1.169E+00  2.422E-27  7.513E-20
1.159E+00  2.374E-27  7.296E-20
1.148E+00  2.332E-27  7.102E-20
1.138E+00  2.296E-27  6.928E-20
1.127E+00  2.267E-27  6.778E-20
1.117E+00  2.246E-27  6.654E-20
1.107E+00  2.236E-27  6.563E-20
1.096E+00  2.241E-27  6.517E-20
1.086E+00  2.267E-27  6.533E-20
1.076E+00  2.321E-27  6.627E-20
1.067E+00  2.397E-27  6.782E-20
1.057E+00  2.453E-27  6.875E-20
1.047E+00  2.407E-27  6.685E-20
1.038E+00  2.252E-27  6.197E-20
1.028E+00  2.074E-27  5.656E-20
1.019E+00  1.929E-27  5.211E-20
1.009E+00  1.820E-27  4.872E-20
1.000E+00  1.737E-27  4.607E-20
