Dust emission from Draine & Li (2007): ApJ 657, 810-837
==========================================================
         5 = grain model
 4.000E-08 4.000E-01 3.000E-05 = a_01 (cm) , sigma_1 , b_C1/0.92
 2.000E-07 5.500E-01 1.000E-05 = a_02 (cm) , sigma_2 , b_C2/0.92
 1.000E+03 1.000E+03 1.000E+00 = Umin , Umax, beta (dN/dU propto U^{-beta})
 1.000E+03 = <U> 
     mmp83 = radfield
 4.480E-21 = power/H (erg s-1)
 band   nu*P_nu(band) j_nu(band)
 (um)   (erg s-1 H-1)(Jy cm2 sr-1 H-1)
1.270E+00  1.250E-23  4.212E-16 COBE-DIRBE
2.220E+00  1.598E-23  9.408E-16 COBE-DIRBE
3.530E+00  1.039E-22  9.724E-15 COBE-DIRBE
4.880E+00  4.692E-23  6.073E-15 COBE-DIRBE
1.229E+01  5.192E-22  1.693E-13 COBE-DIRBE
2.079E+01  7.036E-22  3.880E-13 COBE-DIRBE
5.599E+01  2.609E-21  3.875E-12 COBE-DIRBE
9.770E+01  6.444E-22  1.670E-12 COBE-DIRBE
1.479E+02  1.605E-22  6.297E-13 COBE-DIRBE
2.479E+02  2.049E-23  1.347E-13 COBE-DIRBE
1.200E+01  5.426E-22  1.727E-13 IRAS
2.500E+01  1.086E-21  7.203E-13 IRAS
6.000E+01  2.366E-21  3.766E-12 IRAS
1.000E+02  5.877E-22  1.559E-12 IRAS
3.550E+00  1.207E-22  1.137E-14 SST-IRAC
4.493E+00  3.407E-23  4.060E-15 SST-IRAC
5.731E+00  2.750E-22  4.180E-14 SST-IRAC
7.872E+00  7.084E-22  1.479E-13 SST-IRAC
2.368E+01  9.269E-22  5.822E-13 SST-MIPS
7.142E+01  1.402E-21  2.655E-12 SST-MIPS
1.559E+02  1.134E-22  4.690E-13 SST-MIPS
1.600E+01  5.035E-22  2.137E-13 SST-IRSPU
2.200E+01  8.635E-22  5.039E-13 SST-IRSPU
7.500E+01  1.217E-21  2.421E-12 Herschel-PACS
1.100E+02  4.038E-22  1.178E-12 Herschel-PACS
1.700E+02  8.731E-23  3.937E-13 Herschel-PACS
2.500E+02  1.598E-23  1.060E-13 Herschel-SPIRE
3.600E+02  2.972E-24  2.838E-14 Herschel-SPIRE
5.200E+02  5.654E-25  7.799E-15 Herschel-SPIRE
2.400E+00  1.791E-23  1.140E-15 Akari IRC NIR N2
3.200E+00  7.987E-23  6.780E-15 Akari IRC NIR N3
4.100E+00  3.696E-23  4.020E-15 Akari IRC NIR N4
7.000E+00  7.925E-22  1.472E-13 Akari IRC MIR-S S7
9.000E+00  5.840E-22  1.394E-13 Akari IRC MIR-S S9W
1.100E+01  4.932E-22  1.439E-13 Akari IRC MIR-S S11
1.500E+01  5.081E-22  2.022E-13 Akari IRC MIR-L L15
1.800E+01  6.194E-22  2.958E-13 Akari IRC MIR-L L18W
2.400E+01  8.349E-22  5.315E-13 Akari IRC MIR-L L24
6.500E+01  1.835E-21  3.163E-12 Akari FIS N60
8.000E+01  9.910E-22  2.103E-12 Akari FIS WIDE-S
1.400E+02  1.564E-22  5.809E-13 Akari FIS WIDE-L
1.600E+02  9.947E-23  4.221E-13 Akari FIS N160
 
 
 
 


lambda    nu*dP/dnu     j_nu
 (um)   (erg s-1 H-1)(Jy cm2 sr-1 H-1)
1.000E+04  1.697E-30  4.502E-19
9.908E+03  1.760E-30  4.625E-19
9.817E+03  1.825E-30  4.751E-19
9.727E+03  1.892E-30  4.881E-19
9.638E+03  1.961E-30  5.014E-19
9.550E+03  2.033E-30  5.151E-19
9.462E+03  2.108E-30  5.291E-19
9.376E+03  2.186E-30  5.436E-19
9.290E+03  2.266E-30  5.584E-19
9.204E+03  2.350E-30  5.737E-19
9.120E+03  2.436E-30  5.893E-19
9.036E+03  2.526E-30  6.054E-19
8.954E+03  2.618E-30  6.219E-19
8.872E+03  2.714E-30  6.388E-19
8.790E+03  2.814E-30  6.561E-19
8.710E+03  2.917E-30  6.739E-19
8.630E+03  3.024E-30  6.922E-19
8.551E+03  3.135E-30  7.110E-19
8.472E+03  3.250E-30  7.304E-19
8.395E+03  3.370E-30  7.503E-19
8.318E+03  3.494E-30  7.708E-19
8.241E+03  3.622E-30  7.918E-19
8.166E+03  3.756E-30  8.135E-19
8.091E+03  3.894E-30  8.357E-19
8.017E+03  4.038E-30  8.586E-19
7.943E+03  4.187E-30  8.822E-19
7.870E+03  4.341E-30  9.063E-19
7.798E+03  4.502E-30  9.312E-19
7.727E+03  4.668E-30  9.568E-19
7.656E+03  4.841E-30  9.831E-19
7.586E+03  5.020E-30  1.010E-18
7.516E+03  5.206E-30  1.038E-18
7.447E+03  5.400E-30  1.067E-18
7.379E+03  5.600E-30  1.096E-18
7.311E+03  5.808E-30  1.126E-18
7.244E+03  6.024E-30  1.158E-18
7.178E+03  6.248E-30  1.190E-18
7.112E+03  6.480E-30  1.223E-18
7.047E+03  6.721E-30  1.256E-18
6.982E+03  6.972E-30  1.291E-18
6.918E+03  7.231E-30  1.327E-18
6.855E+03  7.500E-30  1.364E-18
6.792E+03  7.780E-30  1.402E-18
6.730E+03  8.070E-30  1.441E-18
6.668E+03  8.371E-30  1.481E-18
6.607E+03  8.684E-30  1.522E-18
6.546E+03  9.008E-30  1.564E-18
6.486E+03  9.345E-30  1.608E-18
6.427E+03  9.695E-30  1.653E-18
6.368E+03  1.006E-29  1.699E-18
6.310E+03  1.043E-29  1.746E-18
6.252E+03  1.083E-29  1.795E-18
6.194E+03  1.123E-29  1.846E-18
6.138E+03  1.165E-29  1.897E-18
6.081E+03  1.209E-29  1.951E-18
6.026E+03  1.255E-29  2.005E-18
5.970E+03  1.302E-29  2.062E-18
5.916E+03  1.351E-29  2.120E-18
5.861E+03  1.402E-29  2.180E-18
5.808E+03  1.455E-29  2.241E-18
5.754E+03  1.510E-29  2.304E-18
5.702E+03  1.567E-29  2.370E-18
5.649E+03  1.626E-29  2.437E-18
5.598E+03  1.687E-29  2.506E-18
5.546E+03  1.751E-29  2.577E-18
5.495E+03  1.818E-29  2.650E-18
5.445E+03  1.887E-29  2.725E-18
5.395E+03  1.958E-29  2.802E-18
5.346E+03  2.032E-29  2.882E-18
5.297E+03  2.110E-29  2.964E-18
5.248E+03  2.190E-29  3.048E-18
5.200E+03  2.273E-29  3.135E-18
5.152E+03  2.360E-29  3.225E-18
5.105E+03  2.449E-29  3.317E-18
5.058E+03  2.543E-29  3.412E-18
5.012E+03  2.640E-29  3.509E-18
4.966E+03  2.740E-29  3.610E-18
4.920E+03  2.845E-29  3.713E-18
4.875E+03  2.953E-29  3.819E-18
4.831E+03  3.066E-29  3.929E-18
4.786E+03  3.183E-29  4.042E-18
4.742E+03  3.305E-29  4.158E-18
4.699E+03  3.432E-29  4.278E-18
4.656E+03  3.563E-29  4.401E-18
4.613E+03  3.700E-29  4.528E-18
4.571E+03  3.842E-29  4.658E-18
4.529E+03  3.990E-29  4.793E-18
4.487E+03  4.143E-29  4.932E-18
4.446E+03  4.302E-29  5.074E-18
4.406E+03  4.468E-29  5.222E-18
4.365E+03  4.640E-29  5.373E-18
4.325E+03  4.819E-29  5.529E-18
4.285E+03  5.005E-29  5.690E-18
4.246E+03  5.198E-29  5.855E-18
4.207E+03  5.399E-29  6.026E-18
4.169E+03  5.608E-29  6.201E-18
4.130E+03  5.825E-29  6.382E-18
4.093E+03  6.051E-29  6.569E-18
4.055E+03  6.285E-29  6.761E-18
4.018E+03  6.529E-29  6.959E-18
3.981E+03  6.782E-29  7.162E-18
3.945E+03  7.045E-29  7.372E-18
3.908E+03  7.319E-29  7.588E-18
3.873E+03  7.603E-29  7.810E-18
3.837E+03  7.899E-29  8.039E-18
3.802E+03  8.206E-29  8.276E-18
3.767E+03  8.526E-29  8.519E-18
3.733E+03  8.858E-29  8.770E-18
3.698E+03  9.203E-29  9.029E-18
3.664E+03  9.563E-29  9.295E-18
3.631E+03  9.936E-29  9.570E-18
3.597E+03  1.033E-28  9.853E-18
3.565E+03  1.073E-28  1.014E-17
3.532E+03  1.115E-28  1.045E-17
3.499E+03  1.159E-28  1.076E-17
3.467E+03  1.204E-28  1.108E-17
3.436E+03  1.251E-28  1.140E-17
3.404E+03  1.301E-28  1.174E-17
3.373E+03  1.352E-28  1.209E-17
3.342E+03  1.405E-28  1.246E-17
3.311E+03  1.460E-28  1.283E-17
3.281E+03  1.518E-28  1.321E-17
3.251E+03  1.578E-28  1.361E-17
3.221E+03  1.640E-28  1.402E-17
3.192E+03  1.705E-28  1.444E-17
3.162E+03  1.773E-28  1.487E-17
3.133E+03  1.843E-28  1.532E-17
3.105E+03  1.916E-28  1.578E-17
3.076E+03  1.992E-28  1.625E-17
3.048E+03  2.071E-28  1.674E-17
3.020E+03  2.153E-28  1.725E-17
2.992E+03  2.239E-28  1.777E-17
2.965E+03  2.328E-28  1.830E-17
2.938E+03  2.420E-28  1.886E-17
2.911E+03  2.516E-28  1.943E-17
2.884E+03  2.616E-28  2.001E-17
2.858E+03  2.720E-28  2.062E-17
2.831E+03  2.829E-28  2.124E-17
2.805E+03  2.941E-28  2.189E-17
2.780E+03  3.059E-28  2.255E-17
2.754E+03  3.181E-28  2.324E-17
2.729E+03  3.308E-28  2.395E-17
2.704E+03  3.440E-28  2.467E-17
2.679E+03  3.578E-28  2.543E-17
2.655E+03  3.721E-28  2.620E-17
2.630E+03  3.871E-28  2.700E-17
2.606E+03  4.026E-28  2.783E-17
2.582E+03  4.188E-28  2.868E-17
2.559E+03  4.356E-28  2.956E-17
2.535E+03  4.531E-28  3.047E-17
2.512E+03  4.714E-28  3.141E-17
2.489E+03  4.903E-28  3.237E-17
2.466E+03  5.101E-28  3.337E-17
2.443E+03  5.307E-28  3.440E-17
2.421E+03  5.521E-28  3.546E-17
2.399E+03  5.745E-28  3.655E-17
2.377E+03  5.977E-28  3.768E-17
2.355E+03  6.219E-28  3.885E-17
2.333E+03  6.471E-28  4.005E-17
2.312E+03  6.733E-28  4.129E-17
2.291E+03  7.006E-28  4.257E-17
2.270E+03  7.291E-28  4.390E-17
2.249E+03  7.587E-28  4.526E-17
2.228E+03  7.895E-28  4.667E-17
2.208E+03  8.216E-28  4.812E-17
2.188E+03  8.551E-28  4.962E-17
2.168E+03  8.899E-28  5.117E-17
2.148E+03  9.262E-28  5.277E-17
2.128E+03  9.639E-28  5.441E-17
2.109E+03  1.003E-27  5.612E-17
2.089E+03  1.044E-27  5.787E-17
2.070E+03  1.087E-27  5.968E-17
2.051E+03  1.131E-27  6.155E-17
2.032E+03  1.178E-27  6.349E-17
2.014E+03  1.226E-27  6.548E-17
1.995E+03  1.276E-27  6.753E-17
1.977E+03  1.328E-27  6.966E-17
1.959E+03  1.383E-27  7.185E-17
1.941E+03  1.439E-27  7.411E-17
1.923E+03  1.498E-27  7.644E-17
1.905E+03  1.560E-27  7.885E-17
1.888E+03  1.624E-27  8.134E-17
1.871E+03  1.691E-27  8.390E-17
1.854E+03  1.760E-27  8.655E-17
1.837E+03  1.833E-27  8.929E-17
1.820E+03  1.908E-27  9.211E-17
1.803E+03  1.987E-27  9.503E-17
1.786E+03  2.069E-27  9.804E-17
1.770E+03  2.154E-27  1.011E-16
1.754E+03  2.243E-27  1.044E-16
1.738E+03  2.336E-27  1.077E-16
1.722E+03  2.432E-27  1.111E-16
1.706E+03  2.533E-27  1.146E-16
1.690E+03  2.638E-27  1.183E-16
1.675E+03  2.747E-27  1.220E-16
1.660E+03  2.860E-27  1.259E-16
1.644E+03  2.979E-27  1.299E-16
1.629E+03  3.102E-27  1.341E-16
1.614E+03  3.231E-27  1.383E-16
1.600E+03  3.365E-27  1.428E-16
1.585E+03  3.504E-27  1.473E-16
1.570E+03  3.650E-27  1.520E-16
1.556E+03  3.801E-27  1.569E-16
1.542E+03  3.959E-27  1.619E-16
1.528E+03  4.124E-27  1.671E-16
1.514E+03  4.295E-27  1.724E-16
1.500E+03  4.473E-27  1.780E-16
1.486E+03  4.660E-27  1.837E-16
1.472E+03  4.854E-27  1.896E-16
1.459E+03  5.056E-27  1.956E-16
1.445E+03  5.267E-27  2.019E-16
1.432E+03  5.486E-27  2.084E-16
1.419E+03  5.715E-27  2.151E-16
1.406E+03  5.953E-27  2.220E-16
1.393E+03  6.202E-27  2.292E-16
1.380E+03  6.461E-27  2.366E-16
1.368E+03  6.731E-27  2.442E-16
1.355E+03  7.012E-27  2.521E-16
1.343E+03  7.305E-27  2.602E-16
1.330E+03  7.610E-27  2.686E-16
1.318E+03  7.929E-27  2.772E-16
1.306E+03  8.260E-27  2.862E-16
1.294E+03  8.606E-27  2.954E-16
1.282E+03  8.966E-27  3.050E-16
1.271E+03  9.341E-27  3.148E-16
1.259E+03  9.732E-27  3.250E-16
1.247E+03  1.014E-26  3.355E-16
1.236E+03  1.056E-26  3.464E-16
1.225E+03  1.101E-26  3.576E-16
1.213E+03  1.147E-26  3.691E-16
1.202E+03  1.195E-26  3.811E-16
1.191E+03  1.245E-26  3.934E-16
1.180E+03  1.297E-26  4.061E-16
1.169E+03  1.352E-26  4.193E-16
1.159E+03  1.408E-26  4.328E-16
1.148E+03  1.467E-26  4.469E-16
1.138E+03  1.529E-26  4.613E-16
1.127E+03  1.593E-26  4.763E-16
1.117E+03  1.660E-26  4.917E-16
1.107E+03  1.729E-26  5.076E-16
1.096E+03  1.802E-26  5.241E-16
1.086E+03  1.878E-26  5.411E-16
1.076E+03  1.956E-26  5.586E-16
1.067E+03  2.038E-26  5.767E-16
1.057E+03  2.124E-26  5.954E-16
1.047E+03  2.213E-26  6.147E-16
1.038E+03  2.306E-26  6.346E-16
1.028E+03  2.403E-26  6.552E-16
1.019E+03  2.504E-26  6.764E-16
1.009E+03  2.609E-26  6.984E-16
1.000E+03  2.718E-26  7.210E-16
9.908E+02  2.832E-26  7.444E-16
9.817E+02  2.951E-26  7.686E-16
9.727E+02  3.075E-26  7.935E-16
9.638E+02  3.205E-26  8.193E-16
9.550E+02  3.339E-26  8.459E-16
9.462E+02  3.480E-26  8.734E-16
9.376E+02  3.626E-26  9.017E-16
9.290E+02  3.778E-26  9.310E-16
9.204E+02  3.937E-26  9.613E-16
9.120E+02  4.102E-26  9.925E-16
9.036E+02  4.275E-26  1.025E-15
8.954E+02  4.454E-26  1.058E-15
8.872E+02  4.641E-26  1.092E-15
8.790E+02  4.836E-26  1.128E-15
8.710E+02  5.039E-26  1.164E-15
8.630E+02  5.250E-26  1.202E-15
8.551E+02  5.470E-26  1.241E-15
8.472E+02  5.700E-26  1.281E-15
8.395E+02  5.939E-26  1.322E-15
8.318E+02  6.187E-26  1.365E-15
8.241E+02  6.447E-26  1.409E-15
8.166E+02  6.717E-26  1.455E-15
8.091E+02  6.998E-26  1.502E-15
8.017E+02  7.291E-26  1.550E-15
7.943E+02  7.595E-26  1.600E-15
7.870E+02  7.913E-26  1.652E-15
7.798E+02  8.244E-26  1.705E-15
7.727E+02  8.589E-26  1.760E-15
7.656E+02  8.948E-26  1.817E-15
7.586E+02  9.322E-26  1.876E-15
7.516E+02  9.712E-26  1.936E-15
7.447E+02  1.012E-25  1.999E-15
7.379E+02  1.054E-25  2.064E-15
7.311E+02  1.098E-25  2.130E-15
7.244E+02  1.144E-25  2.199E-15
7.178E+02  1.192E-25  2.271E-15
7.112E+02  1.243E-25  2.344E-15
7.047E+02  1.295E-25  2.420E-15
6.982E+02  1.349E-25  2.499E-15
6.918E+02  1.406E-25  2.580E-15
6.855E+02  1.465E-25  2.663E-15
6.792E+02  1.526E-25  2.750E-15
6.730E+02  1.590E-25  2.839E-15
6.668E+02  1.657E-25  2.931E-15
6.607E+02  1.727E-25  3.026E-15
6.546E+02  1.799E-25  3.124E-15
6.486E+02  1.875E-25  3.226E-15
6.427E+02  1.954E-25  3.332E-15
6.368E+02  2.037E-25  3.440E-15
6.310E+02  2.123E-25  3.553E-15
6.252E+02  2.213E-25  3.669E-15
6.194E+02  2.306E-25  3.789E-15
6.138E+02  2.404E-25  3.913E-15
6.081E+02  2.505E-25  4.042E-15
6.026E+02  2.612E-25  4.174E-15
5.970E+02  2.722E-25  4.311E-15
5.916E+02  2.838E-25  4.453E-15
5.861E+02  2.958E-25  4.599E-15
5.808E+02  3.084E-25  4.751E-15
5.754E+02  3.215E-25  4.907E-15
5.702E+02  3.351E-25  5.069E-15
5.649E+02  3.494E-25  5.236E-15
5.598E+02  3.643E-25  5.409E-15
5.546E+02  3.798E-25  5.587E-15
5.495E+02  3.960E-25  5.772E-15
5.445E+02  4.128E-25  5.963E-15
5.395E+02  4.305E-25  6.160E-15
5.346E+02  4.488E-25  6.364E-15
5.297E+02  4.680E-25  6.576E-15
5.248E+02  4.880E-25  6.794E-15
5.200E+02  5.089E-25  7.019E-15
5.152E+02  5.307E-25  7.253E-15
5.105E+02  5.534E-25  7.494E-15
5.058E+02  5.771E-25  7.743E-15
5.012E+02  6.018E-25  8.001E-15
4.966E+02  6.276E-25  8.267E-15
4.920E+02  6.545E-25  8.543E-15
4.875E+02  6.826E-25  8.828E-15
4.831E+02  7.119E-25  9.123E-15
4.786E+02  7.425E-25  9.427E-15
4.742E+02  7.744E-25  9.742E-15
4.699E+02  8.078E-25  1.007E-14
4.656E+02  8.425E-25  1.040E-14
4.613E+02  8.788E-25  1.075E-14
4.571E+02  9.166E-25  1.111E-14
4.529E+02  9.561E-25  1.149E-14
4.487E+02  9.973E-25  1.187E-14
4.446E+02  1.040E-24  1.227E-14
4.406E+02  1.085E-24  1.268E-14
4.365E+02  1.132E-24  1.311E-14
4.325E+02  1.181E-24  1.355E-14
4.285E+02  1.232E-24  1.400E-14
4.246E+02  1.285E-24  1.447E-14
4.207E+02  1.341E-24  1.496E-14
4.169E+02  1.399E-24  1.546E-14
4.130E+02  1.459E-24  1.599E-14
4.093E+02  1.522E-24  1.652E-14
4.055E+02  1.588E-24  1.708E-14
4.018E+02  1.657E-24  1.766E-14
3.981E+02  1.729E-24  1.826E-14
3.945E+02  1.804E-24  1.887E-14
3.908E+02  1.882E-24  1.951E-14
3.873E+02  1.964E-24  2.017E-14
3.837E+02  2.049E-24  2.086E-14
3.802E+02  2.138E-24  2.156E-14
3.767E+02  2.231E-24  2.230E-14
3.733E+02  2.328E-24  2.305E-14
3.698E+02  2.430E-24  2.383E-14
3.664E+02  2.535E-24  2.464E-14
3.631E+02  2.646E-24  2.548E-14
3.597E+02  2.761E-24  2.635E-14
3.565E+02  2.881E-24  2.724E-14
3.532E+02  3.007E-24  2.817E-14
3.499E+02  3.138E-24  2.913E-14
3.467E+02  3.275E-24  3.012E-14
3.436E+02  3.418E-24  3.114E-14
3.404E+02  3.567E-24  3.221E-14
3.373E+02  3.722E-24  3.330E-14
3.342E+02  3.885E-24  3.444E-14
3.311E+02  4.054E-24  3.561E-14
3.281E+02  4.231E-24  3.682E-14
3.251E+02  4.416E-24  3.808E-14
3.221E+02  4.609E-24  3.938E-14
3.192E+02  4.810E-24  4.072E-14
3.162E+02  5.020E-24  4.211E-14
3.133E+02  5.239E-24  4.355E-14
3.105E+02  5.468E-24  4.503E-14
3.076E+02  5.707E-24  4.657E-14
3.048E+02  5.957E-24  4.816E-14
3.020E+02  6.217E-24  4.980E-14
2.992E+02  6.489E-24  5.150E-14
2.965E+02  6.772E-24  5.326E-14
2.938E+02  7.068E-24  5.507E-14
2.911E+02  7.376E-24  5.695E-14
2.884E+02  7.699E-24  5.890E-14
2.858E+02  8.035E-24  6.091E-14
2.831E+02  8.386E-24  6.298E-14
2.805E+02  8.752E-24  6.513E-14
2.780E+02  9.134E-24  6.735E-14
2.754E+02  9.533E-24  6.965E-14
2.729E+02  9.951E-24  7.203E-14
2.704E+02  1.039E-23  7.450E-14
2.679E+02  1.084E-23  7.705E-14
2.655E+02  1.132E-23  7.969E-14
2.630E+02  1.181E-23  8.242E-14
2.606E+02  1.233E-23  8.524E-14
2.582E+02  1.287E-23  8.816E-14
2.559E+02  1.343E-23  9.116E-14
2.535E+02  1.402E-23  9.425E-14
2.512E+02  1.462E-23  9.743E-14
2.489E+02  1.525E-23  1.007E-13
2.466E+02  1.589E-23  1.039E-13
2.443E+02  1.655E-23  1.073E-13
2.421E+02  1.724E-23  1.107E-13
2.399E+02  1.796E-23  1.143E-13
2.377E+02  1.869E-23  1.178E-13
2.355E+02  1.945E-23  1.215E-13
2.333E+02  2.024E-23  1.253E-13
2.312E+02  2.106E-23  1.292E-13
2.291E+02  2.191E-23  1.332E-13
2.270E+02  2.280E-23  1.373E-13
2.249E+02  2.372E-23  1.415E-13
2.228E+02  2.468E-23  1.459E-13
2.208E+02  2.568E-23  1.504E-13
2.188E+02  2.671E-23  1.550E-13
2.168E+02  2.779E-23  1.598E-13
2.148E+02  2.890E-23  1.647E-13
2.128E+02  3.006E-23  1.697E-13
2.109E+02  3.127E-23  1.749E-13
2.089E+02  3.252E-23  1.802E-13
2.070E+02  3.382E-23  1.857E-13
2.051E+02  3.516E-23  1.913E-13
2.032E+02  3.656E-23  1.971E-13
2.014E+02  3.802E-23  2.031E-13
1.995E+02  3.952E-23  2.092E-13
1.977E+02  4.109E-23  2.155E-13
1.959E+02  4.271E-23  2.219E-13
1.941E+02  4.440E-23  2.286E-13
1.923E+02  4.615E-23  2.354E-13
1.905E+02  4.796E-23  2.424E-13
1.888E+02  4.985E-23  2.496E-13
1.871E+02  5.181E-23  2.571E-13
1.854E+02  5.384E-23  2.647E-13
1.837E+02  5.594E-23  2.725E-13
1.820E+02  5.813E-23  2.806E-13
1.803E+02  6.040E-23  2.889E-13
1.786E+02  6.276E-23  2.974E-13
1.770E+02  6.520E-23  3.061E-13
1.754E+02  6.774E-23  3.151E-13
1.738E+02  7.037E-23  3.244E-13
1.722E+02  7.310E-23  3.339E-13
1.706E+02  7.594E-23  3.437E-13
1.690E+02  7.889E-23  3.537E-13
1.675E+02  8.195E-23  3.641E-13
1.660E+02  8.513E-23  3.748E-13
1.644E+02  8.844E-23  3.858E-13
1.629E+02  9.187E-23  3.971E-13
1.614E+02  9.545E-23  4.087E-13
1.600E+02  9.916E-23  4.207E-13
1.585E+02  1.030E-22  4.331E-13
1.570E+02  1.070E-22  4.459E-13
1.556E+02  1.112E-22  4.591E-13
1.542E+02  1.156E-22  4.727E-13
1.528E+02  1.201E-22  4.868E-13
1.514E+02  1.249E-22  5.013E-13
1.500E+02  1.298E-22  5.163E-13
1.486E+02  1.349E-22  5.318E-13
1.472E+02  1.402E-22  5.477E-13
1.459E+02  1.458E-22  5.641E-13
1.445E+02  1.515E-22  5.808E-13
1.432E+02  1.573E-22  5.977E-13
1.419E+02  1.633E-22  6.146E-13
1.406E+02  1.693E-22  6.314E-13
1.393E+02  1.753E-22  6.478E-13
1.380E+02  1.813E-22  6.639E-13
1.368E+02  1.873E-22  6.795E-13
1.355E+02  1.933E-22  6.949E-13
1.343E+02  1.994E-22  7.101E-13
1.330E+02  2.055E-22  7.253E-13
1.318E+02  2.118E-22  7.407E-13
1.306E+02  2.183E-22  7.564E-13
1.294E+02  2.250E-22  7.725E-13
1.282E+02  2.320E-22  7.891E-13
1.271E+02  2.392E-22  8.062E-13
1.259E+02  2.467E-22  8.238E-13
1.247E+02  2.544E-22  8.419E-13
1.236E+02  2.625E-22  8.605E-13
1.225E+02  2.708E-22  8.797E-13
1.213E+02  2.794E-22  8.994E-13
1.202E+02  2.884E-22  9.196E-13
1.191E+02  2.976E-22  9.403E-13
1.180E+02  3.071E-22  9.615E-13
1.169E+02  3.169E-22  9.831E-13
1.159E+02  3.270E-22  1.005E-12
1.148E+02  3.375E-22  1.028E-12
1.138E+02  3.482E-22  1.051E-12
1.127E+02  3.593E-22  1.074E-12
1.117E+02  3.708E-22  1.099E-12
1.107E+02  3.827E-22  1.123E-12
1.096E+02  3.949E-22  1.148E-12
1.086E+02  4.074E-22  1.174E-12
1.076E+02  4.204E-22  1.200E-12
1.067E+02  4.337E-22  1.227E-12
1.057E+02  4.474E-22  1.254E-12
1.047E+02  4.615E-22  1.282E-12
1.038E+02  4.760E-22  1.310E-12
1.028E+02  4.908E-22  1.338E-12
1.019E+02  5.060E-22  1.367E-12
1.009E+02  5.217E-22  1.397E-12
1.000E+02  5.378E-22  1.427E-12
9.908E+01  5.543E-22  1.457E-12
9.817E+01  5.712E-22  1.488E-12
9.727E+01  5.886E-22  1.519E-12
9.638E+01  6.064E-22  1.550E-12
9.550E+01  6.246E-22  1.582E-12
9.462E+01  6.433E-22  1.615E-12
9.376E+01  6.625E-22  1.647E-12
9.290E+01  6.820E-22  1.681E-12
9.204E+01  7.021E-22  1.714E-12
9.120E+01  7.226E-22  1.748E-12
9.036E+01  7.436E-22  1.782E-12
8.954E+01  7.651E-22  1.817E-12
8.872E+01  7.871E-22  1.852E-12
8.790E+01  8.097E-22  1.888E-12
8.710E+01  8.327E-22  1.924E-12
8.630E+01  8.562E-22  1.960E-12
8.551E+01  8.803E-22  1.997E-12
8.472E+01  9.048E-22  2.033E-12
8.395E+01  9.299E-22  2.071E-12
8.318E+01  9.555E-22  2.108E-12
8.241E+01  9.817E-22  2.146E-12
8.166E+01  1.008E-21  2.184E-12
8.091E+01  1.036E-21  2.223E-12
8.017E+01  1.063E-21  2.261E-12
7.943E+01  1.092E-21  2.300E-12
7.870E+01  1.121E-21  2.339E-12
7.798E+01  1.150E-21  2.379E-12
7.727E+01  1.180E-21  2.418E-12
7.656E+01  1.210E-21  2.458E-12
7.586E+01  1.241E-21  2.497E-12
7.516E+01  1.273E-21  2.537E-12
7.447E+01  1.305E-21  2.577E-12
7.379E+01  1.337E-21  2.617E-12
7.311E+01  1.370E-21  2.657E-12
7.244E+01  1.403E-21  2.697E-12
7.178E+01  1.437E-21  2.736E-12
7.112E+01  1.472E-21  2.776E-12
7.047E+01  1.507E-21  2.816E-12
6.982E+01  1.542E-21  2.857E-12
6.918E+01  1.579E-21  2.897E-12
6.855E+01  1.615E-21  2.937E-12
6.792E+01  1.652E-21  2.976E-12
6.730E+01  1.689E-21  3.016E-12
6.668E+01  1.727E-21  3.055E-12
6.607E+01  1.766E-21  3.094E-12
6.546E+01  1.804E-21  3.133E-12
6.486E+01  1.844E-21  3.172E-12
6.427E+01  1.883E-21  3.211E-12
6.368E+01  1.923E-21  3.249E-12
6.310E+01  1.964E-21  3.287E-12
6.252E+01  2.005E-21  3.325E-12
6.194E+01  2.046E-21  3.362E-12
6.138E+01  2.088E-21  3.400E-12
6.081E+01  2.130E-21  3.437E-12
6.026E+01  2.173E-21  3.473E-12
5.970E+01  2.216E-21  3.509E-12
5.916E+01  2.259E-21  3.544E-12
5.861E+01  2.302E-21  3.579E-12
5.808E+01  2.346E-21  3.614E-12
5.754E+01  2.390E-21  3.647E-12
5.702E+01  2.434E-21  3.681E-12
5.649E+01  2.478E-21  3.714E-12
5.598E+01  2.523E-21  3.746E-12
5.546E+01  2.568E-21  3.778E-12
5.495E+01  2.614E-21  3.810E-12
5.445E+01  2.659E-21  3.841E-12
5.395E+01  2.705E-21  3.871E-12
5.346E+01  2.751E-21  3.901E-12
5.297E+01  2.798E-21  3.930E-12
5.248E+01  2.844E-21  3.959E-12
5.200E+01  2.891E-21  3.987E-12
5.152E+01  2.937E-21  4.014E-12
5.105E+01  2.984E-21  4.041E-12
5.058E+01  3.031E-21  4.066E-12
5.012E+01  3.077E-21  4.091E-12
4.966E+01  3.124E-21  4.115E-12
4.920E+01  3.171E-21  4.139E-12
4.875E+01  3.218E-21  4.161E-12
4.831E+01  3.265E-21  4.183E-12
4.786E+01  3.312E-21  4.205E-12
4.742E+01  3.359E-21  4.225E-12
4.699E+01  3.405E-21  4.245E-12
4.656E+01  3.452E-21  4.263E-12
4.613E+01  3.499E-21  4.281E-12
4.571E+01  3.545E-21  4.298E-12
4.529E+01  3.591E-21  4.314E-12
4.487E+01  3.637E-21  4.329E-12
4.446E+01  3.683E-21  4.343E-12
4.406E+01  3.728E-21  4.356E-12
4.365E+01  3.772E-21  4.368E-12
4.325E+01  3.816E-21  4.378E-12
4.285E+01  3.859E-21  4.387E-12
4.246E+01  3.901E-21  4.394E-12
4.207E+01  3.942E-21  4.399E-12
4.169E+01  3.982E-21  4.403E-12
4.130E+01  4.020E-21  4.405E-12
4.093E+01  4.057E-21  4.404E-12
4.055E+01  4.092E-21  4.401E-12
4.018E+01  4.124E-21  4.396E-12
3.981E+01  4.155E-21  4.388E-12
3.945E+01  4.183E-21  4.377E-12
3.908E+01  4.208E-21  4.363E-12
3.873E+01  4.231E-21  4.346E-12
3.837E+01  4.250E-21  4.325E-12
3.802E+01  4.265E-21  4.301E-12
3.767E+01  4.276E-21  4.273E-12
3.733E+01  4.282E-21  4.240E-12
3.698E+01  4.284E-21  4.203E-12
3.664E+01  4.281E-21  4.161E-12
3.631E+01  4.273E-21  4.115E-12
3.597E+01  4.259E-21  4.064E-12
3.565E+01  4.240E-21  4.009E-12
3.532E+01  4.215E-21  3.949E-12
3.499E+01  4.183E-21  3.883E-12
3.467E+01  4.146E-21  3.813E-12
3.436E+01  4.102E-21  3.738E-12
3.404E+01  4.052E-21  3.658E-12
3.373E+01  3.995E-21  3.574E-12
3.342E+01  3.932E-21  3.486E-12
3.311E+01  3.864E-21  3.394E-12
3.281E+01  3.790E-21  3.298E-12
3.251E+01  3.710E-21  3.199E-12
3.221E+01  3.625E-21  3.097E-12
3.192E+01  3.535E-21  2.993E-12
3.162E+01  3.441E-21  2.886E-12
3.133E+01  3.343E-21  2.779E-12
3.105E+01  3.242E-21  2.670E-12
3.076E+01  3.139E-21  2.561E-12
3.048E+01  3.034E-21  2.453E-12
3.020E+01  2.928E-21  2.345E-12
2.992E+01  2.820E-21  2.239E-12
2.965E+01  2.713E-21  2.134E-12
2.938E+01  2.606E-21  2.031E-12
2.911E+01  2.500E-21  1.930E-12
2.884E+01  2.395E-21  1.832E-12
2.858E+01  2.292E-21  1.738E-12
2.831E+01  2.192E-21  1.646E-12
2.805E+01  2.094E-21  1.558E-12
2.780E+01  1.999E-21  1.474E-12
2.754E+01  1.907E-21  1.393E-12
2.729E+01  1.818E-21  1.316E-12
2.704E+01  1.733E-21  1.243E-12
2.679E+01  1.651E-21  1.173E-12
2.655E+01  1.572E-21  1.107E-12
2.630E+01  1.498E-21  1.045E-12
2.606E+01  1.426E-21  9.860E-13
2.582E+01  1.359E-21  9.305E-13
2.559E+01  1.294E-21  8.784E-13
2.535E+01  1.233E-21  8.294E-13
2.512E+01  1.176E-21  7.835E-13
2.489E+01  1.121E-21  7.404E-13
2.466E+01  1.070E-21  7.000E-13
2.443E+01  1.022E-21  6.623E-13
2.421E+01  9.763E-22  6.270E-13
2.399E+01  9.334E-22  5.940E-13
2.377E+01  8.933E-22  5.632E-13
2.355E+01  8.559E-22  5.347E-13
2.333E+01  8.209E-22  5.081E-13
2.312E+01  7.879E-22  4.832E-13
2.291E+01  7.571E-22  4.601E-13
2.270E+01  7.289E-22  4.389E-13
2.249E+01  7.029E-22  4.193E-13
2.228E+01  6.788E-22  4.013E-13
2.208E+01  6.564E-22  3.845E-13
2.188E+01  6.353E-22  3.687E-13
2.168E+01  6.157E-22  3.540E-13
2.148E+01  5.977E-22  3.405E-13
2.128E+01  5.813E-22  3.281E-13
2.109E+01  5.664E-22  3.168E-13
2.089E+01  5.527E-22  3.063E-13
2.070E+01  5.401E-22  2.966E-13
2.051E+01  5.286E-22  2.876E-13
2.032E+01  5.184E-22  2.795E-13
2.014E+01  5.097E-22  2.722E-13
1.995E+01  5.019E-22  2.657E-13
1.977E+01  4.953E-22  2.598E-13
1.959E+01  4.898E-22  2.545E-13
1.941E+01  4.862E-22  2.503E-13
1.923E+01  4.863E-22  2.481E-13
1.905E+01  4.970E-22  2.512E-13
1.888E+01  5.054E-22  2.531E-13
1.871E+01  4.833E-22  2.398E-13
1.854E+01  4.743E-22  2.332E-13
1.837E+01  4.733E-22  2.306E-13
1.820E+01  4.778E-22  2.306E-13
1.803E+01  4.915E-22  2.351E-13
1.786E+01  5.175E-22  2.452E-13
1.770E+01  5.209E-22  2.446E-13
1.754E+01  5.486E-22  2.552E-13
1.738E+01  6.166E-22  2.842E-13
1.722E+01  6.084E-22  2.779E-13
1.706E+01  6.120E-22  2.770E-13
1.690E+01  5.980E-22  2.681E-13
1.675E+01  5.736E-22  2.548E-13
1.660E+01  5.819E-22  2.561E-13
1.644E+01  6.676E-22  2.912E-13
1.629E+01  5.203E-22  2.249E-13
1.614E+01  4.596E-22  1.968E-13
1.600E+01  4.381E-22  1.859E-13
1.585E+01  4.243E-22  1.784E-13
1.570E+01  4.085E-22  1.702E-13
1.556E+01  3.982E-22  1.644E-13
1.542E+01  3.909E-22  1.599E-13
1.528E+01  3.853E-22  1.561E-13
1.514E+01  3.809E-22  1.529E-13
1.500E+01  3.776E-22  1.502E-13
1.486E+01  3.755E-22  1.480E-13
1.472E+01  3.753E-22  1.466E-13
1.459E+01  3.783E-22  1.464E-13
1.445E+01  3.879E-22  1.487E-13
1.432E+01  4.118E-22  1.565E-13
1.419E+01  4.394E-22  1.654E-13
1.406E+01  4.233E-22  1.579E-13
1.393E+01  4.159E-22  1.537E-13
1.380E+01  4.336E-22  1.588E-13
1.368E+01  4.749E-22  1.723E-13
1.355E+01  5.276E-22  1.896E-13
1.343E+01  5.410E-22  1.927E-13
1.330E+01  5.116E-22  1.806E-13
1.318E+01  4.971E-22  1.738E-13
1.306E+01  5.201E-22  1.802E-13
1.294E+01  5.897E-22  2.025E-13
1.282E+01  7.182E-22  2.443E-13
1.271E+01  8.808E-22  2.968E-13
1.259E+01  9.330E-22  3.116E-13
1.247E+01  8.161E-22  2.700E-13
1.236E+01  6.959E-22  2.282E-13
1.225E+01  6.541E-22  2.125E-13
1.213E+01  6.824E-22  2.196E-13
1.202E+01  7.239E-22  2.309E-13
1.191E+01  6.966E-22  2.201E-13
1.180E+01  6.314E-22  1.977E-13
1.169E+01  6.137E-22  1.904E-13
1.159E+01  6.916E-22  2.126E-13
1.148E+01  9.252E-22  2.818E-13
1.138E+01  1.316E-21  3.972E-13
1.127E+01  1.741E-21  5.205E-13
1.117E+01  1.229E-21  3.641E-13
1.107E+01  6.377E-22  1.872E-13
1.096E+01  4.413E-22  1.284E-13
1.086E+01  3.507E-22  1.011E-13
1.076E+01  3.029E-22  8.648E-14
1.067E+01  2.745E-22  7.766E-14
1.057E+01  2.500E-22  7.007E-14
1.047E+01  2.336E-22  6.490E-14
1.038E+01  2.227E-22  6.128E-14
1.028E+01  2.148E-22  5.858E-14
1.019E+01  2.091E-22  5.650E-14
1.009E+01  2.051E-22  5.491E-14
1.000E+01  2.025E-22  5.372E-14
9.908E+00  2.012E-22  5.288E-14
9.817E+00  2.011E-22  5.238E-14
9.727E+00  2.023E-22  5.219E-14
9.638E+00  2.046E-22  5.232E-14
9.550E+00  2.083E-22  5.277E-14
9.462E+00  2.135E-22  5.359E-14
9.376E+00  2.206E-22  5.485E-14
9.290E+00  2.301E-22  5.669E-14
9.204E+00  2.430E-22  5.934E-14
9.120E+00  2.612E-22  6.319E-14
9.036E+00  2.874E-22  6.890E-14
8.954E+00  3.271E-22  7.768E-14
8.872E+00  3.899E-22  9.176E-14
8.790E+00  4.929E-22  1.149E-13
8.710E+00  6.499E-22  1.502E-13
8.630E+00  7.956E-22  1.821E-13
8.551E+00  7.754E-22  1.759E-13
8.472E+00  6.721E-22  1.511E-13
8.395E+00  6.191E-22  1.379E-13
8.318E+00  6.148E-22  1.357E-13
8.241E+00  6.404E-22  1.400E-13
8.166E+00  7.063E-22  1.530E-13
8.091E+00  8.323E-22  1.786E-13
8.017E+00  1.033E-21  2.197E-13
7.943E+00  1.295E-21  2.728E-13
7.870E+00  1.522E-21  3.178E-13
7.798E+00  1.601E-21  3.311E-13
7.727E+00  1.607E-21  3.293E-13
7.656E+00  1.653E-21  3.357E-13
7.586E+00  1.606E-21  3.231E-13
7.516E+00  1.348E-21  2.687E-13
7.447E+00  1.060E-21  2.094E-13
7.379E+00  8.489E-22  1.662E-13
7.311E+00  7.028E-22  1.363E-13
7.244E+00  5.962E-22  1.146E-13
7.178E+00  5.150E-22  9.805E-14
7.112E+00  4.527E-22  8.540E-14
7.047E+00  4.065E-22  7.598E-14
6.982E+00  3.751E-22  6.947E-14
6.918E+00  3.577E-22  6.564E-14
6.855E+00  3.531E-22  6.420E-14
6.792E+00  3.575E-22  6.440E-14
6.730E+00  3.621E-22  6.463E-14
6.668E+00  3.566E-22  6.307E-14
6.607E+00  3.411E-22  5.978E-14
6.546E+00  3.285E-22  5.704E-14
6.486E+00  3.348E-22  5.760E-14
6.427E+00  3.784E-22  6.451E-14
6.368E+00  4.933E-22  8.333E-14
6.310E+00  7.510E-22  1.257E-13
6.252E+00  1.168E-21  1.937E-13
6.194E+00  1.182E-21  1.942E-13
6.138E+00  7.358E-22  1.198E-13
6.081E+00  4.379E-22  7.065E-14
6.026E+00  2.915E-22  4.659E-14
5.970E+00  2.172E-22  3.440E-14
5.916E+00  1.785E-22  2.800E-14
5.861E+00  1.613E-22  2.507E-14
5.808E+00  1.626E-22  2.505E-14
5.754E+00  1.824E-22  2.784E-14
5.702E+00  1.964E-22  2.970E-14
5.649E+00  1.655E-22  2.480E-14
5.598E+00  1.259E-22  1.869E-14
5.546E+00  1.015E-22  1.494E-14
5.495E+00  8.859E-23  1.291E-14
5.445E+00  8.299E-23  1.199E-14
5.395E+00  8.389E-23  1.201E-14
5.346E+00  9.296E-23  1.318E-14
5.297E+00  1.080E-22  1.517E-14
5.248E+00  1.055E-22  1.468E-14
5.200E+00  8.366E-23  1.154E-14
5.152E+00  6.668E-23  9.113E-15
5.105E+00  5.683E-23  7.696E-15
5.058E+00  5.091E-23  6.831E-15
5.012E+00  4.700E-23  6.249E-15
4.966E+00  4.420E-23  5.822E-15
4.920E+00  4.205E-23  5.489E-15
4.875E+00  4.034E-23  5.217E-15
4.831E+00  3.892E-23  4.986E-15
4.786E+00  3.771E-23  4.787E-15
4.742E+00  3.666E-23  4.612E-15
4.699E+00  3.574E-23  4.455E-15
4.656E+00  3.492E-23  4.313E-15
4.613E+00  3.419E-23  4.184E-15
4.571E+00  3.353E-23  4.066E-15
4.529E+00  3.293E-23  3.956E-15
4.487E+00  3.239E-23  3.855E-15
4.446E+00  3.189E-23  3.761E-15
4.406E+00  3.143E-23  3.673E-15
4.365E+00  3.101E-23  3.591E-15
4.325E+00  3.063E-23  3.514E-15
4.285E+00  3.027E-23  3.441E-15
4.246E+00  2.995E-23  3.374E-15
4.207E+00  2.966E-23  3.310E-15
4.169E+00  2.939E-23  3.250E-15
4.130E+00  2.915E-23  3.194E-15
4.093E+00  2.893E-23  3.141E-15
4.055E+00  2.874E-23  3.092E-15
4.018E+00  2.858E-23  3.046E-15
3.981E+00  2.845E-23  3.004E-15
3.945E+00  2.835E-23  2.967E-15
3.908E+00  2.829E-23  2.933E-15
3.873E+00  2.827E-23  2.904E-15
3.837E+00  2.830E-23  2.880E-15
3.802E+00  2.839E-23  2.863E-15
3.767E+00  2.855E-23  2.853E-15
3.733E+00  2.880E-23  2.852E-15
3.698E+00  2.918E-23  2.862E-15
3.664E+00  2.971E-23  2.888E-15
3.631E+00  3.046E-23  2.934E-15
3.597E+00  3.153E-23  3.009E-15
3.565E+00  3.306E-23  3.126E-15
3.532E+00  3.531E-23  3.308E-15
3.499E+00  3.876E-23  3.598E-15
3.467E+00  4.433E-23  4.077E-15
3.436E+00  5.409E-23  4.929E-15
3.404E+00  7.337E-23  6.625E-15
3.373E+00  1.194E-22  1.068E-14
3.342E+00  2.720E-22  2.411E-14
3.311E+00  1.028E-21  9.033E-14
3.281E+00  7.023E-22  6.112E-14
3.251E+00  2.007E-22  1.730E-14
3.221E+00  9.584E-23  8.189E-15
3.192E+00  6.117E-23  5.178E-15
3.162E+00  4.585E-23  3.846E-15
3.133E+00  3.778E-23  3.140E-15
3.105E+00  3.301E-23  2.719E-15
3.076E+00  2.995E-23  2.443E-15
3.048E+00  2.784E-23  2.251E-15
3.020E+00  2.632E-23  2.109E-15
2.992E+00  2.518E-23  1.999E-15
2.965E+00  2.429E-23  1.910E-15
2.938E+00  2.357E-23  1.837E-15
2.911E+00  2.298E-23  1.774E-15
2.884E+00  2.248E-23  1.719E-15
2.858E+00  2.204E-23  1.671E-15
2.831E+00  2.166E-23  1.627E-15
2.805E+00  2.132E-23  1.586E-15
2.780E+00  2.101E-23  1.549E-15
2.754E+00  2.072E-23  1.514E-15
2.729E+00  2.046E-23  1.481E-15
2.704E+00  2.021E-23  1.449E-15
2.679E+00  1.997E-23  1.419E-15
2.655E+00  1.975E-23  1.391E-15
2.630E+00  1.953E-23  1.363E-15
2.606E+00  1.932E-23  1.336E-15
2.582E+00  1.912E-23  1.310E-15
2.559E+00  1.892E-23  1.284E-15
2.535E+00  1.872E-23  1.259E-15
2.512E+00  1.853E-23  1.235E-15
2.489E+00  1.834E-23  1.211E-15
2.466E+00  1.815E-23  1.188E-15
2.443E+00  1.797E-23  1.164E-15
2.421E+00  1.778E-23  1.142E-15
2.399E+00  1.760E-23  1.120E-15
2.377E+00  1.741E-23  1.098E-15
2.355E+00  1.723E-23  1.077E-15
2.333E+00  1.705E-23  1.056E-15
2.312E+00  1.687E-23  1.035E-15
2.291E+00  1.669E-23  1.014E-15
2.270E+00  1.651E-23  9.943E-16
2.249E+00  1.633E-23  9.744E-16
2.228E+00  1.615E-23  9.546E-16
2.208E+00  1.596E-23  9.350E-16
2.188E+00  1.577E-23  9.154E-16
2.168E+00  1.558E-23  8.958E-16
2.148E+00  1.538E-23  8.761E-16
2.128E+00  1.517E-23  8.562E-16
2.109E+00  1.495E-23  8.360E-16
2.089E+00  1.471E-23  8.153E-16
2.070E+00  1.446E-23  7.940E-16
2.051E+00  1.418E-23  7.718E-16
2.032E+00  1.388E-23  7.483E-16
2.014E+00  1.354E-23  7.234E-16
1.995E+00  1.316E-23  6.966E-16
1.977E+00  1.274E-23  6.681E-16
1.959E+00  1.229E-23  6.386E-16
1.941E+00  1.186E-23  6.104E-16
1.923E+00  1.151E-23  5.873E-16
1.905E+00  1.135E-23  5.735E-16
1.888E+00  1.138E-23  5.701E-16
1.871E+00  1.156E-23  5.738E-16
1.854E+00  1.179E-23  5.798E-16
1.837E+00  1.199E-23  5.843E-16
1.820E+00  1.214E-23  5.860E-16
1.803E+00  1.223E-23  5.848E-16
1.786E+00  1.226E-23  5.812E-16
1.770E+00  1.226E-23  5.758E-16
1.754E+00  1.224E-23  5.692E-16
1.738E+00  1.219E-23  5.618E-16
1.722E+00  1.212E-23  5.537E-16
1.706E+00  1.205E-23  5.453E-16
1.690E+00  1.197E-23  5.367E-16
1.675E+00  1.188E-23  5.280E-16
1.660E+00  1.180E-23  5.193E-16
1.644E+00  1.171E-23  5.107E-16
1.629E+00  1.162E-23  5.022E-16
1.614E+00  1.153E-23  4.939E-16
1.600E+00  1.145E-23  4.859E-16
1.585E+00  1.138E-23  4.782E-16
1.570E+00  1.130E-23  4.709E-16
1.556E+00  1.124E-23  4.639E-16
1.542E+00  1.118E-23  4.573E-16
1.528E+00  1.114E-23  4.513E-16
1.514E+00  1.111E-23  4.459E-16
1.500E+00  1.109E-23  4.411E-16
1.486E+00  1.109E-23  4.370E-16
1.472E+00  1.110E-23  4.337E-16
1.459E+00  1.115E-23  4.313E-16
1.445E+00  1.122E-23  4.301E-16
1.432E+00  1.132E-23  4.301E-16
1.419E+00  1.146E-23  4.315E-16
1.406E+00  1.166E-23  4.347E-16
1.393E+00  1.190E-23  4.399E-16
1.380E+00  1.222E-23  4.475E-16
1.368E+00  1.262E-23  4.578E-16
1.355E+00  1.311E-23  4.714E-16
1.343E+00  1.371E-23  4.885E-16
1.330E+00  1.443E-23  5.092E-16
1.318E+00  1.524E-23  5.330E-16
1.306E+00  1.611E-23  5.582E-16
1.294E+00  1.693E-23  5.811E-16
1.282E+00  1.752E-23  5.961E-16
1.271E+00  1.770E-23  5.965E-16
1.259E+00  1.731E-23  5.779E-16
1.247E+00  1.636E-23  5.413E-16
1.236E+00  1.504E-23  4.930E-16
1.225E+00  1.359E-23  4.415E-16
1.213E+00  1.222E-23  3.934E-16
1.202E+00  1.104E-23  3.521E-16
1.191E+00  1.008E-23  3.185E-16
1.180E+00  9.336E-24  2.923E-16
1.169E+00  8.786E-24  2.726E-16
1.159E+00  8.411E-24  2.585E-16
1.148E+00  8.196E-24  2.496E-16
1.138E+00  8.142E-24  2.457E-16
1.127E+00  8.263E-24  2.471E-16
1.117E+00  8.595E-24  2.546E-16
1.107E+00  9.204E-24  2.702E-16
1.096E+00  1.020E-23  2.967E-16
1.086E+00  1.174E-23  3.383E-16
1.076E+00  1.398E-23  3.991E-16
1.067E+00  1.678E-23  4.749E-16
1.057E+00  1.903E-23  5.335E-16
1.047E+00  1.865E-23  5.180E-16
1.038E+00  1.547E-23  4.257E-16
1.028E+00  1.172E-23  3.195E-16
1.019E+00  8.808E-24  2.380E-16
1.009E+00  6.838E-24  1.831E-16
1.000E+00  5.532E-24  1.467E-16
