Dust emission from Draine & Li (2007): ApJ 657, 810-837
==========================================================
         3 = grain model
 4.000E-08 4.000E-01 1.500E-05 = a_01 (cm) , sigma_1 , b_C1/0.92
 2.000E-07 5.500E-01 5.000E-06 = a_02 (cm) , sigma_2 , b_C2/0.92
 3.000E+02 3.000E+02 1.000E+00 = Umin , Umax, beta (dN/dU propto U^{-beta})
 3.000E+02 = <U> 
     mmp83 = radfield
 1.333E-21 = power/H (erg s-1)
 band   nu*P_nu(band) j_nu(band)
 (um)   (erg s-1 H-1)(Jy cm2 sr-1 H-1)
1.270E+00  1.984E-24  6.682E-17 COBE-DIRBE
2.220E+00  2.497E-24  1.470E-16 COBE-DIRBE
3.530E+00  1.661E-23  1.555E-15 COBE-DIRBE
4.880E+00  7.429E-24  9.617E-16 COBE-DIRBE
1.229E+01  9.119E-23  2.973E-14 COBE-DIRBE
2.079E+01  1.298E-22  7.156E-14 COBE-DIRBE
5.599E+01  9.602E-22  1.426E-12 COBE-DIRBE
9.770E+01  3.377E-22  8.752E-13 COBE-DIRBE
1.479E+02  9.965E-23  3.909E-13 COBE-DIRBE
2.479E+02  1.439E-23  9.464E-14 COBE-DIRBE
1.200E+01  9.189E-23  2.925E-14 IRAS
2.500E+01  2.013E-22  1.335E-13 IRAS
6.000E+01  8.900E-22  1.417E-12 IRAS
1.000E+02  3.135E-22  8.317E-13 IRAS
3.550E+00  1.932E-23  1.820E-15 SST-IRAC
4.493E+00  5.369E-24  6.398E-16 SST-IRAC
5.731E+00  4.407E-23  6.700E-15 SST-IRAC
7.872E+00  1.137E-22  2.374E-14 SST-IRAC
2.368E+01  1.636E-22  1.028E-13 SST-MIPS
7.142E+01  6.216E-22  1.178E-12 SST-MIPS
1.559E+02  7.286E-23  3.013E-13 SST-MIPS
1.600E+01  9.924E-23  4.212E-14 SST-IRSPU
2.200E+01  1.557E-22  9.084E-14 SST-IRSPU
7.500E+01  5.406E-22  1.075E-12 Herschel-PACS
1.100E+02  2.185E-22  6.377E-13 Herschel-PACS
1.700E+02  5.584E-23  2.518E-13 Herschel-PACS
2.500E+02  1.137E-23  7.541E-14 Herschel-SPIRE
3.600E+02  2.232E-24  2.131E-14 Herschel-SPIRE
5.200E+02  4.382E-25  6.044E-15 Herschel-SPIRE
2.400E+00  2.802E-24  1.784E-16 Akari IRC NIR N2
3.200E+00  1.275E-23  1.083E-15 Akari IRC NIR N3
4.100E+00  5.834E-24  6.345E-16 Akari IRC NIR N4
7.000E+00  1.275E-22  2.367E-14 Akari IRC MIR-S S7
9.000E+00  9.440E-23  2.254E-14 Akari IRC MIR-S S9W
1.100E+01  8.252E-23  2.408E-14 Akari IRC MIR-S S11
1.500E+01  9.989E-23  3.975E-14 Akari IRC MIR-L L15
1.800E+01  1.155E-22  5.513E-14 Akari IRC MIR-L L18W
2.400E+01  1.456E-22  9.267E-14 Akari IRC MIR-L L24
6.500E+01  7.730E-22  1.333E-12 Akari FIS N60
8.000E+01  4.704E-22  9.983E-13 Akari FIS WIDE-S
1.400E+02  9.767E-23  3.627E-13 Akari FIS WIDE-L
1.600E+02  6.480E-23  2.750E-13 Akari FIS N160
 
 
 
 


lambda    nu*dP/dnu     j_nu
 (um)   (erg s-1 H-1)(Jy cm2 sr-1 H-1)
1.000E+04  1.391E-30  3.689E-19
9.908E+03  1.442E-30  3.790E-19
9.817E+03  1.495E-30  3.893E-19
9.727E+03  1.550E-30  3.999E-19
9.638E+03  1.607E-30  4.109E-19
9.550E+03  1.666E-30  4.221E-19
9.462E+03  1.728E-30  4.336E-19
9.376E+03  1.791E-30  4.454E-19
9.290E+03  1.857E-30  4.576E-19
9.204E+03  1.925E-30  4.701E-19
9.120E+03  1.996E-30  4.830E-19
9.036E+03  2.070E-30  4.961E-19
8.954E+03  2.146E-30  5.096E-19
8.872E+03  2.224E-30  5.235E-19
8.790E+03  2.306E-30  5.377E-19
8.710E+03  2.391E-30  5.523E-19
8.630E+03  2.478E-30  5.673E-19
8.551E+03  2.569E-30  5.827E-19
8.472E+03  2.664E-30  5.986E-19
8.395E+03  2.762E-30  6.150E-19
8.318E+03  2.863E-30  6.317E-19
8.241E+03  2.969E-30  6.490E-19
8.166E+03  3.078E-30  6.667E-19
8.091E+03  3.192E-30  6.850E-19
8.017E+03  3.309E-30  7.037E-19
7.943E+03  3.432E-30  7.230E-19
7.870E+03  3.558E-30  7.429E-19
7.798E+03  3.690E-30  7.633E-19
7.727E+03  3.826E-30  7.843E-19
7.656E+03  3.968E-30  8.058E-19
7.586E+03  4.115E-30  8.280E-19
7.516E+03  4.268E-30  8.509E-19
7.447E+03  4.426E-30  8.743E-19
7.379E+03  4.590E-30  8.985E-19
7.311E+03  4.761E-30  9.233E-19
7.244E+03  4.938E-30  9.488E-19
7.178E+03  5.121E-30  9.751E-19
7.112E+03  5.312E-30  1.002E-18
7.047E+03  5.510E-30  1.030E-18
6.982E+03  5.715E-30  1.058E-18
6.918E+03  5.927E-30  1.088E-18
6.855E+03  6.148E-30  1.118E-18
6.792E+03  6.377E-30  1.149E-18
6.730E+03  6.615E-30  1.181E-18
6.668E+03  6.862E-30  1.214E-18
6.607E+03  7.118E-30  1.247E-18
6.546E+03  7.384E-30  1.282E-18
6.486E+03  7.660E-30  1.318E-18
6.427E+03  7.947E-30  1.355E-18
6.368E+03  8.244E-30  1.393E-18
6.310E+03  8.553E-30  1.432E-18
6.252E+03  8.874E-30  1.472E-18
6.194E+03  9.207E-30  1.513E-18
6.138E+03  9.553E-30  1.555E-18
6.081E+03  9.912E-30  1.599E-18
6.026E+03  1.028E-29  1.644E-18
5.970E+03  1.067E-29  1.690E-18
5.916E+03  1.107E-29  1.738E-18
5.861E+03  1.149E-29  1.787E-18
5.808E+03  1.192E-29  1.837E-18
5.754E+03  1.237E-29  1.889E-18
5.702E+03  1.284E-29  1.942E-18
5.649E+03  1.333E-29  1.997E-18
5.598E+03  1.383E-29  2.054E-18
5.546E+03  1.435E-29  2.112E-18
5.495E+03  1.490E-29  2.172E-18
5.445E+03  1.546E-29  2.233E-18
5.395E+03  1.605E-29  2.297E-18
5.346E+03  1.666E-29  2.362E-18
5.297E+03  1.729E-29  2.429E-18
5.248E+03  1.795E-29  2.498E-18
5.200E+03  1.863E-29  2.569E-18
5.152E+03  1.934E-29  2.643E-18
5.105E+03  2.007E-29  2.718E-18
5.058E+03  2.084E-29  2.796E-18
5.012E+03  2.163E-29  2.876E-18
4.966E+03  2.245E-29  2.958E-18
4.920E+03  2.331E-29  3.042E-18
4.875E+03  2.420E-29  3.129E-18
4.831E+03  2.512E-29  3.219E-18
4.786E+03  2.608E-29  3.312E-18
4.742E+03  2.708E-29  3.407E-18
4.699E+03  2.812E-29  3.505E-18
4.656E+03  2.919E-29  3.605E-18
4.613E+03  3.031E-29  3.709E-18
4.571E+03  3.147E-29  3.816E-18
4.529E+03  3.268E-29  3.926E-18
4.487E+03  3.394E-29  4.040E-18
4.446E+03  3.524E-29  4.157E-18
4.406E+03  3.660E-29  4.277E-18
4.365E+03  3.801E-29  4.401E-18
4.325E+03  3.947E-29  4.528E-18
4.285E+03  4.099E-29  4.660E-18
4.246E+03  4.257E-29  4.795E-18
4.207E+03  4.422E-29  4.935E-18
4.169E+03  4.593E-29  5.078E-18
4.130E+03  4.770E-29  5.226E-18
4.093E+03  4.955E-29  5.379E-18
4.055E+03  5.146E-29  5.536E-18
4.018E+03  5.346E-29  5.697E-18
3.981E+03  5.553E-29  5.864E-18
3.945E+03  5.768E-29  6.035E-18
3.908E+03  5.991E-29  6.212E-18
3.873E+03  6.224E-29  6.393E-18
3.837E+03  6.465E-29  6.581E-18
3.802E+03  6.717E-29  6.774E-18
3.767E+03  6.978E-29  6.973E-18
3.733E+03  7.249E-29  7.178E-18
3.698E+03  7.532E-29  7.389E-18
3.664E+03  7.826E-29  7.606E-18
3.631E+03  8.131E-29  7.831E-18
3.597E+03  8.448E-29  8.062E-18
3.565E+03  8.779E-29  8.300E-18
3.532E+03  9.122E-29  8.546E-18
3.499E+03  9.479E-29  8.799E-18
3.467E+03  9.851E-29  9.060E-18
3.436E+03  1.024E-28  9.329E-18
3.404E+03  1.064E-28  9.606E-18
3.373E+03  1.106E-28  9.892E-18
3.342E+03  1.149E-28  1.019E-17
3.311E+03  1.194E-28  1.049E-17
3.281E+03  1.241E-28  1.080E-17
3.251E+03  1.290E-28  1.113E-17
3.221E+03  1.341E-28  1.146E-17
3.192E+03  1.394E-28  1.180E-17
3.162E+03  1.449E-28  1.216E-17
3.133E+03  1.506E-28  1.252E-17
3.105E+03  1.566E-28  1.290E-17
3.076E+03  1.628E-28  1.328E-17
3.048E+03  1.692E-28  1.368E-17
3.020E+03  1.759E-28  1.409E-17
2.992E+03  1.829E-28  1.452E-17
2.965E+03  1.902E-28  1.495E-17
2.938E+03  1.977E-28  1.540E-17
2.911E+03  2.055E-28  1.587E-17
2.884E+03  2.137E-28  1.635E-17
2.858E+03  2.222E-28  1.684E-17
2.831E+03  2.310E-28  1.735E-17
2.805E+03  2.402E-28  1.787E-17
2.780E+03  2.497E-28  1.841E-17
2.754E+03  2.597E-28  1.897E-17
2.729E+03  2.700E-28  1.955E-17
2.704E+03  2.808E-28  2.014E-17
2.679E+03  2.920E-28  2.075E-17
2.655E+03  3.037E-28  2.139E-17
2.630E+03  3.158E-28  2.204E-17
2.606E+03  3.285E-28  2.271E-17
2.582E+03  3.416E-28  2.340E-17
2.559E+03  3.553E-28  2.412E-17
2.535E+03  3.696E-28  2.485E-17
2.512E+03  3.844E-28  2.562E-17
2.489E+03  3.999E-28  2.640E-17
2.466E+03  4.160E-28  2.721E-17
2.443E+03  4.327E-28  2.805E-17
2.421E+03  4.501E-28  2.891E-17
2.399E+03  4.683E-28  2.980E-17
2.377E+03  4.871E-28  3.071E-17
2.355E+03  5.068E-28  3.166E-17
2.333E+03  5.273E-28  3.264E-17
2.312E+03  5.486E-28  3.364E-17
2.291E+03  5.708E-28  3.468E-17
2.270E+03  5.939E-28  3.576E-17
2.249E+03  6.179E-28  3.686E-17
2.228E+03  6.429E-28  3.801E-17
2.208E+03  6.690E-28  3.918E-17
2.188E+03  6.962E-28  4.040E-17
2.168E+03  7.244E-28  4.165E-17
2.148E+03  7.538E-28  4.295E-17
2.128E+03  7.845E-28  4.428E-17
2.109E+03  8.164E-28  4.566E-17
2.089E+03  8.496E-28  4.709E-17
2.070E+03  8.842E-28  4.855E-17
2.051E+03  9.202E-28  5.007E-17
2.032E+03  9.578E-28  5.163E-17
2.014E+03  9.968E-28  5.325E-17
1.995E+03  1.037E-27  5.491E-17
1.977E+03  1.080E-27  5.663E-17
1.959E+03  1.124E-27  5.840E-17
1.941E+03  1.170E-27  6.023E-17
1.923E+03  1.218E-27  6.212E-17
1.905E+03  1.267E-27  6.406E-17
1.888E+03  1.319E-27  6.607E-17
1.871E+03  1.373E-27  6.815E-17
1.854E+03  1.430E-27  7.029E-17
1.837E+03  1.488E-27  7.250E-17
1.820E+03  1.549E-27  7.479E-17
1.803E+03  1.613E-27  7.714E-17
1.786E+03  1.679E-27  7.957E-17
1.770E+03  1.748E-27  8.208E-17
1.754E+03  1.820E-27  8.467E-17
1.738E+03  1.895E-27  8.735E-17
1.722E+03  1.973E-27  9.011E-17
1.706E+03  2.054E-27  9.296E-17
1.690E+03  2.139E-27  9.590E-17
1.675E+03  2.227E-27  9.893E-17
1.660E+03  2.319E-27  1.021E-16
1.644E+03  2.414E-27  1.053E-16
1.629E+03  2.514E-27  1.086E-16
1.614E+03  2.618E-27  1.121E-16
1.600E+03  2.726E-27  1.156E-16
1.585E+03  2.838E-27  1.193E-16
1.570E+03  2.955E-27  1.231E-16
1.556E+03  3.078E-27  1.270E-16
1.542E+03  3.205E-27  1.311E-16
1.528E+03  3.337E-27  1.352E-16
1.514E+03  3.475E-27  1.395E-16
1.500E+03  3.619E-27  1.440E-16
1.486E+03  3.769E-27  1.486E-16
1.472E+03  3.925E-27  1.533E-16
1.459E+03  4.088E-27  1.582E-16
1.445E+03  4.258E-27  1.632E-16
1.432E+03  4.434E-27  1.685E-16
1.419E+03  4.618E-27  1.738E-16
1.406E+03  4.810E-27  1.794E-16
1.393E+03  5.010E-27  1.851E-16
1.380E+03  5.218E-27  1.911E-16
1.368E+03  5.435E-27  1.972E-16
1.355E+03  5.661E-27  2.035E-16
1.343E+03  5.896E-27  2.100E-16
1.330E+03  6.142E-27  2.168E-16
1.318E+03  6.397E-27  2.237E-16
1.306E+03  6.663E-27  2.309E-16
1.294E+03  6.941E-27  2.383E-16
1.282E+03  7.230E-27  2.459E-16
1.271E+03  7.531E-27  2.538E-16
1.259E+03  7.844E-27  2.620E-16
1.247E+03  8.171E-27  2.704E-16
1.236E+03  8.512E-27  2.790E-16
1.225E+03  8.866E-27  2.880E-16
1.213E+03  9.236E-27  2.973E-16
1.202E+03  9.620E-27  3.068E-16
1.191E+03  1.002E-26  3.167E-16
1.180E+03  1.044E-26  3.268E-16
1.169E+03  1.087E-26  3.373E-16
1.159E+03  1.133E-26  3.482E-16
1.148E+03  1.180E-26  3.594E-16
1.138E+03  1.229E-26  3.709E-16
1.127E+03  1.280E-26  3.829E-16
1.117E+03  1.334E-26  3.952E-16
1.107E+03  1.390E-26  4.079E-16
1.096E+03  1.447E-26  4.210E-16
1.086E+03  1.508E-26  4.345E-16
1.076E+03  1.571E-26  4.485E-16
1.067E+03  1.636E-26  4.629E-16
1.057E+03  1.705E-26  4.778E-16
1.047E+03  1.776E-26  4.932E-16
1.038E+03  1.850E-26  5.090E-16
1.028E+03  1.927E-26  5.254E-16
1.019E+03  2.007E-26  5.423E-16
1.009E+03  2.091E-26  5.597E-16
1.000E+03  2.178E-26  5.777E-16
9.908E+02  2.269E-26  5.963E-16
9.817E+02  2.364E-26  6.155E-16
9.727E+02  2.462E-26  6.353E-16
9.638E+02  2.565E-26  6.558E-16
9.550E+02  2.672E-26  6.769E-16
9.462E+02  2.784E-26  6.987E-16
9.376E+02  2.900E-26  7.212E-16
9.290E+02  3.021E-26  7.444E-16
9.204E+02  3.147E-26  7.683E-16
9.120E+02  3.278E-26  7.931E-16
9.036E+02  3.415E-26  8.186E-16
8.954E+02  3.557E-26  8.449E-16
8.872E+02  3.706E-26  8.720E-16
8.790E+02  3.860E-26  9.000E-16
8.710E+02  4.021E-26  9.289E-16
8.630E+02  4.188E-26  9.587E-16
8.551E+02  4.362E-26  9.894E-16
8.472E+02  4.544E-26  1.021E-15
8.395E+02  4.733E-26  1.054E-15
8.318E+02  4.929E-26  1.088E-15
8.241E+02  5.134E-26  1.122E-15
8.166E+02  5.348E-26  1.158E-15
8.091E+02  5.570E-26  1.195E-15
8.017E+02  5.801E-26  1.234E-15
7.943E+02  6.041E-26  1.273E-15
7.870E+02  6.292E-26  1.314E-15
7.798E+02  6.553E-26  1.356E-15
7.727E+02  6.825E-26  1.399E-15
7.656E+02  7.108E-26  1.443E-15
7.586E+02  7.402E-26  1.489E-15
7.516E+02  7.709E-26  1.537E-15
7.447E+02  8.029E-26  1.586E-15
7.379E+02  8.362E-26  1.637E-15
7.311E+02  8.710E-26  1.689E-15
7.244E+02  9.072E-26  1.743E-15
7.178E+02  9.449E-26  1.799E-15
7.112E+02  9.841E-26  1.857E-15
7.047E+02  1.025E-25  1.916E-15
6.982E+02  1.068E-25  1.977E-15
6.918E+02  1.112E-25  2.041E-15
6.855E+02  1.158E-25  2.106E-15
6.792E+02  1.207E-25  2.174E-15
6.730E+02  1.257E-25  2.243E-15
6.668E+02  1.309E-25  2.315E-15
6.607E+02  1.363E-25  2.389E-15
6.546E+02  1.420E-25  2.466E-15
6.486E+02  1.479E-25  2.545E-15
6.427E+02  1.541E-25  2.627E-15
6.368E+02  1.605E-25  2.712E-15
6.310E+02  1.672E-25  2.799E-15
6.252E+02  1.742E-25  2.889E-15
6.194E+02  1.815E-25  2.982E-15
6.138E+02  1.891E-25  3.079E-15
6.081E+02  1.970E-25  3.178E-15
6.026E+02  2.053E-25  3.281E-15
5.970E+02  2.139E-25  3.387E-15
5.916E+02  2.228E-25  3.497E-15
5.861E+02  2.322E-25  3.610E-15
5.808E+02  2.419E-25  3.727E-15
5.754E+02  2.520E-25  3.847E-15
5.702E+02  2.626E-25  3.972E-15
5.649E+02  2.737E-25  4.101E-15
5.598E+02  2.852E-25  4.234E-15
5.546E+02  2.971E-25  4.371E-15
5.495E+02  3.096E-25  4.514E-15
5.445E+02  3.227E-25  4.660E-15
5.395E+02  3.362E-25  4.812E-15
5.346E+02  3.504E-25  4.969E-15
5.297E+02  3.652E-25  5.130E-15
5.248E+02  3.805E-25  5.298E-15
5.200E+02  3.966E-25  5.470E-15
5.152E+02  4.133E-25  5.649E-15
5.105E+02  4.307E-25  5.833E-15
5.058E+02  4.489E-25  6.023E-15
5.012E+02  4.679E-25  6.220E-15
4.966E+02  4.876E-25  6.423E-15
4.920E+02  5.082E-25  6.633E-15
4.875E+02  5.297E-25  6.850E-15
4.831E+02  5.521E-25  7.074E-15
4.786E+02  5.754E-25  7.306E-15
4.742E+02  5.998E-25  7.545E-15
4.699E+02  6.251E-25  7.792E-15
4.656E+02  6.516E-25  8.047E-15
4.613E+02  6.791E-25  8.311E-15
4.571E+02  7.079E-25  8.583E-15
4.529E+02  7.379E-25  8.864E-15
4.487E+02  7.691E-25  9.155E-15
4.446E+02  8.017E-25  9.455E-15
4.406E+02  8.356E-25  9.765E-15
4.365E+02  8.710E-25  1.009E-14
4.325E+02  9.079E-25  1.042E-14
4.285E+02  9.464E-25  1.076E-14
4.246E+02  9.865E-25  1.111E-14
4.207E+02  1.028E-24  1.148E-14
4.169E+02  1.072E-24  1.185E-14
4.130E+02  1.117E-24  1.224E-14
4.093E+02  1.165E-24  1.265E-14
4.055E+02  1.214E-24  1.306E-14
4.018E+02  1.266E-24  1.349E-14
3.981E+02  1.320E-24  1.394E-14
3.945E+02  1.376E-24  1.439E-14
3.908E+02  1.434E-24  1.487E-14
3.873E+02  1.495E-24  1.536E-14
3.837E+02  1.559E-24  1.587E-14
3.802E+02  1.625E-24  1.639E-14
3.767E+02  1.694E-24  1.693E-14
3.733E+02  1.766E-24  1.749E-14
3.698E+02  1.841E-24  1.806E-14
3.664E+02  1.920E-24  1.866E-14
3.631E+02  2.001E-24  1.927E-14
3.597E+02  2.086E-24  1.991E-14
3.565E+02  2.175E-24  2.057E-14
3.532E+02  2.268E-24  2.125E-14
3.499E+02  2.364E-24  2.195E-14
3.467E+02  2.465E-24  2.267E-14
3.436E+02  2.570E-24  2.342E-14
3.404E+02  2.679E-24  2.419E-14
3.373E+02  2.793E-24  2.499E-14
3.342E+02  2.912E-24  2.581E-14
3.311E+02  3.035E-24  2.666E-14
3.281E+02  3.164E-24  2.754E-14
3.251E+02  3.299E-24  2.845E-14
3.221E+02  3.439E-24  2.938E-14
3.192E+02  3.585E-24  3.035E-14
3.162E+02  3.738E-24  3.135E-14
3.133E+02  3.896E-24  3.238E-14
3.105E+02  4.062E-24  3.345E-14
3.076E+02  4.234E-24  3.455E-14
3.048E+02  4.414E-24  3.568E-14
3.020E+02  4.601E-24  3.686E-14
2.992E+02  4.796E-24  3.807E-14
2.965E+02  4.999E-24  3.932E-14
2.938E+02  5.211E-24  4.061E-14
2.911E+02  5.432E-24  4.194E-14
2.884E+02  5.661E-24  4.331E-14
2.858E+02  5.901E-24  4.473E-14
2.831E+02  6.151E-24  4.619E-14
2.805E+02  6.411E-24  4.771E-14
2.780E+02  6.681E-24  4.926E-14
2.754E+02  6.964E-24  5.087E-14
2.729E+02  7.258E-24  5.254E-14
2.704E+02  7.566E-24  5.426E-14
2.679E+02  7.886E-24  5.604E-14
2.655E+02  8.219E-24  5.788E-14
2.630E+02  8.567E-24  5.977E-14
2.606E+02  8.929E-24  6.173E-14
2.582E+02  9.306E-24  6.374E-14
2.559E+02  9.698E-24  6.582E-14
2.535E+02  1.010E-23  6.794E-14
2.512E+02  1.052E-23  7.013E-14
2.489E+02  1.096E-23  7.234E-14
2.466E+02  1.140E-23  7.458E-14
2.443E+02  1.186E-23  7.687E-14
2.421E+02  1.233E-23  7.921E-14
2.399E+02  1.282E-23  8.160E-14
2.377E+02  1.333E-23  8.402E-14
2.355E+02  1.385E-23  8.650E-14
2.333E+02  1.439E-23  8.905E-14
2.312E+02  1.495E-23  9.166E-14
2.291E+02  1.553E-23  9.435E-14
2.270E+02  1.613E-23  9.711E-14
2.249E+02  1.675E-23  9.994E-14
2.228E+02  1.740E-23  1.029E-13
2.208E+02  1.807E-23  1.058E-13
2.188E+02  1.877E-23  1.089E-13
2.168E+02  1.949E-23  1.121E-13
2.148E+02  2.024E-23  1.153E-13
2.128E+02  2.101E-23  1.186E-13
2.109E+02  2.181E-23  1.220E-13
2.089E+02  2.264E-23  1.255E-13
2.070E+02  2.350E-23  1.291E-13
2.051E+02  2.439E-23  1.327E-13
2.032E+02  2.532E-23  1.365E-13
2.014E+02  2.627E-23  1.403E-13
1.995E+02  2.726E-23  1.443E-13
1.977E+02  2.829E-23  1.483E-13
1.959E+02  2.935E-23  1.525E-13
1.941E+02  3.045E-23  1.567E-13
1.923E+02  3.158E-23  1.611E-13
1.905E+02  3.276E-23  1.656E-13
1.888E+02  3.398E-23  1.702E-13
1.871E+02  3.524E-23  1.748E-13
1.854E+02  3.654E-23  1.797E-13
1.837E+02  3.789E-23  1.846E-13
1.820E+02  3.929E-23  1.896E-13
1.803E+02  4.073E-23  1.948E-13
1.786E+02  4.223E-23  2.001E-13
1.770E+02  4.377E-23  2.055E-13
1.754E+02  4.538E-23  2.111E-13
1.738E+02  4.703E-23  2.168E-13
1.722E+02  4.875E-23  2.226E-13
1.706E+02  5.052E-23  2.286E-13
1.690E+02  5.236E-23  2.348E-13
1.675E+02  5.426E-23  2.411E-13
1.660E+02  5.623E-23  2.476E-13
1.644E+02  5.827E-23  2.542E-13
1.629E+02  6.039E-23  2.610E-13
1.614E+02  6.258E-23  2.680E-13
1.600E+02  6.485E-23  2.752E-13
1.585E+02  6.720E-23  2.825E-13
1.570E+02  6.964E-23  2.901E-13
1.556E+02  7.218E-23  2.979E-13
1.542E+02  7.481E-23  3.059E-13
1.528E+02  7.753E-23  3.142E-13
1.514E+02  8.037E-23  3.227E-13
1.500E+02  8.330E-23  3.314E-13
1.486E+02  8.635E-23  3.404E-13
1.472E+02  8.951E-23  3.496E-13
1.459E+02  9.276E-23  3.590E-13
1.445E+02  9.611E-23  3.685E-13
1.432E+02  9.952E-23  3.781E-13
1.419E+02  1.030E-22  3.876E-13
1.406E+02  1.064E-22  3.970E-13
1.393E+02  1.099E-22  4.061E-13
1.380E+02  1.133E-22  4.149E-13
1.368E+02  1.167E-22  4.234E-13
1.355E+02  1.201E-22  4.316E-13
1.343E+02  1.234E-22  4.396E-13
1.330E+02  1.268E-22  4.476E-13
1.318E+02  1.303E-22  4.557E-13
1.306E+02  1.339E-22  4.639E-13
1.294E+02  1.376E-22  4.722E-13
1.282E+02  1.413E-22  4.808E-13
1.271E+02  1.453E-22  4.895E-13
1.259E+02  1.493E-22  4.985E-13
1.247E+02  1.535E-22  5.077E-13
1.236E+02  1.578E-22  5.172E-13
1.225E+02  1.622E-22  5.268E-13
1.213E+02  1.668E-22  5.367E-13
1.202E+02  1.715E-22  5.468E-13
1.191E+02  1.763E-22  5.571E-13
1.180E+02  1.813E-22  5.676E-13
1.169E+02  1.864E-22  5.783E-13
1.159E+02  1.916E-22  5.891E-13
1.148E+02  1.970E-22  6.001E-13
1.138E+02  2.026E-22  6.112E-13
1.127E+02  2.082E-22  6.226E-13
1.117E+02  2.141E-22  6.341E-13
1.107E+02  2.200E-22  6.459E-13
1.096E+02  2.261E-22  6.578E-13
1.086E+02  2.324E-22  6.698E-13
1.076E+02  2.388E-22  6.820E-13
1.067E+02  2.454E-22  6.943E-13
1.057E+02  2.521E-22  7.068E-13
1.047E+02  2.590E-22  7.194E-13
1.038E+02  2.660E-22  7.322E-13
1.028E+02  2.732E-22  7.450E-13
1.019E+02  2.805E-22  7.579E-13
1.009E+02  2.880E-22  7.709E-13
1.000E+02  2.956E-22  7.840E-13
9.908E+01  3.033E-22  7.972E-13
9.817E+01  3.112E-22  8.104E-13
9.727E+01  3.193E-22  8.238E-13
9.638E+01  3.274E-22  8.372E-13
9.550E+01  3.358E-22  8.506E-13
9.462E+01  3.443E-22  8.641E-13
9.376E+01  3.529E-22  8.776E-13
9.290E+01  3.616E-22  8.911E-13
9.204E+01  3.705E-22  9.047E-13
9.120E+01  3.796E-22  9.182E-13
9.036E+01  3.887E-22  9.318E-13
8.954E+01  3.981E-22  9.454E-13
8.872E+01  4.075E-22  9.590E-13
8.790E+01  4.171E-22  9.726E-13
8.710E+01  4.269E-22  9.863E-13
8.630E+01  4.368E-22  9.999E-13
8.551E+01  4.468E-22  1.013E-12
8.472E+01  4.570E-22  1.027E-12
8.395E+01  4.672E-22  1.040E-12
8.318E+01  4.776E-22  1.054E-12
8.241E+01  4.882E-22  1.067E-12
8.166E+01  4.988E-22  1.081E-12
8.091E+01  5.096E-22  1.094E-12
8.017E+01  5.205E-22  1.107E-12
7.943E+01  5.315E-22  1.120E-12
7.870E+01  5.426E-22  1.133E-12
7.798E+01  5.537E-22  1.145E-12
7.727E+01  5.650E-22  1.158E-12
7.656E+01  5.764E-22  1.171E-12
7.586E+01  5.878E-22  1.183E-12
7.516E+01  5.994E-22  1.195E-12
7.447E+01  6.109E-22  1.207E-12
7.379E+01  6.225E-22  1.219E-12
7.311E+01  6.342E-22  1.230E-12
7.244E+01  6.459E-22  1.241E-12
7.178E+01  6.577E-22  1.252E-12
7.112E+01  6.695E-22  1.263E-12
7.047E+01  6.814E-22  1.274E-12
6.982E+01  6.934E-22  1.284E-12
6.918E+01  7.053E-22  1.294E-12
6.855E+01  7.173E-22  1.304E-12
6.792E+01  7.292E-22  1.314E-12
6.730E+01  7.411E-22  1.323E-12
6.668E+01  7.531E-22  1.332E-12
6.607E+01  7.651E-22  1.341E-12
6.546E+01  7.770E-22  1.349E-12
6.486E+01  7.889E-22  1.357E-12
6.427E+01  8.008E-22  1.365E-12
6.368E+01  8.126E-22  1.373E-12
6.310E+01  8.244E-22  1.380E-12
6.252E+01  8.362E-22  1.387E-12
6.194E+01  8.480E-22  1.393E-12
6.138E+01  8.597E-22  1.400E-12
6.081E+01  8.713E-22  1.406E-12
6.026E+01  8.828E-22  1.411E-12
5.970E+01  8.943E-22  1.416E-12
5.916E+01  9.056E-22  1.421E-12
5.861E+01  9.168E-22  1.425E-12
5.808E+01  9.279E-22  1.429E-12
5.754E+01  9.389E-22  1.433E-12
5.702E+01  9.497E-22  1.436E-12
5.649E+01  9.605E-22  1.439E-12
5.598E+01  9.712E-22  1.442E-12
5.546E+01  9.817E-22  1.444E-12
5.495E+01  9.921E-22  1.446E-12
5.445E+01  1.002E-21  1.448E-12
5.395E+01  1.013E-21  1.449E-12
5.346E+01  1.023E-21  1.450E-12
5.297E+01  1.032E-21  1.450E-12
5.248E+01  1.042E-21  1.451E-12
5.200E+01  1.052E-21  1.450E-12
5.152E+01  1.061E-21  1.450E-12
5.105E+01  1.070E-21  1.449E-12
5.058E+01  1.079E-21  1.447E-12
5.012E+01  1.087E-21  1.446E-12
4.966E+01  1.096E-21  1.444E-12
4.920E+01  1.104E-21  1.441E-12
4.875E+01  1.112E-21  1.438E-12
4.831E+01  1.120E-21  1.435E-12
4.786E+01  1.127E-21  1.431E-12
4.742E+01  1.135E-21  1.428E-12
4.699E+01  1.142E-21  1.423E-12
4.656E+01  1.149E-21  1.419E-12
4.613E+01  1.155E-21  1.414E-12
4.571E+01  1.161E-21  1.408E-12
4.529E+01  1.167E-21  1.402E-12
4.487E+01  1.173E-21  1.396E-12
4.446E+01  1.178E-21  1.390E-12
4.406E+01  1.183E-21  1.383E-12
4.365E+01  1.188E-21  1.375E-12
4.325E+01  1.192E-21  1.367E-12
4.285E+01  1.195E-21  1.359E-12
4.246E+01  1.198E-21  1.349E-12
4.207E+01  1.201E-21  1.340E-12
4.169E+01  1.202E-21  1.330E-12
4.130E+01  1.204E-21  1.319E-12
4.093E+01  1.204E-21  1.307E-12
4.055E+01  1.204E-21  1.295E-12
4.018E+01  1.203E-21  1.282E-12
3.981E+01  1.201E-21  1.268E-12
3.945E+01  1.198E-21  1.254E-12
3.908E+01  1.195E-21  1.238E-12
3.873E+01  1.190E-21  1.222E-12
3.837E+01  1.184E-21  1.205E-12
3.802E+01  1.177E-21  1.187E-12
3.767E+01  1.169E-21  1.168E-12
3.733E+01  1.159E-21  1.148E-12
3.698E+01  1.148E-21  1.126E-12
3.664E+01  1.136E-21  1.104E-12
3.631E+01  1.123E-21  1.081E-12
3.597E+01  1.108E-21  1.057E-12
3.565E+01  1.091E-21  1.032E-12
3.532E+01  1.073E-21  1.006E-12
3.499E+01  1.054E-21  9.784E-13
3.467E+01  1.033E-21  9.504E-13
3.436E+01  1.011E-21  9.216E-13
3.404E+01  9.878E-22  8.920E-13
3.373E+01  9.632E-22  8.617E-13
3.342E+01  9.373E-22  8.309E-13
3.311E+01  9.105E-22  7.997E-13
3.281E+01  8.826E-22  7.681E-13
3.251E+01  8.539E-22  7.363E-13
3.221E+01  8.245E-22  7.045E-13
3.192E+01  7.945E-22  6.726E-13
3.162E+01  7.642E-22  6.410E-13
3.133E+01  7.335E-22  6.097E-13
3.105E+01  7.028E-22  5.788E-13
3.076E+01  6.722E-22  5.485E-13
3.048E+01  6.418E-22  5.189E-13
3.020E+01  6.117E-22  4.900E-13
2.992E+01  5.822E-22  4.621E-13
2.965E+01  5.533E-22  4.351E-13
2.938E+01  5.251E-22  4.092E-13
2.911E+01  4.977E-22  3.843E-13
2.884E+01  4.713E-22  3.605E-13
2.858E+01  4.458E-22  3.379E-13
2.831E+01  4.214E-22  3.165E-13
2.805E+01  3.981E-22  2.962E-13
2.780E+01  3.759E-22  2.771E-13
2.754E+01  3.548E-22  2.592E-13
2.729E+01  3.348E-22  2.423E-13
2.704E+01  3.159E-22  2.266E-13
2.679E+01  2.982E-22  2.119E-13
2.655E+01  2.815E-22  1.982E-13
2.630E+01  2.659E-22  1.855E-13
2.606E+01  2.512E-22  1.737E-13
2.582E+01  2.376E-22  1.628E-13
2.559E+01  2.249E-22  1.527E-13
2.535E+01  2.131E-22  1.433E-13
2.512E+01  2.022E-22  1.347E-13
2.489E+01  1.920E-22  1.268E-13
2.466E+01  1.827E-22  1.195E-13
2.443E+01  1.740E-22  1.128E-13
2.421E+01  1.660E-22  1.066E-13
2.399E+01  1.586E-22  1.009E-13
2.377E+01  1.518E-22  9.573E-14
2.355E+01  1.456E-22  9.098E-14
2.333E+01  1.400E-22  8.663E-14
2.312E+01  1.347E-22  8.263E-14
2.291E+01  1.300E-22  7.898E-14
2.270E+01  1.257E-22  7.566E-14
2.249E+01  1.218E-22  7.264E-14
2.228E+01  1.182E-22  6.988E-14
2.208E+01  1.150E-22  6.735E-14
2.188E+01  1.121E-22  6.503E-14
2.168E+01  1.094E-22  6.290E-14
2.148E+01  1.070E-22  6.097E-14
2.128E+01  1.049E-22  5.920E-14
2.109E+01  1.030E-22  5.760E-14
2.089E+01  1.013E-22  5.613E-14
2.070E+01  9.977E-23  5.479E-14
2.051E+01  9.844E-23  5.356E-14
2.032E+01  9.730E-23  5.245E-14
2.014E+01  9.635E-23  5.147E-14
1.995E+01  9.557E-23  5.058E-14
1.977E+01  9.497E-23  4.980E-14
1.959E+01  9.459E-23  4.915E-14
1.941E+01  9.459E-23  4.870E-14
1.923E+01  9.545E-23  4.869E-14
1.905E+01  9.878E-23  4.993E-14
1.888E+01  1.014E-22  5.080E-14
1.871E+01  9.674E-23  4.800E-14
1.854E+01  9.513E-23  4.677E-14
1.837E+01  9.535E-23  4.645E-14
1.820E+01  9.677E-23  4.671E-14
1.803E+01  1.003E-22  4.795E-14
1.786E+01  1.064E-22  5.042E-14
1.770E+01  1.073E-22  5.036E-14
1.754E+01  1.135E-22  5.282E-14
1.738E+01  1.286E-22  5.930E-14
1.722E+01  1.266E-22  5.780E-14
1.706E+01  1.270E-22  5.750E-14
1.690E+01  1.236E-22  5.543E-14
1.675E+01  1.180E-22  5.241E-14
1.660E+01  1.194E-22  5.255E-14
1.644E+01  1.372E-22  5.984E-14
1.629E+01  1.055E-22  4.557E-14
1.614E+01  9.232E-23  3.953E-14
1.600E+01  8.750E-23  3.713E-14
1.585E+01  8.432E-23  3.545E-14
1.570E+01  8.075E-23  3.364E-14
1.556E+01  7.833E-23  3.233E-14
1.542E+01  7.652E-23  3.129E-14
1.528E+01  7.505E-23  3.041E-14
1.514E+01  7.383E-23  2.964E-14
1.500E+01  7.283E-23  2.897E-14
1.486E+01  7.208E-23  2.841E-14
1.472E+01  7.168E-23  2.800E-14
1.459E+01  7.189E-23  2.782E-14
1.445E+01  7.336E-23  2.813E-14
1.432E+01  7.755E-23  2.946E-14
1.419E+01  8.234E-23  3.100E-14
1.406E+01  7.883E-23  2.940E-14
1.393E+01  7.698E-23  2.845E-14
1.380E+01  7.981E-23  2.922E-14
1.368E+01  8.696E-23  3.155E-14
1.355E+01  9.609E-23  3.454E-14
1.343E+01  9.800E-23  3.490E-14
1.330E+01  9.212E-23  3.251E-14
1.318E+01  8.899E-23  3.112E-14
1.306E+01  9.262E-23  3.209E-14
1.294E+01  1.045E-22  3.588E-14
1.282E+01  1.267E-22  4.310E-14
1.271E+01  1.547E-22  5.214E-14
1.259E+01  1.631E-22  5.448E-14
1.247E+01  1.420E-22  4.698E-14
1.236E+01  1.205E-22  3.949E-14
1.225E+01  1.127E-22  3.661E-14
1.213E+01  1.171E-22  3.769E-14
1.202E+01  1.237E-22  3.946E-14
1.191E+01  1.186E-22  3.747E-14
1.180E+01  1.070E-22  3.351E-14
1.169E+01  1.036E-22  3.215E-14
1.159E+01  1.165E-22  3.581E-14
1.148E+01  1.556E-22  4.738E-14
1.138E+01  2.210E-22  6.668E-14
1.127E+01  2.917E-22  8.720E-14
1.117E+01  2.051E-22  6.075E-14
1.107E+01  1.057E-22  3.102E-14
1.096E+01  7.263E-23  2.113E-14
1.086E+01  5.736E-23  1.653E-14
1.076E+01  4.924E-23  1.406E-14
1.067E+01  4.438E-23  1.256E-14
1.057E+01  4.019E-23  1.127E-14
1.047E+01  3.736E-23  1.038E-14
1.038E+01  3.543E-23  9.752E-15
1.028E+01  3.405E-23  9.285E-15
1.019E+01  3.303E-23  8.924E-15
1.009E+01  3.230E-23  8.647E-15
1.000E+01  3.180E-23  8.436E-15
9.908E+00  3.152E-23  8.285E-15
9.817E+00  3.144E-23  8.188E-15
9.727E+00  3.156E-23  8.143E-15
9.638E+00  3.188E-23  8.152E-15
9.550E+00  3.243E-23  8.216E-15
9.462E+00  3.324E-23  8.343E-15
9.376E+00  3.437E-23  8.548E-15
9.290E+00  3.592E-23  8.852E-15
9.204E+00  3.806E-23  9.291E-15
9.120E+00  4.104E-23  9.929E-15
9.036E+00  4.535E-23  1.087E-14
8.954E+00  5.182E-23  1.231E-14
8.872E+00  6.204E-23  1.460E-14
8.790E+00  7.874E-23  1.836E-14
8.710E+00  1.041E-22  2.406E-14
8.630E+00  1.277E-22  2.922E-14
8.551E+00  1.244E-22  2.822E-14
8.472E+00  1.078E-22  2.422E-14
8.395E+00  9.921E-23  2.209E-14
8.318E+00  9.856E-23  2.175E-14
8.241E+00  1.027E-22  2.246E-14
8.166E+00  1.134E-22  2.456E-14
8.091E+00  1.337E-22  2.870E-14
8.017E+00  1.661E-22  3.532E-14
7.943E+00  2.083E-22  4.389E-14
7.870E+00  2.450E-22  5.114E-14
7.798E+00  2.576E-22  5.329E-14
7.727E+00  2.586E-22  5.300E-14
7.656E+00  2.660E-22  5.403E-14
7.586E+00  2.584E-22  5.200E-14
7.516E+00  2.169E-22  4.325E-14
7.447E+00  1.705E-22  3.369E-14
7.379E+00  1.366E-22  2.673E-14
7.311E+00  1.130E-22  2.192E-14
7.244E+00  9.588E-23  1.842E-14
7.178E+00  8.279E-23  1.576E-14
7.112E+00  7.275E-23  1.373E-14
7.047E+00  6.532E-23  1.221E-14
6.982E+00  6.026E-23  1.116E-14
6.918E+00  5.745E-23  1.054E-14
6.855E+00  5.671E-23  1.031E-14
6.792E+00  5.741E-23  1.034E-14
6.730E+00  5.814E-23  1.038E-14
6.668E+00  5.726E-23  1.013E-14
6.607E+00  5.476E-23  9.597E-15
6.546E+00  5.272E-23  9.155E-15
6.486E+00  5.373E-23  9.244E-15
6.427E+00  6.073E-23  1.035E-14
6.368E+00  7.920E-23  1.338E-14
6.310E+00  1.206E-22  2.019E-14
6.252E+00  1.876E-22  3.111E-14
6.194E+00  1.898E-22  3.119E-14
6.138E+00  1.181E-22  1.923E-14
6.081E+00  7.025E-23  1.133E-14
6.026E+00  4.672E-23  7.467E-15
5.970E+00  3.479E-23  5.509E-15
5.916E+00  2.856E-23  4.481E-15
5.861E+00  2.580E-23  4.011E-15
5.808E+00  2.600E-23  4.006E-15
5.754E+00  2.918E-23  4.454E-15
5.702E+00  3.142E-23  4.752E-15
5.649E+00  2.646E-23  3.965E-15
5.598E+00  2.011E-23  2.985E-15
5.546E+00  1.620E-23  2.383E-15
5.495E+00  1.412E-23  2.058E-15
5.445E+00  1.322E-23  1.909E-15
5.395E+00  1.336E-23  1.912E-15
5.346E+00  1.482E-23  2.101E-15
5.297E+00  1.722E-23  2.419E-15
5.248E+00  1.682E-23  2.341E-15
5.200E+00  1.332E-23  1.837E-15
5.152E+00  1.060E-23  1.448E-15
5.105E+00  9.020E-24  1.221E-15
5.058E+00  8.070E-24  1.083E-15
5.012E+00  7.443E-24  9.896E-16
4.966E+00  6.994E-24  9.212E-16
4.920E+00  6.650E-24  8.679E-16
4.875E+00  6.375E-24  8.244E-16
4.831E+00  6.146E-24  7.876E-16
4.786E+00  5.952E-24  7.557E-16
4.742E+00  5.785E-24  7.277E-16
4.699E+00  5.637E-24  7.027E-16
4.656E+00  5.506E-24  6.800E-16
4.613E+00  5.389E-24  6.594E-16
4.571E+00  5.283E-24  6.405E-16
4.529E+00  5.187E-24  6.231E-16
4.487E+00  5.099E-24  6.070E-16
4.446E+00  5.019E-24  5.920E-16
4.406E+00  4.946E-24  5.780E-16
4.365E+00  4.879E-24  5.649E-16
4.325E+00  4.817E-24  5.527E-16
4.285E+00  4.761E-24  5.412E-16
4.246E+00  4.709E-24  5.304E-16
4.207E+00  4.662E-24  5.202E-16
4.169E+00  4.619E-24  5.107E-16
4.130E+00  4.580E-24  5.018E-16
4.093E+00  4.546E-24  4.935E-16
4.055E+00  4.516E-24  4.857E-16
4.018E+00  4.490E-24  4.785E-16
3.981E+00  4.469E-24  4.719E-16
3.945E+00  4.454E-24  4.660E-16
3.908E+00  4.444E-24  4.607E-16
3.873E+00  4.441E-24  4.562E-16
3.837E+00  4.446E-24  4.525E-16
3.802E+00  4.461E-24  4.498E-16
3.767E+00  4.487E-24  4.483E-16
3.733E+00  4.528E-24  4.483E-16
3.698E+00  4.588E-24  4.501E-16
3.664E+00  4.674E-24  4.544E-16
3.631E+00  4.796E-24  4.619E-16
3.597E+00  4.967E-24  4.740E-16
3.565E+00  5.214E-24  4.930E-16
3.532E+00  5.576E-24  5.224E-16
3.499E+00  6.131E-24  5.691E-16
3.467E+00  7.028E-24  6.464E-16
3.436E+00  8.598E-24  7.836E-16
3.404E+00  1.170E-23  1.057E-15
3.373E+00  1.911E-23  1.710E-15
3.342E+00  4.366E-23  3.870E-15
3.311E+00  1.654E-22  1.453E-14
3.281E+00  1.129E-22  9.828E-15
3.251E+00  3.219E-23  2.776E-15
3.221E+00  1.533E-23  1.310E-15
3.192E+00  9.746E-24  8.251E-16
3.162E+00  7.281E-24  6.107E-16
3.133E+00  5.984E-24  4.973E-16
3.105E+00  5.217E-24  4.296E-16
3.076E+00  4.723E-24  3.854E-16
3.048E+00  4.385E-24  3.545E-16
3.020E+00  4.141E-24  3.317E-16
2.992E+00  3.958E-24  3.141E-16
2.965E+00  3.815E-24  3.000E-16
2.938E+00  3.700E-24  2.883E-16
2.911E+00  3.605E-24  2.783E-16
2.884E+00  3.524E-24  2.696E-16
2.858E+00  3.455E-24  2.619E-16
2.831E+00  3.394E-24  2.549E-16
2.805E+00  3.340E-24  2.485E-16
2.780E+00  3.291E-24  2.426E-16
2.754E+00  3.245E-24  2.371E-16
2.729E+00  3.203E-24  2.319E-16
2.704E+00  3.164E-24  2.269E-16
2.679E+00  3.126E-24  2.222E-16
2.655E+00  3.091E-24  2.176E-16
2.630E+00  3.056E-24  2.132E-16
2.606E+00  3.023E-24  2.090E-16
2.582E+00  2.991E-24  2.049E-16
2.559E+00  2.960E-24  2.009E-16
2.535E+00  2.929E-24  1.970E-16
2.512E+00  2.899E-24  1.932E-16
2.489E+00  2.869E-24  1.894E-16
2.466E+00  2.839E-24  1.857E-16
2.443E+00  2.810E-24  1.821E-16
2.421E+00  2.780E-24  1.785E-16
2.399E+00  2.751E-24  1.751E-16
2.377E+00  2.723E-24  1.717E-16
2.355E+00  2.694E-24  1.683E-16
2.333E+00  2.666E-24  1.650E-16
2.312E+00  2.638E-24  1.618E-16
2.291E+00  2.610E-24  1.586E-16
2.270E+00  2.581E-24  1.554E-16
2.249E+00  2.553E-24  1.523E-16
2.228E+00  2.524E-24  1.492E-16
2.208E+00  2.495E-24  1.461E-16
2.188E+00  2.465E-24  1.430E-16
2.168E+00  2.434E-24  1.400E-16
2.148E+00  2.402E-24  1.369E-16
2.128E+00  2.369E-24  1.338E-16
2.109E+00  2.335E-24  1.306E-16
2.089E+00  2.297E-24  1.273E-16
2.070E+00  2.258E-24  1.240E-16
2.051E+00  2.214E-24  1.205E-16
2.032E+00  2.166E-24  1.168E-16
2.014E+00  2.112E-24  1.128E-16
1.995E+00  2.051E-24  1.086E-16
1.977E+00  1.984E-24  1.041E-16
1.959E+00  1.913E-24  9.938E-17
1.941E+00  1.843E-24  9.490E-17
1.923E+00  1.789E-24  9.124E-17
1.905E+00  1.762E-24  8.908E-17
1.888E+00  1.769E-24  8.860E-17
1.871E+00  1.799E-24  8.927E-17
1.854E+00  1.836E-24  9.029E-17
1.837E+00  1.870E-24  9.108E-17
1.820E+00  1.894E-24  9.141E-17
1.803E+00  1.909E-24  9.128E-17
1.786E+00  1.915E-24  9.076E-17
1.770E+00  1.916E-24  8.996E-17
1.754E+00  1.912E-24  8.896E-17
1.738E+00  1.905E-24  8.781E-17
1.722E+00  1.895E-24  8.657E-17
1.706E+00  1.884E-24  8.527E-17
1.690E+00  1.872E-24  8.394E-17
1.675E+00  1.859E-24  8.259E-17
1.660E+00  1.846E-24  8.125E-17
1.644E+00  1.832E-24  7.992E-17
1.629E+00  1.819E-24  7.861E-17
1.614E+00  1.806E-24  7.732E-17
1.600E+00  1.793E-24  7.609E-17
1.585E+00  1.781E-24  7.489E-17
1.570E+00  1.771E-24  7.376E-17
1.556E+00  1.761E-24  7.268E-17
1.542E+00  1.753E-24  7.168E-17
1.528E+00  1.746E-24  7.076E-17
1.514E+00  1.742E-24  6.993E-17
1.500E+00  1.740E-24  6.920E-17
1.486E+00  1.740E-24  6.859E-17
1.472E+00  1.744E-24  6.811E-17
1.459E+00  1.752E-24  6.778E-17
1.445E+00  1.764E-24  6.762E-17
1.432E+00  1.781E-24  6.767E-17
1.419E+00  1.805E-24  6.795E-17
1.406E+00  1.837E-24  6.851E-17
1.393E+00  1.878E-24  6.940E-17
1.380E+00  1.930E-24  7.067E-17
1.368E+00  1.995E-24  7.239E-17
1.355E+00  2.076E-24  7.463E-17
1.343E+00  2.174E-24  7.744E-17
1.330E+00  2.291E-24  8.084E-17
1.318E+00  2.424E-24  8.474E-17
1.306E+00  2.565E-24  8.886E-17
1.294E+00  2.698E-24  9.262E-17
1.282E+00  2.795E-24  9.509E-17
1.271E+00  2.825E-24  9.520E-17
1.259E+00  2.762E-24  9.224E-17
1.247E+00  2.610E-24  8.635E-17
1.236E+00  2.396E-24  7.857E-17
1.225E+00  2.163E-24  7.027E-17
1.213E+00  1.942E-24  6.251E-17
1.202E+00  1.752E-24  5.586E-17
1.191E+00  1.597E-24  5.045E-17
1.180E+00  1.477E-24  4.624E-17
1.169E+00  1.389E-24  4.308E-17
1.159E+00  1.328E-24  4.083E-17
1.148E+00  1.294E-24  3.942E-17
1.138E+00  1.286E-24  3.882E-17
1.127E+00  1.307E-24  3.907E-17
1.117E+00  1.361E-24  4.033E-17
1.107E+00  1.461E-24  4.289E-17
1.096E+00  1.623E-24  4.722E-17
1.086E+00  1.874E-24  5.401E-17
1.076E+00  2.238E-24  6.392E-17
1.067E+00  2.695E-24  7.625E-17
1.057E+00  3.061E-24  8.581E-17
1.047E+00  3.000E-24  8.333E-17
1.038E+00  2.484E-24  6.837E-17
1.028E+00  1.876E-24  5.115E-17
1.019E+00  1.404E-24  3.792E-17
1.009E+00  1.084E-24  2.902E-17
1.000E+00  8.726E-25  2.315E-17
