Dust emission from Draine & Li (2007): ApJ 657, 810-837
================================================================
         2 = grain model
 4.000E-08 4.000E-01 7.500E-06 = a_01 (cm) , sigma_1 , b_C1/0.92
 2.500E-07 4.000E-01 2.500E-06 = a_02 (cm) , sigma_2 , b_C2/0.92
 5.000E+00 1.000E+03 2.000E+00 = Umin , Umax, beta (dN/dU propto U^{-beta})
 2.662E+01 = <U> 
     mmp83 = radfield
 1.179E-22 = power/H (erg s-1)
 band   nu*P_nu(band) j_nu(band)
 (um)   (erg s-1 H-1)(Jy cm2 sr-1 H-1)
1.270E+00  1.090E-25  3.674E-18 COBE-DIRBE
2.220E+00  1.358E-25  7.994E-18 COBE-DIRBE
3.530E+00  8.899E-25  8.332E-17 COBE-DIRBE
4.880E+00  4.111E-25  5.321E-17 COBE-DIRBE
1.229E+01  5.630E-24  1.835E-15 COBE-DIRBE
2.079E+01  9.175E-24  5.060E-15 COBE-DIRBE
5.599E+01  7.964E-23  1.183E-13 COBE-DIRBE
9.770E+01  5.086E-23  1.318E-13 COBE-DIRBE
1.479E+02  2.312E-23  9.070E-14 COBE-DIRBE
2.479E+02  4.904E-24  3.224E-14 COBE-DIRBE
1.200E+01  5.349E-24  1.703E-15 IRAS
2.500E+01  1.289E-23  8.549E-15 IRAS
6.000E+01  7.754E-23  1.234E-13 IRAS
1.000E+02  4.890E-23  1.297E-13 IRAS
3.550E+00  1.035E-24  9.750E-17 SST-IRAC
4.493E+00  2.864E-25  3.413E-17 SST-IRAC
5.731E+00  2.508E-24  3.812E-16 SST-IRAC
7.872E+00  6.430E-24  1.343E-15 SST-IRAC
2.368E+01  1.077E-23  6.766E-15 SST-MIPS
7.142E+01  6.654E-23  1.261E-13 SST-MIPS
1.559E+02  1.855E-23  7.673E-14 SST-MIPS
1.600E+01  6.478E-24  2.750E-15 SST-IRSPU
2.200E+01  1.039E-23  6.065E-15 SST-IRSPU











lambda    nu*dP/dnu     j_nu
 (um)   (erg s-1 H-1)(Jy cm2 sr-1 H-1)
1.000E+04  8.493E-31  2.253E-19
9.908E+03  8.805E-31  2.314E-19
9.817E+03  9.128E-31  2.377E-19
9.727E+03  9.463E-31  2.442E-19
9.638E+03  9.811E-31  2.508E-19
9.550E+03  1.017E-30  2.577E-19
9.462E+03  1.055E-30  2.647E-19
9.376E+03  1.093E-30  2.719E-19
9.290E+03  1.133E-30  2.793E-19
9.204E+03  1.175E-30  2.869E-19
9.120E+03  1.218E-30  2.947E-19
9.036E+03  1.263E-30  3.028E-19
8.954E+03  1.309E-30  3.110E-19
8.872E+03  1.357E-30  3.194E-19
8.790E+03  1.407E-30  3.280E-19
8.710E+03  1.458E-30  3.369E-19
8.630E+03  1.512E-30  3.461E-19
8.551E+03  1.567E-30  3.555E-19
8.472E+03  1.625E-30  3.651E-19
8.395E+03  1.684E-30  3.750E-19
8.318E+03  1.746E-30  3.852E-19
8.241E+03  1.810E-30  3.957E-19
8.166E+03  1.877E-30  4.065E-19
8.091E+03  1.946E-30  4.176E-19
8.017E+03  2.017E-30  4.290E-19
7.943E+03  2.092E-30  4.407E-19
7.870E+03  2.169E-30  4.528E-19
7.798E+03  2.249E-30  4.652E-19
7.727E+03  2.332E-30  4.779E-19
7.656E+03  2.418E-30  4.910E-19
7.586E+03  2.507E-30  5.045E-19
7.516E+03  2.600E-30  5.184E-19
7.447E+03  2.696E-30  5.326E-19
7.379E+03  2.796E-30  5.473E-19
7.311E+03  2.900E-30  5.623E-19
7.244E+03  3.007E-30  5.778E-19
7.178E+03  3.119E-30  5.938E-19
7.112E+03  3.234E-30  6.102E-19
7.047E+03  3.354E-30  6.270E-19
6.982E+03  3.479E-30  6.443E-19
6.918E+03  3.608E-30  6.621E-19
6.855E+03  3.742E-30  6.804E-19
6.792E+03  3.881E-30  6.992E-19
6.730E+03  4.025E-30  7.185E-19
6.668E+03  4.175E-30  7.384E-19
6.607E+03  4.330E-30  7.589E-19
6.546E+03  4.492E-30  7.799E-19
6.486E+03  4.659E-30  8.016E-19
6.427E+03  4.833E-30  8.239E-19
6.368E+03  5.013E-30  8.468E-19
6.310E+03  5.200E-30  8.704E-19
6.252E+03  5.395E-30  8.946E-19
6.194E+03  5.596E-30  9.196E-19
6.138E+03  5.806E-30  9.452E-19
6.081E+03  6.023E-30  9.716E-19
6.026E+03  6.249E-30  9.988E-19
5.970E+03  6.483E-30  1.027E-18
5.916E+03  6.726E-30  1.055E-18
5.861E+03  6.979E-30  1.085E-18
5.808E+03  7.241E-30  1.115E-18
5.754E+03  7.513E-30  1.147E-18
5.702E+03  7.796E-30  1.179E-18
5.649E+03  8.089E-30  1.212E-18
5.598E+03  8.394E-30  1.246E-18
5.546E+03  8.710E-30  1.281E-18
5.495E+03  9.038E-30  1.318E-18
5.445E+03  9.379E-30  1.355E-18
5.395E+03  9.733E-30  1.393E-18
5.346E+03  1.010E-29  1.432E-18
5.297E+03  1.048E-29  1.473E-18
5.248E+03  1.088E-29  1.514E-18
5.200E+03  1.129E-29  1.557E-18
5.152E+03  1.172E-29  1.601E-18
5.105E+03  1.216E-29  1.647E-18
5.058E+03  1.262E-29  1.694E-18
5.012E+03  1.310E-29  1.742E-18
4.966E+03  1.360E-29  1.791E-18
4.920E+03  1.411E-29  1.842E-18
4.875E+03  1.465E-29  1.895E-18
4.831E+03  1.521E-29  1.948E-18
4.786E+03  1.578E-29  2.004E-18
4.742E+03  1.638E-29  2.061E-18
4.699E+03  1.701E-29  2.120E-18
4.656E+03  1.766E-29  2.181E-18
4.613E+03  1.833E-29  2.243E-18
4.571E+03  1.903E-29  2.307E-18
4.529E+03  1.975E-29  2.373E-18
4.487E+03  2.051E-29  2.441E-18
4.446E+03  2.129E-29  2.511E-18
4.406E+03  2.211E-29  2.584E-18
4.365E+03  2.295E-29  2.658E-18
4.325E+03  2.383E-29  2.734E-18
4.285E+03  2.475E-29  2.813E-18
4.246E+03  2.569E-29  2.894E-18
4.207E+03  2.668E-29  2.978E-18
4.169E+03  2.771E-29  3.064E-18
4.130E+03  2.877E-29  3.152E-18
4.093E+03  2.988E-29  3.243E-18
4.055E+03  3.102E-29  3.337E-18
4.018E+03  3.222E-29  3.434E-18
3.981E+03  3.346E-29  3.533E-18
3.945E+03  3.475E-29  3.636E-18
3.908E+03  3.608E-29  3.741E-18
3.873E+03  3.747E-29  3.849E-18
3.837E+03  3.892E-29  3.961E-18
3.802E+03  4.042E-29  4.076E-18
3.767E+03  4.198E-29  4.195E-18
3.733E+03  4.360E-29  4.317E-18
3.698E+03  4.529E-29  4.443E-18
3.664E+03  4.704E-29  4.573E-18
3.631E+03  4.887E-29  4.706E-18
3.597E+03  5.076E-29  4.844E-18
3.565E+03  5.273E-29  4.986E-18
3.532E+03  5.478E-29  5.132E-18
3.499E+03  5.691E-29  5.282E-18
3.467E+03  5.912E-29  5.437E-18
3.436E+03  6.142E-29  5.597E-18
3.404E+03  6.381E-29  5.762E-18
3.373E+03  6.630E-29  5.931E-18
3.342E+03  6.888E-29  6.106E-18
3.311E+03  7.157E-29  6.286E-18
3.281E+03  7.436E-29  6.472E-18
3.251E+03  7.727E-29  6.663E-18
3.221E+03  8.029E-29  6.860E-18
3.192E+03  8.343E-29  7.063E-18
3.162E+03  8.670E-29  7.272E-18
3.133E+03  9.009E-29  7.488E-18
3.105E+03  9.362E-29  7.710E-18
3.076E+03  9.730E-29  7.939E-18
3.048E+03  1.011E-28  8.175E-18
3.020E+03  1.051E-28  8.418E-18
2.992E+03  1.092E-28  8.669E-18
2.965E+03  1.135E-28  8.926E-18
2.938E+03  1.180E-28  9.191E-18
2.911E+03  1.226E-28  9.464E-18
2.884E+03  1.274E-28  9.746E-18
2.858E+03  1.324E-28  1.004E-17
2.831E+03  1.376E-28  1.034E-17
2.805E+03  1.430E-28  1.064E-17
2.780E+03  1.487E-28  1.096E-17
2.754E+03  1.545E-28  1.129E-17
2.729E+03  1.606E-28  1.163E-17
2.704E+03  1.670E-28  1.198E-17
2.679E+03  1.736E-28  1.234E-17
2.655E+03  1.804E-28  1.271E-17
2.630E+03  1.876E-28  1.309E-17
2.606E+03  1.950E-28  1.348E-17
2.582E+03  2.027E-28  1.389E-17
2.559E+03  2.108E-28  1.431E-17
2.535E+03  2.192E-28  1.474E-17
2.512E+03  2.279E-28  1.518E-17
2.489E+03  2.369E-28  1.564E-17
2.466E+03  2.463E-28  1.611E-17
2.443E+03  2.561E-28  1.660E-17
2.421E+03  2.663E-28  1.710E-17
2.399E+03  2.769E-28  1.762E-17
2.377E+03  2.880E-28  1.816E-17
2.355E+03  2.995E-28  1.871E-17
2.333E+03  3.114E-28  1.927E-17
2.312E+03  3.238E-28  1.986E-17
2.291E+03  3.368E-28  2.046E-17
2.270E+03  3.502E-28  2.109E-17
2.249E+03  3.642E-28  2.173E-17
2.228E+03  3.788E-28  2.239E-17
2.208E+03  3.940E-28  2.308E-17
2.188E+03  4.098E-28  2.378E-17
2.168E+03  4.262E-28  2.451E-17
2.148E+03  4.433E-28  2.525E-17
2.128E+03  4.611E-28  2.603E-17
2.109E+03  4.796E-28  2.682E-17
2.089E+03  4.988E-28  2.764E-17
2.070E+03  5.189E-28  2.849E-17
2.051E+03  5.397E-28  2.936E-17
2.032E+03  5.614E-28  3.027E-17
2.014E+03  5.840E-28  3.119E-17
1.995E+03  6.075E-28  3.215E-17
1.977E+03  6.319E-28  3.314E-17
1.959E+03  6.574E-28  3.416E-17
1.941E+03  6.838E-28  3.521E-17
1.923E+03  7.114E-28  3.629E-17
1.905E+03  7.401E-28  3.741E-17
1.888E+03  7.699E-28  3.856E-17
1.871E+03  8.010E-28  3.975E-17
1.854E+03  8.333E-28  4.097E-17
1.837E+03  8.670E-28  4.224E-17
1.820E+03  9.020E-28  4.354E-17
1.803E+03  9.385E-28  4.488E-17
1.786E+03  9.764E-28  4.627E-17
1.770E+03  1.016E-27  4.770E-17
1.754E+03  1.057E-27  4.917E-17
1.738E+03  1.100E-27  5.070E-17
1.722E+03  1.144E-27  5.226E-17
1.706E+03  1.191E-27  5.388E-17
1.690E+03  1.239E-27  5.555E-17
1.675E+03  1.289E-27  5.727E-17
1.660E+03  1.341E-27  5.905E-17
1.644E+03  1.396E-27  6.088E-17
1.629E+03  1.452E-27  6.277E-17
1.614E+03  1.511E-27  6.471E-17
1.600E+03  1.573E-27  6.672E-17
1.585E+03  1.636E-27  6.879E-17
1.570E+03  1.703E-27  7.093E-17
1.556E+03  1.772E-27  7.313E-17
1.542E+03  1.844E-27  7.540E-17
1.528E+03  1.919E-27  7.775E-17
1.514E+03  1.997E-27  8.016E-17
1.500E+03  2.078E-27  8.266E-17
1.486E+03  2.162E-27  8.523E-17
1.472E+03  2.250E-27  8.788E-17
1.459E+03  2.342E-27  9.062E-17
1.445E+03  2.437E-27  9.344E-17
1.432E+03  2.536E-27  9.635E-17
1.419E+03  2.640E-27  9.936E-17
1.406E+03  2.747E-27  1.025E-16
1.393E+03  2.859E-27  1.056E-16
1.380E+03  2.975E-27  1.089E-16
1.368E+03  3.096E-27  1.123E-16
1.355E+03  3.223E-27  1.158E-16
1.343E+03  3.354E-27  1.195E-16
1.330E+03  3.490E-27  1.232E-16
1.318E+03  3.633E-27  1.270E-16
1.306E+03  3.781E-27  1.310E-16
1.294E+03  3.935E-27  1.351E-16
1.282E+03  4.095E-27  1.393E-16
1.271E+03  4.262E-27  1.436E-16
1.259E+03  4.435E-27  1.481E-16
1.247E+03  4.616E-27  1.527E-16
1.236E+03  4.804E-27  1.575E-16
1.225E+03  5.000E-27  1.624E-16
1.213E+03  5.203E-27  1.675E-16
1.202E+03  5.415E-27  1.727E-16
1.191E+03  5.636E-27  1.781E-16
1.180E+03  5.865E-27  1.836E-16
1.169E+03  6.104E-27  1.894E-16
1.159E+03  6.353E-27  1.953E-16
1.148E+03  6.611E-27  2.013E-16
1.138E+03  6.880E-27  2.076E-16
1.127E+03  7.160E-27  2.141E-16
1.117E+03  7.452E-27  2.208E-16
1.107E+03  7.755E-27  2.276E-16
1.096E+03  8.070E-27  2.347E-16
1.086E+03  8.398E-27  2.420E-16
1.076E+03  8.740E-27  2.496E-16
1.067E+03  9.095E-27  2.573E-16
1.057E+03  9.464E-27  2.653E-16
1.047E+03  9.849E-27  2.736E-16
1.038E+03  1.025E-26  2.820E-16
1.028E+03  1.066E-26  2.908E-16
1.019E+03  1.110E-26  2.998E-16
1.009E+03  1.155E-26  3.091E-16
1.000E+03  1.202E-26  3.187E-16
9.908E+02  1.250E-26  3.286E-16
9.817E+02  1.301E-26  3.388E-16
9.727E+02  1.354E-26  3.493E-16
9.638E+02  1.409E-26  3.602E-16
9.550E+02  1.466E-26  3.713E-16
9.462E+02  1.525E-26  3.828E-16
9.376E+02  1.587E-26  3.947E-16
9.290E+02  1.651E-26  4.069E-16
9.204E+02  1.718E-26  4.195E-16
9.120E+02  1.788E-26  4.325E-16
9.036E+02  1.860E-26  4.458E-16
8.954E+02  1.935E-26  4.596E-16
8.872E+02  2.013E-26  4.738E-16
8.790E+02  2.094E-26  4.884E-16
8.710E+02  2.179E-26  5.034E-16
8.630E+02  2.267E-26  5.189E-16
8.551E+02  2.358E-26  5.348E-16
8.472E+02  2.453E-26  5.512E-16
8.395E+02  2.552E-26  5.682E-16
8.318E+02  2.654E-26  5.856E-16
8.241E+02  2.761E-26  6.035E-16
8.166E+02  2.871E-26  6.220E-16
8.091E+02  2.987E-26  6.410E-16
8.017E+02  3.106E-26  6.605E-16
7.943E+02  3.231E-26  6.807E-16
7.870E+02  3.360E-26  7.014E-16
7.798E+02  3.494E-26  7.228E-16
7.727E+02  3.634E-26  7.448E-16
7.656E+02  3.779E-26  7.675E-16
7.586E+02  3.930E-26  7.908E-16
7.516E+02  4.087E-26  8.148E-16
7.447E+02  4.250E-26  8.395E-16
7.379E+02  4.420E-26  8.651E-16
7.311E+02  4.596E-26  8.914E-16
7.244E+02  4.780E-26  9.185E-16
7.178E+02  4.971E-26  9.464E-16
7.112E+02  5.169E-26  9.752E-16
7.047E+02  5.375E-26  1.005E-15
6.982E+02  5.590E-26  1.035E-15
6.918E+02  5.813E-26  1.067E-15
6.855E+02  6.045E-26  1.099E-15
6.792E+02  6.286E-26  1.132E-15
6.730E+02  6.536E-26  1.167E-15
6.668E+02  6.795E-26  1.202E-15
6.607E+02  7.066E-26  1.238E-15
6.546E+02  7.347E-26  1.276E-15
6.486E+02  7.640E-26  1.315E-15
6.427E+02  7.945E-26  1.354E-15
6.368E+02  8.262E-26  1.396E-15
6.310E+02  8.592E-26  1.438E-15
6.252E+02  8.935E-26  1.482E-15
6.194E+02  9.291E-26  1.527E-15
6.138E+02  9.661E-26  1.573E-15
6.081E+02  1.005E-25  1.621E-15
6.026E+02  1.045E-25  1.670E-15
5.970E+02  1.086E-25  1.721E-15
5.916E+02  1.130E-25  1.773E-15
5.861E+02  1.175E-25  1.826E-15
5.808E+02  1.222E-25  1.882E-15
5.754E+02  1.270E-25  1.939E-15
5.702E+02  1.321E-25  1.998E-15
5.649E+02  1.373E-25  2.058E-15
5.598E+02  1.428E-25  2.121E-15
5.546E+02  1.485E-25  2.185E-15
5.495E+02  1.544E-25  2.251E-15
5.445E+02  1.606E-25  2.319E-15
5.395E+02  1.670E-25  2.389E-15
5.346E+02  1.736E-25  2.462E-15
5.297E+02  1.805E-25  2.536E-15
5.248E+02  1.877E-25  2.613E-15
5.200E+02  1.952E-25  2.692E-15
5.152E+02  2.029E-25  2.773E-15
5.105E+02  2.110E-25  2.857E-15
5.058E+02  2.194E-25  2.943E-15
5.012E+02  2.281E-25  3.032E-15
4.966E+02  2.372E-25  3.124E-15
4.920E+02  2.466E-25  3.218E-15
4.875E+02  2.563E-25  3.315E-15
4.831E+02  2.665E-25  3.415E-15
4.786E+02  2.771E-25  3.518E-15
4.742E+02  2.881E-25  3.624E-15
4.699E+02  2.995E-25  3.733E-15
4.656E+02  3.113E-25  3.845E-15
4.613E+02  3.237E-25  3.961E-15
4.571E+02  3.365E-25  4.079E-15
4.529E+02  3.498E-25  4.202E-15
4.487E+02  3.636E-25  4.328E-15
4.446E+02  3.779E-25  4.457E-15
4.406E+02  3.928E-25  4.591E-15
4.365E+02  4.083E-25  4.728E-15
4.325E+02  4.244E-25  4.869E-15
4.285E+02  4.411E-25  5.015E-15
4.246E+02  4.585E-25  5.164E-15
4.207E+02  4.765E-25  5.318E-15
4.169E+02  4.953E-25  5.477E-15
4.130E+02  5.147E-25  5.640E-15
4.093E+02  5.350E-25  5.808E-15
4.055E+02  5.560E-25  5.980E-15
4.018E+02  5.778E-25  6.158E-15
3.981E+02  6.004E-25  6.340E-15
3.945E+02  6.239E-25  6.528E-15
3.908E+02  6.484E-25  6.722E-15
3.873E+02  6.737E-25  6.921E-15
3.837E+02  7.001E-25  7.125E-15
3.802E+02  7.274E-25  7.336E-15
3.767E+02  7.558E-25  7.552E-15
3.733E+02  7.853E-25  7.775E-15
3.698E+02  8.159E-25  8.004E-15
3.664E+02  8.476E-25  8.239E-15
3.631E+02  8.806E-25  8.481E-15
3.597E+02  9.148E-25  8.729E-15
3.565E+02  9.503E-25  8.985E-15
3.532E+02  9.871E-25  9.248E-15
3.499E+02  1.025E-24  9.518E-15
3.467E+02  1.065E-24  9.795E-15
3.436E+02  1.106E-24  1.008E-14
3.404E+02  1.149E-24  1.037E-14
3.373E+02  1.193E-24  1.067E-14
3.342E+02  1.239E-24  1.098E-14
3.311E+02  1.287E-24  1.130E-14
3.281E+02  1.336E-24  1.163E-14
3.251E+02  1.387E-24  1.196E-14
3.221E+02  1.440E-24  1.231E-14
3.192E+02  1.495E-24  1.266E-14
3.162E+02  1.552E-24  1.302E-14
3.133E+02  1.612E-24  1.339E-14
3.105E+02  1.673E-24  1.378E-14
3.076E+02  1.736E-24  1.417E-14
3.048E+02  1.802E-24  1.457E-14
3.020E+02  1.871E-24  1.498E-14
2.992E+02  1.941E-24  1.541E-14
2.965E+02  2.015E-24  1.584E-14
2.938E+02  2.090E-24  1.629E-14
2.911E+02  2.169E-24  1.675E-14
2.884E+02  2.250E-24  1.722E-14
2.858E+02  2.335E-24  1.770E-14
2.831E+02  2.422E-24  1.819E-14
2.805E+02  2.512E-24  1.870E-14
2.780E+02  2.606E-24  1.922E-14
2.754E+02  2.703E-24  1.975E-14
2.729E+02  2.804E-24  2.029E-14
2.704E+02  2.908E-24  2.086E-14
2.679E+02  3.016E-24  2.143E-14
2.655E+02  3.127E-24  2.202E-14
2.630E+02  3.243E-24  2.262E-14
2.606E+02  3.362E-24  2.324E-14
2.582E+02  3.486E-24  2.388E-14
2.559E+02  3.614E-24  2.452E-14
2.535E+02  3.745E-24  2.518E-14
2.512E+02  3.880E-24  2.585E-14
2.489E+02  4.018E-24  2.653E-14
2.466E+02  4.158E-24  2.720E-14
2.443E+02  4.302E-24  2.788E-14
2.421E+02  4.449E-24  2.857E-14
2.399E+02  4.601E-24  2.927E-14
2.377E+02  4.754E-24  2.997E-14
2.355E+02  4.913E-24  3.069E-14
2.333E+02  5.075E-24  3.142E-14
2.312E+02  5.243E-24  3.216E-14
2.291E+02  5.416E-24  3.291E-14
2.270E+02  5.593E-24  3.368E-14
2.249E+02  5.776E-24  3.446E-14
2.228E+02  5.964E-24  3.525E-14
2.208E+02  6.157E-24  3.606E-14
2.188E+02  6.356E-24  3.688E-14
2.168E+02  6.560E-24  3.772E-14
2.148E+02  6.770E-24  3.857E-14
2.128E+02  6.986E-24  3.944E-14
2.109E+02  7.208E-24  4.031E-14
2.089E+02  7.435E-24  4.121E-14
2.070E+02  7.669E-24  4.211E-14
2.051E+02  7.909E-24  4.303E-14
2.032E+02  8.156E-24  4.397E-14
2.014E+02  8.409E-24  4.492E-14
1.995E+02  8.669E-24  4.588E-14
1.977E+02  8.935E-24  4.686E-14
1.959E+02  9.208E-24  4.785E-14
1.941E+02  9.489E-24  4.885E-14
1.923E+02  9.777E-24  4.987E-14
1.905E+02  1.007E-23  5.091E-14
1.888E+02  1.037E-23  5.196E-14
1.871E+02  1.068E-23  5.302E-14
1.854E+02  1.100E-23  5.410E-14
1.837E+02  1.133E-23  5.519E-14
1.820E+02  1.166E-23  5.630E-14
1.803E+02  1.201E-23  5.742E-14
1.786E+02  1.236E-23  5.856E-14
1.770E+02  1.272E-23  5.972E-14
1.754E+02  1.309E-23  6.089E-14
1.738E+02  1.347E-23  6.207E-14
1.722E+02  1.385E-23  6.328E-14
1.706E+02  1.425E-23  6.450E-14
1.690E+02  1.466E-23  6.573E-14
1.675E+02  1.508E-23  6.699E-14
1.660E+02  1.551E-23  6.826E-14
1.644E+02  1.595E-23  6.956E-14
1.629E+02  1.640E-23  7.087E-14
1.614E+02  1.686E-23  7.220E-14
1.600E+02  1.734E-23  7.356E-14
1.585E+02  1.782E-23  7.494E-14
1.570E+02  1.833E-23  7.634E-14
1.556E+02  1.884E-23  7.777E-14
1.542E+02  1.937E-23  7.923E-14
1.528E+02  1.992E-23  8.071E-14
1.514E+02  2.048E-23  8.222E-14
1.500E+02  2.105E-23  8.375E-14
1.486E+02  2.164E-23  8.531E-14
1.472E+02  2.225E-23  8.689E-14
1.459E+02  2.286E-23  8.847E-14
1.445E+02  2.349E-23  9.005E-14
1.432E+02  2.411E-23  9.160E-14
1.419E+02  2.473E-23  9.309E-14
1.406E+02  2.534E-23  9.450E-14
1.393E+02  2.592E-23  9.579E-14
1.380E+02  2.648E-23  9.697E-14
1.368E+02  2.702E-23  9.802E-14
1.355E+02  2.753E-23  9.897E-14
1.343E+02  2.803E-23  9.985E-14
1.330E+02  2.853E-23  1.007E-13
1.318E+02  2.902E-23  1.015E-13
1.306E+02  2.953E-23  1.023E-13
1.294E+02  3.004E-23  1.031E-13
1.282E+02  3.056E-23  1.039E-13
1.271E+02  3.109E-23  1.048E-13
1.259E+02  3.164E-23  1.056E-13
1.247E+02  3.220E-23  1.065E-13
1.236E+02  3.277E-23  1.074E-13
1.225E+02  3.335E-23  1.083E-13
1.213E+02  3.395E-23  1.093E-13
1.202E+02  3.455E-23  1.102E-13
1.191E+02  3.517E-23  1.111E-13
1.180E+02  3.580E-23  1.121E-13
1.169E+02  3.643E-23  1.130E-13
1.159E+02  3.708E-23  1.140E-13
1.148E+02  3.773E-23  1.149E-13
1.138E+02  3.839E-23  1.158E-13
1.127E+02  3.906E-23  1.168E-13
1.117E+02  3.974E-23  1.177E-13
1.107E+02  4.043E-23  1.187E-13
1.096E+02  4.113E-23  1.196E-13
1.086E+02  4.183E-23  1.205E-13
1.076E+02  4.254E-23  1.215E-13
1.067E+02  4.325E-23  1.224E-13
1.057E+02  4.397E-23  1.233E-13
1.047E+02  4.470E-23  1.242E-13
1.038E+02  4.543E-23  1.250E-13
1.028E+02  4.616E-23  1.259E-13
1.019E+02  4.690E-23  1.267E-13
1.009E+02  4.764E-23  1.275E-13
1.000E+02  4.838E-23  1.283E-13
9.908E+01  4.912E-23  1.291E-13
9.817E+01  4.986E-23  1.299E-13
9.727E+01  5.061E-23  1.306E-13
9.638E+01  5.135E-23  1.313E-13
9.550E+01  5.209E-23  1.320E-13
9.462E+01  5.284E-23  1.326E-13
9.376E+01  5.358E-23  1.332E-13
9.290E+01  5.431E-23  1.338E-13
9.204E+01  5.505E-23  1.344E-13
9.120E+01  5.578E-23  1.350E-13
9.036E+01  5.652E-23  1.355E-13
8.954E+01  5.724E-23  1.360E-13
8.872E+01  5.797E-23  1.364E-13
8.790E+01  5.869E-23  1.369E-13
8.710E+01  5.941E-23  1.373E-13
8.630E+01  6.013E-23  1.376E-13
8.551E+01  6.084E-23  1.380E-13
8.472E+01  6.155E-23  1.383E-13
8.395E+01  6.225E-23  1.386E-13
8.318E+01  6.294E-23  1.389E-13
8.241E+01  6.363E-23  1.391E-13
8.166E+01  6.431E-23  1.393E-13
8.091E+01  6.499E-23  1.395E-13
8.017E+01  6.566E-23  1.396E-13
7.943E+01  6.632E-23  1.397E-13
7.870E+01  6.696E-23  1.398E-13
7.798E+01  6.760E-23  1.398E-13
7.727E+01  6.823E-23  1.398E-13
7.656E+01  6.885E-23  1.398E-13
7.586E+01  6.946E-23  1.398E-13
7.516E+01  7.006E-23  1.397E-13
7.447E+01  7.065E-23  1.396E-13
7.379E+01  7.122E-23  1.394E-13
7.311E+01  7.178E-23  1.392E-13
7.244E+01  7.232E-23  1.390E-13
7.178E+01  7.285E-23  1.387E-13
7.112E+01  7.337E-23  1.384E-13
7.047E+01  7.388E-23  1.381E-13
6.982E+01  7.439E-23  1.378E-13
6.918E+01  7.487E-23  1.374E-13
6.855E+01  7.534E-23  1.370E-13
6.792E+01  7.579E-23  1.366E-13
6.730E+01  7.623E-23  1.361E-13
6.668E+01  7.666E-23  1.356E-13
6.607E+01  7.707E-23  1.351E-13
6.546E+01  7.747E-23  1.345E-13
6.486E+01  7.785E-23  1.340E-13
6.427E+01  7.822E-23  1.333E-13
6.368E+01  7.857E-23  1.327E-13
6.310E+01  7.891E-23  1.321E-13
6.252E+01  7.923E-23  1.314E-13
6.194E+01  7.954E-23  1.307E-13
6.138E+01  7.984E-23  1.300E-13
6.081E+01  8.012E-23  1.292E-13
6.026E+01  8.038E-23  1.285E-13
5.970E+01  8.063E-23  1.277E-13
5.916E+01  8.086E-23  1.269E-13
5.861E+01  8.107E-23  1.260E-13
5.808E+01  8.127E-23  1.252E-13
5.754E+01  8.145E-23  1.243E-13
5.702E+01  8.162E-23  1.234E-13
5.649E+01  8.177E-23  1.225E-13
5.598E+01  8.191E-23  1.216E-13
5.546E+01  8.204E-23  1.207E-13
5.495E+01  8.215E-23  1.198E-13
5.445E+01  8.225E-23  1.188E-13
5.395E+01  8.234E-23  1.178E-13
5.346E+01  8.241E-23  1.169E-13
5.297E+01  8.246E-23  1.159E-13
5.248E+01  8.251E-23  1.149E-13
5.200E+01  8.253E-23  1.138E-13
5.152E+01  8.255E-23  1.128E-13
5.105E+01  8.254E-23  1.118E-13
5.058E+01  8.253E-23  1.107E-13
5.012E+01  8.250E-23  1.097E-13
4.966E+01  8.245E-23  1.086E-13
4.920E+01  8.239E-23  1.075E-13
4.875E+01  8.232E-23  1.065E-13
4.831E+01  8.223E-23  1.054E-13
4.786E+01  8.213E-23  1.043E-13
4.742E+01  8.201E-23  1.032E-13
4.699E+01  8.188E-23  1.021E-13
4.656E+01  8.174E-23  1.009E-13
4.613E+01  8.157E-23  9.982E-14
4.571E+01  8.140E-23  9.869E-14
4.529E+01  8.120E-23  9.755E-14
4.487E+01  8.099E-23  9.641E-14
4.446E+01  8.076E-23  9.525E-14
4.406E+01  8.051E-23  9.409E-14
4.365E+01  8.024E-23  9.291E-14
4.325E+01  7.995E-23  9.172E-14
4.285E+01  7.963E-23  9.052E-14
4.246E+01  7.928E-23  8.930E-14
4.207E+01  7.891E-23  8.806E-14
4.169E+01  7.850E-23  8.681E-14
4.130E+01  7.807E-23  8.554E-14
4.093E+01  7.760E-23  8.424E-14
4.055E+01  7.709E-23  8.292E-14
4.018E+01  7.654E-23  8.157E-14
3.981E+01  7.595E-23  8.020E-14
3.945E+01  7.532E-23  7.881E-14
3.908E+01  7.464E-23  7.738E-14
3.873E+01  7.391E-23  7.592E-14
3.837E+01  7.313E-23  7.443E-14
3.802E+01  7.229E-23  7.290E-14
3.767E+01  7.140E-23  7.134E-14
3.733E+01  7.044E-23  6.974E-14
3.698E+01  6.942E-23  6.810E-14
3.664E+01  6.834E-23  6.643E-14
3.631E+01  6.720E-23  6.472E-14
3.597E+01  6.600E-23  6.298E-14
3.565E+01  6.473E-23  6.120E-14
3.532E+01  6.340E-23  5.940E-14
3.499E+01  6.201E-23  5.756E-14
3.467E+01  6.056E-23  5.570E-14
3.436E+01  5.905E-23  5.381E-14
3.404E+01  5.749E-23  5.191E-14
3.373E+01  5.588E-23  4.999E-14
3.342E+01  5.423E-23  4.807E-14
3.311E+01  5.253E-23  4.614E-14
3.281E+01  5.081E-23  4.422E-14
3.251E+01  4.906E-23  4.231E-14
3.221E+01  4.730E-23  4.041E-14
3.192E+01  4.552E-23  3.853E-14
3.162E+01  4.374E-23  3.669E-14
3.133E+01  4.196E-23  3.488E-14
3.105E+01  4.020E-23  3.310E-14
3.076E+01  3.845E-23  3.138E-14
3.048E+01  3.674E-23  2.970E-14
3.020E+01  3.506E-23  2.808E-14
2.992E+01  3.342E-23  2.652E-14
2.965E+01  3.182E-23  2.502E-14
2.938E+01  3.027E-23  2.359E-14
2.911E+01  2.878E-23  2.222E-14
2.884E+01  2.734E-23  2.092E-14
2.858E+01  2.597E-23  1.968E-14
2.831E+01  2.465E-23  1.852E-14
2.805E+01  2.340E-23  1.741E-14
2.780E+01  2.221E-23  1.638E-14
2.754E+01  2.109E-23  1.541E-14
2.729E+01  2.002E-23  1.450E-14
2.704E+01  1.902E-23  1.364E-14
2.679E+01  1.808E-23  1.285E-14
2.655E+01  1.720E-23  1.211E-14
2.630E+01  1.637E-23  1.142E-14
2.606E+01  1.559E-23  1.078E-14
2.582E+01  1.487E-23  1.019E-14
2.559E+01  1.420E-23  9.637E-15
2.535E+01  1.357E-23  9.127E-15
2.512E+01  1.299E-23  8.655E-15
2.489E+01  1.245E-23  8.219E-15
2.466E+01  1.195E-23  7.815E-15
2.443E+01  1.148E-23  7.442E-15
2.421E+01  1.105E-23  7.097E-15
2.399E+01  1.065E-23  6.777E-15
2.377E+01  1.028E-23  6.483E-15
2.355E+01  9.943E-24  6.211E-15
2.333E+01  9.629E-24  5.960E-15
2.312E+01  9.339E-24  5.728E-15
2.291E+01  9.072E-24  5.513E-15
2.270E+01  8.828E-24  5.315E-15
2.249E+01  8.606E-24  5.134E-15
2.228E+01  8.401E-24  4.966E-15
2.208E+01  8.213E-24  4.811E-15
2.188E+01  8.039E-24  4.665E-15
2.168E+01  7.879E-24  4.530E-15
2.148E+01  7.733E-24  4.406E-15
2.128E+01  7.600E-24  4.290E-15
2.109E+01  7.479E-24  4.183E-15
2.089E+01  7.369E-24  4.084E-15
2.070E+01  7.269E-24  3.992E-15
2.051E+01  7.178E-24  3.905E-15
2.032E+01  7.097E-24  3.826E-15
2.014E+01  7.027E-24  3.753E-15
1.995E+01  6.965E-24  3.686E-15
1.977E+01  6.912E-24  3.625E-15
1.959E+01  6.866E-24  3.567E-15
1.941E+01  6.829E-24  3.516E-15
1.923E+01  6.803E-24  3.470E-15
1.905E+01  6.790E-24  3.432E-15
1.888E+01  6.792E-24  3.401E-15
1.871E+01  6.815E-24  3.382E-15
1.854E+01  6.869E-24  3.377E-15
1.837E+01  6.970E-24  3.396E-15
1.820E+01  7.166E-24  3.459E-15
1.803E+01  7.612E-24  3.640E-15
1.786E+01  8.376E-24  3.969E-15
1.770E+01  8.318E-24  3.906E-15
1.754E+01  9.042E-24  4.206E-15
1.738E+01  1.113E-23  5.130E-15
1.722E+01  1.021E-23  4.663E-15
1.706E+01  1.005E-23  4.549E-15
1.690E+01  9.681E-24  4.341E-15
1.675E+01  9.149E-24  4.065E-15
1.660E+01  9.354E-24  4.118E-15
1.644E+01  1.123E-23  4.898E-15
1.629E+01  8.144E-24  3.520E-15
1.614E+01  7.084E-24  3.034E-15
1.600E+01  7.265E-24  3.083E-15
1.585E+01  7.188E-24  3.022E-15
1.570E+01  6.068E-24  2.527E-15
1.556E+01  5.515E-24  2.276E-15
1.542E+01  5.226E-24  2.137E-15
1.528E+01  5.033E-24  2.039E-15
1.514E+01  4.887E-24  1.962E-15
1.500E+01  4.770E-24  1.897E-15
1.486E+01  4.676E-24  1.843E-15
1.472E+01  4.609E-24  1.800E-15
1.459E+01  4.582E-24  1.773E-15
1.445E+01  4.639E-24  1.779E-15
1.432E+01  4.878E-24  1.853E-15
1.419E+01  5.141E-24  1.935E-15
1.406E+01  4.786E-24  1.785E-15
1.393E+01  4.510E-24  1.667E-15
1.380E+01  4.526E-24  1.657E-15
1.368E+01  4.913E-24  1.783E-15
1.355E+01  5.038E-24  1.811E-15
1.343E+01  4.609E-24  1.642E-15
1.330E+01  4.567E-24  1.612E-15
1.318E+01  4.780E-24  1.671E-15
1.306E+01  5.243E-24  1.816E-15
1.294E+01  6.067E-24  2.083E-15
1.282E+01  7.401E-24  2.517E-15
1.271E+01  9.043E-24  3.048E-15
1.259E+01  9.689E-24  3.236E-15
1.247E+01  8.626E-24  2.854E-15
1.236E+01  7.362E-24  2.414E-15
1.225E+01  6.804E-24  2.210E-15
1.213E+01  6.874E-24  2.212E-15
1.202E+01  7.054E-24  2.250E-15
1.191E+01  6.750E-24  2.133E-15
1.180E+01  6.169E-24  1.932E-15
1.169E+01  5.954E-24  1.847E-15
1.159E+01  6.560E-24  2.016E-15
1.148E+01  8.683E-24  2.644E-15
1.138E+01  1.316E-23  3.971E-15
1.127E+01  1.816E-23  5.431E-15
1.117E+01  1.232E-23  3.651E-15
1.107E+01  6.498E-24  1.907E-15
1.096E+01  4.425E-24  1.287E-15
1.086E+01  3.444E-24  9.926E-16
1.076E+01  2.904E-24  8.291E-16
1.067E+01  2.572E-24  7.278E-16
1.057E+01  2.354E-24  6.598E-16
1.047E+01  2.201E-24  6.113E-16
1.038E+01  2.090E-24  5.752E-16
1.028E+01  2.007E-24  5.474E-16
1.019E+01  1.945E-24  5.256E-16
1.009E+01  1.900E-24  5.086E-16
1.000E+01  1.868E-24  4.954E-16
9.908E+00  1.848E-24  4.858E-16
9.817E+00  1.840E-24  4.793E-16
9.727E+00  1.844E-24  4.758E-16
9.638E+00  1.860E-24  4.755E-16
9.550E+00  1.888E-24  4.782E-16
9.462E+00  1.930E-24  4.845E-16
9.376E+00  1.991E-24  4.951E-16
9.290E+00  2.074E-24  5.112E-16
9.204E+00  2.191E-24  5.349E-16
9.120E+00  2.355E-24  5.698E-16
9.036E+00  2.595E-24  6.220E-16
8.954E+00  2.958E-24  7.026E-16
8.872E+00  3.535E-24  8.319E-16
8.790E+00  4.482E-24  1.045E-15
8.710E+00  5.922E-24  1.368E-15
8.630E+00  7.249E-24  1.659E-15
8.551E+00  7.042E-24  1.597E-15
8.472E+00  6.074E-24  1.365E-15
8.395E+00  5.572E-24  1.241E-15
8.318E+00  5.519E-24  1.218E-15
8.241E+00  5.741E-24  1.255E-15
8.166E+00  6.332E-24  1.371E-15
8.091E+00  7.471E-24  1.603E-15
8.017E+00  9.293E-24  1.976E-15
7.943E+00  1.169E-23  2.464E-15
7.870E+00  1.385E-23  2.892E-15
7.798E+00  1.483E-23  3.068E-15
7.727E+00  1.536E-23  3.149E-15
7.656E+00  1.636E-23  3.322E-15
7.586E+00  1.609E-23  3.237E-15
7.516E+00  1.323E-23  2.638E-15
7.447E+00  9.980E-24  1.972E-15
7.379E+00  7.645E-24  1.496E-15
7.311E+00  6.095E-24  1.182E-15
7.244E+00  5.024E-24  9.655E-16
7.178E+00  4.250E-24  8.093E-16
7.112E+00  3.679E-24  6.941E-16
7.047E+00  3.265E-24  6.104E-16
6.982E+00  2.983E-24  5.525E-16
6.918E+00  2.817E-24  5.170E-16
6.855E+00  2.755E-24  5.009E-16
6.792E+00  2.766E-24  4.982E-16
6.730E+00  2.786E-24  4.973E-16
6.668E+00  2.745E-24  4.855E-16
6.607E+00  2.645E-24  4.635E-16
6.546E+00  2.580E-24  4.480E-16
6.486E+00  2.674E-24  4.601E-16
6.427E+00  3.080E-24  5.250E-16
6.368E+00  4.104E-24  6.932E-16
6.310E+00  6.443E-24  1.078E-15
6.252E+00  1.047E-23  1.736E-15
6.194E+00  1.064E-23  1.749E-15
6.138E+00  6.379E-24  1.038E-15
6.081E+00  3.730E-24  6.017E-16
6.026E+00  2.497E-24  3.991E-16
5.970E+00  1.909E-24  3.023E-16
5.916E+00  1.642E-24  2.577E-16
5.861E+00  1.588E-24  2.469E-16
5.808E+00  1.733E-24  2.670E-16
5.754E+00  2.053E-24  3.134E-16
5.702E+00  2.239E-24  3.386E-16
5.649E+00  1.906E-24  2.856E-16
5.598E+00  1.418E-24  2.105E-16
5.546E+00  1.080E-24  1.589E-16
5.495E+00  8.831E-25  1.287E-16
5.445E+00  7.766E-25  1.122E-16
5.395E+00  7.372E-25  1.055E-16
5.346E+00  7.729E-25  1.096E-16
5.297E+00  9.103E-25  1.279E-16
5.248E+00  1.011E-24  1.407E-16
5.200E+00  8.167E-25  1.127E-16
5.152E+00  6.152E-25  8.408E-17
5.105E+00  5.046E-25  6.834E-17
5.058E+00  4.429E-25  5.943E-17
5.012E+00  4.043E-25  5.374E-17
4.966E+00  3.774E-25  4.972E-17
4.920E+00  3.574E-25  4.665E-17
4.875E+00  3.416E-25  4.418E-17
4.831E+00  3.287E-25  4.211E-17
4.786E+00  3.178E-25  4.034E-17
4.742E+00  3.084E-25  3.880E-17
4.699E+00  3.003E-25  3.743E-17
4.656E+00  2.931E-25  3.620E-17
4.613E+00  2.867E-25  3.508E-17
4.571E+00  2.809E-25  3.406E-17
4.529E+00  2.757E-25  3.312E-17
4.487E+00  2.710E-25  3.226E-17
4.446E+00  2.667E-25  3.145E-17
4.406E+00  2.628E-25  3.071E-17
4.365E+00  2.592E-25  3.001E-17
4.325E+00  2.559E-25  2.936E-17
4.285E+00  2.529E-25  2.875E-17
4.246E+00  2.502E-25  2.818E-17
4.207E+00  2.478E-25  2.765E-17
4.169E+00  2.455E-25  2.715E-17
4.130E+00  2.435E-25  2.668E-17
4.093E+00  2.417E-25  2.624E-17
4.055E+00  2.402E-25  2.584E-17
4.018E+00  2.389E-25  2.546E-17
3.981E+00  2.378E-25  2.511E-17
3.945E+00  2.371E-25  2.480E-17
3.908E+00  2.366E-25  2.453E-17
3.873E+00  2.365E-25  2.430E-17
3.837E+00  2.369E-25  2.411E-17
3.802E+00  2.377E-25  2.397E-17
3.767E+00  2.392E-25  2.390E-17
3.733E+00  2.415E-25  2.391E-17
3.698E+00  2.448E-25  2.401E-17
3.664E+00  2.494E-25  2.425E-17
3.631E+00  2.560E-25  2.466E-17
3.597E+00  2.653E-25  2.531E-17
3.565E+00  2.785E-25  2.634E-17
3.532E+00  2.980E-25  2.792E-17
3.499E+00  3.278E-25  3.043E-17
3.467E+00  3.760E-25  3.458E-17
3.436E+00  4.602E-25  4.194E-17
3.404E+00  6.266E-25  5.658E-17
3.373E+00  1.024E-24  9.161E-17
3.342E+00  2.340E-24  2.075E-16
3.311E+00  8.870E-24  7.791E-16
3.281E+00  6.058E-24  5.272E-16
3.251E+00  1.727E-24  1.489E-16
3.221E+00  8.223E-25  7.026E-17
3.192E+00  5.229E-25  4.427E-17
3.162E+00  3.907E-25  3.277E-17
3.133E+00  3.211E-25  2.669E-17
3.105E+00  2.800E-25  2.306E-17
3.076E+00  2.536E-25  2.069E-17
3.048E+00  2.355E-25  1.904E-17
3.020E+00  2.224E-25  1.782E-17
2.992E+00  2.126E-25  1.688E-17
2.965E+00  2.050E-25  1.612E-17
2.938E+00  1.989E-25  1.550E-17
2.911E+00  1.939E-25  1.497E-17
2.884E+00  1.896E-25  1.450E-17
2.858E+00  1.859E-25  1.409E-17
2.831E+00  1.827E-25  1.372E-17
2.805E+00  1.799E-25  1.338E-17
2.780E+00  1.773E-25  1.307E-17
2.754E+00  1.749E-25  1.278E-17
2.729E+00  1.727E-25  1.250E-17
2.704E+00  1.706E-25  1.224E-17
2.679E+00  1.686E-25  1.199E-17
2.655E+00  1.668E-25  1.174E-17
2.630E+00  1.650E-25  1.151E-17
2.606E+00  1.633E-25  1.129E-17
2.582E+00  1.616E-25  1.107E-17
2.559E+00  1.600E-25  1.086E-17
2.535E+00  1.584E-25  1.065E-17
2.512E+00  1.568E-25  1.045E-17
2.489E+00  1.552E-25  1.025E-17
2.466E+00  1.537E-25  1.005E-17
2.443E+00  1.521E-25  9.860E-18
2.421E+00  1.506E-25  9.671E-18
2.399E+00  1.491E-25  9.487E-18
2.377E+00  1.476E-25  9.306E-18
2.355E+00  1.461E-25  9.128E-18
2.333E+00  1.446E-25  8.953E-18
2.312E+00  1.432E-25  8.780E-18
2.291E+00  1.417E-25  8.610E-18
2.270E+00  1.402E-25  8.442E-18
2.249E+00  1.387E-25  8.276E-18
2.228E+00  1.372E-25  8.111E-18
2.208E+00  1.357E-25  7.946E-18
2.188E+00  1.341E-25  7.783E-18
2.168E+00  1.325E-25  7.619E-18
2.148E+00  1.308E-25  7.454E-18
2.128E+00  1.291E-25  7.288E-18
2.109E+00  1.273E-25  7.118E-18
2.089E+00  1.253E-25  6.945E-18
2.070E+00  1.232E-25  6.765E-18
2.051E+00  1.209E-25  6.578E-18
2.032E+00  1.184E-25  6.380E-18
2.014E+00  1.155E-25  6.170E-18
1.995E+00  1.123E-25  5.944E-18
1.977E+00  1.087E-25  5.702E-18
1.959E+00  1.049E-25  5.452E-18
1.941E+00  1.012E-25  5.213E-18
1.923E+00  9.835E-26  5.017E-18
1.905E+00  9.696E-26  4.901E-18
1.888E+00  9.731E-26  4.873E-18
1.871E+00  9.890E-26  4.908E-18
1.854E+00  1.009E-25  4.961E-18
1.837E+00  1.027E-25  5.002E-18
1.820E+00  1.040E-25  5.018E-18
1.803E+00  1.048E-25  5.010E-18
1.786E+00  1.051E-25  4.981E-18
1.770E+00  1.052E-25  4.938E-18
1.754E+00  1.050E-25  4.883E-18
1.738E+00  1.046E-25  4.821E-18
1.722E+00  1.041E-25  4.753E-18
1.706E+00  1.035E-25  4.683E-18
1.690E+00  1.028E-25  4.611E-18
1.675E+00  1.021E-25  4.538E-18
1.660E+00  1.014E-25  4.465E-18
1.644E+00  1.007E-25  4.393E-18
1.629E+00  9.999E-26  4.322E-18
1.614E+00  9.930E-26  4.252E-18
1.600E+00  9.863E-26  4.185E-18
1.585E+00  9.800E-26  4.120E-18
1.570E+00  9.742E-26  4.058E-18
1.556E+00  9.691E-26  4.000E-18
1.542E+00  9.647E-26  3.945E-18
1.528E+00  9.612E-26  3.895E-18
1.514E+00  9.588E-26  3.849E-18
1.500E+00  9.577E-26  3.810E-18
1.486E+00  9.580E-26  3.776E-18
1.472E+00  9.600E-26  3.749E-18
1.459E+00  9.641E-26  3.731E-18
1.445E+00  9.707E-26  3.722E-18
1.432E+00  9.802E-26  3.724E-18
1.419E+00  9.932E-26  3.738E-18
1.406E+00  1.010E-25  3.768E-18
1.393E+00  1.032E-25  3.815E-18
1.380E+00  1.061E-25  3.883E-18
1.368E+00  1.096E-25  3.976E-18
1.355E+00  1.140E-25  4.097E-18
1.343E+00  1.193E-25  4.249E-18
1.330E+00  1.256E-25  4.432E-18
1.318E+00  1.328E-25  4.643E-18
1.306E+00  1.404E-25  4.866E-18
1.294E+00  1.477E-25  5.070E-18
1.282E+00  1.530E-25  5.204E-18
1.271E+00  1.546E-25  5.211E-18
1.259E+00  1.513E-25  5.051E-18
1.247E+00  1.430E-25  4.732E-18
1.236E+00  1.315E-25  4.311E-18
1.225E+00  1.189E-25  3.861E-18
1.213E+00  1.069E-25  3.441E-18
1.202E+00  9.656E-26  3.079E-18
1.191E+00  8.817E-26  2.786E-18
1.180E+00  8.166E-26  2.557E-18
1.169E+00  7.686E-26  2.384E-18
1.159E+00  7.360E-26  2.262E-18
1.148E+00  7.175E-26  2.185E-18
1.138E+00  7.132E-26  2.152E-18
1.127E+00  7.243E-26  2.166E-18
1.117E+00  7.541E-26  2.234E-18
1.107E+00  8.085E-26  2.373E-18
1.096E+00  8.972E-26  2.610E-18
1.086E+00  1.034E-25  2.980E-18
1.076E+00  1.233E-25  3.522E-18
1.067E+00  1.483E-25  4.197E-18
1.057E+00  1.684E-25  4.720E-18
1.047E+00  1.651E-25  4.586E-18
1.038E+00  1.369E-25  3.768E-18
1.028E+00  1.037E-25  2.826E-18
1.019E+00  7.782E-26  2.103E-18
1.009E+00  6.033E-26  1.615E-18
1.000E+00  4.873E-26  1.293E-18
