Dust emission from Draine & Li (2007): ApJ 657, 810-837
================================================================
         9 = grain model
 4.000E-08 4.000E-01 2.500E-06 = a_01 (cm) , sigma_1 , b_C1/0.92
 2.500E-07 4.000E-01 2.500E-06 = a_02 (cm) , sigma_2 , b_C2/0.92
 5.000E+00 1.000E+03 2.000E+00 = Umin , Umax, beta (dN/dU propto U^{-beta})
 2.662E+01 = <U> 
     mmp83 = radfield
 2.510E-23 = power/H (erg s-1)
 band   nu*P_nu(band) j_nu(band)
 (um)   (erg s-1 H-1)(Jy cm2 sr-1 H-1)
1.270E+00  4.613E-26  1.554E-18 COBE-DIRBE
2.220E+00  6.048E-26  3.562E-18 COBE-DIRBE
3.530E+00  2.497E-25  2.338E-17 COBE-DIRBE
4.880E+00  1.150E-25  1.489E-17 COBE-DIRBE
1.229E+01  1.560E-24  5.086E-16 COBE-DIRBE
2.079E+01  2.418E-24  1.334E-15 COBE-DIRBE
5.599E+01  1.557E-23  2.313E-14 COBE-DIRBE
9.770E+01  1.238E-23  3.207E-14 COBE-DIRBE
1.479E+02  6.026E-24  2.364E-14 COBE-DIRBE
2.479E+02  1.373E-24  9.027E-15 COBE-DIRBE
1.200E+01  1.488E-24  4.736E-16 IRAS
2.500E+01  2.939E-24  1.949E-15 IRAS
6.000E+01  1.557E-23  2.478E-14 IRAS
1.000E+02  1.199E-23  3.181E-14 IRAS
3.550E+00  2.866E-25  2.699E-17 SST-IRAC
4.493E+00  8.997E-26  1.072E-17 SST-IRAC
5.731E+00  5.491E-25  8.347E-17 SST-IRAC
7.872E+00  1.543E-24  3.222E-16 SST-IRAC
2.368E+01  2.606E-24  1.637E-15 SST-MIPS
7.142E+01  1.464E-23  2.774E-14 SST-MIPS
1.559E+02  4.892E-24  2.023E-14 SST-MIPS
1.600E+01  1.716E-24  7.281E-16 SST-IRSPU
2.200E+01  2.585E-24  1.509E-15 SST-IRSPU











lambda    nu*dP/dnu     j_nu
 (um)   (erg s-1 H-1)(Jy cm2 sr-1 H-1)
1.000E+04  2.963E-31  7.860E-20
9.908E+03  3.072E-31  8.073E-20
9.817E+03  3.184E-31  8.291E-20
9.727E+03  3.300E-31  8.514E-20
9.638E+03  3.420E-31  8.744E-20
9.550E+03  3.545E-31  8.980E-20
9.462E+03  3.674E-31  9.223E-20
9.376E+03  3.809E-31  9.472E-20
9.290E+03  3.948E-31  9.727E-20
9.204E+03  4.092E-31  9.990E-20
9.120E+03  4.241E-31  1.026E-19
9.036E+03  4.396E-31  1.054E-19
8.954E+03  4.556E-31  1.082E-19
8.872E+03  4.721E-31  1.111E-19
8.790E+03  4.892E-31  1.141E-19
8.710E+03  5.070E-31  1.171E-19
8.630E+03  5.254E-31  1.203E-19
8.551E+03  5.445E-31  1.235E-19
8.472E+03  5.644E-31  1.268E-19
8.395E+03  5.849E-31  1.302E-19
8.318E+03  6.062E-31  1.338E-19
8.241E+03  6.283E-31  1.374E-19
8.166E+03  6.513E-31  1.411E-19
8.091E+03  6.750E-31  1.449E-19
8.017E+03  6.997E-31  1.488E-19
7.943E+03  7.253E-31  1.528E-19
7.870E+03  7.518E-31  1.570E-19
7.798E+03  7.793E-31  1.612E-19
7.727E+03  8.078E-31  1.656E-19
7.656E+03  8.374E-31  1.701E-19
7.586E+03  8.681E-31  1.747E-19
7.516E+03  9.000E-31  1.794E-19
7.447E+03  9.330E-31  1.843E-19
7.379E+03  9.673E-31  1.893E-19
7.311E+03  1.003E-30  1.945E-19
7.244E+03  1.040E-30  1.998E-19
7.178E+03  1.078E-30  2.052E-19
7.112E+03  1.118E-30  2.108E-19
7.047E+03  1.159E-30  2.166E-19
6.982E+03  1.201E-30  2.225E-19
6.918E+03  1.246E-30  2.286E-19
6.855E+03  1.291E-30  2.348E-19
6.792E+03  1.339E-30  2.412E-19
6.730E+03  1.388E-30  2.478E-19
6.668E+03  1.440E-30  2.546E-19
6.607E+03  1.493E-30  2.616E-19
6.546E+03  1.548E-30  2.688E-19
6.486E+03  1.605E-30  2.761E-19
6.427E+03  1.664E-30  2.837E-19
6.368E+03  1.726E-30  2.915E-19
6.310E+03  1.790E-30  2.995E-19
6.252E+03  1.856E-30  3.078E-19
6.194E+03  1.925E-30  3.163E-19
6.138E+03  1.996E-30  3.250E-19
6.081E+03  2.070E-30  3.340E-19
6.026E+03  2.147E-30  3.432E-19
5.970E+03  2.227E-30  3.527E-19
5.916E+03  2.310E-30  3.624E-19
5.861E+03  2.396E-30  3.725E-19
5.808E+03  2.485E-30  3.828E-19
5.754E+03  2.577E-30  3.934E-19
5.702E+03  2.673E-30  4.043E-19
5.649E+03  2.773E-30  4.156E-19
5.598E+03  2.876E-30  4.271E-19
5.546E+03  2.984E-30  4.390E-19
5.495E+03  3.095E-30  4.512E-19
5.445E+03  3.211E-30  4.638E-19
5.395E+03  3.331E-30  4.767E-19
5.346E+03  3.456E-30  4.900E-19
5.297E+03  3.585E-30  5.037E-19
5.248E+03  3.719E-30  5.177E-19
5.200E+03  3.858E-30  5.322E-19
5.152E+03  4.003E-30  5.471E-19
5.105E+03  4.153E-30  5.624E-19
5.058E+03  4.309E-30  5.781E-19
5.012E+03  4.471E-30  5.944E-19
4.966E+03  4.638E-30  6.110E-19
4.920E+03  4.813E-30  6.281E-19
4.875E+03  4.993E-30  6.458E-19
4.831E+03  5.181E-30  6.639E-19
4.786E+03  5.376E-30  6.825E-19
4.742E+03  5.578E-30  7.017E-19
4.699E+03  5.788E-30  7.215E-19
4.656E+03  6.007E-30  7.418E-19
4.613E+03  6.233E-30  7.627E-19
4.571E+03  6.468E-30  7.843E-19
4.529E+03  6.713E-30  8.064E-19
4.487E+03  6.966E-30  8.292E-19
4.446E+03  7.230E-30  8.527E-19
4.406E+03  7.503E-30  8.768E-19
4.365E+03  7.787E-30  9.016E-19
4.325E+03  8.082E-30  9.272E-19
4.285E+03  8.388E-30  9.535E-19
4.246E+03  8.706E-30  9.806E-19
4.207E+03  9.036E-30  1.008E-18
4.169E+03  9.379E-30  1.037E-18
4.130E+03  9.736E-30  1.067E-18
4.093E+03  1.011E-29  1.097E-18
4.055E+03  1.049E-29  1.128E-18
4.018E+03  1.089E-29  1.161E-18
3.981E+03  1.130E-29  1.194E-18
3.945E+03  1.173E-29  1.228E-18
3.908E+03  1.218E-29  1.263E-18
3.873E+03  1.264E-29  1.299E-18
3.837E+03  1.312E-29  1.336E-18
3.802E+03  1.362E-29  1.374E-18
3.767E+03  1.414E-29  1.413E-18
3.733E+03  1.468E-29  1.454E-18
3.698E+03  1.524E-29  1.495E-18
3.664E+03  1.583E-29  1.538E-18
3.631E+03  1.643E-29  1.583E-18
3.597E+03  1.706E-29  1.628E-18
3.565E+03  1.772E-29  1.675E-18
3.532E+03  1.839E-29  1.723E-18
3.499E+03  1.910E-29  1.773E-18
3.467E+03  1.983E-29  1.824E-18
3.436E+03  2.059E-29  1.877E-18
3.404E+03  2.139E-29  1.931E-18
3.373E+03  2.221E-29  1.987E-18
3.342E+03  2.306E-29  2.044E-18
3.311E+03  2.395E-29  2.104E-18
3.281E+03  2.487E-29  2.165E-18
3.251E+03  2.583E-29  2.228E-18
3.221E+03  2.683E-29  2.292E-18
3.192E+03  2.786E-29  2.359E-18
3.162E+03  2.894E-29  2.428E-18
3.133E+03  3.006E-29  2.498E-18
3.105E+03  3.122E-29  2.571E-18
3.076E+03  3.243E-29  2.646E-18
3.048E+03  3.369E-29  2.723E-18
3.020E+03  3.499E-29  2.803E-18
2.992E+03  3.634E-29  2.885E-18
2.965E+03  3.775E-29  2.969E-18
2.938E+03  3.921E-29  3.055E-18
2.911E+03  4.073E-29  3.144E-18
2.884E+03  4.230E-29  3.236E-18
2.858E+03  4.394E-29  3.331E-18
2.831E+03  4.565E-29  3.428E-18
2.805E+03  4.742E-29  3.529E-18
2.780E+03  4.926E-29  3.632E-18
2.754E+03  5.117E-29  3.739E-18
2.729E+03  5.316E-29  3.848E-18
2.704E+03  5.523E-29  3.961E-18
2.679E+03  5.738E-29  4.078E-18
2.655E+03  5.961E-29  4.198E-18
2.630E+03  6.194E-29  4.321E-18
2.606E+03  6.435E-29  4.449E-18
2.582E+03  6.687E-29  4.580E-18
2.559E+03  6.948E-29  4.715E-18
2.535E+03  7.219E-29  4.855E-18
2.512E+03  7.501E-29  4.998E-18
2.489E+03  7.795E-29  5.146E-18
2.466E+03  8.100E-29  5.298E-18
2.443E+03  8.417E-29  5.455E-18
2.421E+03  8.747E-29  5.617E-18
2.399E+03  9.090E-29  5.784E-18
2.377E+03  9.446E-29  5.956E-18
2.355E+03  9.817E-29  6.133E-18
2.333E+03  1.020E-28  6.315E-18
2.312E+03  1.060E-28  6.503E-18
2.291E+03  1.102E-28  6.697E-18
2.270E+03  1.145E-28  6.896E-18
2.249E+03  1.190E-28  7.102E-18
2.228E+03  1.237E-28  7.314E-18
2.208E+03  1.286E-28  7.532E-18
2.188E+03  1.337E-28  7.757E-18
2.168E+03  1.389E-28  7.989E-18
2.148E+03  1.444E-28  8.228E-18
2.128E+03  1.501E-28  8.474E-18
2.109E+03  1.560E-28  8.728E-18
2.089E+03  1.622E-28  8.989E-18
2.070E+03  1.686E-28  9.259E-18
2.051E+03  1.753E-28  9.537E-18
2.032E+03  1.822E-28  9.823E-18
2.014E+03  1.894E-28  1.012E-17
1.995E+03  1.969E-28  1.042E-17
1.977E+03  2.047E-28  1.073E-17
1.959E+03  2.128E-28  1.106E-17
1.941E+03  2.212E-28  1.139E-17
1.923E+03  2.300E-28  1.173E-17
1.905E+03  2.391E-28  1.208E-17
1.888E+03  2.486E-28  1.245E-17
1.871E+03  2.584E-28  1.282E-17
1.854E+03  2.687E-28  1.321E-17
1.837E+03  2.793E-28  1.361E-17
1.820E+03  2.904E-28  1.402E-17
1.803E+03  3.019E-28  1.444E-17
1.786E+03  3.139E-28  1.488E-17
1.770E+03  3.264E-28  1.533E-17
1.754E+03  3.394E-28  1.579E-17
1.738E+03  3.529E-28  1.627E-17
1.722E+03  3.669E-28  1.676E-17
1.706E+03  3.815E-28  1.727E-17
1.690E+03  3.967E-28  1.779E-17
1.675E+03  4.125E-28  1.833E-17
1.660E+03  4.289E-28  1.888E-17
1.644E+03  4.460E-28  1.945E-17
1.629E+03  4.637E-28  2.004E-17
1.614E+03  4.822E-28  2.065E-17
1.600E+03  5.014E-28  2.128E-17
1.585E+03  5.214E-28  2.192E-17
1.570E+03  5.422E-28  2.259E-17
1.556E+03  5.638E-28  2.327E-17
1.542E+03  5.863E-28  2.398E-17
1.528E+03  6.097E-28  2.470E-17
1.514E+03  6.340E-28  2.545E-17
1.500E+03  6.592E-28  2.622E-17
1.486E+03  6.856E-28  2.702E-17
1.472E+03  7.129E-28  2.784E-17
1.459E+03  7.414E-28  2.869E-17
1.445E+03  7.710E-28  2.956E-17
1.432E+03  8.018E-28  3.046E-17
1.419E+03  8.339E-28  3.139E-17
1.406E+03  8.672E-28  3.234E-17
1.393E+03  9.018E-28  3.333E-17
1.380E+03  9.379E-28  3.434E-17
1.368E+03  9.754E-28  3.539E-17
1.355E+03  1.014E-27  3.646E-17
1.343E+03  1.055E-27  3.757E-17
1.330E+03  1.097E-27  3.872E-17
1.318E+03  1.141E-27  3.990E-17
1.306E+03  1.187E-27  4.111E-17
1.294E+03  1.234E-27  4.236E-17
1.282E+03  1.283E-27  4.365E-17
1.271E+03  1.335E-27  4.498E-17
1.259E+03  1.388E-27  4.635E-17
1.247E+03  1.443E-27  4.776E-17
1.236E+03  1.501E-27  4.921E-17
1.225E+03  1.561E-27  5.071E-17
1.213E+03  1.623E-27  5.225E-17
1.202E+03  1.688E-27  5.384E-17
1.191E+03  1.756E-27  5.548E-17
1.180E+03  1.826E-27  5.717E-17
1.169E+03  1.899E-27  5.890E-17
1.159E+03  1.975E-27  6.069E-17
1.148E+03  2.053E-27  6.254E-17
1.138E+03  2.135E-27  6.444E-17
1.127E+03  2.221E-27  6.640E-17
1.117E+03  2.309E-27  6.841E-17
1.107E+03  2.401E-27  7.049E-17
1.096E+03  2.497E-27  7.263E-17
1.086E+03  2.597E-27  7.483E-17
1.076E+03  2.700E-27  7.710E-17
1.067E+03  2.808E-27  7.943E-17
1.057E+03  2.919E-27  8.184E-17
1.047E+03  3.036E-27  8.432E-17
1.038E+03  3.156E-27  8.687E-17
1.028E+03  3.282E-27  8.950E-17
1.019E+03  3.413E-27  9.220E-17
1.009E+03  3.548E-27  9.499E-17
1.000E+03  3.689E-27  9.786E-17
9.908E+02  3.836E-27  1.008E-16
9.817E+02  3.988E-27  1.039E-16
9.727E+02  4.147E-27  1.070E-16
9.638E+02  4.312E-27  1.102E-16
9.550E+02  4.483E-27  1.136E-16
9.462E+02  4.661E-27  1.170E-16
9.376E+02  4.846E-27  1.205E-16
9.290E+02  5.039E-27  1.242E-16
9.204E+02  5.239E-27  1.279E-16
9.120E+02  5.446E-27  1.318E-16
9.036E+02  5.662E-27  1.357E-16
8.954E+02  5.886E-27  1.398E-16
8.872E+02  6.119E-27  1.440E-16
8.790E+02  6.361E-27  1.483E-16
8.710E+02  6.612E-27  1.527E-16
8.630E+02  6.873E-27  1.573E-16
8.551E+02  7.143E-27  1.620E-16
8.472E+02  7.425E-27  1.669E-16
8.395E+02  7.717E-27  1.718E-16
8.318E+02  8.021E-27  1.770E-16
8.241E+02  8.336E-27  1.822E-16
8.166E+02  8.663E-27  1.876E-16
8.091E+02  9.003E-27  1.932E-16
8.017E+02  9.356E-27  1.990E-16
7.943E+02  9.722E-27  2.048E-16
7.870E+02  1.010E-26  2.109E-16
7.798E+02  1.050E-26  2.172E-16
7.727E+02  1.091E-26  2.236E-16
7.656E+02  1.133E-26  2.302E-16
7.586E+02  1.178E-26  2.370E-16
7.516E+02  1.224E-26  2.440E-16
7.447E+02  1.271E-26  2.512E-16
7.379E+02  1.321E-26  2.586E-16
7.311E+02  1.373E-26  2.662E-16
7.244E+02  1.426E-26  2.741E-16
7.178E+02  1.482E-26  2.822E-16
7.112E+02  1.540E-26  2.905E-16
7.047E+02  1.600E-26  2.991E-16
6.982E+02  1.663E-26  3.079E-16
6.918E+02  1.728E-26  3.170E-16
6.855E+02  1.795E-26  3.264E-16
6.792E+02  1.865E-26  3.360E-16
6.730E+02  1.938E-26  3.459E-16
6.668E+02  2.013E-26  3.560E-16
6.607E+02  2.091E-26  3.665E-16
6.546E+02  2.173E-26  3.773E-16
6.486E+02  2.258E-26  3.885E-16
6.427E+02  2.346E-26  3.999E-16
6.368E+02  2.438E-26  4.118E-16
6.310E+02  2.533E-26  4.240E-16
6.252E+02  2.632E-26  4.365E-16
6.194E+02  2.735E-26  4.494E-16
6.138E+02  2.842E-26  4.627E-16
6.081E+02  2.953E-26  4.764E-16
6.026E+02  3.069E-26  4.905E-16
5.970E+02  3.189E-26  5.050E-16
5.916E+02  3.314E-26  5.200E-16
5.861E+02  3.443E-26  5.353E-16
5.808E+02  3.578E-26  5.512E-16
5.754E+02  3.718E-26  5.675E-16
5.702E+02  3.863E-26  5.843E-16
5.649E+02  4.015E-26  6.016E-16
5.598E+02  4.172E-26  6.194E-16
5.546E+02  4.335E-26  6.378E-16
5.495E+02  4.505E-26  6.567E-16
5.445E+02  4.681E-26  6.761E-16
5.395E+02  4.864E-26  6.961E-16
5.346E+02  5.055E-26  7.168E-16
5.297E+02  5.253E-26  7.380E-16
5.248E+02  5.458E-26  7.599E-16
5.200E+02  5.672E-26  7.824E-16
5.152E+02  5.894E-26  8.055E-16
5.105E+02  6.125E-26  8.294E-16
5.058E+02  6.365E-26  8.540E-16
5.012E+02  6.614E-26  8.792E-16
4.966E+02  6.872E-26  9.053E-16
4.920E+02  7.141E-26  9.320E-16
4.875E+02  7.420E-26  9.596E-16
4.831E+02  7.711E-26  9.880E-16
4.786E+02  8.012E-26  1.017E-15
4.742E+02  8.325E-26  1.047E-15
4.699E+02  8.650E-26  1.078E-15
4.656E+02  8.988E-26  1.110E-15
4.613E+02  9.339E-26  1.143E-15
4.571E+02  9.704E-26  1.177E-15
4.529E+02  1.008E-25  1.211E-15
4.487E+02  1.048E-25  1.247E-15
4.446E+02  1.088E-25  1.284E-15
4.406E+02  1.131E-25  1.321E-15
4.365E+02  1.175E-25  1.360E-15
4.325E+02  1.221E-25  1.400E-15
4.285E+02  1.268E-25  1.441E-15
4.246E+02  1.317E-25  1.484E-15
4.207E+02  1.369E-25  1.527E-15
4.169E+02  1.422E-25  1.572E-15
4.130E+02  1.477E-25  1.618E-15
4.093E+02  1.534E-25  1.666E-15
4.055E+02  1.594E-25  1.715E-15
4.018E+02  1.656E-25  1.765E-15
3.981E+02  1.720E-25  1.817E-15
3.945E+02  1.787E-25  1.870E-15
3.908E+02  1.856E-25  1.924E-15
3.873E+02  1.928E-25  1.981E-15
3.837E+02  2.003E-25  2.039E-15
3.802E+02  2.081E-25  2.098E-15
3.767E+02  2.161E-25  2.159E-15
3.733E+02  2.245E-25  2.222E-15
3.698E+02  2.331E-25  2.287E-15
3.664E+02  2.421E-25  2.354E-15
3.631E+02  2.515E-25  2.422E-15
3.597E+02  2.612E-25  2.492E-15
3.565E+02  2.712E-25  2.564E-15
3.532E+02  2.816E-25  2.639E-15
3.499E+02  2.925E-25  2.715E-15
3.467E+02  3.037E-25  2.793E-15
3.436E+02  3.154E-25  2.874E-15
3.404E+02  3.275E-25  2.957E-15
3.373E+02  3.400E-25  3.042E-15
3.342E+02  3.530E-25  3.129E-15
3.311E+02  3.665E-25  3.219E-15
3.281E+02  3.805E-25  3.311E-15
3.251E+02  3.950E-25  3.406E-15
3.221E+02  4.100E-25  3.503E-15
3.192E+02  4.256E-25  3.603E-15
3.162E+02  4.418E-25  3.706E-15
3.133E+02  4.585E-25  3.810E-15
3.105E+02  4.758E-25  3.919E-15
3.076E+02  4.938E-25  4.029E-15
3.048E+02  5.125E-25  4.143E-15
3.020E+02  5.318E-25  4.260E-15
2.992E+02  5.518E-25  4.380E-15
2.965E+02  5.726E-25  4.503E-15
2.938E+02  5.940E-25  4.629E-15
2.911E+02  6.163E-25  4.758E-15
2.884E+02  6.393E-25  4.891E-15
2.858E+02  6.632E-25  5.027E-15
2.831E+02  6.879E-25  5.166E-15
2.805E+02  7.135E-25  5.309E-15
2.780E+02  7.399E-25  5.456E-15
2.754E+02  7.674E-25  5.606E-15
2.729E+02  7.958E-25  5.761E-15
2.704E+02  8.253E-25  5.920E-15
2.679E+02  8.559E-25  6.083E-15
2.655E+02  8.875E-25  6.250E-15
2.630E+02  9.203E-25  6.421E-15
2.606E+02  9.542E-25  6.596E-15
2.582E+02  9.892E-25  6.776E-15
2.559E+02  1.025E-24  6.959E-15
2.535E+02  1.062E-24  7.144E-15
2.512E+02  1.101E-24  7.333E-15
2.489E+02  1.139E-24  7.522E-15
2.466E+02  1.178E-24  7.708E-15
2.443E+02  1.218E-24  7.897E-15
2.421E+02  1.259E-24  8.088E-15
2.399E+02  1.301E-24  8.281E-15
2.377E+02  1.344E-24  8.472E-15
2.355E+02  1.387E-24  8.665E-15
2.333E+02  1.432E-24  8.863E-15
2.312E+02  1.478E-24  9.064E-15
2.291E+02  1.525E-24  9.268E-15
2.270E+02  1.574E-24  9.475E-15
2.249E+02  1.623E-24  9.685E-15
2.228E+02  1.675E-24  9.899E-15
2.208E+02  1.727E-24  1.012E-14
2.188E+02  1.781E-24  1.034E-14
2.168E+02  1.837E-24  1.056E-14
2.148E+02  1.893E-24  1.079E-14
2.128E+02  1.952E-24  1.102E-14
2.109E+02  2.012E-24  1.125E-14
2.089E+02  2.073E-24  1.149E-14
2.070E+02  2.136E-24  1.173E-14
2.051E+02  2.200E-24  1.197E-14
2.032E+02  2.266E-24  1.222E-14
2.014E+02  2.333E-24  1.246E-14
1.995E+02  2.403E-24  1.272E-14
1.977E+02  2.473E-24  1.297E-14
1.959E+02  2.546E-24  1.323E-14
1.941E+02  2.620E-24  1.349E-14
1.923E+02  2.696E-24  1.375E-14
1.905E+02  2.773E-24  1.402E-14
1.888E+02  2.853E-24  1.429E-14
1.871E+02  2.934E-24  1.456E-14
1.854E+02  3.017E-24  1.483E-14
1.837E+02  3.102E-24  1.511E-14
1.820E+02  3.189E-24  1.539E-14
1.803E+02  3.277E-24  1.567E-14
1.786E+02  3.368E-24  1.596E-14
1.770E+02  3.460E-24  1.625E-14
1.754E+02  3.555E-24  1.654E-14
1.738E+02  3.651E-24  1.683E-14
1.722E+02  3.750E-24  1.713E-14
1.706E+02  3.851E-24  1.743E-14
1.690E+02  3.953E-24  1.773E-14
1.675E+02  4.058E-24  1.803E-14
1.660E+02  4.166E-24  1.834E-14
1.644E+02  4.275E-24  1.865E-14
1.629E+02  4.387E-24  1.896E-14
1.614E+02  4.501E-24  1.928E-14
1.600E+02  4.618E-24  1.959E-14
1.585E+02  4.738E-24  1.992E-14
1.570E+02  4.860E-24  2.024E-14
1.556E+02  4.985E-24  2.058E-14
1.542E+02  5.113E-24  2.091E-14
1.528E+02  5.245E-24  2.125E-14
1.514E+02  5.379E-24  2.160E-14
1.500E+02  5.518E-24  2.195E-14
1.486E+02  5.660E-24  2.231E-14
1.472E+02  5.805E-24  2.267E-14
1.459E+02  5.954E-24  2.304E-14
1.445E+02  6.105E-24  2.341E-14
1.432E+02  6.258E-24  2.378E-14
1.419E+02  6.411E-24  2.413E-14
1.406E+02  6.561E-24  2.447E-14
1.393E+02  6.706E-24  2.478E-14
1.380E+02  6.846E-24  2.507E-14
1.368E+02  6.980E-24  2.532E-14
1.355E+02  7.109E-24  2.556E-14
1.343E+02  7.236E-24  2.577E-14
1.330E+02  7.361E-24  2.598E-14
1.318E+02  7.487E-24  2.618E-14
1.306E+02  7.615E-24  2.638E-14
1.294E+02  7.745E-24  2.659E-14
1.282E+02  7.877E-24  2.679E-14
1.271E+02  8.012E-24  2.700E-14
1.259E+02  8.150E-24  2.722E-14
1.247E+02  8.290E-24  2.743E-14
1.236E+02  8.432E-24  2.764E-14
1.225E+02  8.576E-24  2.786E-14
1.213E+02  8.722E-24  2.807E-14
1.202E+02  8.870E-24  2.829E-14
1.191E+02  9.019E-24  2.850E-14
1.180E+02  9.170E-24  2.871E-14
1.169E+02  9.321E-24  2.892E-14
1.159E+02  9.473E-24  2.912E-14
1.148E+02  9.627E-24  2.932E-14
1.138E+02  9.781E-24  2.952E-14
1.127E+02  9.936E-24  2.971E-14
1.117E+02  1.009E-23  2.990E-14
1.107E+02  1.025E-23  3.009E-14
1.096E+02  1.041E-23  3.028E-14
1.086E+02  1.057E-23  3.046E-14
1.076E+02  1.073E-23  3.063E-14
1.067E+02  1.089E-23  3.080E-14
1.057E+02  1.105E-23  3.097E-14
1.047E+02  1.121E-23  3.113E-14
1.038E+02  1.137E-23  3.128E-14
1.028E+02  1.153E-23  3.143E-14
1.019E+02  1.168E-23  3.157E-14
1.009E+02  1.184E-23  3.170E-14
1.000E+02  1.200E-23  3.183E-14
9.908E+01  1.215E-23  3.194E-14
9.817E+01  1.231E-23  3.205E-14
9.727E+01  1.246E-23  3.215E-14
9.638E+01  1.261E-23  3.225E-14
9.550E+01  1.276E-23  3.234E-14
9.462E+01  1.291E-23  3.241E-14
9.376E+01  1.306E-23  3.249E-14
9.290E+01  1.321E-23  3.255E-14
9.204E+01  1.335E-23  3.260E-14
9.120E+01  1.350E-23  3.265E-14
9.036E+01  1.364E-23  3.268E-14
8.954E+01  1.377E-23  3.271E-14
8.872E+01  1.391E-23  3.274E-14
8.790E+01  1.405E-23  3.275E-14
8.710E+01  1.418E-23  3.276E-14
8.630E+01  1.431E-23  3.276E-14
8.551E+01  1.444E-23  3.275E-14
8.472E+01  1.456E-23  3.273E-14
8.395E+01  1.468E-23  3.270E-14
8.318E+01  1.480E-23  3.266E-14
8.241E+01  1.492E-23  3.261E-14
8.166E+01  1.503E-23  3.256E-14
8.091E+01  1.514E-23  3.250E-14
8.017E+01  1.525E-23  3.243E-14
7.943E+01  1.535E-23  3.235E-14
7.870E+01  1.545E-23  3.226E-14
7.798E+01  1.555E-23  3.216E-14
7.727E+01  1.564E-23  3.206E-14
7.656E+01  1.573E-23  3.194E-14
7.586E+01  1.581E-23  3.182E-14
7.516E+01  1.590E-23  3.169E-14
7.447E+01  1.597E-23  3.155E-14
7.379E+01  1.604E-23  3.140E-14
7.311E+01  1.611E-23  3.125E-14
7.244E+01  1.617E-23  3.108E-14
7.178E+01  1.623E-23  3.090E-14
7.112E+01  1.628E-23  3.072E-14
7.047E+01  1.634E-23  3.054E-14
6.982E+01  1.639E-23  3.035E-14
6.918E+01  1.643E-23  3.015E-14
6.855E+01  1.647E-23  2.994E-14
6.792E+01  1.650E-23  2.973E-14
6.730E+01  1.653E-23  2.950E-14
6.668E+01  1.655E-23  2.928E-14
6.607E+01  1.657E-23  2.904E-14
6.546E+01  1.659E-23  2.881E-14
6.486E+01  1.660E-23  2.856E-14
6.427E+01  1.661E-23  2.831E-14
6.368E+01  1.661E-23  2.805E-14
6.310E+01  1.660E-23  2.779E-14
6.252E+01  1.660E-23  2.753E-14
6.194E+01  1.659E-23  2.726E-14
6.138E+01  1.658E-23  2.699E-14
6.081E+01  1.656E-23  2.671E-14
6.026E+01  1.654E-23  2.643E-14
5.970E+01  1.651E-23  2.614E-14
5.916E+01  1.648E-23  2.585E-14
5.861E+01  1.644E-23  2.556E-14
5.808E+01  1.640E-23  2.526E-14
5.754E+01  1.635E-23  2.496E-14
5.702E+01  1.631E-23  2.466E-14
5.649E+01  1.625E-23  2.436E-14
5.598E+01  1.620E-23  2.405E-14
5.546E+01  1.614E-23  2.374E-14
5.495E+01  1.608E-23  2.344E-14
5.445E+01  1.601E-23  2.313E-14
5.395E+01  1.594E-23  2.282E-14
5.346E+01  1.587E-23  2.251E-14
5.297E+01  1.580E-23  2.220E-14
5.248E+01  1.572E-23  2.188E-14
5.200E+01  1.564E-23  2.157E-14
5.152E+01  1.556E-23  2.126E-14
5.105E+01  1.547E-23  2.095E-14
5.058E+01  1.538E-23  2.063E-14
5.012E+01  1.528E-23  2.032E-14
4.966E+01  1.519E-23  2.000E-14
4.920E+01  1.509E-23  1.969E-14
4.875E+01  1.499E-23  1.938E-14
4.831E+01  1.488E-23  1.907E-14
4.786E+01  1.478E-23  1.876E-14
4.742E+01  1.467E-23  1.845E-14
4.699E+01  1.456E-23  1.815E-14
4.656E+01  1.445E-23  1.784E-14
4.613E+01  1.433E-23  1.754E-14
4.571E+01  1.422E-23  1.724E-14
4.529E+01  1.410E-23  1.694E-14
4.487E+01  1.398E-23  1.664E-14
4.446E+01  1.386E-23  1.635E-14
4.406E+01  1.374E-23  1.605E-14
4.365E+01  1.361E-23  1.576E-14
4.325E+01  1.348E-23  1.547E-14
4.285E+01  1.335E-23  1.518E-14
4.246E+01  1.322E-23  1.489E-14
4.207E+01  1.309E-23  1.460E-14
4.169E+01  1.295E-23  1.432E-14
4.130E+01  1.281E-23  1.403E-14
4.093E+01  1.266E-23  1.375E-14
4.055E+01  1.252E-23  1.346E-14
4.018E+01  1.237E-23  1.318E-14
3.981E+01  1.221E-23  1.290E-14
3.945E+01  1.205E-23  1.261E-14
3.908E+01  1.189E-23  1.233E-14
3.873E+01  1.173E-23  1.205E-14
3.837E+01  1.156E-23  1.176E-14
3.802E+01  1.138E-23  1.148E-14
3.767E+01  1.120E-23  1.120E-14
3.733E+01  1.102E-23  1.091E-14
3.698E+01  1.083E-23  1.062E-14
3.664E+01  1.063E-23  1.033E-14
3.631E+01  1.043E-23  1.005E-14
3.597E+01  1.023E-23  9.761E-15
3.565E+01  1.002E-23  9.475E-15
3.532E+01  9.808E-24  9.189E-15
3.499E+01  9.592E-24  8.904E-15
3.467E+01  9.371E-24  8.619E-15
3.436E+01  9.147E-24  8.336E-15
3.404E+01  8.920E-24  8.054E-15
3.373E+01  8.689E-24  7.774E-15
3.342E+01  8.457E-24  7.497E-15
3.311E+01  8.224E-24  7.224E-15
3.281E+01  7.990E-24  6.953E-15
3.251E+01  7.755E-24  6.687E-15
3.221E+01  7.520E-24  6.425E-15
3.192E+01  7.285E-24  6.167E-15
3.162E+01  7.052E-24  5.915E-15
3.133E+01  6.821E-24  5.669E-15
3.105E+01  6.593E-24  5.429E-15
3.076E+01  6.369E-24  5.196E-15
3.048E+01  6.148E-24  4.971E-15
3.020E+01  5.933E-24  4.753E-15
2.992E+01  5.723E-24  4.542E-15
2.965E+01  5.517E-24  4.339E-15
2.938E+01  5.318E-24  4.144E-15
2.911E+01  5.126E-24  3.957E-15
2.884E+01  4.940E-24  3.779E-15
2.858E+01  4.762E-24  3.609E-15
2.831E+01  4.591E-24  3.448E-15
2.805E+01  4.427E-24  3.294E-15
2.780E+01  4.271E-24  3.149E-15
2.754E+01  4.121E-24  3.011E-15
2.729E+01  3.980E-24  2.881E-15
2.704E+01  3.845E-24  2.758E-15
2.679E+01  3.718E-24  2.642E-15
2.655E+01  3.597E-24  2.533E-15
2.630E+01  3.484E-24  2.431E-15
2.606E+01  3.376E-24  2.334E-15
2.582E+01  3.275E-24  2.243E-15
2.559E+01  3.180E-24  2.158E-15
2.535E+01  3.090E-24  2.078E-15
2.512E+01  3.006E-24  2.003E-15
2.489E+01  2.927E-24  1.932E-15
2.466E+01  2.852E-24  1.866E-15
2.443E+01  2.782E-24  1.803E-15
2.421E+01  2.717E-24  1.745E-15
2.399E+01  2.655E-24  1.689E-15
2.377E+01  2.597E-24  1.637E-15
2.355E+01  2.544E-24  1.589E-15
2.333E+01  2.495E-24  1.544E-15
2.312E+01  2.447E-24  1.501E-15
2.291E+01  2.403E-24  1.460E-15
2.270E+01  2.364E-24  1.423E-15
2.249E+01  2.328E-24  1.389E-15
2.228E+01  2.296E-24  1.357E-15
2.208E+01  2.266E-24  1.327E-15
2.188E+01  2.236E-24  1.298E-15
2.168E+01  2.208E-24  1.269E-15
2.148E+01  2.182E-24  1.243E-15
2.128E+01  2.159E-24  1.219E-15
2.109E+01  2.139E-24  1.196E-15
2.089E+01  2.120E-24  1.175E-15
2.070E+01  2.102E-24  1.154E-15
2.051E+01  2.085E-24  1.135E-15
2.032E+01  2.071E-24  1.116E-15
2.014E+01  2.061E-24  1.101E-15
1.995E+01  2.052E-24  1.086E-15
1.977E+01  2.045E-24  1.072E-15
1.959E+01  2.037E-24  1.058E-15
1.941E+01  2.031E-24  1.045E-15
1.923E+01  2.025E-24  1.033E-15
1.905E+01  2.020E-24  1.021E-15
1.888E+01  2.018E-24  1.011E-15
1.871E+01  2.019E-24  1.002E-15
1.854E+01  2.025E-24  9.956E-16
1.837E+01  2.041E-24  9.942E-16
1.820E+01  2.076E-24  1.002E-15
1.803E+01  2.167E-24  1.036E-15
1.786E+01  2.328E-24  1.103E-15
1.770E+01  2.305E-24  1.082E-15
1.754E+01  2.455E-24  1.142E-15
1.738E+01  2.912E-24  1.342E-15
1.722E+01  2.693E-24  1.230E-15
1.706E+01  2.645E-24  1.197E-15
1.690E+01  2.549E-24  1.143E-15
1.675E+01  2.417E-24  1.074E-15
1.660E+01  2.450E-24  1.079E-15
1.644E+01  2.860E-24  1.248E-15
1.629E+01  2.151E-24  9.297E-16
1.614E+01  1.899E-24  8.133E-16
1.600E+01  1.928E-24  8.180E-16
1.585E+01  1.899E-24  7.983E-16
1.570E+01  1.634E-24  6.807E-16
1.556E+01  1.498E-24  6.183E-16
1.542E+01  1.422E-24  5.816E-16
1.528E+01  1.369E-24  5.546E-16
1.514E+01  1.326E-24  5.325E-16
1.500E+01  1.291E-24  5.137E-16
1.486E+01  1.262E-24  4.974E-16
1.472E+01  1.239E-24  4.838E-16
1.459E+01  1.225E-24  4.741E-16
1.445E+01  1.232E-24  4.724E-16
1.432E+01  1.281E-24  4.867E-16
1.419E+01  1.337E-24  5.032E-16
1.406E+01  1.254E-24  4.678E-16
1.393E+01  1.191E-24  4.402E-16
1.380E+01  1.196E-24  4.379E-16
1.368E+01  1.286E-24  4.667E-16
1.355E+01  1.318E-24  4.739E-16
1.343E+01  1.226E-24  4.366E-16
1.330E+01  1.221E-24  4.309E-16
1.318E+01  1.274E-24  4.457E-16
1.306E+01  1.384E-24  4.797E-16
1.294E+01  1.576E-24  5.412E-16
1.282E+01  1.884E-24  6.410E-16
1.271E+01  2.262E-24  7.624E-16
1.259E+01  2.414E-24  8.062E-16
1.247E+01  2.180E-24  7.213E-16
1.236E+01  1.901E-24  6.231E-16
1.225E+01  1.781E-24  5.784E-16
1.213E+01  1.803E-24  5.803E-16
1.202E+01  1.851E-24  5.904E-16
1.191E+01  1.791E-24  5.659E-16
1.180E+01  1.669E-24  5.224E-16
1.169E+01  1.628E-24  5.052E-16
1.159E+01  1.772E-24  5.445E-16
1.148E+01  2.254E-24  6.864E-16
1.138E+01  3.262E-24  9.845E-16
1.127E+01  4.386E-24  1.312E-15
1.117E+01  3.090E-24  9.154E-16
1.107E+01  1.800E-24  5.283E-16
1.096E+01  1.348E-24  3.920E-16
1.086E+01  1.141E-24  3.287E-16
1.076E+01  1.033E-24  2.950E-16
1.067E+01  9.741E-25  2.756E-16
1.057E+01  9.417E-25  2.640E-16
1.047E+01  9.235E-25  2.565E-16
1.038E+01  9.121E-25  2.510E-16
1.028E+01  9.037E-25  2.464E-16
1.019E+01  8.967E-25  2.423E-16
1.009E+01  8.919E-25  2.388E-16
1.000E+01  8.902E-25  2.361E-16
9.908E+00  8.923E-25  2.345E-16
9.817E+00  8.977E-25  2.338E-16
9.727E+00  9.061E-25  2.338E-16
9.638E+00  9.166E-25  2.344E-16
9.550E+00  9.266E-25  2.347E-16
9.462E+00  9.348E-25  2.346E-16
9.376E+00  9.404E-25  2.339E-16
9.290E+00  9.439E-25  2.326E-16
9.204E+00  9.477E-25  2.314E-16
9.120E+00  9.566E-25  2.314E-16
9.036E+00  9.783E-25  2.345E-16
8.954E+00  1.026E-24  2.437E-16
8.872E+00  1.122E-24  2.641E-16
8.790E+00  1.302E-24  3.036E-16
8.710E+00  1.593E-24  3.679E-16
8.630E+00  1.861E-24  4.259E-16
8.551E+00  1.793E-24  4.068E-16
8.472E+00  1.560E-24  3.506E-16
8.395E+00  1.429E-24  3.181E-16
8.318E+00  1.394E-24  3.075E-16
8.241E+00  1.416E-24  3.095E-16
8.166E+00  1.516E-24  3.284E-16
8.091E+00  1.735E-24  3.724E-16
8.017E+00  2.101E-24  4.469E-16
7.943E+00  2.591E-24  5.460E-16
7.870E+00  3.032E-24  6.329E-16
7.798E+00  3.221E-24  6.662E-16
7.727E+00  3.318E-24  6.800E-16
7.656E+00  3.514E-24  7.136E-16
7.586E+00  3.444E-24  6.930E-16
7.516E+00  2.831E-24  5.644E-16
7.447E+00  2.139E-24  4.226E-16
7.379E+00  1.643E-24  3.216E-16
7.311E+00  1.314E-24  2.548E-16
7.244E+00  1.087E-24  2.088E-16
7.178E+00  9.224E-25  1.756E-16
7.112E+00  8.015E-25  1.512E-16
7.047E+00  7.139E-25  1.334E-16
6.982E+00  6.540E-25  1.211E-16
6.918E+00  6.188E-25  1.136E-16
6.855E+00  6.051E-25  1.100E-16
6.792E+00  6.067E-25  1.093E-16
6.730E+00  6.104E-25  1.090E-16
6.668E+00  6.014E-25  1.064E-16
6.607E+00  5.802E-25  1.017E-16
6.546E+00  5.664E-25  9.835E-17
6.486E+00  5.854E-25  1.007E-16
6.427E+00  6.691E-25  1.141E-16
6.368E+00  8.806E-25  1.487E-16
6.310E+00  1.364E-24  2.283E-16
6.252E+00  2.196E-24  3.642E-16
6.194E+00  2.232E-24  3.668E-16
6.138E+00  1.350E-24  2.198E-16
6.081E+00  8.021E-25  1.294E-16
6.026E+00  5.470E-25  8.743E-17
5.970E+00  4.252E-25  6.734E-17
5.916E+00  3.699E-25  5.805E-17
5.861E+00  3.586E-25  5.576E-17
5.808E+00  3.886E-25  5.986E-17
5.754E+00  4.550E-25  6.945E-17
5.702E+00  4.935E-25  7.464E-17
5.649E+00  4.246E-25  6.363E-17
5.598E+00  3.234E-25  4.802E-17
5.546E+00  2.533E-25  3.727E-17
5.495E+00  2.125E-25  3.097E-17
5.445E+00  1.904E-25  2.750E-17
5.395E+00  1.822E-25  2.608E-17
5.346E+00  1.898E-25  2.691E-17
5.297E+00  2.186E-25  3.071E-17
5.248E+00  2.397E-25  3.337E-17
5.200E+00  1.993E-25  2.749E-17
5.152E+00  1.573E-25  2.149E-17
5.105E+00  1.342E-25  1.817E-17
5.058E+00  1.213E-25  1.628E-17
5.012E+00  1.133E-25  1.507E-17
4.966E+00  1.078E-25  1.420E-17
4.920E+00  1.037E-25  1.353E-17
4.875E+00  1.005E-25  1.299E-17
4.831E+00  9.787E-26  1.254E-17
4.786E+00  9.568E-26  1.215E-17
4.742E+00  9.383E-26  1.180E-17
4.699E+00  9.224E-26  1.150E-17
4.656E+00  9.085E-26  1.122E-17
4.613E+00  8.962E-26  1.097E-17
4.571E+00  8.853E-26  1.073E-17
4.529E+00  8.757E-26  1.052E-17
4.487E+00  8.671E-26  1.032E-17
4.446E+00  8.594E-26  1.014E-17
4.406E+00  8.526E-26  9.964E-18
4.365E+00  8.466E-26  9.802E-18
4.325E+00  8.412E-26  9.651E-18
4.285E+00  8.364E-26  9.508E-18
4.246E+00  8.322E-26  9.373E-18
4.207E+00  8.285E-26  9.247E-18
4.169E+00  8.254E-26  9.127E-18
4.130E+00  8.228E-26  9.015E-18
4.093E+00  8.204E-26  8.907E-18
4.055E+00  8.186E-26  8.806E-18
4.018E+00  8.174E-26  8.711E-18
3.981E+00  8.167E-26  8.624E-18
3.945E+00  8.166E-26  8.544E-18
3.908E+00  8.173E-26  8.473E-18
3.873E+00  8.188E-26  8.411E-18
3.837E+00  8.214E-26  8.361E-18
3.802E+00  8.253E-26  8.323E-18
3.767E+00  8.307E-26  8.300E-18
3.733E+00  8.380E-26  8.297E-18
3.698E+00  8.479E-26  8.318E-18
3.664E+00  8.612E-26  8.371E-18
3.631E+00  8.793E-26  8.469E-18
3.597E+00  9.041E-26  8.628E-18
3.565E+00  9.390E-26  8.878E-18
3.532E+00  9.896E-26  9.271E-18
3.499E+00  1.066E-25  9.897E-18
3.467E+00  1.189E-25  1.094E-17
3.436E+00  1.404E-25  1.279E-17
3.404E+00  1.826E-25  1.649E-17
3.373E+00  2.835E-25  2.537E-17
3.342E+00  6.180E-25  5.479E-17
3.311E+00  2.279E-24  2.002E-16
3.281E+00  1.568E-24  1.365E-16
3.251E+00  4.658E-25  4.017E-17
3.221E+00  2.351E-25  2.009E-17
3.192E+00  1.587E-25  1.343E-17
3.162E+00  1.249E-25  1.048E-17
3.133E+00  1.072E-25  8.909E-18
3.105E+00  9.671E-26  7.964E-18
3.076E+00  9.001E-26  7.344E-18
3.048E+00  8.544E-26  6.908E-18
3.020E+00  8.216E-26  6.582E-18
2.992E+00  7.972E-26  6.327E-18
2.965E+00  7.782E-26  6.120E-18
2.938E+00  7.631E-26  5.947E-18
2.911E+00  7.508E-26  5.797E-18
2.884E+00  7.404E-26  5.664E-18
2.858E+00  7.315E-26  5.545E-18
2.831E+00  7.238E-26  5.436E-18
2.805E+00  7.169E-26  5.335E-18
2.780E+00  7.107E-26  5.241E-18
2.754E+00  7.051E-26  5.151E-18
2.729E+00  6.998E-26  5.066E-18
2.704E+00  6.948E-26  4.984E-18
2.679E+00  6.902E-26  4.905E-18
2.655E+00  6.857E-26  4.828E-18
2.630E+00  6.814E-26  4.754E-18
2.606E+00  6.772E-26  4.681E-18
2.582E+00  6.731E-26  4.610E-18
2.559E+00  6.691E-26  4.541E-18
2.535E+00  6.651E-26  4.473E-18
2.512E+00  6.612E-26  4.406E-18
2.489E+00  6.573E-26  4.339E-18
2.466E+00  6.534E-26  4.274E-18
2.443E+00  6.495E-26  4.210E-18
2.421E+00  6.456E-26  4.146E-18
2.399E+00  6.417E-26  4.083E-18
2.377E+00  6.378E-26  4.021E-18
2.355E+00  6.339E-26  3.960E-18
2.333E+00  6.299E-26  3.899E-18
2.312E+00  6.259E-26  3.839E-18
2.291E+00  6.219E-26  3.779E-18
2.270E+00  6.178E-26  3.720E-18
2.249E+00  6.136E-26  3.661E-18
2.228E+00  6.094E-26  3.602E-18
2.208E+00  6.050E-26  3.544E-18
2.188E+00  6.006E-26  3.485E-18
2.168E+00  5.960E-26  3.427E-18
2.148E+00  5.912E-26  3.368E-18
2.128E+00  5.862E-26  3.309E-18
2.109E+00  5.809E-26  3.249E-18
2.089E+00  5.752E-26  3.188E-18
2.070E+00  5.691E-26  3.125E-18
2.051E+00  5.625E-26  3.061E-18
2.032E+00  5.552E-26  2.993E-18
2.014E+00  5.471E-26  2.922E-18
1.995E+00  5.380E-26  2.848E-18
1.977E+00  5.280E-26  2.769E-18
1.959E+00  5.173E-26  2.688E-18
1.941E+00  5.068E-26  2.609E-18
1.923E+00  4.982E-26  2.541E-18
1.905E+00  4.935E-26  2.494E-18
1.888E+00  4.932E-26  2.470E-18
1.871E+00  4.961E-26  2.462E-18
1.854E+00  5.000E-26  2.458E-18
1.837E+00  5.034E-26  2.452E-18
1.820E+00  5.055E-26  2.440E-18
1.803E+00  5.063E-26  2.422E-18
1.786E+00  5.060E-26  2.398E-18
1.770E+00  5.049E-26  2.371E-18
1.754E+00  5.031E-26  2.341E-18
1.738E+00  5.009E-26  2.309E-18
1.722E+00  4.983E-26  2.276E-18
1.706E+00  4.954E-26  2.242E-18
1.690E+00  4.924E-26  2.208E-18
1.675E+00  4.892E-26  2.173E-18
1.660E+00  4.860E-26  2.139E-18
1.644E+00  4.827E-26  2.105E-18
1.629E+00  4.794E-26  2.072E-18
1.614E+00  4.761E-26  2.039E-18
1.600E+00  4.728E-26  2.006E-18
1.585E+00  4.696E-26  1.974E-18
1.570E+00  4.666E-26  1.944E-18
1.556E+00  4.637E-26  1.914E-18
1.542E+00  4.610E-26  1.885E-18
1.528E+00  4.585E-26  1.858E-18
1.514E+00  4.562E-26  1.832E-18
1.500E+00  4.543E-26  1.807E-18
1.486E+00  4.528E-26  1.785E-18
1.472E+00  4.518E-26  1.764E-18
1.459E+00  4.513E-26  1.746E-18
1.445E+00  4.515E-26  1.731E-18
1.432E+00  4.525E-26  1.719E-18
1.419E+00  4.545E-26  1.711E-18
1.406E+00  4.576E-26  1.707E-18
1.393E+00  4.622E-26  1.708E-18
1.380E+00  4.685E-26  1.715E-18
1.368E+00  4.768E-26  1.730E-18
1.355E+00  4.875E-26  1.752E-18
1.343E+00  5.009E-26  1.784E-18
1.330E+00  5.172E-26  1.825E-18
1.318E+00  5.360E-26  1.874E-18
1.306E+00  5.563E-26  1.928E-18
1.294E+00  5.755E-26  1.976E-18
1.282E+00  5.894E-26  2.005E-18
1.271E+00  5.928E-26  1.998E-18
1.259E+00  5.820E-26  1.943E-18
1.247E+00  5.572E-26  1.844E-18
1.236E+00  5.228E-26  1.714E-18
1.225E+00  4.850E-26  1.576E-18
1.213E+00  4.490E-26  1.445E-18
1.202E+00  4.176E-26  1.332E-18
1.191E+00  3.917E-26  1.238E-18
1.180E+00  3.711E-26  1.162E-18
1.169E+00  3.555E-26  1.103E-18
1.159E+00  3.442E-26  1.058E-18
1.148E+00  3.371E-26  1.027E-18
1.138E+00  3.342E-26  1.008E-18
1.127E+00  3.358E-26  1.004E-18
1.117E+00  3.430E-26  1.016E-18
1.107E+00  3.575E-26  1.049E-18
1.096E+00  3.823E-26  1.112E-18
1.086E+00  4.218E-26  1.215E-18
1.076E+00  4.800E-26  1.371E-18
1.067E+00  5.538E-26  1.567E-18
1.057E+00  6.131E-26  1.719E-18
1.047E+00  6.025E-26  1.673E-18
1.038E+00  5.165E-26  1.421E-18
1.028E+00  4.146E-26  1.131E-18
1.019E+00  3.349E-26  9.048E-19
1.009E+00  2.801E-26  7.499E-19
1.000E+00  2.431E-26  6.449E-19
