Dust emission from Draine & Li (2007): ApJ 657, 810-837
================================================================
         8 = grain model
 4.000E-08 4.000E-01 0.000E+00 = a_01 (cm) , sigma_1 , b_C1/0.92
 2.500E-07 4.000E-01 0.000E+00 = a_02 (cm) , sigma_2 , b_C2/0.92
 2.500E+01 1.000E+03 2.000E+00 = Umin , Umax, beta (dN/dU propto U^{-beta})
 9.459E+01 = <U> 
     mmp83 = radfield
 6.028E-23 = power/H (erg s-1)
 band   nu*P_nu(band) j_nu(band)
 (um)   (erg s-1 H-1)(Jy cm2 sr-1 H-1)
1.270E+00  1.313E-25  4.422E-18 COBE-DIRBE
2.220E+00  2.261E-25  1.331E-17 COBE-DIRBE
3.530E+00  2.503E-25  2.344E-17 COBE-DIRBE
4.880E+00  2.384E-25  3.086E-17 COBE-DIRBE
1.229E+01  2.282E-24  7.441E-16 COBE-DIRBE
2.079E+01  4.468E-24  2.464E-15 COBE-DIRBE
5.599E+01  4.434E-23  6.585E-14 COBE-DIRBE
9.770E+01  3.025E-23  7.840E-14 COBE-DIRBE
1.479E+02  1.199E-23  4.705E-14 COBE-DIRBE
2.479E+02  2.226E-24  1.463E-14 COBE-DIRBE
1.200E+01  2.318E-24  7.377E-16 IRAS
2.500E+01  6.142E-24  4.073E-15 IRAS
6.000E+01  4.393E-23  6.992E-14 IRAS
1.000E+02  2.892E-23  7.671E-14 IRAS
3.550E+00  2.507E-25  2.361E-17 SST-IRAC
4.493E+00  2.417E-25  2.881E-17 SST-IRAC
5.731E+00  2.464E-25  3.745E-17 SST-IRAC
7.872E+00  1.391E-24  2.904E-16 SST-IRAC
2.368E+01  5.614E-24  3.526E-15 SST-MIPS
7.142E+01  4.069E-23  7.709E-14 SST-MIPS
1.559E+02  9.292E-24  3.842E-14 SST-MIPS
1.600E+01  2.123E-24  9.008E-16 SST-IRSPU
2.200E+01  5.452E-24  3.182E-15 SST-IRSPU











lambda    nu*dP/dnu     j_nu
 (um)   (erg s-1 H-1)(Jy cm2 sr-1 H-1)
1.000E+04  3.425E-31  9.085E-20
9.908E+03  3.550E-31  9.330E-20
9.817E+03  3.679E-31  9.581E-20
9.727E+03  3.813E-31  9.839E-20
9.638E+03  3.952E-31  1.010E-19
9.550E+03  4.096E-31  1.038E-19
9.462E+03  4.245E-31  1.065E-19
9.376E+03  4.399E-31  1.094E-19
9.290E+03  4.560E-31  1.124E-19
9.204E+03  4.726E-31  1.154E-19
9.120E+03  4.898E-31  1.185E-19
9.036E+03  5.076E-31  1.217E-19
8.954E+03  5.260E-31  1.249E-19
8.872E+03  5.451E-31  1.283E-19
8.790E+03  5.648E-31  1.317E-19
8.710E+03  5.852E-31  1.352E-19
8.630E+03  6.065E-31  1.388E-19
8.551E+03  6.285E-31  1.425E-19
8.472E+03  6.513E-31  1.464E-19
8.395E+03  6.749E-31  1.503E-19
8.318E+03  6.995E-31  1.543E-19
8.241E+03  7.249E-31  1.585E-19
8.166E+03  7.513E-31  1.627E-19
8.091E+03  7.787E-31  1.671E-19
8.017E+03  8.071E-31  1.716E-19
7.943E+03  8.365E-31  1.763E-19
7.870E+03  8.670E-31  1.810E-19
7.798E+03  8.987E-31  1.859E-19
7.727E+03  9.315E-31  1.909E-19
7.656E+03  9.656E-31  1.961E-19
7.586E+03  1.001E-30  2.014E-19
7.516E+03  1.038E-30  2.069E-19
7.447E+03  1.076E-30  2.125E-19
7.379E+03  1.115E-30  2.182E-19
7.311E+03  1.156E-30  2.242E-19
7.244E+03  1.198E-30  2.303E-19
7.178E+03  1.242E-30  2.365E-19
7.112E+03  1.288E-30  2.430E-19
7.047E+03  1.335E-30  2.496E-19
6.982E+03  1.384E-30  2.564E-19
6.918E+03  1.435E-30  2.634E-19
6.855E+03  1.488E-30  2.706E-19
6.792E+03  1.543E-30  2.780E-19
6.730E+03  1.600E-30  2.856E-19
6.668E+03  1.659E-30  2.934E-19
6.607E+03  1.720E-30  3.014E-19
6.546E+03  1.783E-30  3.096E-19
6.486E+03  1.849E-30  3.181E-19
6.427E+03  1.917E-30  3.269E-19
6.368E+03  1.988E-30  3.358E-19
6.310E+03  2.062E-30  3.451E-19
6.252E+03  2.138E-30  3.546E-19
6.194E+03  2.217E-30  3.643E-19
6.138E+03  2.299E-30  3.744E-19
6.081E+03  2.385E-30  3.847E-19
6.026E+03  2.473E-30  3.953E-19
5.970E+03  2.565E-30  4.062E-19
5.916E+03  2.661E-30  4.175E-19
5.861E+03  2.760E-30  4.290E-19
5.808E+03  2.862E-30  4.409E-19
5.754E+03  2.969E-30  4.532E-19
5.702E+03  3.080E-30  4.657E-19
5.649E+03  3.194E-30  4.787E-19
5.598E+03  3.314E-30  4.920E-19
5.546E+03  3.437E-30  5.057E-19
5.495E+03  3.566E-30  5.198E-19
5.445E+03  3.699E-30  5.343E-19
5.395E+03  3.838E-30  5.492E-19
5.346E+03  3.981E-30  5.645E-19
5.297E+03  4.130E-30  5.803E-19
5.248E+03  4.285E-30  5.965E-19
5.200E+03  4.446E-30  6.132E-19
5.152E+03  4.613E-30  6.304E-19
5.105E+03  4.786E-30  6.481E-19
5.058E+03  4.966E-30  6.663E-19
5.012E+03  5.153E-30  6.850E-19
4.966E+03  5.346E-30  7.042E-19
4.920E+03  5.547E-30  7.240E-19
4.875E+03  5.756E-30  7.444E-19
4.831E+03  5.973E-30  7.653E-19
4.786E+03  6.198E-30  7.869E-19
4.742E+03  6.432E-30  8.091E-19
4.699E+03  6.675E-30  8.320E-19
4.656E+03  6.927E-30  8.555E-19
4.613E+03  7.189E-30  8.797E-19
4.571E+03  7.461E-30  9.046E-19
4.529E+03  7.743E-30  9.302E-19
4.487E+03  8.037E-30  9.566E-19
4.446E+03  8.341E-30  9.838E-19
4.406E+03  8.658E-30  1.012E-18
4.365E+03  8.987E-30  1.041E-18
4.325E+03  9.328E-30  1.070E-18
4.285E+03  9.683E-30  1.101E-18
4.246E+03  1.005E-29  1.132E-18
4.207E+03  1.043E-29  1.164E-18
4.169E+03  1.083E-29  1.198E-18
4.130E+03  1.124E-29  1.232E-18
4.093E+03  1.167E-29  1.267E-18
4.055E+03  1.212E-29  1.304E-18
4.018E+03  1.258E-29  1.341E-18
3.981E+03  1.306E-29  1.379E-18
3.945E+03  1.356E-29  1.419E-18
3.908E+03  1.408E-29  1.460E-18
3.873E+03  1.462E-29  1.502E-18
3.837E+03  1.518E-29  1.545E-18
3.802E+03  1.576E-29  1.589E-18
3.767E+03  1.636E-29  1.635E-18
3.733E+03  1.699E-29  1.682E-18
3.698E+03  1.764E-29  1.731E-18
3.664E+03  1.832E-29  1.781E-18
3.631E+03  1.903E-29  1.832E-18
3.597E+03  1.976E-29  1.885E-18
3.565E+03  2.052E-29  1.940E-18
3.532E+03  2.131E-29  1.996E-18
3.499E+03  2.213E-29  2.054E-18
3.467E+03  2.299E-29  2.114E-18
3.436E+03  2.388E-29  2.176E-18
3.404E+03  2.480E-29  2.239E-18
3.373E+03  2.576E-29  2.305E-18
3.342E+03  2.676E-29  2.372E-18
3.311E+03  2.779E-29  2.441E-18
3.281E+03  2.887E-29  2.513E-18
3.251E+03  2.999E-29  2.586E-18
3.221E+03  3.116E-29  2.662E-18
3.192E+03  3.237E-29  2.741E-18
3.162E+03  3.363E-29  2.821E-18
3.133E+03  3.494E-29  2.904E-18
3.105E+03  3.630E-29  2.990E-18
3.076E+03  3.772E-29  3.078E-18
3.048E+03  3.919E-29  3.168E-18
3.020E+03  4.072E-29  3.262E-18
2.992E+03  4.231E-29  3.358E-18
2.965E+03  4.396E-29  3.457E-18
2.938E+03  4.567E-29  3.559E-18
2.911E+03  4.745E-29  3.664E-18
2.884E+03  4.931E-29  3.772E-18
2.858E+03  5.124E-29  3.884E-18
2.831E+03  5.324E-29  3.999E-18
2.805E+03  5.532E-29  4.117E-18
2.780E+03  5.749E-29  4.239E-18
2.754E+03  5.975E-29  4.365E-18
2.729E+03  6.209E-29  4.495E-18
2.704E+03  6.453E-29  4.628E-18
2.679E+03  6.706E-29  4.766E-18
2.655E+03  6.970E-29  4.908E-18
2.630E+03  7.245E-29  5.055E-18
2.606E+03  7.530E-29  5.205E-18
2.582E+03  7.827E-29  5.361E-18
2.559E+03  8.135E-29  5.521E-18
2.535E+03  8.457E-29  5.687E-18
2.512E+03  8.791E-29  5.857E-18
2.489E+03  9.138E-29  6.033E-18
2.466E+03  9.500E-29  6.214E-18
2.443E+03  9.876E-29  6.401E-18
2.421E+03  1.027E-28  6.593E-18
2.399E+03  1.067E-28  6.792E-18
2.377E+03  1.110E-28  6.996E-18
2.355E+03  1.154E-28  7.207E-18
2.333E+03  1.200E-28  7.425E-18
2.312E+03  1.247E-28  7.649E-18
2.291E+03  1.297E-28  7.880E-18
2.270E+03  1.348E-28  8.119E-18
2.249E+03  1.402E-28  8.365E-18
2.228E+03  1.458E-28  8.618E-18
2.208E+03  1.516E-28  8.879E-18
2.188E+03  1.576E-28  9.149E-18
2.168E+03  1.639E-28  9.426E-18
2.148E+03  1.705E-28  9.713E-18
2.128E+03  1.773E-28  1.001E-17
2.109E+03  1.844E-28  1.031E-17
2.089E+03  1.917E-28  1.063E-17
2.070E+03  1.994E-28  1.095E-17
2.051E+03  2.074E-28  1.128E-17
2.032E+03  2.157E-28  1.163E-17
2.014E+03  2.243E-28  1.198E-17
1.995E+03  2.333E-28  1.235E-17
1.977E+03  2.427E-28  1.273E-17
1.959E+03  2.524E-28  1.311E-17
1.941E+03  2.625E-28  1.352E-17
1.923E+03  2.730E-28  1.393E-17
1.905E+03  2.840E-28  1.435E-17
1.888E+03  2.954E-28  1.479E-17
1.871E+03  3.073E-28  1.525E-17
1.854E+03  3.196E-28  1.571E-17
1.837E+03  3.325E-28  1.620E-17
1.820E+03  3.458E-28  1.669E-17
1.803E+03  3.598E-28  1.721E-17
1.786E+03  3.742E-28  1.773E-17
1.770E+03  3.893E-28  1.828E-17
1.754E+03  4.050E-28  1.884E-17
1.738E+03  4.213E-28  1.942E-17
1.722E+03  4.383E-28  2.002E-17
1.706E+03  4.560E-28  2.064E-17
1.690E+03  4.744E-28  2.127E-17
1.675E+03  4.935E-28  2.193E-17
1.660E+03  5.135E-28  2.260E-17
1.644E+03  5.342E-28  2.330E-17
1.629E+03  5.558E-28  2.402E-17
1.614E+03  5.782E-28  2.476E-17
1.600E+03  6.016E-28  2.552E-17
1.585E+03  6.259E-28  2.631E-17
1.570E+03  6.512E-28  2.713E-17
1.556E+03  6.775E-28  2.796E-17
1.542E+03  7.049E-28  2.883E-17
1.528E+03  7.334E-28  2.972E-17
1.514E+03  7.631E-28  3.064E-17
1.500E+03  7.939E-28  3.158E-17
1.486E+03  8.261E-28  3.256E-17
1.472E+03  8.596E-28  3.357E-17
1.459E+03  8.944E-28  3.461E-17
1.445E+03  9.307E-28  3.568E-17
1.432E+03  9.684E-28  3.679E-17
1.419E+03  1.008E-27  3.793E-17
1.406E+03  1.049E-27  3.911E-17
1.393E+03  1.091E-27  4.032E-17
1.380E+03  1.135E-27  4.157E-17
1.368E+03  1.181E-27  4.286E-17
1.355E+03  1.229E-27  4.419E-17
1.343E+03  1.279E-27  4.556E-17
1.330E+03  1.331E-27  4.698E-17
1.318E+03  1.385E-27  4.843E-17
1.306E+03  1.441E-27  4.994E-17
1.294E+03  1.500E-27  5.149E-17
1.282E+03  1.561E-27  5.309E-17
1.271E+03  1.624E-27  5.473E-17
1.259E+03  1.690E-27  5.643E-17
1.247E+03  1.759E-27  5.819E-17
1.236E+03  1.830E-27  5.999E-17
1.225E+03  1.904E-27  6.185E-17
1.213E+03  1.981E-27  6.377E-17
1.202E+03  2.062E-27  6.575E-17
1.191E+03  2.145E-27  6.779E-17
1.180E+03  2.232E-27  6.990E-17
1.169E+03  2.323E-27  7.206E-17
1.159E+03  2.417E-27  7.430E-17
1.148E+03  2.515E-27  7.660E-17
1.138E+03  2.617E-27  7.898E-17
1.127E+03  2.723E-27  8.143E-17
1.117E+03  2.834E-27  8.395E-17
1.107E+03  2.949E-27  8.655E-17
1.096E+03  3.068E-27  8.923E-17
1.086E+03  3.192E-27  9.200E-17
1.076E+03  3.322E-27  9.485E-17
1.067E+03  3.456E-27  9.778E-17
1.057E+03  3.596E-27  1.008E-16
1.047E+03  3.742E-27  1.039E-16
1.038E+03  3.893E-27  1.071E-16
1.028E+03  4.050E-27  1.104E-16
1.019E+03  4.214E-27  1.139E-16
1.009E+03  4.384E-27  1.174E-16
1.000E+03  4.562E-27  1.210E-16
9.908E+02  4.746E-27  1.247E-16
9.817E+02  4.938E-27  1.286E-16
9.727E+02  5.138E-27  1.326E-16
9.638E+02  5.346E-27  1.367E-16
9.550E+02  5.562E-27  1.409E-16
9.462E+02  5.787E-27  1.452E-16
9.376E+02  6.021E-27  1.497E-16
9.290E+02  6.264E-27  1.543E-16
9.204E+02  6.517E-27  1.591E-16
9.120E+02  6.780E-27  1.640E-16
9.036E+02  7.053E-27  1.691E-16
8.954E+02  7.337E-27  1.743E-16
8.872E+02  7.633E-27  1.796E-16
8.790E+02  7.940E-27  1.851E-16
8.710E+02  8.259E-27  1.908E-16
8.630E+02  8.591E-27  1.967E-16
8.551E+02  8.936E-27  2.027E-16
8.472E+02  9.295E-27  2.089E-16
8.395E+02  9.668E-27  2.153E-16
8.318E+02  1.006E-26  2.218E-16
8.241E+02  1.046E-26  2.286E-16
8.166E+02  1.088E-26  2.356E-16
8.091E+02  1.131E-26  2.428E-16
8.017E+02  1.176E-26  2.502E-16
7.943E+02  1.223E-26  2.578E-16
7.870E+02  1.272E-26  2.656E-16
7.798E+02  1.323E-26  2.737E-16
7.727E+02  1.376E-26  2.820E-16
7.656E+02  1.431E-26  2.905E-16
7.586E+02  1.488E-26  2.993E-16
7.516E+02  1.547E-26  3.084E-16
7.447E+02  1.608E-26  3.177E-16
7.379E+02  1.673E-26  3.274E-16
7.311E+02  1.739E-26  3.373E-16
7.244E+02  1.809E-26  3.476E-16
7.178E+02  1.881E-26  3.582E-16
7.112E+02  1.956E-26  3.691E-16
7.047E+02  2.034E-26  3.803E-16
6.982E+02  2.116E-26  3.918E-16
6.918E+02  2.200E-26  4.038E-16
6.855E+02  2.288E-26  4.160E-16
6.792E+02  2.379E-26  4.287E-16
6.730E+02  2.474E-26  4.417E-16
6.668E+02  2.573E-26  4.550E-16
6.607E+02  2.675E-26  4.688E-16
6.546E+02  2.782E-26  4.831E-16
6.486E+02  2.894E-26  4.979E-16
6.427E+02  3.010E-26  5.131E-16
6.368E+02  3.130E-26  5.288E-16
6.310E+02  3.256E-26  5.449E-16
6.252E+02  3.387E-26  5.616E-16
6.194E+02  3.523E-26  5.788E-16
6.138E+02  3.664E-26  5.965E-16
6.081E+02  3.811E-26  6.148E-16
6.026E+02  3.965E-26  6.337E-16
5.970E+02  4.124E-26  6.531E-16
5.916E+02  4.290E-26  6.731E-16
5.861E+02  4.462E-26  6.938E-16
5.808E+02  4.642E-26  7.151E-16
5.754E+02  4.829E-26  7.371E-16
5.702E+02  5.024E-26  7.598E-16
5.649E+02  5.226E-26  7.832E-16
5.598E+02  5.437E-26  8.073E-16
5.546E+02  5.656E-26  8.321E-16
5.495E+02  5.885E-26  8.578E-16
5.445E+02  6.122E-26  8.843E-16
5.395E+02  6.370E-26  9.115E-16
5.346E+02  6.627E-26  9.397E-16
5.297E+02  6.895E-26  9.687E-16
5.248E+02  7.174E-26  9.987E-16
5.200E+02  7.464E-26  1.030E-15
5.152E+02  7.766E-26  1.061E-15
5.105E+02  8.081E-26  1.094E-15
5.058E+02  8.408E-26  1.128E-15
5.012E+02  8.749E-26  1.163E-15
4.966E+02  9.103E-26  1.199E-15
4.920E+02  9.472E-26  1.236E-15
4.875E+02  9.856E-26  1.275E-15
4.831E+02  1.026E-25  1.314E-15
4.786E+02  1.067E-25  1.355E-15
4.742E+02  1.111E-25  1.397E-15
4.699E+02  1.156E-25  1.440E-15
4.656E+02  1.202E-25  1.485E-15
4.613E+02  1.251E-25  1.531E-15
4.571E+02  1.302E-25  1.579E-15
4.529E+02  1.355E-25  1.628E-15
4.487E+02  1.410E-25  1.678E-15
4.446E+02  1.467E-25  1.730E-15
4.406E+02  1.527E-25  1.784E-15
4.365E+02  1.589E-25  1.840E-15
4.325E+02  1.653E-25  1.897E-15
4.285E+02  1.721E-25  1.956E-15
4.246E+02  1.790E-25  2.017E-15
4.207E+02  1.863E-25  2.079E-15
4.169E+02  1.939E-25  2.144E-15
4.130E+02  2.018E-25  2.211E-15
4.093E+02  2.100E-25  2.280E-15
4.055E+02  2.185E-25  2.351E-15
4.018E+02  2.274E-25  2.424E-15
3.981E+02  2.367E-25  2.499E-15
3.945E+02  2.463E-25  2.577E-15
3.908E+02  2.563E-25  2.657E-15
3.873E+02  2.668E-25  2.740E-15
3.837E+02  2.776E-25  2.826E-15
3.802E+02  2.889E-25  2.914E-15
3.767E+02  3.007E-25  3.005E-15
3.733E+02  3.129E-25  3.098E-15
3.698E+02  3.257E-25  3.195E-15
3.664E+02  3.389E-25  3.294E-15
3.631E+02  3.527E-25  3.397E-15
3.597E+02  3.671E-25  3.503E-15
3.565E+02  3.820E-25  3.612E-15
3.532E+02  3.975E-25  3.724E-15
3.499E+02  4.137E-25  3.840E-15
3.467E+02  4.305E-25  3.960E-15
3.436E+02  4.480E-25  4.083E-15
3.404E+02  4.662E-25  4.210E-15
3.373E+02  4.852E-25  4.341E-15
3.342E+02  5.049E-25  4.476E-15
3.311E+02  5.254E-25  4.615E-15
3.281E+02  5.467E-25  4.758E-15
3.251E+02  5.688E-25  4.905E-15
3.221E+02  5.919E-25  5.057E-15
3.192E+02  6.158E-25  5.214E-15
3.162E+02  6.408E-25  5.375E-15
3.133E+02  6.666E-25  5.541E-15
3.105E+02  6.936E-25  5.712E-15
3.076E+02  7.216E-25  5.888E-15
3.048E+02  7.508E-25  6.070E-15
3.020E+02  7.811E-25  6.257E-15
2.992E+02  8.126E-25  6.450E-15
2.965E+02  8.453E-25  6.648E-15
2.938E+02  8.794E-25  6.852E-15
2.911E+02  9.147E-25  7.063E-15
2.884E+02  9.514E-25  7.278E-15
2.858E+02  9.896E-25  7.501E-15
2.831E+02  1.029E-24  7.731E-15
2.805E+02  1.071E-24  7.967E-15
2.780E+02  1.113E-24  8.209E-15
2.754E+02  1.158E-24  8.460E-15
2.729E+02  1.204E-24  8.717E-15
2.704E+02  1.253E-24  8.984E-15
2.679E+02  1.303E-24  9.259E-15
2.655E+02  1.355E-24  9.541E-15
2.630E+02  1.409E-24  9.832E-15
2.606E+02  1.466E-24  1.013E-14
2.582E+02  1.524E-24  1.044E-14
2.559E+02  1.584E-24  1.075E-14
2.535E+02  1.647E-24  1.108E-14
2.512E+02  1.711E-24  1.140E-14
2.489E+02  1.777E-24  1.173E-14
2.466E+02  1.844E-24  1.206E-14
2.443E+02  1.912E-24  1.239E-14
2.421E+02  1.983E-24  1.273E-14
2.399E+02  2.055E-24  1.308E-14
2.377E+02  2.128E-24  1.342E-14
2.355E+02  2.204E-24  1.377E-14
2.333E+02  2.282E-24  1.412E-14
2.312E+02  2.363E-24  1.449E-14
2.291E+02  2.446E-24  1.486E-14
2.270E+02  2.532E-24  1.525E-14
2.249E+02  2.621E-24  1.563E-14
2.228E+02  2.712E-24  1.603E-14
2.208E+02  2.806E-24  1.644E-14
2.188E+02  2.903E-24  1.685E-14
2.168E+02  3.004E-24  1.727E-14
2.148E+02  3.107E-24  1.770E-14
2.128E+02  3.214E-24  1.814E-14
2.109E+02  3.324E-24  1.859E-14
2.089E+02  3.437E-24  1.905E-14
2.070E+02  3.553E-24  1.951E-14
2.051E+02  3.673E-24  1.998E-14
2.032E+02  3.796E-24  2.047E-14
2.014E+02  3.923E-24  2.096E-14
1.995E+02  4.054E-24  2.146E-14
1.977E+02  4.189E-24  2.197E-14
1.959E+02  4.327E-24  2.248E-14
1.941E+02  4.469E-24  2.301E-14
1.923E+02  4.615E-24  2.354E-14
1.905E+02  4.766E-24  2.409E-14
1.888E+02  4.921E-24  2.464E-14
1.871E+02  5.080E-24  2.521E-14
1.854E+02  5.243E-24  2.578E-14
1.837E+02  5.411E-24  2.636E-14
1.820E+02  5.584E-24  2.695E-14
1.803E+02  5.761E-24  2.755E-14
1.786E+02  5.944E-24  2.817E-14
1.770E+02  6.130E-24  2.878E-14
1.754E+02  6.322E-24  2.941E-14
1.738E+02  6.519E-24  3.005E-14
1.722E+02  6.721E-24  3.070E-14
1.706E+02  6.929E-24  3.136E-14
1.690E+02  7.143E-24  3.203E-14
1.675E+02  7.362E-24  3.271E-14
1.660E+02  7.588E-24  3.340E-14
1.644E+02  7.819E-24  3.411E-14
1.629E+02  8.057E-24  3.482E-14
1.614E+02  8.301E-24  3.555E-14
1.600E+02  8.553E-24  3.629E-14
1.585E+02  8.811E-24  3.704E-14
1.570E+02  9.077E-24  3.781E-14
1.556E+02  9.351E-24  3.859E-14
1.542E+02  9.633E-24  3.940E-14
1.528E+02  9.924E-24  4.021E-14
1.514E+02  1.022E-23  4.105E-14
1.500E+02  1.053E-23  4.191E-14
1.486E+02  1.086E-23  4.279E-14
1.472E+02  1.119E-23  4.370E-14
1.459E+02  1.153E-23  4.462E-14
1.445E+02  1.188E-23  4.556E-14
1.432E+02  1.224E-23  4.650E-14
1.419E+02  1.260E-23  4.743E-14
1.406E+02  1.296E-23  4.833E-14
1.393E+02  1.331E-23  4.919E-14
1.380E+02  1.365E-23  5.000E-14
1.368E+02  1.399E-23  5.076E-14
1.355E+02  1.432E-23  5.148E-14
1.343E+02  1.465E-23  5.217E-14
1.330E+02  1.498E-23  5.285E-14
1.318E+02  1.531E-23  5.352E-14
1.306E+02  1.564E-23  5.420E-14
1.294E+02  1.599E-23  5.490E-14
1.282E+02  1.635E-23  5.560E-14
1.271E+02  1.671E-23  5.632E-14
1.259E+02  1.708E-23  5.705E-14
1.247E+02  1.747E-23  5.779E-14
1.236E+02  1.786E-23  5.854E-14
1.225E+02  1.826E-23  5.930E-14
1.213E+02  1.866E-23  6.007E-14
1.202E+02  1.908E-23  6.084E-14
1.191E+02  1.950E-23  6.161E-14
1.180E+02  1.993E-23  6.239E-14
1.169E+02  2.036E-23  6.315E-14
1.159E+02  2.080E-23  6.392E-14
1.148E+02  2.124E-23  6.469E-14
1.138E+02  2.169E-23  6.546E-14
1.127E+02  2.215E-23  6.622E-14
1.117E+02  2.261E-23  6.698E-14
1.107E+02  2.308E-23  6.775E-14
1.096E+02  2.355E-23  6.851E-14
1.086E+02  2.404E-23  6.926E-14
1.076E+02  2.452E-23  7.001E-14
1.067E+02  2.501E-23  7.076E-14
1.057E+02  2.550E-23  7.150E-14
1.047E+02  2.600E-23  7.222E-14
1.038E+02  2.651E-23  7.295E-14
1.028E+02  2.701E-23  7.365E-14
1.019E+02  2.751E-23  7.434E-14
1.009E+02  2.802E-23  7.502E-14
1.000E+02  2.853E-23  7.569E-14
9.908E+01  2.904E-23  7.634E-14
9.817E+01  2.956E-23  7.697E-14
9.727E+01  3.007E-23  7.759E-14
9.638E+01  3.058E-23  7.819E-14
9.550E+01  3.110E-23  7.878E-14
9.462E+01  3.161E-23  7.935E-14
9.376E+01  3.213E-23  7.991E-14
9.290E+01  3.264E-23  8.044E-14
9.204E+01  3.316E-23  8.096E-14
9.120E+01  3.367E-23  8.145E-14
9.036E+01  3.418E-23  8.193E-14
8.954E+01  3.469E-23  8.238E-14
8.872E+01  3.519E-23  8.281E-14
8.790E+01  3.570E-23  8.323E-14
8.710E+01  3.620E-23  8.363E-14
8.630E+01  3.670E-23  8.401E-14
8.551E+01  3.719E-23  8.436E-14
8.472E+01  3.768E-23  8.468E-14
8.395E+01  3.816E-23  8.498E-14
8.318E+01  3.864E-23  8.525E-14
8.241E+01  3.911E-23  8.549E-14
8.166E+01  3.957E-23  8.572E-14
8.091E+01  4.003E-23  8.592E-14
8.017E+01  4.049E-23  8.609E-14
7.943E+01  4.093E-23  8.623E-14
7.870E+01  4.136E-23  8.634E-14
7.798E+01  4.178E-23  8.643E-14
7.727E+01  4.219E-23  8.648E-14
7.656E+01  4.260E-23  8.651E-14
7.586E+01  4.300E-23  8.652E-14
7.516E+01  4.338E-23  8.649E-14
7.447E+01  4.375E-23  8.643E-14
7.379E+01  4.411E-23  8.633E-14
7.311E+01  4.445E-23  8.620E-14
7.244E+01  4.478E-23  8.604E-14
7.178E+01  4.509E-23  8.585E-14
7.112E+01  4.539E-23  8.563E-14
7.047E+01  4.568E-23  8.538E-14
6.982E+01  4.596E-23  8.513E-14
6.918E+01  4.623E-23  8.483E-14
6.855E+01  4.647E-23  8.450E-14
6.792E+01  4.669E-23  8.412E-14
6.730E+01  4.690E-23  8.372E-14
6.668E+01  4.709E-23  8.330E-14
6.607E+01  4.727E-23  8.285E-14
6.546E+01  4.744E-23  8.237E-14
6.486E+01  4.758E-23  8.186E-14
6.427E+01  4.770E-23  8.131E-14
6.368E+01  4.780E-23  8.074E-14
6.310E+01  4.789E-23  8.015E-14
6.252E+01  4.796E-23  7.954E-14
6.194E+01  4.802E-23  7.890E-14
6.138E+01  4.805E-23  7.824E-14
6.081E+01  4.807E-23  7.754E-14
6.026E+01  4.807E-23  7.683E-14
5.970E+01  4.804E-23  7.608E-14
5.916E+01  4.800E-23  7.531E-14
5.861E+01  4.793E-23  7.452E-14
5.808E+01  4.784E-23  7.370E-14
5.754E+01  4.773E-23  7.286E-14
5.702E+01  4.761E-23  7.200E-14
5.649E+01  4.746E-23  7.112E-14
5.598E+01  4.730E-23  7.023E-14
5.546E+01  4.712E-23  6.932E-14
5.495E+01  4.692E-23  6.840E-14
5.445E+01  4.671E-23  6.746E-14
5.395E+01  4.648E-23  6.651E-14
5.346E+01  4.623E-23  6.555E-14
5.297E+01  4.596E-23  6.457E-14
5.248E+01  4.567E-23  6.358E-14
5.200E+01  4.537E-23  6.258E-14
5.152E+01  4.505E-23  6.157E-14
5.105E+01  4.471E-23  6.055E-14
5.058E+01  4.435E-23  5.951E-14
5.012E+01  4.398E-23  5.847E-14
4.966E+01  4.359E-23  5.742E-14
4.920E+01  4.319E-23  5.637E-14
4.875E+01  4.277E-23  5.531E-14
4.831E+01  4.233E-23  5.425E-14
4.786E+01  4.189E-23  5.318E-14
4.742E+01  4.143E-23  5.212E-14
4.699E+01  4.097E-23  5.106E-14
4.656E+01  4.049E-23  5.000E-14
4.613E+01  4.000E-23  4.895E-14
4.571E+01  3.950E-23  4.790E-14
4.529E+01  3.900E-23  4.685E-14
4.487E+01  3.848E-23  4.581E-14
4.446E+01  3.796E-23  4.477E-14
4.406E+01  3.743E-23  4.374E-14
4.365E+01  3.689E-23  4.272E-14
4.325E+01  3.635E-23  4.170E-14
4.285E+01  3.579E-23  4.069E-14
4.246E+01  3.523E-23  3.968E-14
4.207E+01  3.466E-23  3.868E-14
4.169E+01  3.409E-23  3.769E-14
4.130E+01  3.351E-23  3.671E-14
4.093E+01  3.292E-23  3.574E-14
4.055E+01  3.232E-23  3.477E-14
4.018E+01  3.172E-23  3.381E-14
3.981E+01  3.112E-23  3.286E-14
3.945E+01  3.051E-23  3.192E-14
3.908E+01  2.990E-23  3.100E-14
3.873E+01  2.928E-23  3.008E-14
3.837E+01  2.866E-23  2.917E-14
3.802E+01  2.803E-23  2.827E-14
3.767E+01  2.741E-23  2.738E-14
3.733E+01  2.676E-23  2.650E-14
3.698E+01  2.612E-23  2.562E-14
3.664E+01  2.547E-23  2.476E-14
3.631E+01  2.483E-23  2.391E-14
3.597E+01  2.419E-23  2.308E-14
3.565E+01  2.355E-23  2.227E-14
3.532E+01  2.291E-23  2.147E-14
3.499E+01  2.228E-23  2.068E-14
3.467E+01  2.165E-23  1.991E-14
3.436E+01  2.102E-23  1.916E-14
3.404E+01  2.040E-23  1.842E-14
3.373E+01  1.979E-23  1.770E-14
3.342E+01  1.918E-23  1.700E-14
3.311E+01  1.859E-23  1.632E-14
3.281E+01  1.800E-23  1.567E-14
3.251E+01  1.742E-23  1.502E-14
3.221E+01  1.685E-23  1.440E-14
3.192E+01  1.630E-23  1.380E-14
3.162E+01  1.575E-23  1.321E-14
3.133E+01  1.522E-23  1.265E-14
3.105E+01  1.470E-23  1.210E-14
3.076E+01  1.419E-23  1.158E-14
3.048E+01  1.370E-23  1.107E-14
3.020E+01  1.322E-23  1.059E-14
2.992E+01  1.275E-23  1.012E-14
2.965E+01  1.230E-23  9.672E-15
2.938E+01  1.186E-23  9.242E-15
2.911E+01  1.144E-23  8.830E-15
2.884E+01  1.103E-23  8.438E-15
2.858E+01  1.064E-23  8.064E-15
2.831E+01  1.026E-23  7.708E-15
2.805E+01  9.902E-24  7.369E-15
2.780E+01  9.557E-24  7.046E-15
2.754E+01  9.226E-24  6.740E-15
2.729E+01  8.910E-24  6.450E-15
2.704E+01  8.609E-24  6.175E-15
2.679E+01  8.322E-24  5.914E-15
2.655E+01  8.047E-24  5.667E-15
2.630E+01  7.786E-24  5.432E-15
2.606E+01  7.537E-24  5.211E-15
2.582E+01  7.300E-24  5.001E-15
2.559E+01  7.075E-24  4.802E-15
2.535E+01  6.861E-24  4.614E-15
2.512E+01  6.658E-24  4.436E-15
2.489E+01  6.464E-24  4.268E-15
2.466E+01  6.279E-24  4.108E-15
2.443E+01  6.104E-24  3.956E-15
2.421E+01  5.935E-24  3.812E-15
2.399E+01  5.772E-24  3.673E-15
2.377E+01  5.620E-24  3.543E-15
2.355E+01  5.482E-24  3.425E-15
2.333E+01  5.348E-24  3.311E-15
2.312E+01  5.215E-24  3.198E-15
2.291E+01  5.091E-24  3.094E-15
2.270E+01  4.983E-24  3.000E-15
2.249E+01  4.886E-24  2.915E-15
2.228E+01  4.799E-24  2.837E-15
2.208E+01  4.714E-24  2.761E-15
2.188E+01  4.627E-24  2.685E-15
2.168E+01  4.540E-24  2.611E-15
2.148E+01  4.459E-24  2.541E-15
2.128E+01  4.388E-24  2.477E-15
2.109E+01  4.327E-24  2.420E-15
2.089E+01  4.268E-24  2.365E-15
2.070E+01  4.209E-24  2.311E-15
2.051E+01  4.152E-24  2.259E-15
2.032E+01  4.103E-24  2.212E-15
2.014E+01  4.073E-24  2.176E-15
1.995E+01  4.044E-24  2.140E-15
1.977E+01  4.014E-24  2.105E-15
1.959E+01  3.980E-24  2.068E-15
1.941E+01  3.942E-24  2.029E-15
1.923E+01  3.897E-24  1.988E-15
1.905E+01  3.846E-24  1.944E-15
1.888E+01  3.788E-24  1.897E-15
1.871E+01  3.724E-24  1.848E-15
1.854E+01  3.652E-24  1.796E-15
1.837E+01  3.574E-24  1.741E-15
1.820E+01  3.490E-24  1.685E-15
1.803E+01  3.402E-24  1.627E-15
1.786E+01  3.310E-24  1.568E-15
1.770E+01  3.212E-24  1.508E-15
1.754E+01  3.109E-24  1.446E-15
1.738E+01  3.003E-24  1.384E-15
1.722E+01  2.895E-24  1.322E-15
1.706E+01  2.790E-24  1.263E-15
1.690E+01  2.685E-24  1.204E-15
1.675E+01  2.581E-24  1.147E-15
1.660E+01  2.475E-24  1.090E-15
1.644E+01  2.371E-24  1.034E-15
1.629E+01  2.269E-24  9.808E-16
1.614E+01  2.172E-24  9.302E-16
1.600E+01  2.079E-24  8.819E-16
1.585E+01  1.989E-24  8.361E-16
1.570E+01  1.903E-24  7.926E-16
1.556E+01  1.821E-24  7.516E-16
1.542E+01  1.744E-24  7.130E-16
1.528E+01  1.670E-24  6.769E-16
1.514E+01  1.602E-24  6.431E-16
1.500E+01  1.539E-24  6.122E-16
1.486E+01  1.478E-24  5.827E-16
1.472E+01  1.421E-24  5.550E-16
1.459E+01  1.368E-24  5.292E-16
1.445E+01  1.323E-24  5.071E-16
1.432E+01  1.286E-24  4.885E-16
1.419E+01  1.260E-24  4.743E-16
1.406E+01  1.246E-24  4.646E-16
1.393E+01  1.245E-24  4.601E-16
1.380E+01  1.256E-24  4.597E-16
1.368E+01  1.279E-24  4.639E-16
1.355E+01  1.310E-24  4.708E-16
1.343E+01  1.347E-24  4.798E-16
1.330E+01  1.387E-24  4.893E-16
1.318E+01  1.429E-24  4.998E-16
1.306E+01  1.472E-24  5.100E-16
1.294E+01  1.518E-24  5.213E-16
1.282E+01  1.571E-24  5.345E-16
1.271E+01  1.628E-24  5.487E-16
1.259E+01  1.687E-24  5.635E-16
1.247E+01  1.747E-24  5.782E-16
1.236E+01  1.808E-24  5.928E-16
1.225E+01  1.867E-24  6.064E-16
1.213E+01  1.932E-24  6.218E-16
1.202E+01  2.006E-24  6.396E-16
1.191E+01  2.081E-24  6.575E-16
1.180E+01  2.158E-24  6.756E-16
1.169E+01  2.234E-24  6.931E-16
1.159E+01  2.303E-24  7.080E-16
1.148E+01  2.373E-24  7.228E-16
1.138E+01  2.450E-24  7.394E-16
1.127E+01  2.532E-24  7.572E-16
1.117E+01  2.621E-24  7.766E-16
1.107E+01  2.714E-24  7.965E-16
1.096E+01  2.804E-24  8.155E-16
1.086E+01  2.900E-24  8.358E-16
1.076E+01  3.009E-24  8.593E-16
1.067E+01  3.132E-24  8.861E-16
1.057E+01  3.267E-24  9.158E-16
1.047E+01  3.399E-24  9.440E-16
1.038E+01  3.511E-24  9.663E-16
1.028E+01  3.597E-24  9.809E-16
1.019E+01  3.660E-24  9.888E-16
1.009E+01  3.711E-24  9.935E-16
1.000E+01  3.762E-24  9.980E-16
9.908E+00  3.823E-24  1.005E-15
9.817E+00  3.888E-24  1.013E-15
9.727E+00  3.957E-24  1.021E-15
9.638E+00  4.023E-24  1.029E-15
9.550E+00  4.063E-24  1.029E-15
9.462E+00  4.063E-24  1.020E-15
9.376E+00  4.012E-24  9.977E-16
9.290E+00  3.903E-24  9.617E-16
9.204E+00  3.738E-24  9.128E-16
9.120E+00  3.530E-24  8.539E-16
9.036E+00  3.292E-24  7.891E-16
8.954E+00  3.045E-24  7.232E-16
8.872E+00  2.808E-24  6.608E-16
8.790E+00  2.590E-24  6.038E-16
8.710E+00  2.396E-24  5.536E-16
8.630E+00  2.228E-24  5.100E-16
8.551E+00  2.080E-24  4.718E-16
8.472E+00  1.941E-24  4.363E-16
8.395E+00  1.797E-24  4.002E-16
8.318E+00  1.638E-24  3.615E-16
8.241E+00  1.465E-24  3.203E-16
8.166E+00  1.282E-24  2.777E-16
8.091E+00  1.114E-24  2.392E-16
8.017E+00  9.618E-25  2.045E-16
7.943E+00  8.281E-25  1.745E-16
7.870E+00  7.118E-25  1.486E-16
7.798E+00  6.120E-25  1.266E-16
7.727E+00  5.294E-25  1.085E-16
7.656E+00  4.620E-25  9.382E-17
7.586E+00  4.077E-25  8.203E-17
7.516E+00  3.665E-25  7.306E-17
7.447E+00  3.367E-25  6.651E-17
7.379E+00  3.144E-25  6.155E-17
7.311E+00  2.998E-25  5.815E-17
7.244E+00  2.893E-25  5.559E-17
7.178E+00  2.813E-25  5.357E-17
7.112E+00  2.768E-25  5.221E-17
7.047E+00  2.741E-25  5.124E-17
6.982E+00  2.719E-25  5.035E-17
6.918E+00  2.705E-25  4.965E-17
6.855E+00  2.695E-25  4.901E-17
6.792E+00  2.686E-25  4.839E-17
6.730E+00  2.679E-25  4.782E-17
6.668E+00  2.671E-25  4.725E-17
6.607E+00  2.663E-25  4.667E-17
6.546E+00  2.654E-25  4.609E-17
6.486E+00  2.645E-25  4.550E-17
6.427E+00  2.634E-25  4.491E-17
6.368E+00  2.623E-25  4.430E-17
6.310E+00  2.610E-25  4.368E-17
6.252E+00  2.596E-25  4.306E-17
6.194E+00  2.582E-25  4.242E-17
6.138E+00  2.563E-25  4.173E-17
6.081E+00  2.546E-25  4.107E-17
6.026E+00  2.529E-25  4.042E-17
5.970E+00  2.512E-25  3.978E-17
5.916E+00  2.496E-25  3.917E-17
5.861E+00  2.481E-25  3.858E-17
5.808E+00  2.468E-25  3.802E-17
5.754E+00  2.455E-25  3.747E-17
5.702E+00  2.443E-25  3.695E-17
5.649E+00  2.432E-25  3.645E-17
5.598E+00  2.422E-25  3.597E-17
5.546E+00  2.413E-25  3.551E-17
5.495E+00  2.406E-25  3.507E-17
5.445E+00  2.399E-25  3.465E-17
5.395E+00  2.393E-25  3.425E-17
5.346E+00  2.388E-25  3.386E-17
5.297E+00  2.384E-25  3.349E-17
5.248E+00  2.380E-25  3.313E-17
5.200E+00  2.377E-25  3.279E-17
5.152E+00  2.375E-25  3.246E-17
5.105E+00  2.374E-25  3.215E-17
5.058E+00  2.374E-25  3.185E-17
5.012E+00  2.374E-25  3.156E-17
4.966E+00  2.376E-25  3.129E-17
4.920E+00  2.377E-25  3.103E-17
4.875E+00  2.380E-25  3.077E-17
4.831E+00  2.382E-25  3.052E-17
4.786E+00  2.385E-25  3.028E-17
4.742E+00  2.388E-25  3.004E-17
4.699E+00  2.392E-25  2.982E-17
4.656E+00  2.396E-25  2.959E-17
4.613E+00  2.400E-25  2.937E-17
4.571E+00  2.405E-25  2.916E-17
4.529E+00  2.409E-25  2.895E-17
4.487E+00  2.414E-25  2.874E-17
4.446E+00  2.419E-25  2.853E-17
4.406E+00  2.425E-25  2.834E-17
4.365E+00  2.431E-25  2.815E-17
4.325E+00  2.437E-25  2.796E-17
4.285E+00  2.443E-25  2.777E-17
4.246E+00  2.449E-25  2.758E-17
4.207E+00  2.455E-25  2.740E-17
4.169E+00  2.461E-25  2.721E-17
4.130E+00  2.466E-25  2.702E-17
4.093E+00  2.470E-25  2.682E-17
4.055E+00  2.474E-25  2.661E-17
4.018E+00  2.478E-25  2.641E-17
3.981E+00  2.481E-25  2.620E-17
3.945E+00  2.485E-25  2.600E-17
3.908E+00  2.487E-25  2.579E-17
3.873E+00  2.490E-25  2.558E-17
3.837E+00  2.493E-25  2.538E-17
3.802E+00  2.496E-25  2.518E-17
3.767E+00  2.499E-25  2.497E-17
3.733E+00  2.502E-25  2.477E-17
3.698E+00  2.504E-25  2.457E-17
3.664E+00  2.507E-25  2.437E-17
3.631E+00  2.509E-25  2.416E-17
3.597E+00  2.511E-25  2.396E-17
3.565E+00  2.513E-25  2.376E-17
3.532E+00  2.514E-25  2.355E-17
3.499E+00  2.515E-25  2.335E-17
3.467E+00  2.516E-25  2.314E-17
3.436E+00  2.517E-25  2.294E-17
3.404E+00  2.517E-25  2.273E-17
3.373E+00  2.517E-25  2.252E-17
3.342E+00  2.516E-25  2.231E-17
3.311E+00  2.515E-25  2.209E-17
3.281E+00  2.514E-25  2.188E-17
3.251E+00  2.511E-25  2.166E-17
3.221E+00  2.508E-25  2.142E-17
3.192E+00  2.504E-25  2.120E-17
3.162E+00  2.500E-25  2.097E-17
3.133E+00  2.496E-25  2.074E-17
3.105E+00  2.492E-25  2.052E-17
3.076E+00  2.489E-25  2.031E-17
3.048E+00  2.486E-25  2.010E-17
3.020E+00  2.483E-25  1.989E-17
2.992E+00  2.480E-25  1.969E-17
2.965E+00  2.477E-25  1.948E-17
2.938E+00  2.473E-25  1.927E-17
2.911E+00  2.469E-25  1.907E-17
2.884E+00  2.465E-25  1.886E-17
2.858E+00  2.461E-25  1.866E-17
2.831E+00  2.457E-25  1.845E-17
2.805E+00  2.452E-25  1.825E-17
2.780E+00  2.447E-25  1.805E-17
2.754E+00  2.442E-25  1.784E-17
2.729E+00  2.437E-25  1.764E-17
2.704E+00  2.431E-25  1.744E-17
2.679E+00  2.426E-25  1.724E-17
2.655E+00  2.420E-25  1.704E-17
2.630E+00  2.414E-25  1.684E-17
2.606E+00  2.407E-25  1.664E-17
2.582E+00  2.401E-25  1.644E-17
2.559E+00  2.394E-25  1.625E-17
2.535E+00  2.387E-25  1.605E-17
2.512E+00  2.380E-25  1.586E-17
2.489E+00  2.373E-25  1.567E-17
2.466E+00  2.366E-25  1.548E-17
2.443E+00  2.358E-25  1.529E-17
2.421E+00  2.351E-25  1.510E-17
2.399E+00  2.343E-25  1.491E-17
2.377E+00  2.335E-25  1.472E-17
2.355E+00  2.326E-25  1.453E-17
2.333E+00  2.318E-25  1.435E-17
2.312E+00  2.309E-25  1.416E-17
2.291E+00  2.299E-25  1.397E-17
2.270E+00  2.290E-25  1.379E-17
2.249E+00  2.280E-25  1.360E-17
2.228E+00  2.270E-25  1.342E-17
2.208E+00  2.259E-25  1.323E-17
2.188E+00  2.249E-25  1.305E-17
2.168E+00  2.238E-25  1.287E-17
2.148E+00  2.227E-25  1.269E-17
2.128E+00  2.216E-25  1.251E-17
2.109E+00  2.205E-25  1.233E-17
2.089E+00  2.194E-25  1.216E-17
2.070E+00  2.182E-25  1.198E-17
2.051E+00  2.170E-25  1.181E-17
2.032E+00  2.158E-25  1.163E-17
2.014E+00  2.145E-25  1.146E-17
1.995E+00  2.132E-25  1.129E-17
1.977E+00  2.120E-25  1.112E-17
1.959E+00  2.106E-25  1.094E-17
1.941E+00  2.093E-25  1.078E-17
1.923E+00  2.080E-25  1.061E-17
1.905E+00  2.066E-25  1.044E-17
1.888E+00  2.052E-25  1.028E-17
1.871E+00  2.038E-25  1.011E-17
1.854E+00  2.023E-25  9.948E-18
1.837E+00  2.009E-25  9.786E-18
1.820E+00  1.994E-25  9.626E-18
1.803E+00  1.979E-25  9.467E-18
1.786E+00  1.964E-25  9.309E-18
1.770E+00  1.949E-25  9.153E-18
1.754E+00  1.935E-25  9.000E-18
1.738E+00  1.920E-25  8.849E-18
1.722E+00  1.904E-25  8.698E-18
1.706E+00  1.889E-25  8.550E-18
1.690E+00  1.874E-25  8.402E-18
1.675E+00  1.858E-25  8.256E-18
1.660E+00  1.843E-25  8.112E-18
1.644E+00  1.827E-25  7.968E-18
1.629E+00  1.811E-25  7.826E-18
1.614E+00  1.794E-25  7.684E-18
1.600E+00  1.778E-25  7.544E-18
1.585E+00  1.761E-25  7.405E-18
1.570E+00  1.744E-25  7.267E-18
1.556E+00  1.728E-25  7.130E-18
1.542E+00  1.710E-25  6.994E-18
1.528E+00  1.693E-25  6.860E-18
1.514E+00  1.675E-25  6.726E-18
1.500E+00  1.658E-25  6.594E-18
1.486E+00  1.640E-25  6.464E-18
1.472E+00  1.622E-25  6.334E-18
1.459E+00  1.604E-25  6.206E-18
1.445E+00  1.586E-25  6.081E-18
1.432E+00  1.568E-25  5.956E-18
1.419E+00  1.550E-25  5.833E-18
1.406E+00  1.531E-25  5.711E-18
1.393E+00  1.513E-25  5.590E-18
1.380E+00  1.494E-25  5.471E-18
1.368E+00  1.475E-25  5.353E-18
1.355E+00  1.457E-25  5.236E-18
1.343E+00  1.438E-25  5.121E-18
1.330E+00  1.419E-25  5.007E-18
1.318E+00  1.400E-25  4.894E-18
1.306E+00  1.381E-25  4.783E-18
1.294E+00  1.362E-25  4.674E-18
1.282E+00  1.343E-25  4.567E-18
1.271E+00  1.324E-25  4.461E-18
1.259E+00  1.305E-25  4.358E-18
1.247E+00  1.286E-25  4.256E-18
1.236E+00  1.268E-25  4.156E-18
1.225E+00  1.249E-25  4.058E-18
1.213E+00  1.231E-25  3.962E-18
1.202E+00  1.212E-25  3.866E-18
1.191E+00  1.194E-25  3.773E-18
1.180E+00  1.175E-25  3.680E-18
1.169E+00  1.157E-25  3.589E-18
1.159E+00  1.139E-25  3.500E-18
1.148E+00  1.120E-25  3.411E-18
1.138E+00  1.102E-25  3.325E-18
1.127E+00  1.083E-25  3.239E-18
1.117E+00  1.065E-25  3.155E-18
1.107E+00  1.047E-25  3.073E-18
1.096E+00  1.029E-25  2.992E-18
1.086E+00  1.010E-25  2.912E-18
1.076E+00  9.924E-26  2.834E-18
1.067E+00  9.744E-26  2.757E-18
1.057E+00  9.565E-26  2.681E-18
1.047E+00  9.386E-26  2.607E-18
1.038E+00  9.209E-26  2.534E-18
1.028E+00  9.032E-26  2.463E-18
1.019E+00  8.857E-26  2.393E-18
1.009E+00  8.682E-26  2.324E-18
1.000E+00  8.509E-26  2.257E-18
