Dust emission from Draine & Li (2007): ApJ 657, 810-837
================================================================
        10 = grain model
 4.000E-08 4.000E-01 5.000E-06 = a_01 (cm) , sigma_1 , b_C1/0.92
 2.500E-07 4.000E-01 5.000E-06 = a_02 (cm) , sigma_2 , b_C2/0.92
 1.500E+00 1.000E+03 2.000E+00 = Umin , Umax, beta (dN/dU propto U^{-beta})
 9.768E+00 = <U> 
     mmp83 = radfield
 1.021E-23 = power/H (erg s-1)
 band   nu*P_nu(band) j_nu(band)
 (um)   (erg s-1 H-1)(Jy cm2 sr-1 H-1)
1.270E+00  2.841E-26  9.569E-19 COBE-DIRBE
2.220E+00  3.810E-26  2.243E-18 COBE-DIRBE
3.530E+00  2.006E-25  1.878E-17 COBE-DIRBE
4.880E+00  9.665E-26  1.251E-17 COBE-DIRBE
1.229E+01  1.053E-24  3.434E-16 COBE-DIRBE
2.079E+01  1.325E-24  7.309E-16 COBE-DIRBE
5.599E+01  5.118E-24  7.601E-15 COBE-DIRBE
9.770E+01  4.720E-24  1.223E-14 COBE-DIRBE
1.479E+02  2.780E-24  1.091E-14 COBE-DIRBE
2.479E+02  7.791E-25  5.122E-15 COBE-DIRBE
1.200E+01  1.044E-24  3.323E-16 IRAS
2.500E+01  1.443E-24  9.569E-16 IRAS
6.000E+01  5.170E-24  8.228E-15 IRAS
1.000E+02  4.626E-24  1.227E-14 IRAS
3.550E+00  2.318E-25  2.182E-17 SST-IRAC
4.493E+00  7.075E-26  8.432E-18 SST-IRAC
5.731E+00  5.271E-25  8.013E-17 SST-IRAC
7.872E+00  1.300E-24  2.716E-16 SST-IRAC
2.368E+01  1.299E-24  8.160E-16 SST-MIPS
7.142E+01  4.988E-24  9.451E-15 SST-MIPS
1.559E+02  2.353E-24  9.732E-15 SST-MIPS
1.600E+01  1.057E-24  4.487E-16 SST-IRSPU
2.200E+01  1.319E-24  7.696E-16 SST-IRSPU











lambda    nu*dP/dnu     j_nu
 (um)   (erg s-1 H-1)(Jy cm2 sr-1 H-1)
1.000E+04  2.368E-31  6.281E-20
9.908E+03  2.454E-31  6.451E-20
9.817E+03  2.544E-31  6.624E-20
9.727E+03  2.636E-31  6.802E-20
9.638E+03  2.732E-31  6.985E-20
9.550E+03  2.832E-31  7.173E-20
9.462E+03  2.935E-31  7.366E-20
9.376E+03  3.042E-31  7.564E-20
9.290E+03  3.152E-31  7.768E-20
9.204E+03  3.267E-31  7.977E-20
9.120E+03  3.386E-31  8.191E-20
9.036E+03  3.509E-31  8.412E-20
8.954E+03  3.637E-31  8.637E-20
8.872E+03  3.768E-31  8.867E-20
8.790E+03  3.905E-31  9.104E-20
8.710E+03  4.046E-31  9.348E-20
8.630E+03  4.193E-31  9.598E-20
8.551E+03  4.345E-31  9.855E-20
8.472E+03  4.502E-31  1.012E-19
8.395E+03  4.666E-31  1.039E-19
8.318E+03  4.836E-31  1.067E-19
8.241E+03  5.011E-31  1.096E-19
8.166E+03  5.194E-31  1.125E-19
8.091E+03  5.383E-31  1.155E-19
8.017E+03  5.579E-31  1.186E-19
7.943E+03  5.782E-31  1.218E-19
7.870E+03  5.993E-31  1.251E-19
7.798E+03  6.212E-31  1.285E-19
7.727E+03  6.439E-31  1.320E-19
7.656E+03  6.674E-31  1.355E-19
7.586E+03  6.918E-31  1.392E-19
7.516E+03  7.171E-31  1.430E-19
7.447E+03  7.433E-31  1.468E-19
7.379E+03  7.705E-31  1.508E-19
7.311E+03  7.988E-31  1.549E-19
7.244E+03  8.280E-31  1.591E-19
7.178E+03  8.584E-31  1.634E-19
7.112E+03  8.899E-31  1.679E-19
7.047E+03  9.226E-31  1.725E-19
6.982E+03  9.565E-31  1.771E-19
6.918E+03  9.915E-31  1.820E-19
6.855E+03  1.028E-30  1.869E-19
6.792E+03  1.066E-30  1.920E-19
6.730E+03  1.105E-30  1.972E-19
6.668E+03  1.145E-30  2.026E-19
6.607E+03  1.188E-30  2.081E-19
6.546E+03  1.231E-30  2.138E-19
6.486E+03  1.277E-30  2.197E-19
6.427E+03  1.324E-30  2.257E-19
6.368E+03  1.373E-30  2.319E-19
6.310E+03  1.423E-30  2.382E-19
6.252E+03  1.476E-30  2.447E-19
6.194E+03  1.530E-30  2.515E-19
6.138E+03  1.587E-30  2.584E-19
6.081E+03  1.646E-30  2.655E-19
6.026E+03  1.707E-30  2.728E-19
5.970E+03  1.770E-30  2.803E-19
5.916E+03  1.835E-30  2.880E-19
5.861E+03  1.903E-30  2.959E-19
5.808E+03  1.974E-30  3.041E-19
5.754E+03  2.047E-30  3.125E-19
5.702E+03  2.123E-30  3.211E-19
5.649E+03  2.202E-30  3.300E-19
5.598E+03  2.284E-30  3.392E-19
5.546E+03  2.369E-30  3.486E-19
5.495E+03  2.457E-30  3.582E-19
5.445E+03  2.549E-30  3.682E-19
5.395E+03  2.644E-30  3.784E-19
5.346E+03  2.743E-30  3.889E-19
5.297E+03  2.845E-30  3.997E-19
5.248E+03  2.951E-30  4.108E-19
5.200E+03  3.061E-30  4.223E-19
5.152E+03  3.176E-30  4.340E-19
5.105E+03  3.294E-30  4.461E-19
5.058E+03  3.418E-30  4.586E-19
5.012E+03  3.546E-30  4.714E-19
4.966E+03  3.678E-30  4.845E-19
4.920E+03  3.816E-30  4.980E-19
4.875E+03  3.959E-30  5.119E-19
4.831E+03  4.107E-30  5.263E-19
4.786E+03  4.261E-30  5.410E-19
4.742E+03  4.421E-30  5.561E-19
4.699E+03  4.587E-30  5.717E-19
4.656E+03  4.759E-30  5.878E-19
4.613E+03  4.938E-30  6.043E-19
4.571E+03  5.124E-30  6.213E-19
4.529E+03  5.317E-30  6.387E-19
4.487E+03  5.517E-30  6.567E-19
4.446E+03  5.725E-30  6.752E-19
4.406E+03  5.941E-30  6.942E-19
4.365E+03  6.165E-30  7.138E-19
4.325E+03  6.398E-30  7.340E-19
4.285E+03  6.639E-30  7.547E-19
4.246E+03  6.890E-30  7.761E-19
4.207E+03  7.151E-30  7.980E-19
4.169E+03  7.421E-30  8.206E-19
4.130E+03  7.702E-30  8.439E-19
4.093E+03  7.994E-30  8.678E-19
4.055E+03  8.297E-30  8.924E-19
4.018E+03  8.611E-30  9.178E-19
3.981E+03  8.938E-30  9.438E-19
3.945E+03  9.276E-30  9.706E-19
3.908E+03  9.628E-30  9.982E-19
3.873E+03  9.993E-30  1.027E-18
3.837E+03  1.037E-29  1.056E-18
3.802E+03  1.077E-29  1.086E-18
3.767E+03  1.118E-29  1.117E-18
3.733E+03  1.160E-29  1.149E-18
3.698E+03  1.204E-29  1.181E-18
3.664E+03  1.250E-29  1.215E-18
3.631E+03  1.298E-29  1.250E-18
3.597E+03  1.347E-29  1.286E-18
3.565E+03  1.399E-29  1.323E-18
3.532E+03  1.452E-29  1.360E-18
3.499E+03  1.508E-29  1.399E-18
3.467E+03  1.565E-29  1.440E-18
3.436E+03  1.625E-29  1.481E-18
3.404E+03  1.687E-29  1.524E-18
3.373E+03  1.752E-29  1.568E-18
3.342E+03  1.819E-29  1.613E-18
3.311E+03  1.889E-29  1.659E-18
3.281E+03  1.962E-29  1.707E-18
3.251E+03  2.037E-29  1.756E-18
3.221E+03  2.115E-29  1.807E-18
3.192E+03  2.197E-29  1.860E-18
3.162E+03  2.281E-29  1.913E-18
3.133E+03  2.369E-29  1.969E-18
3.105E+03  2.460E-29  2.026E-18
3.076E+03  2.555E-29  2.085E-18
3.048E+03  2.653E-29  2.145E-18
3.020E+03  2.756E-29  2.208E-18
2.992E+03  2.862E-29  2.272E-18
2.965E+03  2.972E-29  2.338E-18
2.938E+03  3.087E-29  2.405E-18
2.911E+03  3.206E-29  2.475E-18
2.884E+03  3.329E-29  2.547E-18
2.858E+03  3.458E-29  2.621E-18
2.831E+03  3.591E-29  2.697E-18
2.805E+03  3.730E-29  2.776E-18
2.780E+03  3.874E-29  2.857E-18
2.754E+03  4.024E-29  2.940E-18
2.729E+03  4.180E-29  3.026E-18
2.704E+03  4.342E-29  3.114E-18
2.679E+03  4.510E-29  3.205E-18
2.655E+03  4.685E-29  3.299E-18
2.630E+03  4.867E-29  3.395E-18
2.606E+03  5.055E-29  3.495E-18
2.582E+03  5.252E-29  3.597E-18
2.559E+03  5.456E-29  3.703E-18
2.535E+03  5.668E-29  3.812E-18
2.512E+03  5.889E-29  3.924E-18
2.489E+03  6.118E-29  4.039E-18
2.466E+03  6.356E-29  4.158E-18
2.443E+03  6.604E-29  4.280E-18
2.421E+03  6.861E-29  4.406E-18
2.399E+03  7.129E-29  4.536E-18
2.377E+03  7.407E-29  4.670E-18
2.355E+03  7.696E-29  4.808E-18
2.333E+03  7.997E-29  4.950E-18
2.312E+03  8.309E-29  5.096E-18
2.291E+03  8.634E-29  5.247E-18
2.270E+03  8.972E-29  5.402E-18
2.249E+03  9.323E-29  5.562E-18
2.228E+03  9.688E-29  5.727E-18
2.208E+03  1.007E-28  5.896E-18
2.188E+03  1.046E-28  6.071E-18
2.168E+03  1.087E-28  6.251E-18
2.148E+03  1.130E-28  6.437E-18
2.128E+03  1.174E-28  6.628E-18
2.109E+03  1.220E-28  6.825E-18
2.089E+03  1.268E-28  7.028E-18
2.070E+03  1.318E-28  7.237E-18
2.051E+03  1.370E-28  7.452E-18
2.032E+03  1.423E-28  7.674E-18
2.014E+03  1.479E-28  7.902E-18
1.995E+03  1.537E-28  8.137E-18
1.977E+03  1.598E-28  8.379E-18
1.959E+03  1.661E-28  8.629E-18
1.941E+03  1.726E-28  8.886E-18
1.923E+03  1.794E-28  9.151E-18
1.905E+03  1.864E-28  9.423E-18
1.888E+03  1.938E-28  9.705E-18
1.871E+03  2.014E-28  9.994E-18
1.854E+03  2.093E-28  1.029E-17
1.837E+03  2.176E-28  1.060E-17
1.820E+03  2.262E-28  1.092E-17
1.803E+03  2.351E-28  1.124E-17
1.786E+03  2.443E-28  1.158E-17
1.770E+03  2.540E-28  1.192E-17
1.754E+03  2.640E-28  1.228E-17
1.738E+03  2.744E-28  1.265E-17
1.722E+03  2.852E-28  1.303E-17
1.706E+03  2.965E-28  1.342E-17
1.690E+03  3.082E-28  1.382E-17
1.675E+03  3.203E-28  1.423E-17
1.660E+03  3.330E-28  1.466E-17
1.644E+03  3.461E-28  1.510E-17
1.629E+03  3.598E-28  1.555E-17
1.614E+03  3.740E-28  1.601E-17
1.600E+03  3.887E-28  1.649E-17
1.585E+03  4.041E-28  1.699E-17
1.570E+03  4.200E-28  1.750E-17
1.556E+03  4.366E-28  1.802E-17
1.542E+03  4.539E-28  1.856E-17
1.528E+03  4.718E-28  1.912E-17
1.514E+03  4.904E-28  1.969E-17
1.500E+03  5.098E-28  2.028E-17
1.486E+03  5.299E-28  2.089E-17
1.472E+03  5.509E-28  2.151E-17
1.459E+03  5.726E-28  2.216E-17
1.445E+03  5.953E-28  2.282E-17
1.432E+03  6.188E-28  2.351E-17
1.419E+03  6.433E-28  2.421E-17
1.406E+03  6.687E-28  2.494E-17
1.393E+03  6.951E-28  2.569E-17
1.380E+03  7.226E-28  2.646E-17
1.368E+03  7.511E-28  2.725E-17
1.355E+03  7.808E-28  2.807E-17
1.343E+03  8.117E-28  2.891E-17
1.330E+03  8.438E-28  2.978E-17
1.318E+03  8.771E-28  3.067E-17
1.306E+03  9.117E-28  3.159E-17
1.294E+03  9.477E-28  3.254E-17
1.282E+03  9.851E-28  3.351E-17
1.271E+03  1.024E-27  3.451E-17
1.259E+03  1.064E-27  3.555E-17
1.247E+03  1.106E-27  3.661E-17
1.236E+03  1.150E-27  3.770E-17
1.225E+03  1.195E-27  3.883E-17
1.213E+03  1.243E-27  3.999E-17
1.202E+03  1.292E-27  4.119E-17
1.191E+03  1.342E-27  4.242E-17
1.180E+03  1.395E-27  4.368E-17
1.169E+03  1.450E-27  4.499E-17
1.159E+03  1.507E-27  4.633E-17
1.148E+03  1.567E-27  4.771E-17
1.138E+03  1.628E-27  4.913E-17
1.127E+03  1.692E-27  5.060E-17
1.117E+03  1.759E-27  5.210E-17
1.107E+03  1.828E-27  5.365E-17
1.096E+03  1.900E-27  5.525E-17
1.086E+03  1.974E-27  5.689E-17
1.076E+03  2.052E-27  5.858E-17
1.067E+03  2.132E-27  6.032E-17
1.057E+03  2.215E-27  6.211E-17
1.047E+03  2.302E-27  6.395E-17
1.038E+03  2.392E-27  6.584E-17
1.028E+03  2.486E-27  6.779E-17
1.019E+03  2.583E-27  6.979E-17
1.009E+03  2.684E-27  7.185E-17
1.000E+03  2.789E-27  7.397E-17
9.908E+02  2.898E-27  7.616E-17
9.817E+02  3.011E-27  7.841E-17
9.727E+02  3.129E-27  8.073E-17
9.638E+02  3.251E-27  8.311E-17
9.550E+02  3.378E-27  8.556E-17
9.462E+02  3.509E-27  8.808E-17
9.376E+02  3.646E-27  9.067E-17
9.290E+02  3.788E-27  9.334E-17
9.204E+02  3.935E-27  9.608E-17
9.120E+02  4.088E-27  9.890E-17
9.036E+02  4.247E-27  1.018E-16
8.954E+02  4.412E-27  1.048E-16
8.872E+02  4.583E-27  1.078E-16
8.790E+02  4.760E-27  1.110E-16
8.710E+02  4.944E-27  1.142E-16
8.630E+02  5.135E-27  1.175E-16
8.551E+02  5.333E-27  1.210E-16
8.472E+02  5.539E-27  1.245E-16
8.395E+02  5.752E-27  1.281E-16
8.318E+02  5.973E-27  1.318E-16
8.241E+02  6.203E-27  1.356E-16
8.166E+02  6.441E-27  1.395E-16
8.091E+02  6.688E-27  1.435E-16
8.017E+02  6.944E-27  1.477E-16
7.943E+02  7.209E-27  1.519E-16
7.870E+02  7.485E-27  1.563E-16
7.798E+02  7.771E-27  1.607E-16
7.727E+02  8.067E-27  1.653E-16
7.656E+02  8.374E-27  1.701E-16
7.586E+02  8.693E-27  1.749E-16
7.516E+02  9.024E-27  1.799E-16
7.447E+02  9.367E-27  1.850E-16
7.379E+02  9.724E-27  1.903E-16
7.311E+02  1.009E-26  1.958E-16
7.244E+02  1.048E-26  2.014E-16
7.178E+02  1.088E-26  2.071E-16
7.112E+02  1.129E-26  2.130E-16
7.047E+02  1.172E-26  2.191E-16
6.982E+02  1.217E-26  2.253E-16
6.918E+02  1.263E-26  2.317E-16
6.855E+02  1.311E-26  2.383E-16
6.792E+02  1.360E-26  2.451E-16
6.730E+02  1.412E-26  2.520E-16
6.668E+02  1.465E-26  2.591E-16
6.607E+02  1.520E-26  2.665E-16
6.546E+02  1.578E-26  2.740E-16
6.486E+02  1.638E-26  2.818E-16
6.427E+02  1.700E-26  2.898E-16
6.368E+02  1.764E-26  2.980E-16
6.310E+02  1.831E-26  3.065E-16
6.252E+02  1.901E-26  3.152E-16
6.194E+02  1.973E-26  3.242E-16
6.138E+02  2.048E-26  3.333E-16
6.081E+02  2.125E-26  3.428E-16
6.026E+02  2.206E-26  3.525E-16
5.970E+02  2.289E-26  3.625E-16
5.916E+02  2.376E-26  3.728E-16
5.861E+02  2.465E-26  3.833E-16
5.808E+02  2.559E-26  3.942E-16
5.754E+02  2.655E-26  4.053E-16
5.702E+02  2.756E-26  4.168E-16
5.649E+02  2.860E-26  4.286E-16
5.598E+02  2.968E-26  4.407E-16
5.546E+02  3.080E-26  4.531E-16
5.495E+02  3.196E-26  4.659E-16
5.445E+02  3.317E-26  4.791E-16
5.395E+02  3.442E-26  4.926E-16
5.346E+02  3.572E-26  5.065E-16
5.297E+02  3.707E-26  5.208E-16
5.248E+02  3.846E-26  5.354E-16
5.200E+02  3.991E-26  5.505E-16
5.152E+02  4.141E-26  5.660E-16
5.105E+02  4.297E-26  5.819E-16
5.058E+02  4.459E-26  5.983E-16
5.012E+02  4.626E-26  6.150E-16
4.966E+02  4.800E-26  6.323E-16
4.920E+02  4.980E-26  6.500E-16
4.875E+02  5.167E-26  6.682E-16
4.831E+02  5.361E-26  6.869E-16
4.786E+02  5.562E-26  7.061E-16
4.742E+02  5.770E-26  7.258E-16
4.699E+02  5.985E-26  7.460E-16
4.656E+02  6.209E-26  7.668E-16
4.613E+02  6.441E-26  7.882E-16
4.571E+02  6.682E-26  8.101E-16
4.529E+02  6.931E-26  8.326E-16
4.487E+02  7.189E-26  8.557E-16
4.446E+02  7.457E-26  8.794E-16
4.406E+02  7.734E-26  9.038E-16
4.365E+02  8.021E-26  9.287E-16
4.325E+02  8.319E-26  9.544E-16
4.285E+02  8.627E-26  9.807E-16
4.246E+02  8.947E-26  1.008E-15
4.207E+02  9.278E-26  1.035E-15
4.169E+02  9.621E-26  1.064E-15
4.130E+02  9.976E-26  1.093E-15
4.093E+02  1.034E-25  1.123E-15
4.055E+02  1.073E-25  1.154E-15
4.018E+02  1.112E-25  1.185E-15
3.981E+02  1.153E-25  1.218E-15
3.945E+02  1.195E-25  1.251E-15
3.908E+02  1.239E-25  1.285E-15
3.873E+02  1.285E-25  1.320E-15
3.837E+02  1.332E-25  1.356E-15
3.802E+02  1.381E-25  1.393E-15
3.767E+02  1.431E-25  1.430E-15
3.733E+02  1.483E-25  1.469E-15
3.698E+02  1.538E-25  1.508E-15
3.664E+02  1.594E-25  1.549E-15
3.631E+02  1.652E-25  1.591E-15
3.597E+02  1.711E-25  1.633E-15
3.565E+02  1.774E-25  1.677E-15
3.532E+02  1.838E-25  1.722E-15
3.499E+02  1.904E-25  1.768E-15
3.467E+02  1.973E-25  1.815E-15
3.436E+02  2.044E-25  1.863E-15
3.404E+02  2.118E-25  1.912E-15
3.373E+02  2.194E-25  1.963E-15
3.342E+02  2.272E-25  2.014E-15
3.311E+02  2.354E-25  2.067E-15
3.281E+02  2.437E-25  2.121E-15
3.251E+02  2.524E-25  2.177E-15
3.221E+02  2.614E-25  2.233E-15
3.192E+02  2.707E-25  2.292E-15
3.162E+02  2.803E-25  2.351E-15
3.133E+02  2.901E-25  2.411E-15
3.105E+02  3.004E-25  2.474E-15
3.076E+02  3.109E-25  2.537E-15
3.048E+02  3.219E-25  2.602E-15
3.020E+02  3.331E-25  2.669E-15
2.992E+02  3.448E-25  2.736E-15
2.965E+02  3.568E-25  2.806E-15
2.938E+02  3.692E-25  2.877E-15
2.911E+02  3.820E-25  2.949E-15
2.884E+02  3.952E-25  3.023E-15
2.858E+02  4.088E-25  3.099E-15
2.831E+02  4.229E-25  3.176E-15
2.805E+02  4.374E-25  3.255E-15
2.780E+02  4.523E-25  3.335E-15
2.754E+02  4.677E-25  3.417E-15
2.729E+02  4.837E-25  3.501E-15
2.704E+02  5.002E-25  3.587E-15
2.679E+02  5.172E-25  3.675E-15
2.655E+02  5.347E-25  3.765E-15
2.630E+02  5.528E-25  3.857E-15
2.606E+02  5.714E-25  3.950E-15
2.582E+02  5.906E-25  4.046E-15
2.559E+02  6.103E-25  4.142E-15
2.535E+02  6.304E-25  4.239E-15
2.512E+02  6.511E-25  4.338E-15
2.489E+02  6.718E-25  4.435E-15
2.466E+02  6.927E-25  4.531E-15
2.443E+02  7.140E-25  4.627E-15
2.421E+02  7.356E-25  4.724E-15
2.399E+02  7.576E-25  4.821E-15
2.377E+02  7.797E-25  4.916E-15
2.355E+02  8.022E-25  5.012E-15
2.333E+02  8.254E-25  5.109E-15
2.312E+02  8.490E-25  5.207E-15
2.291E+02  8.731E-25  5.306E-15
2.270E+02  8.978E-25  5.406E-15
2.249E+02  9.231E-25  5.507E-15
2.228E+02  9.489E-25  5.609E-15
2.208E+02  9.753E-25  5.712E-15
2.188E+02  1.002E-24  5.816E-15
2.168E+02  1.030E-24  5.921E-15
2.148E+02  1.058E-24  6.027E-15
2.128E+02  1.086E-24  6.133E-15
2.109E+02  1.116E-24  6.240E-15
2.089E+02  1.145E-24  6.348E-15
2.070E+02  1.176E-24  6.457E-15
2.051E+02  1.207E-24  6.565E-15
2.032E+02  1.238E-24  6.675E-15
2.014E+02  1.270E-24  6.786E-15
1.995E+02  1.303E-24  6.897E-15
1.977E+02  1.336E-24  7.008E-15
1.959E+02  1.370E-24  7.120E-15
1.941E+02  1.405E-24  7.232E-15
1.923E+02  1.440E-24  7.344E-15
1.905E+02  1.475E-24  7.457E-15
1.888E+02  1.512E-24  7.570E-15
1.871E+02  1.548E-24  7.684E-15
1.854E+02  1.586E-24  7.798E-15
1.837E+02  1.624E-24  7.912E-15
1.820E+02  1.663E-24  8.026E-15
1.803E+02  1.702E-24  8.140E-15
1.786E+02  1.742E-24  8.254E-15
1.770E+02  1.782E-24  8.369E-15
1.754E+02  1.823E-24  8.483E-15
1.738E+02  1.865E-24  8.598E-15
1.722E+02  1.908E-24  8.713E-15
1.706E+02  1.951E-24  8.828E-15
1.690E+02  1.994E-24  8.942E-15
1.675E+02  2.039E-24  9.058E-15
1.660E+02  2.084E-24  9.173E-15
1.644E+02  2.129E-24  9.288E-15
1.629E+02  2.176E-24  9.404E-15
1.614E+02  2.223E-24  9.520E-15
1.600E+02  2.271E-24  9.636E-15
1.585E+02  2.320E-24  9.753E-15
1.570E+02  2.370E-24  9.871E-15
1.556E+02  2.420E-24  9.989E-15
1.542E+02  2.472E-24  1.011E-14
1.528E+02  2.525E-24  1.023E-14
1.514E+02  2.578E-24  1.035E-14
1.500E+02  2.633E-24  1.048E-14
1.486E+02  2.690E-24  1.060E-14
1.472E+02  2.747E-24  1.073E-14
1.459E+02  2.805E-24  1.086E-14
1.445E+02  2.864E-24  1.098E-14
1.432E+02  2.923E-24  1.111E-14
1.419E+02  2.981E-24  1.122E-14
1.406E+02  3.038E-24  1.133E-14
1.393E+02  3.091E-24  1.142E-14
1.380E+02  3.140E-24  1.150E-14
1.368E+02  3.187E-24  1.156E-14
1.355E+02  3.230E-24  1.161E-14
1.343E+02  3.271E-24  1.165E-14
1.330E+02  3.312E-24  1.169E-14
1.318E+02  3.352E-24  1.172E-14
1.306E+02  3.393E-24  1.175E-14
1.294E+02  3.434E-24  1.179E-14
1.282E+02  3.475E-24  1.182E-14
1.271E+02  3.518E-24  1.186E-14
1.259E+02  3.561E-24  1.189E-14
1.247E+02  3.604E-24  1.193E-14
1.236E+02  3.648E-24  1.196E-14
1.225E+02  3.693E-24  1.200E-14
1.213E+02  3.738E-24  1.203E-14
1.202E+02  3.783E-24  1.207E-14
1.191E+02  3.829E-24  1.210E-14
1.180E+02  3.874E-24  1.213E-14
1.169E+02  3.920E-24  1.216E-14
1.159E+02  3.965E-24  1.219E-14
1.148E+02  4.010E-24  1.221E-14
1.138E+02  4.055E-24  1.224E-14
1.127E+02  4.100E-24  1.226E-14
1.117E+02  4.146E-24  1.228E-14
1.107E+02  4.191E-24  1.230E-14
1.096E+02  4.236E-24  1.232E-14
1.086E+02  4.281E-24  1.234E-14
1.076E+02  4.325E-24  1.235E-14
1.067E+02  4.370E-24  1.236E-14
1.057E+02  4.414E-24  1.237E-14
1.047E+02  4.457E-24  1.238E-14
1.038E+02  4.501E-24  1.239E-14
1.028E+02  4.543E-24  1.239E-14
1.019E+02  4.585E-24  1.239E-14
1.009E+02  4.626E-24  1.238E-14
1.000E+02  4.666E-24  1.238E-14
9.908E+01  4.706E-24  1.237E-14
9.817E+01  4.745E-24  1.236E-14
9.727E+01  4.783E-24  1.234E-14
9.638E+01  4.821E-24  1.232E-14
9.550E+01  4.858E-24  1.231E-14
9.462E+01  4.894E-24  1.228E-14
9.376E+01  4.929E-24  1.226E-14
9.290E+01  4.963E-24  1.223E-14
9.204E+01  4.997E-24  1.220E-14
9.120E+01  5.029E-24  1.217E-14
9.036E+01  5.061E-24  1.213E-14
8.954E+01  5.092E-24  1.209E-14
8.872E+01  5.122E-24  1.205E-14
8.790E+01  5.151E-24  1.201E-14
8.710E+01  5.180E-24  1.197E-14
8.630E+01  5.207E-24  1.192E-14
8.551E+01  5.234E-24  1.187E-14
8.472E+01  5.259E-24  1.182E-14
8.395E+01  5.283E-24  1.176E-14
8.318E+01  5.306E-24  1.171E-14
8.241E+01  5.328E-24  1.165E-14
8.166E+01  5.350E-24  1.159E-14
8.091E+01  5.370E-24  1.153E-14
8.017E+01  5.390E-24  1.146E-14
7.943E+01  5.408E-24  1.139E-14
7.870E+01  5.425E-24  1.133E-14
7.798E+01  5.440E-24  1.125E-14
7.727E+01  5.455E-24  1.118E-14
7.656E+01  5.468E-24  1.111E-14
7.586E+01  5.481E-24  1.103E-14
7.516E+01  5.492E-24  1.095E-14
7.447E+01  5.502E-24  1.087E-14
7.379E+01  5.510E-24  1.079E-14
7.311E+01  5.517E-24  1.070E-14
7.244E+01  5.523E-24  1.061E-14
7.178E+01  5.527E-24  1.052E-14
7.112E+01  5.531E-24  1.043E-14
7.047E+01  5.534E-24  1.034E-14
6.982E+01  5.536E-24  1.025E-14
6.918E+01  5.538E-24  1.016E-14
6.855E+01  5.537E-24  1.007E-14
6.792E+01  5.535E-24  9.971E-15
6.730E+01  5.531E-24  9.874E-15
6.668E+01  5.528E-24  9.777E-15
6.607E+01  5.523E-24  9.679E-15
6.546E+01  5.516E-24  9.579E-15
6.486E+01  5.509E-24  9.479E-15
6.427E+01  5.501E-24  9.377E-15
6.368E+01  5.491E-24  9.275E-15
6.310E+01  5.481E-24  9.173E-15
6.252E+01  5.470E-24  9.070E-15
6.194E+01  5.458E-24  8.968E-15
6.138E+01  5.445E-24  8.864E-15
6.081E+01  5.431E-24  8.761E-15
6.026E+01  5.416E-24  8.656E-15
5.970E+01  5.400E-24  8.551E-15
5.916E+01  5.383E-24  8.446E-15
5.861E+01  5.364E-24  8.340E-15
5.808E+01  5.345E-24  8.234E-15
5.754E+01  5.325E-24  8.128E-15
5.702E+01  5.304E-24  8.022E-15
5.649E+01  5.283E-24  7.916E-15
5.598E+01  5.261E-24  7.811E-15
5.546E+01  5.238E-24  7.706E-15
5.495E+01  5.215E-24  7.602E-15
5.445E+01  5.191E-24  7.498E-15
5.395E+01  5.167E-24  7.394E-15
5.346E+01  5.142E-24  7.291E-15
5.297E+01  5.116E-24  7.187E-15
5.248E+01  5.089E-24  7.085E-15
5.200E+01  5.062E-24  6.983E-15
5.152E+01  5.035E-24  6.881E-15
5.105E+01  5.006E-24  6.779E-15
5.058E+01  4.978E-24  6.679E-15
5.012E+01  4.948E-24  6.578E-15
4.966E+01  4.918E-24  6.478E-15
4.920E+01  4.888E-24  6.379E-15
4.875E+01  4.857E-24  6.281E-15
4.831E+01  4.826E-24  6.184E-15
4.786E+01  4.794E-24  6.087E-15
4.742E+01  4.763E-24  5.991E-15
4.699E+01  4.731E-24  5.897E-15
4.656E+01  4.698E-24  5.802E-15
4.613E+01  4.666E-24  5.709E-15
4.571E+01  4.633E-24  5.617E-15
4.529E+01  4.599E-24  5.525E-15
4.487E+01  4.566E-24  5.435E-15
4.446E+01  4.532E-24  5.345E-15
4.406E+01  4.498E-24  5.256E-15
4.365E+01  4.463E-24  5.168E-15
4.325E+01  4.428E-24  5.081E-15
4.285E+01  4.393E-24  4.993E-15
4.246E+01  4.357E-24  4.907E-15
4.207E+01  4.320E-24  4.821E-15
4.169E+01  4.283E-24  4.736E-15
4.130E+01  4.245E-24  4.651E-15
4.093E+01  4.206E-24  4.566E-15
4.055E+01  4.166E-24  4.481E-15
4.018E+01  4.125E-24  4.397E-15
3.981E+01  4.084E-24  4.313E-15
3.945E+01  4.041E-24  4.229E-15
3.908E+01  3.998E-24  4.145E-15
3.873E+01  3.953E-24  4.061E-15
3.837E+01  3.907E-24  3.977E-15
3.802E+01  3.860E-24  3.893E-15
3.767E+01  3.812E-24  3.809E-15
3.733E+01  3.761E-24  3.724E-15
3.698E+01  3.709E-24  3.639E-15
3.664E+01  3.656E-24  3.554E-15
3.631E+01  3.601E-24  3.469E-15
3.597E+01  3.545E-24  3.383E-15
3.565E+01  3.488E-24  3.298E-15
3.532E+01  3.430E-24  3.213E-15
3.499E+01  3.370E-24  3.128E-15
3.467E+01  3.308E-24  3.043E-15
3.436E+01  3.246E-24  2.958E-15
3.404E+01  3.183E-24  2.874E-15
3.373E+01  3.118E-24  2.790E-15
3.342E+01  3.053E-24  2.707E-15
3.311E+01  2.988E-24  2.624E-15
3.281E+01  2.922E-24  2.543E-15
3.251E+01  2.855E-24  2.462E-15
3.221E+01  2.789E-24  2.383E-15
3.192E+01  2.722E-24  2.304E-15
3.162E+01  2.655E-24  2.227E-15
3.133E+01  2.589E-24  2.152E-15
3.105E+01  2.523E-24  2.078E-15
3.076E+01  2.458E-24  2.006E-15
3.048E+01  2.395E-24  1.936E-15
3.020E+01  2.332E-24  1.868E-15
2.992E+01  2.270E-24  1.802E-15
2.965E+01  2.210E-24  1.738E-15
2.938E+01  2.151E-24  1.676E-15
2.911E+01  2.094E-24  1.617E-15
2.884E+01  2.039E-24  1.560E-15
2.858E+01  1.986E-24  1.505E-15
2.831E+01  1.935E-24  1.453E-15
2.805E+01  1.885E-24  1.403E-15
2.780E+01  1.838E-24  1.355E-15
2.754E+01  1.793E-24  1.310E-15
2.729E+01  1.749E-24  1.266E-15
2.704E+01  1.708E-24  1.225E-15
2.679E+01  1.669E-24  1.186E-15
2.655E+01  1.632E-24  1.149E-15
2.630E+01  1.597E-24  1.114E-15
2.606E+01  1.563E-24  1.081E-15
2.582E+01  1.532E-24  1.049E-15
2.559E+01  1.502E-24  1.019E-15
2.535E+01  1.474E-24  9.911E-16
2.512E+01  1.447E-24  9.644E-16
2.489E+01  1.422E-24  9.390E-16
2.466E+01  1.399E-24  9.150E-16
2.443E+01  1.377E-24  8.922E-16
2.421E+01  1.356E-24  8.706E-16
2.399E+01  1.336E-24  8.500E-16
2.377E+01  1.317E-24  8.306E-16
2.355E+01  1.301E-24  8.125E-16
2.333E+01  1.285E-24  7.952E-16
2.312E+01  1.270E-24  7.786E-16
2.291E+01  1.255E-24  7.629E-16
2.270E+01  1.243E-24  7.483E-16
2.249E+01  1.232E-24  7.348E-16
2.228E+01  1.222E-24  7.221E-16
2.208E+01  1.212E-24  7.099E-16
2.188E+01  1.203E-24  6.979E-16
2.168E+01  1.194E-24  6.864E-16
2.148E+01  1.186E-24  6.756E-16
2.128E+01  1.179E-24  6.654E-16
2.109E+01  1.173E-24  6.559E-16
2.089E+01  1.167E-24  6.468E-16
2.070E+01  1.162E-24  6.380E-16
2.051E+01  1.157E-24  6.297E-16
2.032E+01  1.154E-24  6.219E-16
2.014E+01  1.151E-24  6.150E-16
1.995E+01  1.150E-24  6.086E-16
1.977E+01  1.149E-24  6.025E-16
1.959E+01  1.148E-24  5.966E-16
1.941E+01  1.148E-24  5.911E-16
1.923E+01  1.149E-24  5.860E-16
1.905E+01  1.151E-24  5.816E-16
1.888E+01  1.154E-24  5.780E-16
1.871E+01  1.160E-24  5.756E-16
1.854E+01  1.170E-24  5.751E-16
1.837E+01  1.186E-24  5.779E-16
1.820E+01  1.216E-24  5.870E-16
1.803E+01  1.284E-24  6.139E-16
1.786E+01  1.399E-24  6.628E-16
1.770E+01  1.389E-24  6.523E-16
1.754E+01  1.498E-24  6.968E-16
1.738E+01  1.813E-24  8.357E-16
1.722E+01  1.672E-24  7.638E-16
1.706E+01  1.647E-24  7.455E-16
1.690E+01  1.590E-24  7.128E-16
1.675E+01  1.507E-24  6.696E-16
1.660E+01  1.537E-24  6.766E-16
1.644E+01  1.823E-24  7.950E-16
1.629E+01  1.349E-24  5.829E-16
1.614E+01  1.184E-24  5.072E-16
1.600E+01  1.211E-24  5.137E-16
1.585E+01  1.197E-24  5.034E-16
1.570E+01  1.023E-24  4.262E-16
1.556E+01  9.362E-25  3.864E-16
1.542E+01  8.900E-25  3.639E-16
1.528E+01  8.588E-25  3.480E-16
1.514E+01  8.351E-25  3.353E-16
1.500E+01  8.160E-25  3.246E-16
1.486E+01  8.007E-25  3.156E-16
1.472E+01  7.897E-25  3.084E-16
1.459E+01  7.853E-25  3.039E-16
1.445E+01  7.946E-25  3.046E-16
1.432E+01  8.333E-25  3.166E-16
1.419E+01  8.766E-25  3.300E-16
1.406E+01  8.221E-25  3.066E-16
1.393E+01  7.804E-25  2.884E-16
1.380E+01  7.862E-25  2.879E-16
1.368E+01  8.529E-25  3.094E-16
1.355E+01  8.778E-25  3.155E-16
1.343E+01  8.132E-25  2.896E-16
1.330E+01  8.117E-25  2.865E-16
1.318E+01  8.526E-25  2.981E-16
1.306E+01  9.356E-25  3.241E-16
1.294E+01  1.080E-24  3.708E-16
1.282E+01  1.312E-24  4.464E-16
1.271E+01  1.599E-24  5.390E-16
1.259E+01  1.718E-24  5.739E-16
1.247E+01  1.546E-24  5.116E-16
1.236E+01  1.338E-24  4.387E-16
1.225E+01  1.250E-24  4.060E-16
1.213E+01  1.270E-24  4.088E-16
1.202E+01  1.310E-24  4.178E-16
1.191E+01  1.265E-24  3.998E-16
1.180E+01  1.171E-24  3.667E-16
1.169E+01  1.141E-24  3.539E-16
1.159E+01  1.255E-24  3.858E-16
1.148E+01  1.639E-24  4.993E-16
1.138E+01  2.447E-24  7.384E-16
1.127E+01  3.355E-24  1.003E-15
1.117E+01  2.323E-24  6.883E-16
1.107E+01  1.285E-24  3.773E-16
1.096E+01  9.185E-25  2.672E-16
1.086E+01  7.475E-25  2.154E-16
1.076E+01  6.560E-25  1.873E-16
1.067E+01  6.026E-25  1.705E-16
1.057E+01  5.700E-25  1.598E-16
1.047E+01  5.490E-25  1.525E-16
1.038E+01  5.347E-25  1.472E-16
1.028E+01  5.242E-25  1.430E-16
1.019E+01  5.164E-25  1.395E-16
1.009E+01  5.109E-25  1.368E-16
1.000E+01  5.079E-25  1.347E-16
9.908E+00  5.076E-25  1.334E-16
9.817E+00  5.096E-25  1.327E-16
9.727E+00  5.138E-25  1.326E-16
9.638E+00  5.201E-25  1.330E-16
9.550E+00  5.275E-25  1.336E-16
9.462E+00  5.358E-25  1.345E-16
9.376E+00  5.451E-25  1.356E-16
9.290E+00  5.561E-25  1.370E-16
9.204E+00  5.708E-25  1.394E-16
9.120E+00  5.926E-25  1.434E-16
9.036E+00  6.272E-25  1.503E-16
8.954E+00  6.847E-25  1.626E-16
8.872E+00  7.829E-25  1.842E-16
8.790E+00  9.519E-25  2.219E-16
8.710E+00  1.216E-24  2.809E-16
8.630E+00  1.462E-24  3.347E-16
8.551E+00  1.420E-24  3.222E-16
8.472E+00  1.234E-24  2.774E-16
8.395E+00  1.135E-24  2.527E-16
8.318E+00  1.120E-24  2.471E-16
8.241E+00  1.156E-24  2.527E-16
8.166E+00  1.262E-24  2.734E-16
8.091E+00  1.474E-24  3.164E-16
8.017E+00  1.819E-24  3.868E-16
7.943E+00  2.278E-24  4.799E-16
7.870E+00  2.695E-24  5.626E-16
7.798E+00  2.887E-24  5.972E-16
7.727E+00  2.996E-24  6.141E-16
7.656E+00  3.196E-24  6.490E-16
7.586E+00  3.150E-24  6.339E-16
7.516E+00  2.600E-24  5.184E-16
7.447E+00  1.971E-24  3.893E-16
7.379E+00  1.517E-24  2.969E-16
7.311E+00  1.215E-24  2.357E-16
7.244E+00  1.007E-24  1.934E-16
7.178E+00  8.556E-25  1.629E-16
7.112E+00  7.442E-25  1.404E-16
7.047E+00  6.634E-25  1.240E-16
6.982E+00  6.085E-25  1.127E-16
6.918E+00  5.768E-25  1.058E-16
6.855E+00  5.655E-25  1.028E-16
6.792E+00  5.688E-25  1.025E-16
6.730E+00  5.740E-25  1.025E-16
6.668E+00  5.669E-25  1.003E-16
6.607E+00  5.476E-25  9.598E-17
6.546E+00  5.355E-25  9.298E-17
6.486E+00  5.554E-25  9.557E-17
6.427E+00  6.389E-25  1.089E-16
6.368E+00  8.488E-25  1.434E-16
6.310E+00  1.328E-24  2.222E-16
6.252E+00  2.153E-24  3.571E-16
6.194E+00  2.193E-24  3.604E-16
6.138E+00  1.321E-24  2.150E-16
6.081E+00  7.783E-25  1.255E-16
6.026E+00  5.255E-25  8.399E-17
5.970E+00  4.048E-25  6.411E-17
5.916E+00  3.502E-25  5.496E-17
5.861E+00  3.394E-25  5.276E-17
5.808E+00  3.697E-25  5.695E-17
5.754E+00  4.364E-25  6.661E-17
5.702E+00  4.753E-25  7.189E-17
5.649E+00  4.067E-25  6.094E-17
5.598E+00  3.055E-25  4.536E-17
5.546E+00  2.354E-25  3.464E-17
5.495E+00  1.946E-25  2.836E-17
5.445E+00  1.725E-25  2.491E-17
5.395E+00  1.644E-25  2.352E-17
5.346E+00  1.719E-25  2.438E-17
5.297E+00  2.008E-25  2.821E-17
5.248E+00  2.220E-25  3.090E-17
5.200E+00  1.815E-25  2.503E-17
5.152E+00  1.393E-25  1.904E-17
5.105E+00  1.161E-25  1.573E-17
5.058E+00  1.032E-25  1.385E-17
5.012E+00  9.515E-26  1.265E-17
4.966E+00  8.956E-26  1.180E-17
4.920E+00  8.538E-26  1.114E-17
4.875E+00  8.210E-26  1.062E-17
4.831E+00  7.941E-26  1.018E-17
4.786E+00  7.715E-26  9.796E-18
4.742E+00  7.522E-26  9.463E-18
4.699E+00  7.354E-26  9.166E-18
4.656E+00  7.206E-26  8.899E-18
4.613E+00  7.074E-26  8.656E-18
4.571E+00  6.956E-26  8.434E-18
4.529E+00  6.849E-26  8.228E-18
4.487E+00  6.753E-26  8.038E-18
4.446E+00  6.666E-26  7.862E-18
4.406E+00  6.587E-26  7.697E-18
4.365E+00  6.515E-26  7.543E-18
4.325E+00  6.449E-26  7.399E-18
4.285E+00  6.389E-26  7.263E-18
4.246E+00  6.335E-26  7.136E-18
4.207E+00  6.286E-26  7.015E-18
4.169E+00  6.242E-26  6.902E-18
4.130E+00  6.203E-26  6.796E-18
4.093E+00  6.167E-26  6.695E-18
4.055E+00  6.137E-26  6.601E-18
4.018E+00  6.111E-26  6.513E-18
3.981E+00  6.091E-26  6.432E-18
3.945E+00  6.077E-26  6.358E-18
3.908E+00  6.069E-26  6.292E-18
3.873E+00  6.069E-26  6.234E-18
3.837E+00  6.078E-26  6.186E-18
3.802E+00  6.098E-26  6.150E-18
3.767E+00  6.131E-26  6.127E-18
3.733E+00  6.182E-26  6.120E-18
3.698E+00  6.254E-26  6.135E-18
3.664E+00  6.355E-26  6.177E-18
3.631E+00  6.497E-26  6.257E-18
3.597E+00  6.696E-26  6.390E-18
3.565E+00  6.981E-26  6.601E-18
3.532E+00  7.399E-26  6.932E-18
3.499E+00  8.037E-26  7.460E-18
3.467E+00  9.067E-26  8.340E-18
3.436E+00  1.087E-25  9.907E-18
3.404E+00  1.443E-25  1.303E-17
3.373E+00  2.293E-25  2.052E-17
3.342E+00  5.111E-25  4.531E-17
3.311E+00  1.909E-24  1.676E-16
3.281E+00  1.307E-24  1.137E-16
3.251E+00  3.799E-25  3.276E-17
3.221E+00  1.862E-25  1.591E-17
3.192E+00  1.221E-25  1.034E-17
3.162E+00  9.377E-26  7.866E-18
3.133E+00  7.887E-26  6.555E-18
3.105E+00  7.005E-26  5.768E-18
3.076E+00  6.438E-26  5.253E-18
3.048E+00  6.049E-26  4.891E-18
3.020E+00  5.769E-26  4.621E-18
2.992E+00  5.557E-26  4.411E-18
2.965E+00  5.392E-26  4.241E-18
2.938E+00  5.260E-26  4.099E-18
2.911E+00  5.150E-26  3.976E-18
2.884E+00  5.057E-26  3.869E-18
2.858E+00  4.976E-26  3.772E-18
2.831E+00  4.905E-26  3.684E-18
2.805E+00  4.842E-26  3.603E-18
2.780E+00  4.784E-26  3.527E-18
2.754E+00  4.731E-26  3.456E-18
2.729E+00  4.681E-26  3.388E-18
2.704E+00  4.634E-26  3.324E-18
2.679E+00  4.589E-26  3.262E-18
2.655E+00  4.547E-26  3.202E-18
2.630E+00  4.506E-26  3.144E-18
2.606E+00  4.466E-26  3.087E-18
2.582E+00  4.427E-26  3.032E-18
2.559E+00  4.389E-26  2.979E-18
2.535E+00  4.351E-26  2.926E-18
2.512E+00  4.314E-26  2.875E-18
2.489E+00  4.278E-26  2.824E-18
2.466E+00  4.241E-26  2.774E-18
2.443E+00  4.205E-26  2.725E-18
2.421E+00  4.168E-26  2.677E-18
2.399E+00  4.132E-26  2.629E-18
2.377E+00  4.097E-26  2.583E-18
2.355E+00  4.061E-26  2.537E-18
2.333E+00  4.025E-26  2.492E-18
2.312E+00  3.990E-26  2.447E-18
2.291E+00  3.954E-26  2.403E-18
2.270E+00  3.918E-26  2.359E-18
2.249E+00  3.882E-26  2.316E-18
2.228E+00  3.845E-26  2.273E-18
2.208E+00  3.807E-26  2.230E-18
2.188E+00  3.769E-26  2.187E-18
2.168E+00  3.730E-26  2.145E-18
2.148E+00  3.689E-26  2.102E-18
2.128E+00  3.647E-26  2.059E-18
2.109E+00  3.603E-26  2.015E-18
2.089E+00  3.556E-26  1.971E-18
2.070E+00  3.506E-26  1.925E-18
2.051E+00  3.451E-26  1.878E-18
2.032E+00  3.391E-26  1.828E-18
2.014E+00  3.325E-26  1.776E-18
1.995E+00  3.250E-26  1.720E-18
1.977E+00  3.168E-26  1.662E-18
1.959E+00  3.081E-26  1.601E-18
1.941E+00  2.996E-26  1.543E-18
1.923E+00  2.928E-26  1.494E-18
1.905E+00  2.893E-26  1.462E-18
1.888E+00  2.894E-26  1.450E-18
1.871E+00  2.923E-26  1.450E-18
1.854E+00  2.959E-26  1.455E-18
1.837E+00  2.991E-26  1.457E-18
1.820E+00  3.013E-26  1.454E-18
1.803E+00  3.024E-26  1.446E-18
1.786E+00  3.025E-26  1.434E-18
1.770E+00  3.020E-26  1.418E-18
1.754E+00  3.009E-26  1.400E-18
1.738E+00  2.995E-26  1.380E-18
1.722E+00  2.977E-26  1.360E-18
1.706E+00  2.958E-26  1.339E-18
1.690E+00  2.938E-26  1.317E-18
1.675E+00  2.917E-26  1.296E-18
1.660E+00  2.895E-26  1.274E-18
1.644E+00  2.873E-26  1.253E-18
1.629E+00  2.851E-26  1.232E-18
1.614E+00  2.829E-26  1.211E-18
1.600E+00  2.808E-26  1.191E-18
1.585E+00  2.788E-26  1.172E-18
1.570E+00  2.768E-26  1.153E-18
1.556E+00  2.750E-26  1.135E-18
1.542E+00  2.734E-26  1.118E-18
1.528E+00  2.719E-26  1.102E-18
1.514E+00  2.707E-26  1.087E-18
1.500E+00  2.697E-26  1.073E-18
1.486E+00  2.690E-26  1.060E-18
1.472E+00  2.687E-26  1.050E-18
1.459E+00  2.689E-26  1.040E-18
1.445E+00  2.696E-26  1.034E-18
1.432E+00  2.708E-26  1.029E-18
1.419E+00  2.729E-26  1.027E-18
1.406E+00  2.758E-26  1.029E-18
1.393E+00  2.798E-26  1.034E-18
1.380E+00  2.850E-26  1.044E-18
1.368E+00  2.918E-26  1.059E-18
1.355E+00  3.004E-26  1.080E-18
1.343E+00  3.110E-26  1.108E-18
1.330E+00  3.238E-26  1.143E-18
1.318E+00  3.384E-26  1.183E-18
1.306E+00  3.540E-26  1.227E-18
1.294E+00  3.687E-26  1.266E-18
1.282E+00  3.793E-26  1.290E-18
1.271E+00  3.820E-26  1.287E-18
1.259E+00  3.740E-26  1.249E-18
1.247E+00  3.556E-26  1.177E-18
1.236E+00  3.302E-26  1.083E-18
1.225E+00  3.024E-26  9.824E-19
1.213E+00  2.761E-26  8.886E-19
1.202E+00  2.532E-26  8.076E-19
1.191E+00  2.345E-26  7.411E-19
1.180E+00  2.199E-26  6.884E-19
1.169E+00  2.089E-26  6.480E-19
1.159E+00  2.012E-26  6.183E-19
1.148E+00  1.965E-26  5.984E-19
1.138E+00  1.948E-26  5.878E-19
1.127E+00  1.964E-26  5.874E-19
1.117E+00  2.021E-26  5.987E-19
1.107E+00  2.130E-26  6.251E-19
1.096E+00  2.312E-26  6.724E-19
1.086E+00  2.597E-26  7.484E-19
1.076E+00  3.015E-26  8.609E-19
1.067E+00  3.541E-26  1.002E-18
1.057E+00  3.962E-26  1.111E-18
1.047E+00  3.884E-26  1.079E-18
1.038E+00  3.276E-26  9.015E-19
1.028E+00  2.558E-26  6.976E-19
1.019E+00  2.000E-26  5.404E-19
1.009E+00  1.620E-26  4.336E-19
1.000E+00  1.366E-26  3.622E-19
