Dust emission from Draine & Li (2007): ApJ 657, 810-837
================================================================
         8 = grain model
 4.000E-08 4.000E-01 0.000E+00 = a_01 (cm) , sigma_1 , b_C1/0.92
 2.500E-07 4.000E-01 0.000E+00 = a_02 (cm) , sigma_2 , b_C2/0.92
 1.500E+00 1.000E+06 2.000E+00 = Umin , Umax, beta (dN/dU propto U^{-beta})
 2.012E+01 = <U> 
     mmp83 = radfield
 1.281E-23 = power/H (erg s-1)
 band   nu*P_nu(band) j_nu(band)
 (um)   (erg s-1 H-1)(Jy cm2 sr-1 H-1)
1.270E+00  2.813E-26  9.477E-19 COBE-DIRBE
2.220E+00  4.832E-26  2.846E-18 COBE-DIRBE
3.530E+00  5.366E-26  5.025E-18 COBE-DIRBE
4.880E+00  5.387E-26  6.973E-18 COBE-DIRBE
1.229E+01  1.473E-24  4.803E-16 COBE-DIRBE
2.079E+01  4.550E-24  2.509E-15 COBE-DIRBE
5.599E+01  5.676E-24  8.430E-15 COBE-DIRBE
9.770E+01  4.171E-24  1.081E-14 COBE-DIRBE
1.479E+02  2.409E-24  9.452E-15 COBE-DIRBE
2.479E+02  6.850E-25  4.504E-15 COBE-DIRBE
1.200E+01  1.248E-24  3.971E-16 IRAS
2.500E+01  5.032E-24  3.337E-15 IRAS
6.000E+01  5.570E-24  8.866E-15 IRAS
1.000E+02  4.070E-24  1.080E-14 IRAS
3.550E+00  5.375E-26  5.061E-18 SST-IRAC
4.493E+00  5.328E-26  6.350E-18 SST-IRAC
5.731E+00  6.201E-26  9.427E-18 SST-IRAC
7.872E+00  4.598E-25  9.601E-17 SST-IRAC
2.368E+01  4.927E-24  3.095E-15 SST-MIPS
7.142E+01  4.761E-24  9.020E-15 SST-MIPS
1.559E+02  2.040E-24  8.434E-15 SST-MIPS
1.600E+01  2.286E-24  9.702E-16 SST-IRSPU
2.200E+01  5.043E-24  2.943E-15 SST-IRSPU











lambda    nu*dP/dnu     j_nu
 (um)   (erg s-1 H-1)(Jy cm2 sr-1 H-1)
1.000E+04  2.159E-31  5.726E-20
9.908E+03  2.237E-31  5.880E-20
9.817E+03  2.318E-31  6.037E-20
9.727E+03  2.402E-31  6.199E-20
9.638E+03  2.490E-31  6.365E-20
9.550E+03  2.580E-31  6.535E-20
9.462E+03  2.674E-31  6.710E-20
9.376E+03  2.771E-31  6.890E-20
9.290E+03  2.871E-31  7.075E-20
9.204E+03  2.975E-31  7.264E-20
9.120E+03  3.083E-31  7.459E-20
9.036E+03  3.195E-31  7.659E-20
8.954E+03  3.311E-31  7.863E-20
8.872E+03  3.430E-31  8.072E-20
8.790E+03  3.554E-31  8.286E-20
8.710E+03  3.682E-31  8.507E-20
8.630E+03  3.815E-31  8.733E-20
8.551E+03  3.953E-31  8.966E-20
8.472E+03  4.096E-31  9.205E-20
8.395E+03  4.244E-31  9.451E-20
8.318E+03  4.398E-31  9.703E-20
8.241E+03  4.557E-31  9.963E-20
8.166E+03  4.723E-31  1.023E-19
8.091E+03  4.894E-31  1.050E-19
8.017E+03  5.072E-31  1.078E-19
7.943E+03  5.256E-31  1.107E-19
7.870E+03  5.447E-31  1.137E-19
7.798E+03  5.645E-31  1.168E-19
7.727E+03  5.851E-31  1.199E-19
7.656E+03  6.064E-31  1.231E-19
7.586E+03  6.285E-31  1.265E-19
7.516E+03  6.514E-31  1.299E-19
7.447E+03  6.751E-31  1.334E-19
7.379E+03  6.998E-31  1.370E-19
7.311E+03  7.253E-31  1.407E-19
7.244E+03  7.518E-31  1.445E-19
7.178E+03  7.793E-31  1.484E-19
7.112E+03  8.078E-31  1.524E-19
7.047E+03  8.374E-31  1.565E-19
6.982E+03  8.681E-31  1.608E-19
6.918E+03  8.998E-31  1.651E-19
6.855E+03  9.327E-31  1.696E-19
6.792E+03  9.669E-31  1.742E-19
6.730E+03  1.002E-30  1.789E-19
6.668E+03  1.039E-30  1.838E-19
6.607E+03  1.077E-30  1.888E-19
6.546E+03  1.117E-30  1.939E-19
6.486E+03  1.158E-30  1.992E-19
6.427E+03  1.200E-30  2.046E-19
6.368E+03  1.244E-30  2.102E-19
6.310E+03  1.290E-30  2.160E-19
6.252E+03  1.338E-30  2.219E-19
6.194E+03  1.387E-30  2.279E-19
6.138E+03  1.438E-30  2.342E-19
6.081E+03  1.491E-30  2.406E-19
6.026E+03  1.546E-30  2.472E-19
5.970E+03  1.604E-30  2.540E-19
5.916E+03  1.663E-30  2.609E-19
5.861E+03  1.724E-30  2.681E-19
5.808E+03  1.788E-30  2.755E-19
5.754E+03  1.854E-30  2.831E-19
5.702E+03  1.923E-30  2.909E-19
5.649E+03  1.995E-30  2.989E-19
5.598E+03  2.069E-30  3.071E-19
5.546E+03  2.145E-30  3.156E-19
5.495E+03  2.225E-30  3.244E-19
5.445E+03  2.308E-30  3.333E-19
5.395E+03  2.394E-30  3.426E-19
5.346E+03  2.483E-30  3.520E-19
5.297E+03  2.575E-30  3.618E-19
5.248E+03  2.671E-30  3.718E-19
5.200E+03  2.771E-30  3.822E-19
5.152E+03  2.874E-30  3.928E-19
5.105E+03  2.981E-30  4.037E-19
5.058E+03  3.093E-30  4.149E-19
5.012E+03  3.208E-30  4.265E-19
4.966E+03  3.328E-30  4.384E-19
4.920E+03  3.452E-30  4.506E-19
4.875E+03  3.581E-30  4.631E-19
4.831E+03  3.715E-30  4.761E-19
4.786E+03  3.854E-30  4.894E-19
4.742E+03  3.999E-30  5.030E-19
4.699E+03  4.149E-30  5.171E-19
4.656E+03  4.304E-30  5.316E-19
4.613E+03  4.466E-30  5.465E-19
4.571E+03  4.634E-30  5.618E-19
4.529E+03  4.808E-30  5.776E-19
4.487E+03  4.989E-30  5.938E-19
4.446E+03  5.177E-30  6.105E-19
4.406E+03  5.372E-30  6.277E-19
4.365E+03  5.574E-30  6.454E-19
4.325E+03  5.784E-30  6.636E-19
4.285E+03  6.003E-30  6.823E-19
4.246E+03  6.229E-30  7.016E-19
4.207E+03  6.465E-30  7.214E-19
4.169E+03  6.709E-30  7.419E-19
4.130E+03  6.963E-30  7.629E-19
4.093E+03  7.226E-30  7.845E-19
4.055E+03  7.500E-30  8.067E-19
4.018E+03  7.784E-30  8.296E-19
3.981E+03  8.079E-30  8.531E-19
3.945E+03  8.385E-30  8.773E-19
3.908E+03  8.702E-30  9.022E-19
3.873E+03  9.032E-30  9.278E-19
3.837E+03  9.375E-30  9.542E-19
3.802E+03  9.731E-30  9.814E-19
3.767E+03  1.010E-29  1.009E-18
3.733E+03  1.049E-29  1.038E-18
3.698E+03  1.088E-29  1.068E-18
3.664E+03  1.130E-29  1.098E-18
3.631E+03  1.173E-29  1.130E-18
3.597E+03  1.218E-29  1.162E-18
3.565E+03  1.264E-29  1.195E-18
3.532E+03  1.312E-29  1.230E-18
3.499E+03  1.363E-29  1.265E-18
3.467E+03  1.415E-29  1.301E-18
3.436E+03  1.469E-29  1.339E-18
3.404E+03  1.525E-29  1.377E-18
3.373E+03  1.584E-29  1.417E-18
3.342E+03  1.644E-29  1.458E-18
3.311E+03  1.708E-29  1.500E-18
3.281E+03  1.773E-29  1.543E-18
3.251E+03  1.841E-29  1.588E-18
3.221E+03  1.912E-29  1.634E-18
3.192E+03  1.986E-29  1.681E-18
3.162E+03  2.062E-29  1.730E-18
3.133E+03  2.142E-29  1.780E-18
3.105E+03  2.224E-29  1.832E-18
3.076E+03  2.310E-29  1.885E-18
3.048E+03  2.399E-29  1.940E-18
3.020E+03  2.492E-29  1.996E-18
2.992E+03  2.588E-29  2.054E-18
2.965E+03  2.688E-29  2.114E-18
2.938E+03  2.791E-29  2.175E-18
2.911E+03  2.899E-29  2.238E-18
2.884E+03  3.011E-29  2.303E-18
2.858E+03  3.127E-29  2.370E-18
2.831E+03  3.248E-29  2.440E-18
2.805E+03  3.374E-29  2.511E-18
2.780E+03  3.504E-29  2.584E-18
2.754E+03  3.640E-29  2.659E-18
2.729E+03  3.781E-29  2.737E-18
2.704E+03  3.928E-29  2.817E-18
2.679E+03  4.080E-29  2.900E-18
2.655E+03  4.239E-29  2.985E-18
2.630E+03  4.404E-29  3.072E-18
2.606E+03  4.575E-29  3.163E-18
2.582E+03  4.753E-29  3.256E-18
2.559E+03  4.938E-29  3.351E-18
2.535E+03  5.130E-29  3.450E-18
2.512E+03  5.330E-29  3.552E-18
2.489E+03  5.538E-29  3.656E-18
2.466E+03  5.754E-29  3.764E-18
2.443E+03  5.979E-29  3.875E-18
2.421E+03  6.212E-29  3.990E-18
2.399E+03  6.455E-29  4.108E-18
2.377E+03  6.708E-29  4.229E-18
2.355E+03  6.970E-29  4.354E-18
2.333E+03  7.243E-29  4.483E-18
2.312E+03  7.526E-29  4.616E-18
2.291E+03  7.821E-29  4.753E-18
2.270E+03  8.128E-29  4.894E-18
2.249E+03  8.447E-29  5.039E-18
2.228E+03  8.778E-29  5.189E-18
2.208E+03  9.122E-29  5.343E-18
2.188E+03  9.481E-29  5.502E-18
2.168E+03  9.853E-29  5.665E-18
2.148E+03  1.024E-28  5.834E-18
2.128E+03  1.064E-28  6.008E-18
2.109E+03  1.106E-28  6.187E-18
2.089E+03  1.150E-28  6.371E-18
2.070E+03  1.195E-28  6.561E-18
2.051E+03  1.242E-28  6.757E-18
2.032E+03  1.291E-28  6.958E-18
2.014E+03  1.342E-28  7.166E-18
1.995E+03  1.394E-28  7.380E-18
1.977E+03  1.449E-28  7.600E-18
1.959E+03  1.506E-28  7.827E-18
1.941E+03  1.566E-28  8.061E-18
1.923E+03  1.627E-28  8.302E-18
1.905E+03  1.692E-28  8.550E-18
1.888E+03  1.758E-28  8.806E-18
1.871E+03  1.828E-28  9.069E-18
1.854E+03  1.900E-28  9.340E-18
1.837E+03  1.975E-28  9.620E-18
1.820E+03  2.053E-28  9.908E-18
1.803E+03  2.134E-28  1.020E-17
1.786E+03  2.218E-28  1.051E-17
1.770E+03  2.306E-28  1.083E-17
1.754E+03  2.397E-28  1.115E-17
1.738E+03  2.491E-28  1.148E-17
1.722E+03  2.590E-28  1.183E-17
1.706E+03  2.692E-28  1.218E-17
1.690E+03  2.799E-28  1.255E-17
1.675E+03  2.909E-28  1.293E-17
1.660E+03  3.024E-28  1.331E-17
1.644E+03  3.144E-28  1.371E-17
1.629E+03  3.268E-28  1.412E-17
1.614E+03  3.397E-28  1.455E-17
1.600E+03  3.532E-28  1.498E-17
1.585E+03  3.671E-28  1.543E-17
1.570E+03  3.816E-28  1.590E-17
1.556E+03  3.967E-28  1.637E-17
1.542E+03  4.124E-28  1.687E-17
1.528E+03  4.287E-28  1.737E-17
1.514E+03  4.457E-28  1.789E-17
1.500E+03  4.633E-28  1.843E-17
1.486E+03  4.816E-28  1.898E-17
1.472E+03  5.007E-28  1.955E-17
1.459E+03  5.205E-28  2.014E-17
1.445E+03  5.410E-28  2.074E-17
1.432E+03  5.624E-28  2.137E-17
1.419E+03  5.847E-28  2.201E-17
1.406E+03  6.078E-28  2.267E-17
1.393E+03  6.319E-28  2.335E-17
1.380E+03  6.568E-28  2.405E-17
1.368E+03  6.828E-28  2.477E-17
1.355E+03  7.098E-28  2.552E-17
1.343E+03  7.379E-28  2.628E-17
1.330E+03  7.670E-28  2.707E-17
1.318E+03  7.973E-28  2.788E-17
1.306E+03  8.288E-28  2.872E-17
1.294E+03  8.616E-28  2.958E-17
1.282E+03  8.956E-28  3.046E-17
1.271E+03  9.309E-28  3.137E-17
1.259E+03  9.677E-28  3.231E-17
1.247E+03  1.006E-27  3.328E-17
1.236E+03  1.045E-27  3.428E-17
1.225E+03  1.087E-27  3.530E-17
1.213E+03  1.129E-27  3.635E-17
1.202E+03  1.174E-27  3.744E-17
1.191E+03  1.220E-27  3.856E-17
1.180E+03  1.268E-27  3.971E-17
1.169E+03  1.318E-27  4.089E-17
1.159E+03  1.370E-27  4.211E-17
1.148E+03  1.424E-27  4.336E-17
1.138E+03  1.480E-27  4.465E-17
1.127E+03  1.538E-27  4.598E-17
1.117E+03  1.598E-27  4.735E-17
1.107E+03  1.661E-27  4.875E-17
1.096E+03  1.726E-27  5.020E-17
1.086E+03  1.794E-27  5.169E-17
1.076E+03  1.864E-27  5.322E-17
1.067E+03  1.937E-27  5.480E-17
1.057E+03  2.013E-27  5.642E-17
1.047E+03  2.091E-27  5.809E-17
1.038E+03  2.173E-27  5.980E-17
1.028E+03  2.258E-27  6.157E-17
1.019E+03  2.346E-27  6.338E-17
1.009E+03  2.437E-27  6.525E-17
1.000E+03  2.532E-27  6.717E-17
9.908E+02  2.631E-27  6.915E-17
9.817E+02  2.733E-27  7.118E-17
9.727E+02  2.840E-27  7.328E-17
9.638E+02  2.951E-27  7.543E-17
9.550E+02  3.065E-27  7.765E-17
9.462E+02  3.184E-27  7.993E-17
9.376E+02  3.308E-27  8.227E-17
9.290E+02  3.437E-27  8.468E-17
9.204E+02  3.570E-27  8.716E-17
9.120E+02  3.708E-27  8.971E-17
9.036E+02  3.852E-27  9.233E-17
8.954E+02  4.001E-27  9.502E-17
8.872E+02  4.155E-27  9.778E-17
8.790E+02  4.315E-27  1.006E-16
8.710E+02  4.482E-27  1.035E-16
8.630E+02  4.654E-27  1.065E-16
8.551E+02  4.833E-27  1.096E-16
8.472E+02  5.018E-27  1.128E-16
8.395E+02  5.211E-27  1.160E-16
8.318E+02  5.411E-27  1.194E-16
8.241E+02  5.618E-27  1.228E-16
8.166E+02  5.832E-27  1.263E-16
8.091E+02  6.055E-27  1.299E-16
8.017E+02  6.286E-27  1.337E-16
7.943E+02  6.525E-27  1.375E-16
7.870E+02  6.773E-27  1.414E-16
7.798E+02  7.030E-27  1.454E-16
7.727E+02  7.297E-27  1.496E-16
7.656E+02  7.574E-27  1.538E-16
7.586E+02  7.861E-27  1.582E-16
7.516E+02  8.158E-27  1.627E-16
7.447E+02  8.467E-27  1.673E-16
7.379E+02  8.788E-27  1.720E-16
7.311E+02  9.121E-27  1.769E-16
7.244E+02  9.466E-27  1.819E-16
7.178E+02  9.824E-27  1.871E-16
7.112E+02  1.020E-26  1.923E-16
7.047E+02  1.058E-26  1.978E-16
6.982E+02  1.098E-26  2.034E-16
6.918E+02  1.140E-26  2.091E-16
6.855E+02  1.183E-26  2.150E-16
6.792E+02  1.227E-26  2.211E-16
6.730E+02  1.273E-26  2.273E-16
6.668E+02  1.321E-26  2.337E-16
6.607E+02  1.371E-26  2.402E-16
6.546E+02  1.422E-26  2.470E-16
6.486E+02  1.476E-26  2.539E-16
6.427E+02  1.532E-26  2.611E-16
6.368E+02  1.589E-26  2.685E-16
6.310E+02  1.649E-26  2.760E-16
6.252E+02  1.711E-26  2.838E-16
6.194E+02  1.776E-26  2.918E-16
6.138E+02  1.843E-26  3.000E-16
6.081E+02  1.912E-26  3.085E-16
6.026E+02  1.984E-26  3.171E-16
5.970E+02  2.059E-26  3.261E-16
5.916E+02  2.136E-26  3.352E-16
5.861E+02  2.217E-26  3.446E-16
5.808E+02  2.300E-26  3.543E-16
5.754E+02  2.386E-26  3.643E-16
5.702E+02  2.476E-26  3.745E-16
5.649E+02  2.569E-26  3.850E-16
5.598E+02  2.666E-26  3.958E-16
5.546E+02  2.766E-26  4.069E-16
5.495E+02  2.869E-26  4.183E-16
5.445E+02  2.977E-26  4.300E-16
5.395E+02  3.089E-26  4.420E-16
5.346E+02  3.204E-26  4.544E-16
5.297E+02  3.325E-26  4.671E-16
5.248E+02  3.449E-26  4.801E-16
5.200E+02  3.578E-26  4.936E-16
5.152E+02  3.712E-26  5.073E-16
5.105E+02  3.851E-26  5.215E-16
5.058E+02  3.995E-26  5.360E-16
5.012E+02  4.144E-26  5.510E-16
4.966E+02  4.299E-26  5.663E-16
4.920E+02  4.459E-26  5.820E-16
4.875E+02  4.626E-26  5.982E-16
4.831E+02  4.798E-26  6.148E-16
4.786E+02  4.977E-26  6.319E-16
4.742E+02  5.162E-26  6.494E-16
4.699E+02  5.354E-26  6.673E-16
4.656E+02  5.553E-26  6.858E-16
4.613E+02  5.759E-26  7.047E-16
4.571E+02  5.973E-26  7.242E-16
4.529E+02  6.194E-26  7.441E-16
4.487E+02  6.423E-26  7.646E-16
4.446E+02  6.661E-26  7.856E-16
4.406E+02  6.907E-26  8.072E-16
4.365E+02  7.162E-26  8.293E-16
4.325E+02  7.426E-26  8.520E-16
4.285E+02  7.700E-26  8.753E-16
4.246E+02  7.984E-26  8.993E-16
4.207E+02  8.277E-26  9.238E-16
4.169E+02  8.582E-26  9.490E-16
4.130E+02  8.896E-26  9.747E-16
4.093E+02  9.223E-26  1.001E-15
4.055E+02  9.562E-26  1.028E-15
4.018E+02  9.912E-26  1.056E-15
3.981E+02  1.027E-25  1.085E-15
3.945E+02  1.065E-25  1.114E-15
3.908E+02  1.104E-25  1.144E-15
3.873E+02  1.144E-25  1.175E-15
3.837E+02  1.186E-25  1.207E-15
3.802E+02  1.229E-25  1.240E-15
3.767E+02  1.274E-25  1.273E-15
3.733E+02  1.320E-25  1.307E-15
3.698E+02  1.368E-25  1.342E-15
3.664E+02  1.418E-25  1.378E-15
3.631E+02  1.469E-25  1.415E-15
3.597E+02  1.522E-25  1.452E-15
3.565E+02  1.577E-25  1.491E-15
3.532E+02  1.633E-25  1.530E-15
3.499E+02  1.692E-25  1.571E-15
3.467E+02  1.753E-25  1.612E-15
3.436E+02  1.816E-25  1.655E-15
3.404E+02  1.881E-25  1.698E-15
3.373E+02  1.948E-25  1.743E-15
3.342E+02  2.017E-25  1.788E-15
3.311E+02  2.089E-25  1.835E-15
3.281E+02  2.163E-25  1.883E-15
3.251E+02  2.240E-25  1.931E-15
3.221E+02  2.319E-25  1.981E-15
3.192E+02  2.401E-25  2.033E-15
3.162E+02  2.486E-25  2.085E-15
3.133E+02  2.572E-25  2.138E-15
3.105E+02  2.663E-25  2.193E-15
3.076E+02  2.756E-25  2.249E-15
3.048E+02  2.852E-25  2.306E-15
3.020E+02  2.952E-25  2.364E-15
2.992E+02  3.054E-25  2.424E-15
2.965E+02  3.160E-25  2.485E-15
2.938E+02  3.269E-25  2.548E-15
2.911E+02  3.382E-25  2.611E-15
2.884E+02  3.498E-25  2.676E-15
2.858E+02  3.618E-25  2.743E-15
2.831E+02  3.742E-25  2.811E-15
2.805E+02  3.870E-25  2.880E-15
2.780E+02  4.001E-25  2.950E-15
2.754E+02  4.137E-25  3.023E-15
2.729E+02  4.277E-25  3.096E-15
2.704E+02  4.423E-25  3.172E-15
2.679E+02  4.572E-25  3.249E-15
2.655E+02  4.727E-25  3.328E-15
2.630E+02  4.886E-25  3.409E-15
2.606E+02  5.050E-25  3.491E-15
2.582E+02  5.219E-25  3.575E-15
2.559E+02  5.392E-25  3.659E-15
2.535E+02  5.569E-25  3.745E-15
2.512E+02  5.750E-25  3.831E-15
2.489E+02  5.932E-25  3.916E-15
2.466E+02  6.115E-25  4.000E-15
2.443E+02  6.301E-25  4.084E-15
2.421E+02  6.490E-25  4.168E-15
2.399E+02  6.682E-25  4.252E-15
2.377E+02  6.874E-25  4.334E-15
2.355E+02  7.070E-25  4.417E-15
2.333E+02  7.271E-25  4.501E-15
2.312E+02  7.477E-25  4.586E-15
2.291E+02  7.687E-25  4.671E-15
2.270E+02  7.902E-25  4.758E-15
2.249E+02  8.121E-25  4.845E-15
2.228E+02  8.345E-25  4.933E-15
2.208E+02  8.574E-25  5.022E-15
2.188E+02  8.807E-25  5.111E-15
2.168E+02  9.046E-25  5.201E-15
2.148E+02  9.289E-25  5.292E-15
2.128E+02  9.537E-25  5.384E-15
2.109E+02  9.789E-25  5.476E-15
2.089E+02  1.005E-24  5.568E-15
2.070E+02  1.031E-24  5.661E-15
2.051E+02  1.057E-24  5.754E-15
2.032E+02  1.085E-24  5.848E-15
2.014E+02  1.112E-24  5.942E-15
1.995E+02  1.141E-24  6.037E-15
1.977E+02  1.169E-24  6.132E-15
1.959E+02  1.198E-24  6.227E-15
1.941E+02  1.228E-24  6.322E-15
1.923E+02  1.258E-24  6.418E-15
1.905E+02  1.289E-24  6.513E-15
1.888E+02  1.320E-24  6.610E-15
1.871E+02  1.351E-24  6.706E-15
1.854E+02  1.384E-24  6.802E-15
1.837E+02  1.416E-24  6.899E-15
1.820E+02  1.449E-24  6.995E-15
1.803E+02  1.483E-24  7.092E-15
1.786E+02  1.517E-24  7.188E-15
1.770E+02  1.551E-24  7.284E-15
1.754E+02  1.586E-24  7.381E-15
1.738E+02  1.622E-24  7.477E-15
1.722E+02  1.658E-24  7.573E-15
1.706E+02  1.695E-24  7.669E-15
1.690E+02  1.732E-24  7.766E-15
1.675E+02  1.770E-24  7.862E-15
1.660E+02  1.808E-24  7.959E-15
1.644E+02  1.847E-24  8.056E-15
1.629E+02  1.886E-24  8.153E-15
1.614E+02  1.927E-24  8.250E-15
1.600E+02  1.967E-24  8.348E-15
1.585E+02  2.009E-24  8.446E-15
1.570E+02  2.052E-24  8.546E-15
1.556E+02  2.095E-24  8.646E-15
1.542E+02  2.139E-24  8.748E-15
1.528E+02  2.184E-24  8.850E-15
1.514E+02  2.231E-24  8.956E-15
1.500E+02  2.278E-24  9.063E-15
1.486E+02  2.327E-24  9.173E-15
1.472E+02  2.378E-24  9.285E-15
1.459E+02  2.429E-24  9.399E-15
1.445E+02  2.481E-24  9.512E-15
1.432E+02  2.533E-24  9.622E-15
1.419E+02  2.584E-24  9.727E-15
1.406E+02  2.633E-24  9.821E-15
1.393E+02  2.680E-24  9.902E-15
1.380E+02  2.723E-24  9.969E-15
1.368E+02  2.762E-24  1.002E-14
1.355E+02  2.799E-24  1.006E-14
1.343E+02  2.835E-24  1.010E-14
1.330E+02  2.869E-24  1.012E-14
1.318E+02  2.903E-24  1.015E-14
1.306E+02  2.937E-24  1.017E-14
1.294E+02  2.972E-24  1.020E-14
1.282E+02  3.007E-24  1.023E-14
1.271E+02  3.044E-24  1.026E-14
1.259E+02  3.081E-24  1.029E-14
1.247E+02  3.119E-24  1.032E-14
1.236E+02  3.157E-24  1.035E-14
1.225E+02  3.196E-24  1.038E-14
1.213E+02  3.236E-24  1.042E-14
1.202E+02  3.276E-24  1.045E-14
1.191E+02  3.316E-24  1.048E-14
1.180E+02  3.356E-24  1.051E-14
1.169E+02  3.396E-24  1.054E-14
1.159E+02  3.436E-24  1.056E-14
1.148E+02  3.477E-24  1.059E-14
1.138E+02  3.517E-24  1.061E-14
1.127E+02  3.557E-24  1.064E-14
1.117E+02  3.598E-24  1.066E-14
1.107E+02  3.639E-24  1.068E-14
1.096E+02  3.680E-24  1.070E-14
1.086E+02  3.720E-24  1.072E-14
1.076E+02  3.761E-24  1.074E-14
1.067E+02  3.801E-24  1.075E-14
1.057E+02  3.842E-24  1.077E-14
1.047E+02  3.882E-24  1.078E-14
1.038E+02  3.922E-24  1.079E-14
1.028E+02  3.962E-24  1.080E-14
1.019E+02  4.001E-24  1.081E-14
1.009E+02  4.040E-24  1.082E-14
1.000E+02  4.078E-24  1.082E-14
9.908E+01  4.117E-24  1.082E-14
9.817E+01  4.154E-24  1.082E-14
9.727E+01  4.191E-24  1.082E-14
9.638E+01  4.229E-24  1.081E-14
9.550E+01  4.265E-24  1.080E-14
9.462E+01  4.302E-24  1.080E-14
9.376E+01  4.337E-24  1.079E-14
9.290E+01  4.373E-24  1.078E-14
9.204E+01  4.408E-24  1.076E-14
9.120E+01  4.442E-24  1.075E-14
9.036E+01  4.477E-24  1.073E-14
8.954E+01  4.510E-24  1.071E-14
8.872E+01  4.544E-24  1.069E-14
8.790E+01  4.577E-24  1.067E-14
8.710E+01  4.610E-24  1.065E-14
8.630E+01  4.643E-24  1.063E-14
8.551E+01  4.675E-24  1.060E-14
8.472E+01  4.706E-24  1.058E-14
8.395E+01  4.737E-24  1.055E-14
8.318E+01  4.767E-24  1.052E-14
8.241E+01  4.797E-24  1.049E-14
8.166E+01  4.827E-24  1.046E-14
8.091E+01  4.857E-24  1.042E-14
8.017E+01  4.886E-24  1.039E-14
7.943E+01  4.914E-24  1.035E-14
7.870E+01  4.942E-24  1.032E-14
7.798E+01  4.969E-24  1.028E-14
7.727E+01  4.996E-24  1.024E-14
7.656E+01  5.023E-24  1.020E-14
7.586E+01  5.049E-24  1.016E-14
7.516E+01  5.075E-24  1.012E-14
7.447E+01  5.100E-24  1.007E-14
7.379E+01  5.124E-24  1.003E-14
7.311E+01  5.148E-24  9.984E-15
7.244E+01  5.171E-24  9.937E-15
7.178E+01  5.194E-24  9.889E-15
7.112E+01  5.216E-24  9.840E-15
7.047E+01  5.238E-24  9.792E-15
6.982E+01  5.261E-24  9.745E-15
6.918E+01  5.283E-24  9.696E-15
6.855E+01  5.304E-24  9.645E-15
6.792E+01  5.324E-24  9.593E-15
6.730E+01  5.344E-24  9.540E-15
6.668E+01  5.364E-24  9.487E-15
6.607E+01  5.384E-24  9.435E-15
6.546E+01  5.403E-24  9.382E-15
6.486E+01  5.422E-24  9.328E-15
6.427E+01  5.440E-24  9.274E-15
6.368E+01  5.457E-24  9.219E-15
6.310E+01  5.476E-24  9.164E-15
6.252E+01  5.493E-24  9.110E-15
6.194E+01  5.511E-24  9.055E-15
6.138E+01  5.528E-24  9.000E-15
6.081E+01  5.545E-24  8.945E-15
6.026E+01  5.562E-24  8.889E-15
5.970E+01  5.578E-24  8.833E-15
5.916E+01  5.593E-24  8.777E-15
5.861E+01  5.608E-24  8.720E-15
5.808E+01  5.623E-24  8.662E-15
5.754E+01  5.638E-24  8.605E-15
5.702E+01  5.652E-24  8.548E-15
5.649E+01  5.666E-24  8.490E-15
5.598E+01  5.680E-24  8.434E-15
5.546E+01  5.694E-24  8.377E-15
5.495E+01  5.708E-24  8.321E-15
5.445E+01  5.722E-24  8.265E-15
5.395E+01  5.737E-24  8.210E-15
5.346E+01  5.750E-24  8.154E-15
5.297E+01  5.764E-24  8.099E-15
5.248E+01  5.778E-24  8.043E-15
5.200E+01  5.792E-24  7.988E-15
5.152E+01  5.805E-24  7.933E-15
5.105E+01  5.818E-24  7.878E-15
5.058E+01  5.831E-24  7.823E-15
5.012E+01  5.843E-24  7.768E-15
4.966E+01  5.856E-24  7.713E-15
4.920E+01  5.868E-24  7.658E-15
4.875E+01  5.880E-24  7.604E-15
4.831E+01  5.892E-24  7.550E-15
4.786E+01  5.905E-24  7.497E-15
4.742E+01  5.917E-24  7.444E-15
4.699E+01  5.930E-24  7.392E-15
4.656E+01  5.943E-24  7.340E-15
4.613E+01  5.957E-24  7.289E-15
4.571E+01  5.970E-24  7.238E-15
4.529E+01  5.984E-24  7.189E-15
4.487E+01  5.998E-24  7.140E-15
4.446E+01  6.013E-24  7.091E-15
4.406E+01  6.027E-24  7.044E-15
4.365E+01  6.042E-24  6.996E-15
4.325E+01  6.057E-24  6.949E-15
4.285E+01  6.072E-24  6.903E-15
4.246E+01  6.087E-24  6.856E-15
4.207E+01  6.102E-24  6.810E-15
4.169E+01  6.117E-24  6.764E-15
4.130E+01  6.132E-24  6.719E-15
4.093E+01  6.146E-24  6.672E-15
4.055E+01  6.160E-24  6.626E-15
4.018E+01  6.174E-24  6.580E-15
3.981E+01  6.187E-24  6.533E-15
3.945E+01  6.200E-24  6.487E-15
3.908E+01  6.212E-24  6.440E-15
3.873E+01  6.223E-24  6.393E-15
3.837E+01  6.234E-24  6.345E-15
3.802E+01  6.243E-24  6.296E-15
3.767E+01  6.252E-24  6.247E-15
3.733E+01  6.257E-24  6.195E-15
3.698E+01  6.260E-24  6.141E-15
3.664E+01  6.262E-24  6.087E-15
3.631E+01  6.263E-24  6.032E-15
3.597E+01  6.263E-24  5.976E-15
3.565E+01  6.261E-24  5.920E-15
3.532E+01  6.258E-24  5.863E-15
3.499E+01  6.254E-24  5.805E-15
3.467E+01  6.247E-24  5.746E-15
3.436E+01  6.239E-24  5.686E-15
3.404E+01  6.229E-24  5.624E-15
3.373E+01  6.216E-24  5.562E-15
3.342E+01  6.203E-24  5.499E-15
3.311E+01  6.189E-24  5.436E-15
3.281E+01  6.173E-24  5.372E-15
3.251E+01  6.155E-24  5.308E-15
3.221E+01  6.135E-24  5.242E-15
3.192E+01  6.114E-24  5.176E-15
3.162E+01  6.090E-24  5.108E-15
3.133E+01  6.065E-24  5.041E-15
3.105E+01  6.038E-24  4.972E-15
3.076E+01  6.010E-24  4.904E-15
3.048E+01  5.980E-24  4.835E-15
3.020E+01  5.950E-24  4.766E-15
2.992E+01  5.918E-24  4.697E-15
2.965E+01  5.884E-24  4.628E-15
2.938E+01  5.849E-24  4.558E-15
2.911E+01  5.814E-24  4.489E-15
2.884E+01  5.779E-24  4.421E-15
2.858E+01  5.743E-24  4.353E-15
2.831E+01  5.708E-24  4.287E-15
2.805E+01  5.673E-24  4.221E-15
2.780E+01  5.637E-24  4.157E-15
2.754E+01  5.603E-24  4.093E-15
2.729E+01  5.569E-24  4.031E-15
2.704E+01  5.536E-24  3.971E-15
2.679E+01  5.504E-24  3.911E-15
2.655E+01  5.472E-24  3.853E-15
2.630E+01  5.441E-24  3.796E-15
2.606E+01  5.410E-24  3.740E-15
2.582E+01  5.381E-24  3.686E-15
2.559E+01  5.352E-24  3.632E-15
2.535E+01  5.324E-24  3.580E-15
2.512E+01  5.297E-24  3.529E-15
2.489E+01  5.270E-24  3.479E-15
2.466E+01  5.243E-24  3.429E-15
2.443E+01  5.216E-24  3.381E-15
2.421E+01  5.188E-24  3.332E-15
2.399E+01  5.157E-24  3.282E-15
2.377E+01  5.130E-24  3.234E-15
2.355E+01  5.108E-24  3.191E-15
2.333E+01  5.083E-24  3.146E-15
2.312E+01  5.052E-24  3.098E-15
2.291E+01  5.024E-24  3.053E-15
2.270E+01  5.003E-24  3.013E-15
2.249E+01  4.989E-24  2.976E-15
2.228E+01  4.978E-24  2.942E-15
2.208E+01  4.963E-24  2.907E-15
2.188E+01  4.941E-24  2.867E-15
2.168E+01  4.914E-24  2.826E-15
2.148E+01  4.888E-24  2.785E-15
2.128E+01  4.866E-24  2.747E-15
2.109E+01  4.851E-24  2.713E-15
2.089E+01  4.831E-24  2.678E-15
2.070E+01  4.808E-24  2.640E-15
2.051E+01  4.783E-24  2.602E-15
2.032E+01  4.761E-24  2.567E-15
2.014E+01  4.756E-24  2.541E-15
1.995E+01  4.748E-24  2.513E-15
1.977E+01  4.736E-24  2.483E-15
1.959E+01  4.714E-24  2.449E-15
1.941E+01  4.683E-24  2.411E-15
1.923E+01  4.642E-24  2.368E-15
1.905E+01  4.590E-24  2.320E-15
1.888E+01  4.527E-24  2.267E-15
1.871E+01  4.453E-24  2.209E-15
1.854E+01  4.367E-24  2.147E-15
1.837E+01  4.271E-24  2.081E-15
1.820E+01  4.166E-24  2.011E-15
1.803E+01  4.054E-24  1.939E-15
1.786E+01  3.935E-24  1.865E-15
1.770E+01  3.808E-24  1.788E-15
1.754E+01  3.674E-24  1.709E-15
1.738E+01  3.536E-24  1.630E-15
1.722E+01  3.395E-24  1.551E-15
1.706E+01  3.257E-24  1.474E-15
1.690E+01  3.119E-24  1.399E-15
1.675E+01  2.982E-24  1.325E-15
1.660E+01  2.844E-24  1.252E-15
1.644E+01  2.708E-24  1.181E-15
1.629E+01  2.575E-24  1.113E-15
1.614E+01  2.448E-24  1.048E-15
1.600E+01  2.327E-24  9.871E-16
1.585E+01  2.210E-24  9.290E-16
1.570E+01  2.098E-24  8.740E-16
1.556E+01  1.992E-24  8.222E-16
1.542E+01  1.892E-24  7.736E-16
1.528E+01  1.797E-24  7.281E-16
1.514E+01  1.708E-24  6.857E-16
1.500E+01  1.626E-24  6.467E-16
1.486E+01  1.547E-24  6.098E-16
1.472E+01  1.473E-24  5.751E-16
1.459E+01  1.403E-24  5.429E-16
1.445E+01  1.342E-24  5.146E-16
1.432E+01  1.290E-24  4.900E-16
1.419E+01  1.248E-24  4.696E-16
1.406E+01  1.216E-24  4.534E-16
1.393E+01  1.195E-24  4.418E-16
1.380E+01  1.184E-24  4.337E-16
1.368E+01  1.183E-24  4.293E-16
1.355E+01  1.188E-24  4.270E-16
1.343E+01  1.196E-24  4.260E-16
1.330E+01  1.205E-24  4.253E-16
1.318E+01  1.215E-24  4.250E-16
1.306E+01  1.225E-24  4.244E-16
1.294E+01  1.236E-24  4.242E-16
1.282E+01  1.250E-24  4.251E-16
1.271E+01  1.265E-24  4.265E-16
1.259E+01  1.281E-24  4.278E-16
1.247E+01  1.296E-24  4.288E-16
1.236E+01  1.310E-24  4.295E-16
1.225E+01  1.321E-24  4.292E-16
1.213E+01  1.335E-24  4.298E-16
1.202E+01  1.353E-24  4.316E-16
1.191E+01  1.371E-24  4.331E-16
1.180E+01  1.387E-24  4.343E-16
1.169E+01  1.402E-24  4.349E-16
1.159E+01  1.412E-24  4.340E-16
1.148E+01  1.425E-24  4.341E-16
1.138E+01  1.432E-24  4.321E-16
1.127E+01  1.444E-24  4.318E-16
1.117E+01  1.459E-24  4.322E-16
1.107E+01  1.474E-24  4.327E-16
1.096E+01  1.487E-24  4.324E-16
1.086E+01  1.501E-24  4.325E-16
1.076E+01  1.520E-24  4.340E-16
1.067E+01  1.544E-24  4.367E-16
1.057E+01  1.571E-24  4.404E-16
1.047E+01  1.595E-24  4.431E-16
1.038E+01  1.610E-24  4.430E-16
1.028E+01  1.612E-24  4.395E-16
1.019E+01  1.603E-24  4.332E-16
1.009E+01  1.590E-24  4.258E-16
1.000E+01  1.578E-24  4.184E-16
9.908E+00  1.568E-24  4.122E-16
9.817E+00  1.561E-24  4.065E-16
9.727E+00  1.555E-24  4.012E-16
9.638E+00  1.548E-24  3.957E-16
9.550E+00  1.531E-24  3.879E-16
9.462E+00  1.501E-24  3.768E-16
9.376E+00  1.455E-24  3.617E-16
9.290E+00  1.390E-24  3.426E-16
9.204E+00  1.310E-24  3.198E-16
9.120E+00  1.218E-24  2.946E-16
9.036E+00  1.120E-24  2.684E-16
8.954E+00  1.022E-24  2.428E-16
8.872E+00  9.310E-25  2.191E-16
8.790E+00  8.487E-25  1.979E-16
8.710E+00  7.765E-25  1.794E-16
8.630E+00  7.140E-25  1.635E-16
8.551E+00  6.597E-25  1.496E-16
8.472E+00  6.094E-25  1.370E-16
8.395E+00  5.593E-25  1.245E-16
8.318E+00  5.065E-25  1.118E-16
8.241E+00  4.513E-25  9.866E-17
8.166E+00  3.950E-25  8.556E-17
8.091E+00  3.442E-25  7.387E-17
8.017E+00  2.988E-25  6.353E-17
7.943E+00  2.594E-25  5.466E-17
7.870E+00  2.255E-25  4.707E-17
7.798E+00  1.965E-25  4.065E-17
7.727E+00  1.726E-25  3.537E-17
7.656E+00  1.530E-25  3.106E-17
7.586E+00  1.370E-25  2.757E-17
7.516E+00  1.246E-25  2.484E-17
7.447E+00  1.153E-25  2.277E-17
7.379E+00  1.079E-25  2.112E-17
7.311E+00  1.026E-25  1.989E-17
7.244E+00  9.830E-26  1.889E-17
7.178E+00  9.474E-26  1.804E-17
7.112E+00  9.206E-26  1.737E-17
7.047E+00  8.991E-26  1.681E-17
6.982E+00  8.791E-26  1.628E-17
6.918E+00  8.618E-26  1.582E-17
6.855E+00  8.458E-26  1.538E-17
6.792E+00  8.306E-26  1.496E-17
6.730E+00  8.163E-26  1.457E-17
6.668E+00  8.025E-26  1.419E-17
6.607E+00  7.889E-26  1.383E-17
6.546E+00  7.758E-26  1.347E-17
6.486E+00  7.630E-26  1.313E-17
6.427E+00  7.504E-26  1.279E-17
6.368E+00  7.381E-26  1.247E-17
6.310E+00  7.263E-26  1.216E-17
6.252E+00  7.136E-26  1.183E-17
6.194E+00  7.018E-26  1.153E-17
6.138E+00  6.895E-26  1.123E-17
6.081E+00  6.778E-26  1.093E-17
6.026E+00  6.666E-26  1.065E-17
5.970E+00  6.558E-26  1.039E-17
5.916E+00  6.456E-26  1.013E-17
5.861E+00  6.359E-26  9.887E-18
5.808E+00  6.267E-26  9.655E-18
5.754E+00  6.181E-26  9.434E-18
5.702E+00  6.099E-26  9.224E-18
5.649E+00  6.023E-26  9.025E-18
5.598E+00  5.951E-26  8.836E-18
5.546E+00  5.884E-26  8.657E-18
5.495E+00  5.822E-26  8.487E-18
5.445E+00  5.765E-26  8.327E-18
5.395E+00  5.712E-26  8.174E-18
5.346E+00  5.662E-26  8.029E-18
5.297E+00  5.617E-26  7.891E-18
5.248E+00  5.575E-26  7.761E-18
5.200E+00  5.537E-26  7.637E-18
5.152E+00  5.502E-26  7.520E-18
5.105E+00  5.471E-26  7.408E-18
5.058E+00  5.443E-26  7.303E-18
5.012E+00  5.418E-26  7.203E-18
4.966E+00  5.398E-26  7.110E-18
4.920E+00  5.379E-26  7.021E-18
4.875E+00  5.363E-26  6.935E-18
4.831E+00  5.348E-26  6.853E-18
4.786E+00  5.335E-26  6.774E-18
4.742E+00  5.325E-26  6.699E-18
4.699E+00  5.317E-26  6.628E-18
4.656E+00  5.311E-26  6.559E-18
4.613E+00  5.306E-26  6.492E-18
4.571E+00  5.302E-26  6.428E-18
4.529E+00  5.299E-26  6.366E-18
4.487E+00  5.298E-26  6.307E-18
4.446E+00  5.298E-26  6.249E-18
4.406E+00  5.300E-26  6.194E-18
4.365E+00  5.304E-26  6.141E-18
4.325E+00  5.308E-26  6.090E-18
4.285E+00  5.313E-26  6.039E-18
4.246E+00  5.318E-26  5.990E-18
4.207E+00  5.324E-26  5.941E-18
4.169E+00  5.330E-26  5.894E-18
4.130E+00  5.336E-26  5.846E-18
4.093E+00  5.339E-26  5.796E-18
4.055E+00  5.343E-26  5.747E-18
4.018E+00  5.346E-26  5.697E-18
3.981E+00  5.349E-26  5.648E-18
3.945E+00  5.352E-26  5.600E-18
3.908E+00  5.354E-26  5.551E-18
3.873E+00  5.357E-26  5.502E-18
3.837E+00  5.360E-26  5.456E-18
3.802E+00  5.364E-26  5.409E-18
3.767E+00  5.367E-26  5.363E-18
3.733E+00  5.371E-26  5.317E-18
3.698E+00  5.374E-26  5.272E-18
3.664E+00  5.377E-26  5.226E-18
3.631E+00  5.380E-26  5.181E-18
3.597E+00  5.382E-26  5.136E-18
3.565E+00  5.384E-26  5.091E-18
3.532E+00  5.386E-26  5.046E-18
3.499E+00  5.387E-26  5.001E-18
3.467E+00  5.388E-26  4.956E-18
3.436E+00  5.388E-26  4.910E-18
3.404E+00  5.388E-26  4.865E-18
3.373E+00  5.387E-26  4.820E-18
3.342E+00  5.385E-26  4.774E-18
3.311E+00  5.382E-26  4.727E-18
3.281E+00  5.378E-26  4.680E-18
3.251E+00  5.372E-26  4.632E-18
3.221E+00  5.363E-26  4.582E-18
3.192E+00  5.354E-26  4.533E-18
3.162E+00  5.346E-26  4.484E-18
3.133E+00  5.337E-26  4.436E-18
3.105E+00  5.328E-26  4.387E-18
3.076E+00  5.322E-26  4.342E-18
3.048E+00  5.315E-26  4.297E-18
3.020E+00  5.309E-26  4.253E-18
2.992E+00  5.302E-26  4.208E-18
2.965E+00  5.294E-26  4.164E-18
2.938E+00  5.286E-26  4.119E-18
2.911E+00  5.278E-26  4.075E-18
2.884E+00  5.269E-26  4.031E-18
2.858E+00  5.260E-26  3.987E-18
2.831E+00  5.251E-26  3.944E-18
2.805E+00  5.241E-26  3.900E-18
2.780E+00  5.230E-26  3.857E-18
2.754E+00  5.220E-26  3.813E-18
2.729E+00  5.208E-26  3.770E-18
2.704E+00  5.196E-26  3.727E-18
2.679E+00  5.184E-26  3.684E-18
2.655E+00  5.171E-26  3.641E-18
2.630E+00  5.158E-26  3.599E-18
2.606E+00  5.145E-26  3.557E-18
2.582E+00  5.131E-26  3.514E-18
2.559E+00  5.117E-26  3.473E-18
2.535E+00  5.102E-26  3.431E-18
2.512E+00  5.087E-26  3.389E-18
2.489E+00  5.072E-26  3.348E-18
2.466E+00  5.056E-26  3.307E-18
2.443E+00  5.041E-26  3.267E-18
2.421E+00  5.025E-26  3.227E-18
2.399E+00  5.008E-26  3.187E-18
2.377E+00  4.991E-26  3.146E-18
2.355E+00  4.973E-26  3.106E-18
2.333E+00  4.954E-26  3.066E-18
2.312E+00  4.935E-26  3.026E-18
2.291E+00  4.915E-26  2.987E-18
2.270E+00  4.894E-26  2.947E-18
2.249E+00  4.873E-26  2.907E-18
2.228E+00  4.852E-26  2.868E-18
2.208E+00  4.830E-26  2.829E-18
2.188E+00  4.807E-26  2.790E-18
2.168E+00  4.784E-26  2.751E-18
2.148E+00  4.761E-26  2.713E-18
2.128E+00  4.738E-26  2.674E-18
2.109E+00  4.714E-26  2.637E-18
2.089E+00  4.690E-26  2.599E-18
2.070E+00  4.665E-26  2.561E-18
2.051E+00  4.639E-26  2.524E-18
2.032E+00  4.613E-26  2.487E-18
2.014E+00  4.587E-26  2.450E-18
1.995E+00  4.560E-26  2.413E-18
1.977E+00  4.532E-26  2.377E-18
1.959E+00  4.504E-26  2.340E-18
1.941E+00  4.476E-26  2.304E-18
1.923E+00  4.447E-26  2.268E-18
1.905E+00  4.418E-26  2.233E-18
1.888E+00  4.388E-26  2.197E-18
1.871E+00  4.358E-26  2.162E-18
1.854E+00  4.327E-26  2.127E-18
1.837E+00  4.296E-26  2.093E-18
1.820E+00  4.265E-26  2.059E-18
1.803E+00  4.234E-26  2.025E-18
1.786E+00  4.202E-26  1.991E-18
1.770E+00  4.170E-26  1.958E-18
1.754E+00  4.138E-26  1.925E-18
1.738E+00  4.106E-26  1.893E-18
1.722E+00  4.074E-26  1.861E-18
1.706E+00  4.042E-26  1.829E-18
1.690E+00  4.009E-26  1.798E-18
1.675E+00  3.976E-26  1.766E-18
1.660E+00  3.942E-26  1.735E-18
1.644E+00  3.909E-26  1.705E-18
1.629E+00  3.874E-26  1.674E-18
1.614E+00  3.840E-26  1.644E-18
1.600E+00  3.805E-26  1.614E-18
1.585E+00  3.769E-26  1.585E-18
1.570E+00  3.733E-26  1.555E-18
1.556E+00  3.697E-26  1.526E-18
1.542E+00  3.661E-26  1.497E-18
1.528E+00  3.623E-26  1.468E-18
1.514E+00  3.586E-26  1.440E-18
1.500E+00  3.548E-26  1.412E-18
1.486E+00  3.510E-26  1.384E-18
1.472E+00  3.472E-26  1.356E-18
1.459E+00  3.434E-26  1.329E-18
1.445E+00  3.395E-26  1.302E-18
1.432E+00  3.357E-26  1.275E-18
1.419E+00  3.318E-26  1.249E-18
1.406E+00  3.279E-26  1.223E-18
1.393E+00  3.239E-26  1.197E-18
1.380E+00  3.200E-26  1.172E-18
1.368E+00  3.160E-26  1.146E-18
1.355E+00  3.120E-26  1.121E-18
1.343E+00  3.079E-26  1.097E-18
1.330E+00  3.039E-26  1.072E-18
1.318E+00  2.998E-26  1.048E-18
1.306E+00  2.958E-26  1.025E-18
1.294E+00  2.917E-26  1.001E-18
1.282E+00  2.877E-26  9.786E-19
1.271E+00  2.837E-26  9.560E-19
1.259E+00  2.796E-26  9.338E-19
1.247E+00  2.756E-26  9.120E-19
1.236E+00  2.717E-26  8.908E-19
1.225E+00  2.678E-26  8.699E-19
1.213E+00  2.638E-26  8.492E-19
1.202E+00  2.599E-26  8.289E-19
1.191E+00  2.560E-26  8.088E-19
1.180E+00  2.520E-26  7.891E-19
1.169E+00  2.481E-26  7.697E-19
1.159E+00  2.442E-26  7.505E-19
1.148E+00  2.403E-26  7.317E-19
1.138E+00  2.363E-26  7.132E-19
1.127E+00  2.324E-26  6.950E-19
1.117E+00  2.285E-26  6.770E-19
1.107E+00  2.246E-26  6.594E-19
1.096E+00  2.208E-26  6.421E-19
1.086E+00  2.169E-26  6.250E-19
1.076E+00  2.130E-26  6.083E-19
1.067E+00  2.092E-26  5.919E-19
1.057E+00  2.054E-26  5.757E-19
1.047E+00  2.016E-26  5.599E-19
1.038E+00  1.978E-26  5.443E-19
1.028E+00  1.940E-26  5.291E-19
1.019E+00  1.903E-26  5.141E-19
1.009E+00  1.866E-26  4.995E-19
1.000E+00  1.829E-26  4.851E-19
