Dust emission from Draine & Li (2007): ApJ 657, 810-837
================================================================
         8 = grain model
 4.000E-08 4.000E-01 0.000E+00 = a_01 (cm) , sigma_1 , b_C1/0.92
 2.500E-07 4.000E-01 0.000E+00 = a_02 (cm) , sigma_2 , b_C2/0.92
 1.000E+00 1.000E+03 2.000E+00 = Umin , Umax, beta (dN/dU propto U^{-beta})
 6.915E+00 = <U> 
     mmp83 = radfield
 4.409E-24 = power/H (erg s-1)
 band   nu*P_nu(band) j_nu(band)
 (um)   (erg s-1 H-1)(Jy cm2 sr-1 H-1)
1.270E+00  9.544E-27  3.215E-19 COBE-DIRBE
2.220E+00  1.651E-26  9.722E-19 COBE-DIRBE
3.530E+00  1.829E-26  1.713E-18 COBE-DIRBE
4.880E+00  1.743E-26  2.256E-18 COBE-DIRBE
1.229E+01  1.660E-25  5.412E-17 COBE-DIRBE
2.079E+01  2.810E-25  1.550E-16 COBE-DIRBE
5.599E+01  2.310E-24  3.431E-15 COBE-DIRBE
9.770E+01  2.628E-24  6.810E-15 COBE-DIRBE
1.479E+02  1.737E-24  6.814E-15 COBE-DIRBE
2.479E+02  5.476E-25  3.600E-15 COBE-DIRBE
1.200E+01  1.690E-25  5.380E-17 IRAS
2.500E+01  3.505E-25  2.324E-16 IRAS
6.000E+01  2.396E-24  3.813E-15 IRAS
1.000E+02  2.596E-24  6.887E-15 IRAS
3.550E+00  1.832E-26  1.726E-18 SST-IRAC
4.493E+00  1.767E-26  2.106E-18 SST-IRAC
5.731E+00  1.801E-26  2.738E-18 SST-IRAC
7.872E+00  1.016E-25  2.121E-17 SST-IRAC
2.368E+01  3.255E-25  2.045E-16 SST-MIPS
7.142E+01  2.516E-24  4.766E-15 SST-MIPS
1.559E+02  1.503E-24  6.215E-15 SST-MIPS
1.600E+01  1.480E-25  6.283E-17 SST-IRSPU
2.200E+01  3.250E-25  1.896E-16 SST-IRSPU











lambda    nu*dP/dnu     j_nu
 (um)   (erg s-1 H-1)(Jy cm2 sr-1 H-1)
1.000E+04  2.026E-31  5.374E-20
9.908E+03  2.099E-31  5.518E-20
9.817E+03  2.176E-31  5.665E-20
9.727E+03  2.254E-31  5.817E-20
9.638E+03  2.336E-31  5.973E-20
9.550E+03  2.421E-31  6.133E-20
9.462E+03  2.509E-31  6.297E-20
9.376E+03  2.600E-31  6.465E-20
9.290E+03  2.694E-31  6.638E-20
9.204E+03  2.792E-31  6.816E-20
9.120E+03  2.893E-31  6.998E-20
9.036E+03  2.998E-31  7.186E-20
8.954E+03  3.106E-31  7.377E-20
8.872E+03  3.218E-31  7.573E-20
8.790E+03  3.334E-31  7.774E-20
8.710E+03  3.454E-31  7.980E-20
8.630E+03  3.579E-31  8.193E-20
8.551E+03  3.708E-31  8.411E-20
8.472E+03  3.842E-31  8.635E-20
8.395E+03  3.981E-31  8.865E-20
8.318E+03  4.125E-31  9.102E-20
8.241E+03  4.275E-31  9.345E-20
8.166E+03  4.429E-31  9.594E-20
8.091E+03  4.590E-31  9.851E-20
8.017E+03  4.757E-31  1.011E-19
7.943E+03  4.929E-31  1.039E-19
7.870E+03  5.108E-31  1.066E-19
7.798E+03  5.294E-31  1.095E-19
7.727E+03  5.486E-31  1.124E-19
7.656E+03  5.686E-31  1.155E-19
7.586E+03  5.893E-31  1.186E-19
7.516E+03  6.108E-31  1.218E-19
7.447E+03  6.330E-31  1.251E-19
7.379E+03  6.561E-31  1.284E-19
7.311E+03  6.800E-31  1.319E-19
7.244E+03  7.049E-31  1.355E-19
7.178E+03  7.306E-31  1.391E-19
7.112E+03  7.573E-31  1.429E-19
7.047E+03  7.850E-31  1.467E-19
6.982E+03  8.137E-31  1.507E-19
6.918E+03  8.435E-31  1.548E-19
6.855E+03  8.743E-31  1.590E-19
6.792E+03  9.063E-31  1.633E-19
6.730E+03  9.394E-31  1.677E-19
6.668E+03  9.738E-31  1.723E-19
6.607E+03  1.010E-30  1.769E-19
6.546E+03  1.047E-30  1.817E-19
6.486E+03  1.085E-30  1.867E-19
6.427E+03  1.125E-30  1.918E-19
6.368E+03  1.166E-30  1.970E-19
6.310E+03  1.209E-30  2.024E-19
6.252E+03  1.254E-30  2.079E-19
6.194E+03  1.300E-30  2.135E-19
6.138E+03  1.348E-30  2.194E-19
6.081E+03  1.397E-30  2.254E-19
6.026E+03  1.449E-30  2.316E-19
5.970E+03  1.502E-30  2.379E-19
5.916E+03  1.558E-30  2.444E-19
5.861E+03  1.615E-30  2.511E-19
5.808E+03  1.675E-30  2.580E-19
5.754E+03  1.737E-30  2.651E-19
5.702E+03  1.801E-30  2.724E-19
5.649E+03  1.868E-30  2.799E-19
5.598E+03  1.937E-30  2.876E-19
5.546E+03  2.009E-30  2.956E-19
5.495E+03  2.084E-30  3.037E-19
5.445E+03  2.161E-30  3.121E-19
5.395E+03  2.241E-30  3.207E-19
5.346E+03  2.324E-30  3.296E-19
5.297E+03  2.411E-30  3.387E-19
5.248E+03  2.501E-30  3.481E-19
5.200E+03  2.594E-30  3.578E-19
5.152E+03  2.690E-30  3.677E-19
5.105E+03  2.791E-30  3.779E-19
5.058E+03  2.895E-30  3.884E-19
5.012E+03  3.003E-30  3.992E-19
4.966E+03  3.115E-30  4.103E-19
4.920E+03  3.231E-30  4.217E-19
4.875E+03  3.351E-30  4.334E-19
4.831E+03  3.477E-30  4.455E-19
4.786E+03  3.607E-30  4.579E-19
4.742E+03  3.741E-30  4.707E-19
4.699E+03  3.881E-30  4.838E-19
4.656E+03  4.027E-30  4.973E-19
4.613E+03  4.178E-30  5.112E-19
4.571E+03  4.335E-30  5.255E-19
4.529E+03  4.497E-30  5.403E-19
4.487E+03  4.666E-30  5.554E-19
4.446E+03  4.841E-30  5.710E-19
4.406E+03  5.023E-30  5.870E-19
4.365E+03  5.213E-30  6.036E-19
4.325E+03  5.409E-30  6.205E-19
4.285E+03  5.613E-30  6.380E-19
4.246E+03  5.824E-30  6.560E-19
4.207E+03  6.044E-30  6.745E-19
4.169E+03  6.272E-30  6.935E-19
4.130E+03  6.509E-30  7.131E-19
4.093E+03  6.755E-30  7.333E-19
4.055E+03  7.010E-30  7.540E-19
4.018E+03  7.275E-30  7.754E-19
3.981E+03  7.550E-30  7.973E-19
3.945E+03  7.835E-30  8.198E-19
3.908E+03  8.132E-30  8.430E-19
3.873E+03  8.439E-30  8.669E-19
3.837E+03  8.759E-30  8.915E-19
3.802E+03  9.091E-30  9.168E-19
3.767E+03  9.436E-30  9.429E-19
3.733E+03  9.794E-30  9.697E-19
3.698E+03  1.017E-29  9.973E-19
3.664E+03  1.055E-29  1.026E-18
3.631E+03  1.095E-29  1.055E-18
3.597E+03  1.137E-29  1.085E-18
3.565E+03  1.180E-29  1.116E-18
3.532E+03  1.225E-29  1.148E-18
3.499E+03  1.272E-29  1.181E-18
3.467E+03  1.321E-29  1.215E-18
3.436E+03  1.371E-29  1.250E-18
3.404E+03  1.424E-29  1.285E-18
3.373E+03  1.478E-29  1.322E-18
3.342E+03  1.535E-29  1.360E-18
3.311E+03  1.593E-29  1.400E-18
3.281E+03  1.654E-29  1.440E-18
3.251E+03  1.718E-29  1.481E-18
3.221E+03  1.784E-29  1.524E-18
3.192E+03  1.852E-29  1.568E-18
3.162E+03  1.923E-29  1.613E-18
3.133E+03  1.997E-29  1.660E-18
3.105E+03  2.074E-29  1.708E-18
3.076E+03  2.154E-29  1.758E-18
3.048E+03  2.237E-29  1.809E-18
3.020E+03  2.323E-29  1.861E-18
2.992E+03  2.413E-29  1.915E-18
2.965E+03  2.505E-29  1.970E-18
2.938E+03  2.602E-29  2.027E-18
2.911E+03  2.702E-29  2.086E-18
2.884E+03  2.806E-29  2.147E-18
2.858E+03  2.914E-29  2.209E-18
2.831E+03  3.026E-29  2.273E-18
2.805E+03  3.143E-29  2.339E-18
2.780E+03  3.265E-29  2.407E-18
2.754E+03  3.391E-29  2.477E-18
2.729E+03  3.522E-29  2.549E-18
2.704E+03  3.658E-29  2.624E-18
2.679E+03  3.800E-29  2.700E-18
2.655E+03  3.947E-29  2.779E-18
2.630E+03  4.100E-29  2.860E-18
2.606E+03  4.259E-29  2.944E-18
2.582E+03  4.424E-29  3.030E-18
2.559E+03  4.596E-29  3.119E-18
2.535E+03  4.774E-29  3.210E-18
2.512E+03  4.960E-29  3.305E-18
2.489E+03  5.152E-29  3.402E-18
2.466E+03  5.353E-29  3.502E-18
2.443E+03  5.561E-29  3.604E-18
2.421E+03  5.778E-29  3.711E-18
2.399E+03  6.003E-29  3.820E-18
2.377E+03  6.237E-29  3.932E-18
2.355E+03  6.480E-29  4.048E-18
2.333E+03  6.733E-29  4.168E-18
2.312E+03  6.996E-29  4.290E-18
2.291E+03  7.269E-29  4.417E-18
2.270E+03  7.553E-29  4.548E-18
2.249E+03  7.848E-29  4.682E-18
2.228E+03  8.155E-29  4.820E-18
2.208E+03  8.474E-29  4.963E-18
2.188E+03  8.805E-29  5.110E-18
2.168E+03  9.150E-29  5.261E-18
2.148E+03  9.508E-29  5.417E-18
2.128E+03  9.881E-29  5.578E-18
2.109E+03  1.027E-28  5.743E-18
2.089E+03  1.067E-28  5.913E-18
2.070E+03  1.109E-28  6.089E-18
2.051E+03  1.152E-28  6.270E-18
2.032E+03  1.198E-28  6.456E-18
2.014E+03  1.245E-28  6.648E-18
1.995E+03  1.293E-28  6.845E-18
1.977E+03  1.344E-28  7.048E-18
1.959E+03  1.397E-28  7.258E-18
1.941E+03  1.452E-28  7.473E-18
1.923E+03  1.509E-28  7.695E-18
1.905E+03  1.568E-28  7.924E-18
1.888E+03  1.629E-28  8.160E-18
1.871E+03  1.693E-28  8.403E-18
1.854E+03  1.760E-28  8.653E-18
1.837E+03  1.829E-28  8.911E-18
1.820E+03  1.901E-28  9.176E-18
1.803E+03  1.976E-28  9.449E-18
1.786E+03  2.053E-28  9.731E-18
1.770E+03  2.134E-28  1.002E-17
1.754E+03  2.218E-28  1.032E-17
1.738E+03  2.305E-28  1.063E-17
1.722E+03  2.396E-28  1.094E-17
1.706E+03  2.490E-28  1.127E-17
1.690E+03  2.588E-28  1.161E-17
1.675E+03  2.690E-28  1.195E-17
1.660E+03  2.796E-28  1.231E-17
1.644E+03  2.906E-28  1.268E-17
1.629E+03  3.020E-28  1.305E-17
1.614E+03  3.139E-28  1.344E-17
1.600E+03  3.263E-28  1.384E-17
1.585E+03  3.391E-28  1.426E-17
1.570E+03  3.525E-28  1.468E-17
1.556E+03  3.663E-28  1.512E-17
1.542E+03  3.807E-28  1.557E-17
1.528E+03  3.957E-28  1.603E-17
1.514E+03  4.113E-28  1.651E-17
1.500E+03  4.274E-28  1.700E-17
1.486E+03  4.442E-28  1.751E-17
1.472E+03  4.617E-28  1.803E-17
1.459E+03  4.799E-28  1.857E-17
1.445E+03  4.988E-28  1.912E-17
1.432E+03  5.184E-28  1.969E-17
1.419E+03  5.388E-28  2.028E-17
1.406E+03  5.600E-28  2.089E-17
1.393E+03  5.820E-28  2.151E-17
1.380E+03  6.049E-28  2.215E-17
1.368E+03  6.287E-28  2.281E-17
1.355E+03  6.534E-28  2.349E-17
1.343E+03  6.791E-28  2.419E-17
1.330E+03  7.057E-28  2.491E-17
1.318E+03  7.334E-28  2.565E-17
1.306E+03  7.622E-28  2.641E-17
1.294E+03  7.922E-28  2.719E-17
1.282E+03  8.232E-28  2.800E-17
1.271E+03  8.555E-28  2.883E-17
1.259E+03  8.891E-28  2.969E-17
1.247E+03  9.239E-28  3.057E-17
1.236E+03  9.601E-28  3.148E-17
1.225E+03  9.977E-28  3.241E-17
1.213E+03  1.037E-27  3.337E-17
1.202E+03  1.077E-27  3.436E-17
1.191E+03  1.119E-27  3.537E-17
1.180E+03  1.163E-27  3.642E-17
1.169E+03  1.209E-27  3.749E-17
1.159E+03  1.256E-27  3.860E-17
1.148E+03  1.305E-27  3.974E-17
1.138E+03  1.356E-27  4.091E-17
1.127E+03  1.409E-27  4.212E-17
1.117E+03  1.463E-27  4.336E-17
1.107E+03  1.520E-27  4.463E-17
1.096E+03  1.580E-27  4.594E-17
1.086E+03  1.641E-27  4.729E-17
1.076E+03  1.705E-27  4.868E-17
1.067E+03  1.771E-27  5.011E-17
1.057E+03  1.840E-27  5.157E-17
1.047E+03  1.911E-27  5.308E-17
1.038E+03  1.985E-27  5.464E-17
1.028E+03  2.062E-27  5.623E-17
1.019E+03  2.142E-27  5.787E-17
1.009E+03  2.225E-27  5.956E-17
1.000E+03  2.311E-27  6.129E-17
9.908E+02  2.400E-27  6.308E-17
9.817E+02  2.493E-27  6.491E-17
9.727E+02  2.589E-27  6.680E-17
9.638E+02  2.689E-27  6.874E-17
9.550E+02  2.793E-27  7.074E-17
9.462E+02  2.900E-27  7.279E-17
9.376E+02  3.012E-27  7.490E-17
9.290E+02  3.128E-27  7.707E-17
9.204E+02  3.248E-27  7.930E-17
9.120E+02  3.373E-27  8.159E-17
9.036E+02  3.502E-27  8.394E-17
8.954E+02  3.636E-27  8.635E-17
8.872E+02  3.775E-27  8.883E-17
8.790E+02  3.919E-27  9.138E-17
8.710E+02  4.069E-27  9.400E-17
8.630E+02  4.224E-27  9.668E-17
8.551E+02  4.384E-27  9.944E-17
8.472E+02  4.551E-27  1.023E-16
8.395E+02  4.724E-27  1.052E-16
8.318E+02  4.903E-27  1.082E-16
8.241E+02  5.088E-27  1.112E-16
8.166E+02  5.281E-27  1.144E-16
8.091E+02  5.480E-27  1.176E-16
8.017E+02  5.687E-27  1.209E-16
7.943E+02  5.901E-27  1.243E-16
7.870E+02  6.123E-27  1.278E-16
7.798E+02  6.353E-27  1.314E-16
7.727E+02  6.591E-27  1.351E-16
7.656E+02  6.838E-27  1.389E-16
7.586E+02  7.094E-27  1.428E-16
7.516E+02  7.360E-27  1.467E-16
7.447E+02  7.635E-27  1.508E-16
7.379E+02  7.921E-27  1.550E-16
7.311E+02  8.217E-27  1.594E-16
7.244E+02  8.524E-27  1.638E-16
7.178E+02  8.843E-27  1.684E-16
7.112E+02  9.173E-27  1.731E-16
7.047E+02  9.516E-27  1.779E-16
6.982E+02  9.871E-27  1.828E-16
6.918E+02  1.024E-26  1.879E-16
6.855E+02  1.062E-26  1.931E-16
6.792E+02  1.101E-26  1.984E-16
6.730E+02  1.142E-26  2.039E-16
6.668E+02  1.185E-26  2.095E-16
6.607E+02  1.228E-26  2.153E-16
6.546E+02  1.274E-26  2.212E-16
6.486E+02  1.321E-26  2.274E-16
6.427E+02  1.371E-26  2.337E-16
6.368E+02  1.422E-26  2.401E-16
6.310E+02  1.474E-26  2.468E-16
6.252E+02  1.529E-26  2.536E-16
6.194E+02  1.586E-26  2.606E-16
6.138E+02  1.645E-26  2.678E-16
6.081E+02  1.706E-26  2.752E-16
6.026E+02  1.769E-26  2.827E-16
5.970E+02  1.834E-26  2.905E-16
5.916E+02  1.902E-26  2.985E-16
5.861E+02  1.973E-26  3.067E-16
5.808E+02  2.046E-26  3.152E-16
5.754E+02  2.121E-26  3.238E-16
5.702E+02  2.200E-26  3.327E-16
5.649E+02  2.281E-26  3.418E-16
5.598E+02  2.365E-26  3.512E-16
5.546E+02  2.453E-26  3.608E-16
5.495E+02  2.543E-26  3.707E-16
5.445E+02  2.637E-26  3.809E-16
5.395E+02  2.734E-26  3.913E-16
5.346E+02  2.835E-26  4.019E-16
5.297E+02  2.939E-26  4.129E-16
5.248E+02  3.047E-26  4.242E-16
5.200E+02  3.159E-26  4.358E-16
5.152E+02  3.275E-26  4.476E-16
5.105E+02  3.396E-26  4.598E-16
5.058E+02  3.520E-26  4.723E-16
5.012E+02  3.649E-26  4.851E-16
4.966E+02  3.783E-26  4.983E-16
4.920E+02  3.921E-26  5.118E-16
4.875E+02  4.064E-26  5.256E-16
4.831E+02  4.213E-26  5.398E-16
4.786E+02  4.367E-26  5.544E-16
4.742E+02  4.526E-26  5.693E-16
4.699E+02  4.690E-26  5.846E-16
4.656E+02  4.861E-26  6.003E-16
4.613E+02  5.038E-26  6.165E-16
4.571E+02  5.221E-26  6.330E-16
4.529E+02  5.410E-26  6.499E-16
4.487E+02  5.606E-26  6.673E-16
4.446E+02  5.809E-26  6.851E-16
4.406E+02  6.019E-26  7.034E-16
4.365E+02  6.236E-26  7.221E-16
4.325E+02  6.461E-26  7.412E-16
4.285E+02  6.693E-26  7.609E-16
4.246E+02  6.934E-26  7.810E-16
4.207E+02  7.183E-26  8.016E-16
4.169E+02  7.441E-26  8.228E-16
4.130E+02  7.707E-26  8.444E-16
4.093E+02  7.983E-26  8.667E-16
4.055E+02  8.269E-26  8.894E-16
4.018E+02  8.564E-26  9.127E-16
3.981E+02  8.869E-26  9.366E-16
3.945E+02  9.185E-26  9.611E-16
3.908E+02  9.513E-26  9.862E-16
3.873E+02  9.851E-26  1.012E-15
3.837E+02  1.020E-25  1.038E-15
3.802E+02  1.056E-25  1.065E-15
3.767E+02  1.094E-25  1.093E-15
3.733E+02  1.132E-25  1.121E-15
3.698E+02  1.172E-25  1.150E-15
3.664E+02  1.213E-25  1.179E-15
3.631E+02  1.256E-25  1.210E-15
3.597E+02  1.300E-25  1.241E-15
3.565E+02  1.346E-25  1.272E-15
3.532E+02  1.392E-25  1.305E-15
3.499E+02  1.441E-25  1.338E-15
3.467E+02  1.491E-25  1.372E-15
3.436E+02  1.543E-25  1.406E-15
3.404E+02  1.597E-25  1.442E-15
3.373E+02  1.652E-25  1.478E-15
3.342E+02  1.709E-25  1.515E-15
3.311E+02  1.768E-25  1.553E-15
3.281E+02  1.829E-25  1.591E-15
3.251E+02  1.891E-25  1.631E-15
3.221E+02  1.956E-25  1.671E-15
3.192E+02  2.023E-25  1.712E-15
3.162E+02  2.091E-25  1.754E-15
3.133E+02  2.162E-25  1.797E-15
3.105E+02  2.235E-25  1.841E-15
3.076E+02  2.311E-25  1.886E-15
3.048E+02  2.389E-25  1.931E-15
3.020E+02  2.469E-25  1.978E-15
2.992E+02  2.552E-25  2.025E-15
2.965E+02  2.637E-25  2.074E-15
2.938E+02  2.725E-25  2.123E-15
2.911E+02  2.815E-25  2.174E-15
2.884E+02  2.908E-25  2.225E-15
2.858E+02  3.004E-25  2.277E-15
2.831E+02  3.103E-25  2.330E-15
2.805E+02  3.204E-25  2.385E-15
2.780E+02  3.309E-25  2.440E-15
2.754E+02  3.417E-25  2.496E-15
2.729E+02  3.528E-25  2.554E-15
2.704E+02  3.642E-25  2.613E-15
2.679E+02  3.761E-25  2.673E-15
2.655E+02  3.882E-25  2.734E-15
2.630E+02  4.007E-25  2.796E-15
2.606E+02  4.136E-25  2.859E-15
2.582E+02  4.268E-25  2.924E-15
2.559E+02  4.403E-25  2.988E-15
2.535E+02  4.541E-25  3.054E-15
2.512E+02  4.682E-25  3.120E-15
2.489E+02  4.824E-25  3.185E-15
2.466E+02  4.965E-25  3.248E-15
2.443E+02  5.108E-25  3.311E-15
2.421E+02  5.253E-25  3.374E-15
2.399E+02  5.400E-25  3.436E-15
2.377E+02  5.547E-25  3.498E-15
2.355E+02  5.697E-25  3.559E-15
2.333E+02  5.850E-25  3.621E-15
2.312E+02  6.005E-25  3.683E-15
2.291E+02  6.164E-25  3.746E-15
2.270E+02  6.326E-25  3.809E-15
2.249E+02  6.491E-25  3.873E-15
2.228E+02  6.659E-25  3.936E-15
2.208E+02  6.831E-25  4.001E-15
2.188E+02  7.005E-25  4.065E-15
2.168E+02  7.183E-25  4.130E-15
2.148E+02  7.363E-25  4.195E-15
2.128E+02  7.547E-25  4.260E-15
2.109E+02  7.733E-25  4.326E-15
2.089E+02  7.923E-25  4.391E-15
2.070E+02  8.116E-25  4.456E-15
2.051E+02  8.310E-25  4.522E-15
2.032E+02  8.509E-25  4.587E-15
2.014E+02  8.711E-25  4.653E-15
1.995E+02  8.915E-25  4.718E-15
1.977E+02  9.122E-25  4.784E-15
1.959E+02  9.332E-25  4.849E-15
1.941E+02  9.545E-25  4.914E-15
1.923E+02  9.761E-25  4.979E-15
1.905E+02  9.979E-25  5.044E-15
1.888E+02  1.020E-24  5.109E-15
1.871E+02  1.043E-24  5.173E-15
1.854E+02  1.065E-24  5.237E-15
1.837E+02  1.088E-24  5.301E-15
1.820E+02  1.111E-24  5.365E-15
1.803E+02  1.135E-24  5.428E-15
1.786E+02  1.159E-24  5.491E-15
1.770E+02  1.183E-24  5.553E-15
1.754E+02  1.207E-24  5.616E-15
1.738E+02  1.232E-24  5.677E-15
1.722E+02  1.256E-24  5.739E-15
1.706E+02  1.282E-24  5.800E-15
1.690E+02  1.307E-24  5.860E-15
1.675E+02  1.333E-24  5.921E-15
1.660E+02  1.359E-24  5.981E-15
1.644E+02  1.385E-24  6.041E-15
1.629E+02  1.411E-24  6.100E-15
1.614E+02  1.438E-24  6.160E-15
1.600E+02  1.466E-24  6.220E-15
1.585E+02  1.494E-24  6.279E-15
1.570E+02  1.522E-24  6.339E-15
1.556E+02  1.551E-24  6.400E-15
1.542E+02  1.580E-24  6.461E-15
1.528E+02  1.610E-24  6.522E-15
1.514E+02  1.640E-24  6.585E-15
1.500E+02  1.672E-24  6.649E-15
1.486E+02  1.704E-24  6.715E-15
1.472E+02  1.737E-24  6.782E-15
1.459E+02  1.770E-24  6.850E-15
1.445E+02  1.804E-24  6.917E-15
1.432E+02  1.838E-24  6.981E-15
1.419E+02  1.870E-24  7.040E-15
1.406E+02  1.901E-24  7.091E-15
1.393E+02  1.930E-24  7.133E-15
1.380E+02  1.956E-24  7.163E-15
1.368E+02  1.980E-24  7.182E-15
1.355E+02  2.001E-24  7.192E-15
1.343E+02  2.020E-24  7.196E-15
1.330E+02  2.039E-24  7.196E-15
1.318E+02  2.058E-24  7.195E-15
1.306E+02  2.076E-24  7.193E-15
1.294E+02  2.095E-24  7.191E-15
1.282E+02  2.114E-24  7.191E-15
1.271E+02  2.134E-24  7.191E-15
1.259E+02  2.154E-24  7.192E-15
1.247E+02  2.174E-24  7.193E-15
1.236E+02  2.194E-24  7.194E-15
1.225E+02  2.215E-24  7.196E-15
1.213E+02  2.236E-24  7.197E-15
1.202E+02  2.257E-24  7.198E-15
1.191E+02  2.278E-24  7.198E-15
1.180E+02  2.299E-24  7.197E-15
1.169E+02  2.319E-24  7.194E-15
1.159E+02  2.340E-24  7.191E-15
1.148E+02  2.360E-24  7.187E-15
1.138E+02  2.380E-24  7.181E-15
1.127E+02  2.400E-24  7.175E-15
1.117E+02  2.419E-24  7.168E-15
1.107E+02  2.439E-24  7.160E-15
1.096E+02  2.459E-24  7.151E-15
1.086E+02  2.478E-24  7.140E-15
1.076E+02  2.497E-24  7.129E-15
1.067E+02  2.515E-24  7.116E-15
1.057E+02  2.533E-24  7.102E-15
1.047E+02  2.551E-24  7.086E-15
1.038E+02  2.569E-24  7.069E-15
1.028E+02  2.586E-24  7.051E-15
1.019E+02  2.602E-24  7.030E-15
1.009E+02  2.618E-24  7.009E-15
1.000E+02  2.633E-24  6.985E-15
9.908E+01  2.648E-24  6.961E-15
9.817E+01  2.663E-24  6.934E-15
9.727E+01  2.676E-24  6.906E-15
9.638E+01  2.690E-24  6.877E-15
9.550E+01  2.703E-24  6.846E-15
9.462E+01  2.715E-24  6.815E-15
9.376E+01  2.727E-24  6.781E-15
9.290E+01  2.738E-24  6.747E-15
9.204E+01  2.748E-24  6.711E-15
9.120E+01  2.758E-24  6.673E-15
9.036E+01  2.768E-24  6.635E-15
8.954E+01  2.777E-24  6.595E-15
8.872E+01  2.785E-24  6.554E-15
8.790E+01  2.793E-24  6.512E-15
8.710E+01  2.800E-24  6.470E-15
8.630E+01  2.807E-24  6.426E-15
8.551E+01  2.813E-24  6.381E-15
8.472E+01  2.819E-24  6.335E-15
8.395E+01  2.824E-24  6.287E-15
8.318E+01  2.828E-24  6.239E-15
8.241E+01  2.831E-24  6.189E-15
8.166E+01  2.834E-24  6.139E-15
8.091E+01  2.837E-24  6.088E-15
8.017E+01  2.839E-24  6.037E-15
7.943E+01  2.840E-24  5.983E-15
7.870E+01  2.840E-24  5.929E-15
7.798E+01  2.840E-24  5.874E-15
7.727E+01  2.839E-24  5.818E-15
7.656E+01  2.837E-24  5.762E-15
7.586E+01  2.835E-24  5.705E-15
7.516E+01  2.832E-24  5.647E-15
7.447E+01  2.829E-24  5.588E-15
7.379E+01  2.824E-24  5.528E-15
7.311E+01  2.819E-24  5.468E-15
7.244E+01  2.813E-24  5.406E-15
7.178E+01  2.807E-24  5.344E-15
7.112E+01  2.800E-24  5.281E-15
7.047E+01  2.792E-24  5.219E-15
6.982E+01  2.784E-24  5.157E-15
6.918E+01  2.776E-24  5.094E-15
6.855E+01  2.766E-24  5.030E-15
6.792E+01  2.756E-24  4.964E-15
6.730E+01  2.744E-24  4.899E-15
6.668E+01  2.733E-24  4.834E-15
6.607E+01  2.721E-24  4.769E-15
6.546E+01  2.708E-24  4.703E-15
6.486E+01  2.695E-24  4.637E-15
6.427E+01  2.681E-24  4.570E-15
6.368E+01  2.666E-24  4.503E-15
6.310E+01  2.651E-24  4.437E-15
6.252E+01  2.636E-24  4.371E-15
6.194E+01  2.619E-24  4.304E-15
6.138E+01  2.603E-24  4.238E-15
6.081E+01  2.586E-24  4.171E-15
6.026E+01  2.568E-24  4.104E-15
5.970E+01  2.549E-24  4.037E-15
5.916E+01  2.530E-24  3.970E-15
5.861E+01  2.510E-24  3.903E-15
5.808E+01  2.490E-24  3.836E-15
5.754E+01  2.469E-24  3.769E-15
5.702E+01  2.448E-24  3.702E-15
5.649E+01  2.426E-24  3.636E-15
5.598E+01  2.404E-24  3.570E-15
5.546E+01  2.382E-24  3.504E-15
5.495E+01  2.359E-24  3.439E-15
5.445E+01  2.336E-24  3.374E-15
5.395E+01  2.312E-24  3.309E-15
5.346E+01  2.288E-24  3.245E-15
5.297E+01  2.264E-24  3.181E-15
5.248E+01  2.239E-24  3.117E-15
5.200E+01  2.214E-24  3.054E-15
5.152E+01  2.189E-24  2.991E-15
5.105E+01  2.163E-24  2.929E-15
5.058E+01  2.137E-24  2.867E-15
5.012E+01  2.110E-24  2.806E-15
4.966E+01  2.083E-24  2.744E-15
4.920E+01  2.056E-24  2.684E-15
4.875E+01  2.029E-24  2.624E-15
4.831E+01  2.002E-24  2.565E-15
4.786E+01  1.974E-24  2.506E-15
4.742E+01  1.946E-24  2.448E-15
4.699E+01  1.918E-24  2.391E-15
4.656E+01  1.890E-24  2.335E-15
4.613E+01  1.862E-24  2.279E-15
4.571E+01  1.834E-24  2.224E-15
4.529E+01  1.806E-24  2.170E-15
4.487E+01  1.778E-24  2.116E-15
4.446E+01  1.750E-24  2.064E-15
4.406E+01  1.722E-24  2.012E-15
4.365E+01  1.694E-24  1.961E-15
4.325E+01  1.665E-24  1.911E-15
4.285E+01  1.637E-24  1.861E-15
4.246E+01  1.609E-24  1.812E-15
4.207E+01  1.581E-24  1.764E-15
4.169E+01  1.552E-24  1.716E-15
4.130E+01  1.524E-24  1.670E-15
4.093E+01  1.495E-24  1.623E-15
4.055E+01  1.467E-24  1.578E-15
4.018E+01  1.439E-24  1.533E-15
3.981E+01  1.410E-24  1.489E-15
3.945E+01  1.382E-24  1.446E-15
3.908E+01  1.353E-24  1.403E-15
3.873E+01  1.325E-24  1.361E-15
3.837E+01  1.297E-24  1.320E-15
3.802E+01  1.268E-24  1.279E-15
3.767E+01  1.240E-24  1.239E-15
3.733E+01  1.212E-24  1.200E-15
3.698E+01  1.183E-24  1.160E-15
3.664E+01  1.154E-24  1.122E-15
3.631E+01  1.126E-24  1.085E-15
3.597E+01  1.098E-24  1.048E-15
3.565E+01  1.070E-24  1.012E-15
3.532E+01  1.043E-24  9.767E-16
3.499E+01  1.015E-24  9.424E-16
3.467E+01  9.882E-25  9.089E-16
3.436E+01  9.614E-25  8.762E-16
3.404E+01  9.350E-25  8.442E-16
3.373E+01  9.089E-25  8.131E-16
3.342E+01  8.832E-25  7.830E-16
3.311E+01  8.583E-25  7.539E-16
3.281E+01  8.337E-25  7.256E-16
3.251E+01  8.096E-25  6.981E-16
3.221E+01  7.860E-25  6.715E-16
3.192E+01  7.628E-25  6.458E-16
3.162E+01  7.402E-25  6.209E-16
3.133E+01  7.182E-25  5.969E-16
3.105E+01  6.967E-25  5.737E-16
3.076E+01  6.758E-25  5.514E-16
3.048E+01  6.556E-25  5.300E-16
3.020E+01  6.360E-25  5.095E-16
2.992E+01  6.170E-25  4.897E-16
2.965E+01  5.985E-25  4.707E-16
2.938E+01  5.806E-25  4.524E-16
2.911E+01  5.634E-25  4.350E-16
2.884E+01  5.468E-25  4.183E-16
2.858E+01  5.309E-25  4.024E-16
2.831E+01  5.157E-25  3.873E-16
2.805E+01  5.011E-25  3.729E-16
2.780E+01  4.871E-25  3.591E-16
2.754E+01  4.737E-25  3.461E-16
2.729E+01  4.610E-25  3.337E-16
2.704E+01  4.488E-25  3.219E-16
2.679E+01  4.373E-25  3.108E-16
2.655E+01  4.263E-25  3.002E-16
2.630E+01  4.158E-25  2.901E-16
2.606E+01  4.058E-25  2.805E-16
2.582E+01  3.963E-25  2.715E-16
2.559E+01  3.874E-25  2.629E-16
2.535E+01  3.788E-25  2.547E-16
2.512E+01  3.707E-25  2.470E-16
2.489E+01  3.630E-25  2.397E-16
2.466E+01  3.557E-25  2.326E-16
2.443E+01  3.487E-25  2.260E-16
2.421E+01  3.419E-25  2.196E-16
2.399E+01  3.354E-25  2.134E-16
2.377E+01  3.293E-25  2.076E-16
2.355E+01  3.239E-25  2.023E-16
2.333E+01  3.187E-25  1.972E-16
2.312E+01  3.133E-25  1.921E-16
2.291E+01  3.083E-25  1.874E-16
2.270E+01  3.042E-25  1.831E-16
2.249E+01  3.006E-25  1.794E-16
2.228E+01  2.976E-25  1.759E-16
2.208E+01  2.945E-25  1.725E-16
2.188E+01  2.912E-25  1.690E-16
2.168E+01  2.878E-25  1.655E-16
2.148E+01  2.847E-25  1.622E-16
2.128E+01  2.821E-25  1.592E-16
2.109E+01  2.800E-25  1.566E-16
2.089E+01  2.779E-25  1.540E-16
2.070E+01  2.758E-25  1.514E-16
2.051E+01  2.737E-25  1.489E-16
2.032E+01  2.720E-25  1.466E-16
2.014E+01  2.715E-25  1.450E-16
1.995E+01  2.710E-25  1.435E-16
1.977E+01  2.704E-25  1.418E-16
1.959E+01  2.694E-25  1.400E-16
1.941E+01  2.680E-25  1.380E-16
1.923E+01  2.661E-25  1.358E-16
1.905E+01  2.638E-25  1.333E-16
1.888E+01  2.609E-25  1.306E-16
1.871E+01  2.574E-25  1.277E-16
1.854E+01  2.533E-25  1.246E-16
1.837E+01  2.488E-25  1.212E-16
1.820E+01  2.437E-25  1.176E-16
1.803E+01  2.382E-25  1.139E-16
1.786E+01  2.324E-25  1.101E-16
1.770E+01  2.262E-25  1.062E-16
1.754E+01  2.194E-25  1.021E-16
1.738E+01  2.125E-25  9.793E-17
1.722E+01  2.053E-25  9.375E-17
1.706E+01  1.982E-25  8.970E-17
1.690E+01  1.911E-25  8.571E-17
1.675E+01  1.840E-25  8.177E-17
1.660E+01  1.768E-25  7.783E-17
1.644E+01  1.696E-25  7.399E-17
1.629E+01  1.626E-25  7.026E-17
1.614E+01  1.558E-25  6.672E-17
1.600E+01  1.493E-25  6.334E-17
1.585E+01  1.430E-25  6.012E-17
1.570E+01  1.370E-25  5.706E-17
1.556E+01  1.312E-25  5.416E-17
1.542E+01  1.257E-25  5.142E-17
1.528E+01  1.206E-25  4.886E-17
1.514E+01  1.157E-25  4.646E-17
1.500E+01  1.113E-25  4.426E-17
1.486E+01  1.070E-25  4.216E-17
1.472E+01  1.029E-25  4.018E-17
1.459E+01  9.906E-26  3.833E-17
1.445E+01  9.586E-26  3.675E-17
1.432E+01  9.325E-26  3.543E-17
1.419E+01  9.142E-26  3.441E-17
1.406E+01  9.042E-26  3.372E-17
1.393E+01  9.041E-26  3.341E-17
1.380E+01  9.120E-26  3.339E-17
1.368E+01  9.292E-26  3.371E-17
1.355E+01  9.521E-26  3.423E-17
1.343E+01  9.794E-26  3.488E-17
1.330E+01  1.008E-25  3.559E-17
1.318E+01  1.040E-25  3.636E-17
1.306E+01  1.071E-25  3.712E-17
1.294E+01  1.105E-25  3.794E-17
1.282E+01  1.144E-25  3.891E-17
1.271E+01  1.186E-25  3.996E-17
1.259E+01  1.229E-25  4.104E-17
1.247E+01  1.273E-25  4.212E-17
1.236E+01  1.317E-25  4.319E-17
1.225E+01  1.360E-25  4.419E-17
1.213E+01  1.408E-25  4.532E-17
1.202E+01  1.462E-25  4.662E-17
1.191E+01  1.517E-25  4.794E-17
1.180E+01  1.573E-25  4.926E-17
1.169E+01  1.629E-25  5.054E-17
1.159E+01  1.680E-25  5.164E-17
1.148E+01  1.731E-25  5.272E-17
1.138E+01  1.787E-25  5.393E-17
1.127E+01  1.847E-25  5.524E-17
1.117E+01  1.912E-25  5.666E-17
1.107E+01  1.980E-25  5.812E-17
1.096E+01  2.046E-25  5.951E-17
1.086E+01  2.116E-25  6.099E-17
1.076E+01  2.196E-25  6.271E-17
1.067E+01  2.286E-25  6.468E-17
1.057E+01  2.385E-25  6.685E-17
1.047E+01  2.481E-25  6.891E-17
1.038E+01  2.563E-25  7.054E-17
1.028E+01  2.626E-25  7.161E-17
1.019E+01  2.672E-25  7.219E-17
1.009E+01  2.710E-25  7.254E-17
1.000E+01  2.747E-25  7.287E-17
9.908E+00  2.791E-25  7.336E-17
9.817E+00  2.839E-25  7.394E-17
9.727E+00  2.890E-25  7.456E-17
9.638E+00  2.938E-25  7.512E-17
9.550E+00  2.967E-25  7.516E-17
9.462E+00  2.967E-25  7.448E-17
9.376E+00  2.930E-25  7.287E-17
9.290E+00  2.851E-25  7.024E-17
9.204E+00  2.731E-25  6.667E-17
9.120E+00  2.578E-25  6.237E-17
9.036E+00  2.405E-25  5.764E-17
8.954E+00  2.225E-25  5.283E-17
8.872E+00  2.051E-25  4.827E-17
8.790E+00  1.892E-25  4.411E-17
8.710E+00  1.750E-25  4.044E-17
8.630E+00  1.628E-25  3.726E-17
8.551E+00  1.520E-25  3.447E-17
8.472E+00  1.418E-25  3.187E-17
8.395E+00  1.313E-25  2.924E-17
8.318E+00  1.197E-25  2.641E-17
8.241E+00  1.070E-25  2.340E-17
8.166E+00  9.369E-26  2.029E-17
8.091E+00  8.142E-26  1.747E-17
8.017E+00  7.028E-26  1.494E-17
7.943E+00  6.051E-26  1.275E-17
7.870E+00  5.201E-26  1.086E-17
7.798E+00  4.472E-26  9.251E-18
7.727E+00  3.868E-26  7.928E-18
7.656E+00  3.376E-26  6.856E-18
7.586E+00  2.979E-26  5.995E-18
7.516E+00  2.678E-26  5.339E-18
7.447E+00  2.460E-26  4.860E-18
7.379E+00  2.298E-26  4.498E-18
7.311E+00  2.191E-26  4.249E-18
7.244E+00  2.114E-26  4.063E-18
7.178E+00  2.056E-26  3.915E-18
7.112E+00  2.023E-26  3.816E-18
7.047E+00  2.003E-26  3.745E-18
6.982E+00  1.987E-26  3.680E-18
6.918E+00  1.977E-26  3.628E-18
6.855E+00  1.970E-26  3.582E-18
6.792E+00  1.963E-26  3.537E-18
6.730E+00  1.958E-26  3.495E-18
6.668E+00  1.952E-26  3.453E-18
6.607E+00  1.946E-26  3.411E-18
6.546E+00  1.940E-26  3.368E-18
6.486E+00  1.933E-26  3.326E-18
6.427E+00  1.925E-26  3.282E-18
6.368E+00  1.917E-26  3.238E-18
6.310E+00  1.908E-26  3.193E-18
6.252E+00  1.898E-26  3.147E-18
6.194E+00  1.887E-26  3.100E-18
6.138E+00  1.874E-26  3.050E-18
6.081E+00  1.861E-26  3.002E-18
6.026E+00  1.848E-26  2.954E-18
5.970E+00  1.836E-26  2.908E-18
5.916E+00  1.825E-26  2.863E-18
5.861E+00  1.814E-26  2.820E-18
5.808E+00  1.804E-26  2.779E-18
5.754E+00  1.794E-26  2.739E-18
5.702E+00  1.786E-26  2.701E-18
5.649E+00  1.778E-26  2.664E-18
5.598E+00  1.771E-26  2.629E-18
5.546E+00  1.764E-26  2.595E-18
5.495E+00  1.758E-26  2.563E-18
5.445E+00  1.754E-26  2.533E-18
5.395E+00  1.749E-26  2.503E-18
5.346E+00  1.745E-26  2.475E-18
5.297E+00  1.742E-26  2.448E-18
5.248E+00  1.740E-26  2.422E-18
5.200E+00  1.738E-26  2.397E-18
5.152E+00  1.736E-26  2.373E-18
5.105E+00  1.735E-26  2.350E-18
5.058E+00  1.735E-26  2.328E-18
5.012E+00  1.735E-26  2.307E-18
4.966E+00  1.736E-26  2.287E-18
4.920E+00  1.738E-26  2.268E-18
4.875E+00  1.739E-26  2.249E-18
4.831E+00  1.741E-26  2.231E-18
4.786E+00  1.743E-26  2.213E-18
4.742E+00  1.746E-26  2.196E-18
4.699E+00  1.749E-26  2.179E-18
4.656E+00  1.752E-26  2.163E-18
4.613E+00  1.755E-26  2.147E-18
4.571E+00  1.758E-26  2.131E-18
4.529E+00  1.761E-26  2.116E-18
4.487E+00  1.765E-26  2.101E-18
4.446E+00  1.768E-26  2.086E-18
4.406E+00  1.773E-26  2.072E-18
4.365E+00  1.777E-26  2.058E-18
4.325E+00  1.781E-26  2.044E-18
4.285E+00  1.786E-26  2.030E-18
4.246E+00  1.790E-26  2.016E-18
4.207E+00  1.794E-26  2.003E-18
4.169E+00  1.799E-26  1.989E-18
4.130E+00  1.803E-26  1.975E-18
4.093E+00  1.806E-26  1.960E-18
4.055E+00  1.809E-26  1.945E-18
4.018E+00  1.811E-26  1.930E-18
3.981E+00  1.814E-26  1.915E-18
3.945E+00  1.816E-26  1.900E-18
3.908E+00  1.818E-26  1.885E-18
3.873E+00  1.820E-26  1.870E-18
3.837E+00  1.823E-26  1.855E-18
3.802E+00  1.825E-26  1.840E-18
3.767E+00  1.827E-26  1.825E-18
3.733E+00  1.829E-26  1.811E-18
3.698E+00  1.831E-26  1.796E-18
3.664E+00  1.832E-26  1.781E-18
3.631E+00  1.834E-26  1.766E-18
3.597E+00  1.835E-26  1.751E-18
3.565E+00  1.837E-26  1.736E-18
3.532E+00  1.838E-26  1.722E-18
3.499E+00  1.838E-26  1.707E-18
3.467E+00  1.839E-26  1.692E-18
3.436E+00  1.840E-26  1.676E-18
3.404E+00  1.840E-26  1.661E-18
3.373E+00  1.840E-26  1.646E-18
3.342E+00  1.839E-26  1.630E-18
3.311E+00  1.838E-26  1.615E-18
3.281E+00  1.837E-26  1.599E-18
3.251E+00  1.835E-26  1.583E-18
3.221E+00  1.833E-26  1.566E-18
3.192E+00  1.830E-26  1.549E-18
3.162E+00  1.827E-26  1.532E-18
3.133E+00  1.824E-26  1.516E-18
3.105E+00  1.821E-26  1.500E-18
3.076E+00  1.819E-26  1.484E-18
3.048E+00  1.817E-26  1.469E-18
3.020E+00  1.815E-26  1.454E-18
2.992E+00  1.812E-26  1.439E-18
2.965E+00  1.810E-26  1.423E-18
2.938E+00  1.807E-26  1.408E-18
2.911E+00  1.805E-26  1.393E-18
2.884E+00  1.802E-26  1.378E-18
2.858E+00  1.798E-26  1.363E-18
2.831E+00  1.795E-26  1.348E-18
2.805E+00  1.792E-26  1.333E-18
2.780E+00  1.788E-26  1.319E-18
2.754E+00  1.785E-26  1.304E-18
2.729E+00  1.781E-26  1.289E-18
2.704E+00  1.777E-26  1.274E-18
2.679E+00  1.772E-26  1.260E-18
2.655E+00  1.768E-26  1.245E-18
2.630E+00  1.763E-26  1.230E-18
2.606E+00  1.759E-26  1.216E-18
2.582E+00  1.754E-26  1.201E-18
2.559E+00  1.749E-26  1.187E-18
2.535E+00  1.744E-26  1.173E-18
2.512E+00  1.739E-26  1.159E-18
2.489E+00  1.734E-26  1.144E-18
2.466E+00  1.728E-26  1.130E-18
2.443E+00  1.723E-26  1.117E-18
2.421E+00  1.717E-26  1.103E-18
2.399E+00  1.712E-26  1.089E-18
2.377E+00  1.706E-26  1.075E-18
2.355E+00  1.699E-26  1.062E-18
2.333E+00  1.693E-26  1.048E-18
2.312E+00  1.686E-26  1.034E-18
2.291E+00  1.679E-26  1.020E-18
2.270E+00  1.672E-26  1.007E-18
2.249E+00  1.665E-26  9.933E-19
2.228E+00  1.658E-26  9.798E-19
2.208E+00  1.650E-26  9.664E-19
2.188E+00  1.642E-26  9.530E-19
2.168E+00  1.634E-26  9.397E-19
2.148E+00  1.626E-26  9.266E-19
2.128E+00  1.618E-26  9.135E-19
2.109E+00  1.610E-26  9.005E-19
2.089E+00  1.602E-26  8.876E-19
2.070E+00  1.593E-26  8.747E-19
2.051E+00  1.584E-26  8.619E-19
2.032E+00  1.575E-26  8.491E-19
2.014E+00  1.566E-26  8.365E-19
1.995E+00  1.557E-26  8.238E-19
1.977E+00  1.547E-26  8.113E-19
1.959E+00  1.537E-26  7.989E-19
1.941E+00  1.528E-26  7.865E-19
1.923E+00  1.518E-26  7.742E-19
1.905E+00  1.508E-26  7.620E-19
1.888E+00  1.497E-26  7.498E-19
1.871E+00  1.487E-26  7.378E-19
1.854E+00  1.476E-26  7.259E-19
1.837E+00  1.466E-26  7.140E-19
1.820E+00  1.455E-26  7.023E-19
1.803E+00  1.444E-26  6.906E-19
1.786E+00  1.433E-26  6.791E-19
1.770E+00  1.422E-26  6.677E-19
1.754E+00  1.411E-26  6.565E-19
1.738E+00  1.400E-26  6.454E-19
1.722E+00  1.389E-26  6.344E-19
1.706E+00  1.378E-26  6.235E-19
1.690E+00  1.366E-26  6.127E-19
1.675E+00  1.355E-26  6.020E-19
1.660E+00  1.344E-26  5.914E-19
1.644E+00  1.332E-26  5.809E-19
1.629E+00  1.320E-26  5.705E-19
1.614E+00  1.308E-26  5.601E-19
1.600E+00  1.296E-26  5.499E-19
1.585E+00  1.284E-26  5.397E-19
1.570E+00  1.271E-26  5.296E-19
1.556E+00  1.259E-26  5.196E-19
1.542E+00  1.246E-26  5.097E-19
1.528E+00  1.234E-26  4.998E-19
1.514E+00  1.221E-26  4.901E-19
1.500E+00  1.208E-26  4.804E-19
1.486E+00  1.195E-26  4.708E-19
1.472E+00  1.181E-26  4.614E-19
1.459E+00  1.168E-26  4.520E-19
1.445E+00  1.155E-26  4.428E-19
1.432E+00  1.142E-26  4.337E-19
1.419E+00  1.128E-26  4.247E-19
1.406E+00  1.115E-26  4.157E-19
1.393E+00  1.101E-26  4.069E-19
1.380E+00  1.088E-26  3.982E-19
1.368E+00  1.074E-26  3.896E-19
1.355E+00  1.060E-26  3.810E-19
1.343E+00  1.046E-26  3.726E-19
1.330E+00  1.032E-26  3.643E-19
1.318E+00  1.018E-26  3.560E-19
1.306E+00  1.004E-26  3.479E-19
1.294E+00  9.902E-27  3.399E-19
1.282E+00  9.763E-27  3.321E-19
1.271E+00  9.625E-27  3.244E-19
1.259E+00  9.486E-27  3.168E-19
1.247E+00  9.348E-27  3.093E-19
1.236E+00  9.213E-27  3.021E-19
1.225E+00  9.078E-27  2.949E-19
1.213E+00  8.943E-27  2.878E-19
1.202E+00  8.807E-27  2.809E-19
1.191E+00  8.672E-27  2.740E-19
1.180E+00  8.536E-27  2.673E-19
1.169E+00  8.401E-27  2.606E-19
1.159E+00  8.266E-27  2.541E-19
1.148E+00  8.131E-27  2.476E-19
1.138E+00  7.996E-27  2.413E-19
1.127E+00  7.862E-27  2.351E-19
1.117E+00  7.727E-27  2.289E-19
1.107E+00  7.593E-27  2.229E-19
1.096E+00  7.460E-27  2.170E-19
1.086E+00  7.327E-27  2.112E-19
1.076E+00  7.195E-27  2.054E-19
1.067E+00  7.063E-27  1.998E-19
1.057E+00  6.931E-27  1.943E-19
1.047E+00  6.801E-27  1.889E-19
1.038E+00  6.671E-27  1.836E-19
1.028E+00  6.541E-27  1.784E-19
1.019E+00  6.413E-27  1.733E-19
1.009E+00  6.285E-27  1.683E-19
1.000E+00  6.158E-27  1.634E-19
