Dust emission from Draine & Li (2007): ApJ 657, 810-837
================================================================
        10 = grain model
 4.000E-08 4.000E-01 5.000E-06 = a_01 (cm) , sigma_1 , b_C1/0.92
 2.500E-07 4.000E-01 5.000E-06 = a_02 (cm) , sigma_2 , b_C2/0.92
 5.000E-01 1.000E+05 2.000E+00 = Umin , Umax, beta (dN/dU propto U^{-beta})
 6.103E+00 = <U> 
     mmp83 = radfield
 6.373E-24 = power/H (erg s-1)
 band   nu*P_nu(band) j_nu(band)
 (um)   (erg s-1 H-1)(Jy cm2 sr-1 H-1)
1.270E+00  1.787E-26  6.020E-19 COBE-DIRBE
2.220E+00  2.407E-26  1.417E-18 COBE-DIRBE
3.530E+00  1.278E-25  1.196E-17 COBE-DIRBE
4.880E+00  6.370E-26  8.246E-18 COBE-DIRBE
1.229E+01  8.700E-25  2.836E-16 COBE-DIRBE
2.079E+01  1.563E-24  8.618E-16 COBE-DIRBE
5.599E+01  2.645E-24  3.928E-15 COBE-DIRBE
9.770E+01  1.998E-24  5.178E-15 COBE-DIRBE
1.479E+02  1.304E-24  5.115E-15 COBE-DIRBE
2.479E+02  4.405E-25  2.896E-15 COBE-DIRBE
1.200E+01  8.519E-25  2.712E-16 IRAS
2.500E+01  1.801E-24  1.194E-15 IRAS
6.000E+01  2.590E-24  4.123E-15 IRAS
1.000E+02  1.960E-24  5.200E-15 IRAS
3.550E+00  1.476E-25  1.390E-17 SST-IRAC
4.493E+00  4.597E-26  5.478E-18 SST-IRAC
5.731E+00  3.714E-25  5.646E-17 SST-IRAC
7.872E+00  1.048E-24  2.188E-16 SST-IRAC
2.368E+01  1.714E-24  1.077E-15 SST-MIPS
7.142E+01  2.194E-24  4.156E-15 SST-MIPS
1.559E+02  1.137E-24  4.703E-15 SST-MIPS
1.600E+01  9.701E-25  4.117E-16 SST-IRSPU
2.200E+01  1.702E-24  9.931E-16 SST-IRSPU











lambda    nu*dP/dnu     j_nu
 (um)   (erg s-1 H-1)(Jy cm2 sr-1 H-1)
1.000E+04  1.967E-31  5.217E-20
9.908E+03  2.038E-31  5.357E-20
9.817E+03  2.112E-31  5.500E-20
9.727E+03  2.189E-31  5.648E-20
9.638E+03  2.268E-31  5.800E-20
9.550E+03  2.351E-31  5.955E-20
9.462E+03  2.436E-31  6.115E-20
9.376E+03  2.525E-31  6.279E-20
9.290E+03  2.617E-31  6.448E-20
9.204E+03  2.712E-31  6.621E-20
9.120E+03  2.810E-31  6.798E-20
9.036E+03  2.912E-31  6.981E-20
8.954E+03  3.018E-31  7.167E-20
8.872E+03  3.127E-31  7.358E-20
8.790E+03  3.240E-31  7.554E-20
8.710E+03  3.357E-31  7.755E-20
8.630E+03  3.478E-31  7.962E-20
8.551E+03  3.604E-31  8.175E-20
8.472E+03  3.735E-31  8.393E-20
8.395E+03  3.870E-31  8.618E-20
8.318E+03  4.010E-31  8.848E-20
8.241E+03  4.156E-31  9.085E-20
8.166E+03  4.307E-31  9.329E-20
8.091E+03  4.463E-31  9.579E-20
8.017E+03  4.625E-31  9.836E-20
7.943E+03  4.794E-31  1.010E-19
7.870E+03  4.968E-31  1.037E-19
7.798E+03  5.149E-31  1.065E-19
7.727E+03  5.337E-31  1.094E-19
7.656E+03  5.531E-31  1.123E-19
7.586E+03  5.733E-31  1.154E-19
7.516E+03  5.942E-31  1.185E-19
7.447E+03  6.159E-31  1.217E-19
7.379E+03  6.384E-31  1.250E-19
7.311E+03  6.617E-31  1.283E-19
7.244E+03  6.859E-31  1.318E-19
7.178E+03  7.110E-31  1.354E-19
7.112E+03  7.370E-31  1.390E-19
7.047E+03  7.640E-31  1.428E-19
6.982E+03  7.920E-31  1.467E-19
6.918E+03  8.210E-31  1.507E-19
6.855E+03  8.510E-31  1.547E-19
6.792E+03  8.822E-31  1.589E-19
6.730E+03  9.145E-31  1.633E-19
6.668E+03  9.481E-31  1.677E-19
6.607E+03  9.829E-31  1.722E-19
6.546E+03  1.019E-30  1.769E-19
6.486E+03  1.056E-30  1.818E-19
6.427E+03  1.095E-30  1.867E-19
6.368E+03  1.135E-30  1.918E-19
6.310E+03  1.177E-30  1.970E-19
6.252E+03  1.221E-30  2.024E-19
6.194E+03  1.266E-30  2.080E-19
6.138E+03  1.312E-30  2.136E-19
6.081E+03  1.361E-30  2.195E-19
6.026E+03  1.411E-30  2.255E-19
5.970E+03  1.463E-30  2.317E-19
5.916E+03  1.517E-30  2.381E-19
5.861E+03  1.573E-30  2.446E-19
5.808E+03  1.631E-30  2.513E-19
5.754E+03  1.692E-30  2.582E-19
5.702E+03  1.754E-30  2.653E-19
5.649E+03  1.819E-30  2.726E-19
5.598E+03  1.887E-30  2.802E-19
5.546E+03  1.957E-30  2.879E-19
5.495E+03  2.029E-30  2.958E-19
5.445E+03  2.105E-30  3.040E-19
5.395E+03  2.183E-30  3.124E-19
5.346E+03  2.264E-30  3.210E-19
5.297E+03  2.348E-30  3.299E-19
5.248E+03  2.436E-30  3.391E-19
5.200E+03  2.526E-30  3.484E-19
5.152E+03  2.620E-30  3.581E-19
5.105E+03  2.718E-30  3.680E-19
5.058E+03  2.819E-30  3.783E-19
5.012E+03  2.924E-30  3.888E-19
4.966E+03  3.033E-30  3.996E-19
4.920E+03  3.146E-30  4.107E-19
4.875E+03  3.264E-30  4.221E-19
4.831E+03  3.386E-30  4.338E-19
4.786E+03  3.512E-30  4.459E-19
4.742E+03  3.643E-30  4.583E-19
4.699E+03  3.780E-30  4.711E-19
4.656E+03  3.921E-30  4.842E-19
4.613E+03  4.068E-30  4.978E-19
4.571E+03  4.220E-30  5.117E-19
4.529E+03  4.378E-30  5.260E-19
4.487E+03  4.543E-30  5.407E-19
4.446E+03  4.713E-30  5.559E-19
4.406E+03  4.890E-30  5.715E-19
4.365E+03  5.074E-30  5.875E-19
4.325E+03  5.265E-30  6.040E-19
4.285E+03  5.462E-30  6.210E-19
4.246E+03  5.668E-30  6.384E-19
4.207E+03  5.881E-30  6.564E-19
4.169E+03  6.103E-30  6.748E-19
4.130E+03  6.333E-30  6.939E-19
4.093E+03  6.572E-30  7.134E-19
4.055E+03  6.820E-30  7.335E-19
4.018E+03  7.077E-30  7.542E-19
3.981E+03  7.344E-30  7.755E-19
3.945E+03  7.621E-30  7.974E-19
3.908E+03  7.908E-30  8.199E-19
3.873E+03  8.207E-30  8.430E-19
3.837E+03  8.517E-30  8.669E-19
3.802E+03  8.839E-30  8.914E-19
3.767E+03  9.173E-30  9.166E-19
3.733E+03  9.520E-30  9.426E-19
3.698E+03  9.881E-30  9.693E-19
3.664E+03  1.026E-29  9.968E-19
3.631E+03  1.064E-29  1.025E-18
3.597E+03  1.105E-29  1.054E-18
3.565E+03  1.147E-29  1.084E-18
3.532E+03  1.190E-29  1.115E-18
3.499E+03  1.236E-29  1.147E-18
3.467E+03  1.283E-29  1.180E-18
3.436E+03  1.331E-29  1.213E-18
3.404E+03  1.382E-29  1.248E-18
3.373E+03  1.435E-29  1.284E-18
3.342E+03  1.489E-29  1.320E-18
3.311E+03  1.546E-29  1.358E-18
3.281E+03  1.605E-29  1.397E-18
3.251E+03  1.667E-29  1.437E-18
3.221E+03  1.730E-29  1.478E-18
3.192E+03  1.796E-29  1.521E-18
3.162E+03  1.865E-29  1.565E-18
3.133E+03  1.936E-29  1.609E-18
3.105E+03  2.011E-29  1.656E-18
3.076E+03  2.088E-29  1.703E-18
3.048E+03  2.168E-29  1.753E-18
3.020E+03  2.251E-29  1.803E-18
2.992E+03  2.337E-29  1.855E-18
2.965E+03  2.426E-29  1.908E-18
2.938E+03  2.519E-29  1.963E-18
2.911E+03  2.616E-29  2.020E-18
2.884E+03  2.716E-29  2.078E-18
2.858E+03  2.820E-29  2.138E-18
2.831E+03  2.928E-29  2.199E-18
2.805E+03  3.040E-29  2.263E-18
2.780E+03  3.157E-29  2.328E-18
2.754E+03  3.278E-29  2.395E-18
2.729E+03  3.405E-29  2.464E-18
2.704E+03  3.535E-29  2.536E-18
2.679E+03  3.671E-29  2.609E-18
2.655E+03  3.813E-29  2.685E-18
2.630E+03  3.960E-29  2.763E-18
2.606E+03  4.112E-29  2.843E-18
2.582E+03  4.271E-29  2.925E-18
2.559E+03  4.436E-29  3.010E-18
2.535E+03  4.607E-29  3.098E-18
2.512E+03  4.785E-29  3.188E-18
2.489E+03  4.969E-29  3.281E-18
2.466E+03  5.161E-29  3.376E-18
2.443E+03  5.361E-29  3.475E-18
2.421E+03  5.568E-29  3.576E-18
2.399E+03  5.784E-29  3.680E-18
2.377E+03  6.008E-29  3.788E-18
2.355E+03  6.240E-29  3.898E-18
2.333E+03  6.482E-29  4.012E-18
2.312E+03  6.733E-29  4.130E-18
2.291E+03  6.994E-29  4.250E-18
2.270E+03  7.266E-29  4.375E-18
2.249E+03  7.548E-29  4.503E-18
2.228E+03  7.840E-29  4.635E-18
2.208E+03  8.145E-29  4.770E-18
2.188E+03  8.461E-29  4.910E-18
2.168E+03  8.790E-29  5.054E-18
2.148E+03  9.131E-29  5.202E-18
2.128E+03  9.486E-29  5.355E-18
2.109E+03  9.855E-29  5.512E-18
2.089E+03  1.024E-28  5.674E-18
2.070E+03  1.064E-28  5.841E-18
2.051E+03  1.105E-28  6.012E-18
2.032E+03  1.148E-28  6.189E-18
2.014E+03  1.193E-28  6.371E-18
1.995E+03  1.239E-28  6.558E-18
1.977E+03  1.287E-28  6.751E-18
1.959E+03  1.337E-28  6.949E-18
1.941E+03  1.389E-28  7.153E-18
1.923E+03  1.444E-28  7.364E-18
1.905E+03  1.500E-28  7.580E-18
1.888E+03  1.558E-28  7.803E-18
1.871E+03  1.619E-28  8.033E-18
1.854E+03  1.682E-28  8.269E-18
1.837E+03  1.747E-28  8.513E-18
1.820E+03  1.816E-28  8.763E-18
1.803E+03  1.886E-28  9.022E-18
1.786E+03  1.960E-28  9.287E-18
1.770E+03  2.036E-28  9.561E-18
1.754E+03  2.116E-28  9.843E-18
1.738E+03  2.198E-28  1.013E-17
1.722E+03  2.284E-28  1.043E-17
1.706E+03  2.373E-28  1.074E-17
1.690E+03  2.465E-28  1.106E-17
1.675E+03  2.562E-28  1.138E-17
1.660E+03  2.662E-28  1.172E-17
1.644E+03  2.765E-28  1.206E-17
1.629E+03  2.873E-28  1.242E-17
1.614E+03  2.985E-28  1.278E-17
1.600E+03  3.102E-28  1.316E-17
1.585E+03  3.223E-28  1.355E-17
1.570E+03  3.348E-28  1.395E-17
1.556E+03  3.479E-28  1.436E-17
1.542E+03  3.614E-28  1.478E-17
1.528E+03  3.755E-28  1.522E-17
1.514E+03  3.902E-28  1.566E-17
1.500E+03  4.054E-28  1.613E-17
1.486E+03  4.212E-28  1.660E-17
1.472E+03  4.376E-28  1.709E-17
1.459E+03  4.546E-28  1.759E-17
1.445E+03  4.724E-28  1.811E-17
1.432E+03  4.908E-28  1.864E-17
1.419E+03  5.099E-28  1.919E-17
1.406E+03  5.298E-28  1.976E-17
1.393E+03  5.504E-28  2.034E-17
1.380E+03  5.719E-28  2.094E-17
1.368E+03  5.941E-28  2.155E-17
1.355E+03  6.173E-28  2.219E-17
1.343E+03  6.413E-28  2.284E-17
1.330E+03  6.662E-28  2.351E-17
1.318E+03  6.921E-28  2.420E-17
1.306E+03  7.191E-28  2.491E-17
1.294E+03  7.470E-28  2.564E-17
1.282E+03  7.761E-28  2.640E-17
1.271E+03  8.062E-28  2.717E-17
1.259E+03  8.375E-28  2.797E-17
1.247E+03  8.700E-28  2.879E-17
1.236E+03  9.038E-28  2.963E-17
1.225E+03  9.388E-28  3.050E-17
1.213E+03  9.752E-28  3.139E-17
1.202E+03  1.013E-27  3.231E-17
1.191E+03  1.052E-27  3.325E-17
1.180E+03  1.093E-27  3.422E-17
1.169E+03  1.135E-27  3.522E-17
1.159E+03  1.179E-27  3.624E-17
1.148E+03  1.225E-27  3.730E-17
1.138E+03  1.272E-27  3.838E-17
1.127E+03  1.321E-27  3.950E-17
1.117E+03  1.372E-27  4.065E-17
1.107E+03  1.425E-27  4.183E-17
1.096E+03  1.480E-27  4.304E-17
1.086E+03  1.537E-27  4.429E-17
1.076E+03  1.596E-27  4.557E-17
1.067E+03  1.657E-27  4.689E-17
1.057E+03  1.721E-27  4.824E-17
1.047E+03  1.787E-27  4.964E-17
1.038E+03  1.856E-27  5.107E-17
1.028E+03  1.927E-27  5.254E-17
1.019E+03  2.001E-27  5.405E-17
1.009E+03  2.077E-27  5.561E-17
1.000E+03  2.156E-27  5.720E-17
9.908E+02  2.239E-27  5.885E-17
9.817E+02  2.325E-27  6.054E-17
9.727E+02  2.413E-27  6.227E-17
9.638E+02  2.506E-27  6.406E-17
9.550E+02  2.601E-27  6.589E-17
9.462E+02  2.700E-27  6.778E-17
9.376E+02  2.803E-27  6.972E-17
9.290E+02  2.910E-27  7.170E-17
9.204E+02  3.020E-27  7.375E-17
9.120E+02  3.135E-27  7.585E-17
9.036E+02  3.254E-27  7.800E-17
8.954E+02  3.377E-27  8.021E-17
8.872E+02  3.505E-27  8.248E-17
8.790E+02  3.637E-27  8.481E-17
8.710E+02  3.775E-27  8.720E-17
8.630E+02  3.917E-27  8.966E-17
8.551E+02  4.064E-27  9.218E-17
8.472E+02  4.217E-27  9.477E-17
8.395E+02  4.375E-27  9.742E-17
8.318E+02  4.539E-27  1.001E-16
8.241E+02  4.709E-27  1.029E-16
8.166E+02  4.885E-27  1.058E-16
8.091E+02  5.067E-27  1.088E-16
8.017E+02  5.256E-27  1.118E-16
7.943E+02  5.451E-27  1.149E-16
7.870E+02  5.654E-27  1.180E-16
7.798E+02  5.864E-27  1.213E-16
7.727E+02  6.081E-27  1.246E-16
7.656E+02  6.306E-27  1.281E-16
7.586E+02  6.539E-27  1.316E-16
7.516E+02  6.781E-27  1.352E-16
7.447E+02  7.031E-27  1.389E-16
7.379E+02  7.291E-27  1.427E-16
7.311E+02  7.560E-27  1.466E-16
7.244E+02  7.839E-27  1.506E-16
7.178E+02  8.129E-27  1.548E-16
7.112E+02  8.428E-27  1.590E-16
7.047E+02  8.738E-27  1.633E-16
6.982E+02  9.060E-27  1.678E-16
6.918E+02  9.393E-27  1.724E-16
6.855E+02  9.738E-27  1.771E-16
6.792E+02  1.009E-26  1.819E-16
6.730E+02  1.046E-26  1.868E-16
6.668E+02  1.085E-26  1.918E-16
6.607E+02  1.124E-26  1.970E-16
6.546E+02  1.165E-26  2.023E-16
6.486E+02  1.208E-26  2.078E-16
6.427E+02  1.252E-26  2.135E-16
6.368E+02  1.298E-26  2.192E-16
6.310E+02  1.345E-26  2.252E-16
6.252E+02  1.395E-26  2.313E-16
6.194E+02  1.446E-26  2.375E-16
6.138E+02  1.498E-26  2.439E-16
6.081E+02  1.553E-26  2.505E-16
6.026E+02  1.609E-26  2.572E-16
5.970E+02  1.668E-26  2.642E-16
5.916E+02  1.729E-26  2.713E-16
5.861E+02  1.792E-26  2.786E-16
5.808E+02  1.857E-26  2.860E-16
5.754E+02  1.924E-26  2.937E-16
5.702E+02  1.994E-26  3.016E-16
5.649E+02  2.066E-26  3.096E-16
5.598E+02  2.141E-26  3.179E-16
5.546E+02  2.219E-26  3.264E-16
5.495E+02  2.299E-26  3.351E-16
5.445E+02  2.382E-26  3.440E-16
5.395E+02  2.468E-26  3.532E-16
5.346E+02  2.557E-26  3.626E-16
5.297E+02  2.649E-26  3.722E-16
5.248E+02  2.744E-26  3.821E-16
5.200E+02  2.843E-26  3.922E-16
5.152E+02  2.946E-26  4.026E-16
5.105E+02  3.051E-26  4.132E-16
5.058E+02  3.161E-26  4.241E-16
5.012E+02  3.274E-26  4.353E-16
4.966E+02  3.391E-26  4.467E-16
4.920E+02  3.512E-26  4.584E-16
4.875E+02  3.638E-26  4.705E-16
4.831E+02  3.768E-26  4.828E-16
4.786E+02  3.902E-26  4.954E-16
4.742E+02  4.041E-26  5.083E-16
4.699E+02  4.184E-26  5.215E-16
4.656E+02  4.332E-26  5.351E-16
4.613E+02  4.486E-26  5.489E-16
4.571E+02  4.645E-26  5.632E-16
4.529E+02  4.809E-26  5.777E-16
4.487E+02  4.979E-26  5.926E-16
4.446E+02  5.154E-26  6.079E-16
4.406E+02  5.335E-26  6.235E-16
4.365E+02  5.522E-26  6.394E-16
4.325E+02  5.716E-26  6.558E-16
4.285E+02  5.916E-26  6.725E-16
4.246E+02  6.123E-26  6.897E-16
4.207E+02  6.337E-26  7.072E-16
4.169E+02  6.557E-26  7.251E-16
4.130E+02  6.785E-26  7.434E-16
4.093E+02  7.021E-26  7.622E-16
4.055E+02  7.264E-26  7.814E-16
4.018E+02  7.516E-26  8.010E-16
3.981E+02  7.776E-26  8.211E-16
3.945E+02  8.044E-26  8.417E-16
3.908E+02  8.321E-26  8.627E-16
3.873E+02  8.608E-26  8.842E-16
3.837E+02  8.903E-26  9.062E-16
3.802E+02  9.209E-26  9.287E-16
3.767E+02  9.523E-26  9.516E-16
3.733E+02  9.848E-26  9.750E-16
3.698E+02  1.018E-25  9.990E-16
3.664E+02  1.053E-25  1.023E-15
3.631E+02  1.089E-25  1.048E-15
3.597E+02  1.125E-25  1.074E-15
3.565E+02  1.163E-25  1.100E-15
3.532E+02  1.203E-25  1.127E-15
3.499E+02  1.243E-25  1.154E-15
3.467E+02  1.285E-25  1.182E-15
3.436E+02  1.328E-25  1.210E-15
3.404E+02  1.372E-25  1.239E-15
3.373E+02  1.417E-25  1.268E-15
3.342E+02  1.464E-25  1.298E-15
3.311E+02  1.513E-25  1.329E-15
3.281E+02  1.563E-25  1.360E-15
3.251E+02  1.614E-25  1.392E-15
3.221E+02  1.667E-25  1.424E-15
3.192E+02  1.722E-25  1.457E-15
3.162E+02  1.778E-25  1.491E-15
3.133E+02  1.835E-25  1.525E-15
3.105E+02  1.895E-25  1.560E-15
3.076E+02  1.956E-25  1.596E-15
3.048E+02  2.019E-25  1.632E-15
3.020E+02  2.084E-25  1.669E-15
2.992E+02  2.150E-25  1.707E-15
2.965E+02  2.219E-25  1.745E-15
2.938E+02  2.289E-25  1.784E-15
2.911E+02  2.361E-25  1.823E-15
2.884E+02  2.436E-25  1.863E-15
2.858E+02  2.512E-25  1.904E-15
2.831E+02  2.591E-25  1.946E-15
2.805E+02  2.672E-25  1.988E-15
2.780E+02  2.754E-25  2.031E-15
2.754E+02  2.840E-25  2.075E-15
2.729E+02  2.927E-25  2.119E-15
2.704E+02  3.018E-25  2.164E-15
2.679E+02  3.110E-25  2.210E-15
2.655E+02  3.205E-25  2.257E-15
2.630E+02  3.303E-25  2.305E-15
2.606E+02  3.404E-25  2.353E-15
2.582E+02  3.507E-25  2.402E-15
2.559E+02  3.611E-25  2.451E-15
2.535E+02  3.718E-25  2.500E-15
2.512E+02  3.827E-25  2.550E-15
2.489E+02  3.936E-25  2.599E-15
2.466E+02  4.045E-25  2.646E-15
2.443E+02  4.155E-25  2.693E-15
2.421E+02  4.266E-25  2.740E-15
2.399E+02  4.379E-25  2.787E-15
2.377E+02  4.492E-25  2.832E-15
2.355E+02  4.606E-25  2.877E-15
2.333E+02  4.722E-25  2.923E-15
2.312E+02  4.840E-25  2.969E-15
2.291E+02  4.961E-25  3.015E-15
2.270E+02  5.083E-25  3.061E-15
2.249E+02  5.208E-25  3.107E-15
2.228E+02  5.334E-25  3.153E-15
2.208E+02  5.463E-25  3.200E-15
2.188E+02  5.594E-25  3.246E-15
2.168E+02  5.727E-25  3.293E-15
2.148E+02  5.862E-25  3.340E-15
2.128E+02  5.999E-25  3.386E-15
2.109E+02  6.138E-25  3.433E-15
2.089E+02  6.279E-25  3.480E-15
2.070E+02  6.422E-25  3.526E-15
2.051E+02  6.566E-25  3.572E-15
2.032E+02  6.713E-25  3.619E-15
2.014E+02  6.861E-25  3.665E-15
1.995E+02  7.012E-25  3.711E-15
1.977E+02  7.164E-25  3.757E-15
1.959E+02  7.318E-25  3.803E-15
1.941E+02  7.474E-25  3.848E-15
1.923E+02  7.632E-25  3.893E-15
1.905E+02  7.791E-25  3.938E-15
1.888E+02  7.953E-25  3.983E-15
1.871E+02  8.116E-25  4.027E-15
1.854E+02  8.281E-25  4.071E-15
1.837E+02  8.447E-25  4.115E-15
1.820E+02  8.616E-25  4.159E-15
1.803E+02  8.785E-25  4.202E-15
1.786E+02  8.957E-25  4.245E-15
1.770E+02  9.131E-25  4.287E-15
1.754E+02  9.306E-25  4.329E-15
1.738E+02  9.483E-25  4.371E-15
1.722E+02  9.661E-25  4.413E-15
1.706E+02  9.842E-25  4.454E-15
1.690E+02  1.002E-24  4.495E-15
1.675E+02  1.021E-24  4.535E-15
1.660E+02  1.039E-24  4.576E-15
1.644E+02  1.058E-24  4.616E-15
1.629E+02  1.077E-24  4.656E-15
1.614E+02  1.096E-24  4.695E-15
1.600E+02  1.116E-24  4.735E-15
1.585E+02  1.136E-24  4.774E-15
1.570E+02  1.156E-24  4.814E-15
1.556E+02  1.176E-24  4.854E-15
1.542E+02  1.197E-24  4.894E-15
1.528E+02  1.218E-24  4.934E-15
1.514E+02  1.239E-24  4.975E-15
1.500E+02  1.261E-24  5.017E-15
1.486E+02  1.283E-24  5.058E-15
1.472E+02  1.306E-24  5.101E-15
1.459E+02  1.329E-24  5.143E-15
1.445E+02  1.352E-24  5.184E-15
1.432E+02  1.375E-24  5.224E-15
1.419E+02  1.397E-24  5.260E-15
1.406E+02  1.419E-24  5.291E-15
1.393E+02  1.438E-24  5.315E-15
1.380E+02  1.456E-24  5.331E-15
1.368E+02  1.472E-24  5.340E-15
1.355E+02  1.486E-24  5.344E-15
1.343E+02  1.500E-24  5.343E-15
1.330E+02  1.513E-24  5.340E-15
1.318E+02  1.526E-24  5.336E-15
1.306E+02  1.539E-24  5.332E-15
1.294E+02  1.552E-24  5.328E-15
1.282E+02  1.566E-24  5.325E-15
1.271E+02  1.579E-24  5.322E-15
1.259E+02  1.593E-24  5.320E-15
1.247E+02  1.607E-24  5.318E-15
1.236E+02  1.622E-24  5.317E-15
1.225E+02  1.636E-24  5.316E-15
1.213E+02  1.651E-24  5.315E-15
1.202E+02  1.666E-24  5.314E-15
1.191E+02  1.681E-24  5.312E-15
1.180E+02  1.696E-24  5.311E-15
1.169E+02  1.711E-24  5.309E-15
1.159E+02  1.726E-24  5.306E-15
1.148E+02  1.741E-24  5.303E-15
1.138E+02  1.756E-24  5.299E-15
1.127E+02  1.771E-24  5.295E-15
1.117E+02  1.786E-24  5.292E-15
1.107E+02  1.801E-24  5.288E-15
1.096E+02  1.816E-24  5.283E-15
1.086E+02  1.832E-24  5.278E-15
1.076E+02  1.847E-24  5.273E-15
1.067E+02  1.862E-24  5.267E-15
1.057E+02  1.877E-24  5.261E-15
1.047E+02  1.891E-24  5.254E-15
1.038E+02  1.906E-24  5.246E-15
1.028E+02  1.921E-24  5.238E-15
1.019E+02  1.935E-24  5.229E-15
1.009E+02  1.949E-24  5.219E-15
1.000E+02  1.964E-24  5.209E-15
9.908E+01  1.977E-24  5.197E-15
9.817E+01  1.991E-24  5.186E-15
9.727E+01  2.005E-24  5.173E-15
9.638E+01  2.018E-24  5.160E-15
9.550E+01  2.032E-24  5.147E-15
9.462E+01  2.045E-24  5.133E-15
9.376E+01  2.058E-24  5.119E-15
9.290E+01  2.071E-24  5.104E-15
9.204E+01  2.084E-24  5.089E-15
9.120E+01  2.097E-24  5.073E-15
9.036E+01  2.109E-24  5.056E-15
8.954E+01  2.122E-24  5.039E-15
8.872E+01  2.134E-24  5.022E-15
8.790E+01  2.146E-24  5.005E-15
8.710E+01  2.158E-24  4.987E-15
8.630E+01  2.171E-24  4.969E-15
8.551E+01  2.183E-24  4.950E-15
8.472E+01  2.194E-24  4.931E-15
8.395E+01  2.206E-24  4.911E-15
8.318E+01  2.217E-24  4.892E-15
8.241E+01  2.228E-24  4.871E-15
8.166E+01  2.240E-24  4.851E-15
8.091E+01  2.251E-24  4.831E-15
8.017E+01  2.262E-24  4.811E-15
7.943E+01  2.273E-24  4.789E-15
7.870E+01  2.284E-24  4.768E-15
7.798E+01  2.294E-24  4.746E-15
7.727E+01  2.305E-24  4.724E-15
7.656E+01  2.316E-24  4.702E-15
7.586E+01  2.326E-24  4.680E-15
7.516E+01  2.336E-24  4.658E-15
7.447E+01  2.346E-24  4.635E-15
7.379E+01  2.356E-24  4.612E-15
7.311E+01  2.366E-24  4.588E-15
7.244E+01  2.375E-24  4.564E-15
7.178E+01  2.385E-24  4.540E-15
7.112E+01  2.394E-24  4.516E-15
7.047E+01  2.403E-24  4.493E-15
6.982E+01  2.413E-24  4.470E-15
6.918E+01  2.423E-24  4.446E-15
6.855E+01  2.432E-24  4.422E-15
6.792E+01  2.441E-24  4.398E-15
6.730E+01  2.450E-24  4.374E-15
6.668E+01  2.459E-24  4.350E-15
6.607E+01  2.468E-24  4.326E-15
6.546E+01  2.477E-24  4.302E-15
6.486E+01  2.486E-24  4.278E-15
6.427E+01  2.495E-24  4.253E-15
6.368E+01  2.504E-24  4.229E-15
6.310E+01  2.513E-24  4.205E-15
6.252E+01  2.522E-24  4.182E-15
6.194E+01  2.530E-24  4.158E-15
6.138E+01  2.540E-24  4.134E-15
6.081E+01  2.548E-24  4.111E-15
6.026E+01  2.557E-24  4.087E-15
5.970E+01  2.566E-24  4.064E-15
5.916E+01  2.575E-24  4.040E-15
5.861E+01  2.583E-24  4.017E-15
5.808E+01  2.592E-24  3.993E-15
5.754E+01  2.601E-24  3.970E-15
5.702E+01  2.609E-24  3.946E-15
5.649E+01  2.618E-24  3.923E-15
5.598E+01  2.627E-24  3.900E-15
5.546E+01  2.636E-24  3.878E-15
5.495E+01  2.645E-24  3.856E-15
5.445E+01  2.654E-24  3.833E-15
5.395E+01  2.663E-24  3.812E-15
5.346E+01  2.673E-24  3.790E-15
5.297E+01  2.682E-24  3.768E-15
5.248E+01  2.691E-24  3.747E-15
5.200E+01  2.701E-24  3.726E-15
5.152E+01  2.711E-24  3.704E-15
5.105E+01  2.720E-24  3.683E-15
5.058E+01  2.730E-24  3.662E-15
5.012E+01  2.739E-24  3.641E-15
4.966E+01  2.749E-24  3.621E-15
4.920E+01  2.758E-24  3.600E-15
4.875E+01  2.768E-24  3.580E-15
4.831E+01  2.778E-24  3.560E-15
4.786E+01  2.788E-24  3.540E-15
4.742E+01  2.799E-24  3.521E-15
4.699E+01  2.809E-24  3.501E-15
4.656E+01  2.820E-24  3.482E-15
4.613E+01  2.830E-24  3.463E-15
4.571E+01  2.841E-24  3.445E-15
4.529E+01  2.852E-24  3.426E-15
4.487E+01  2.863E-24  3.408E-15
4.446E+01  2.874E-24  3.390E-15
4.406E+01  2.886E-24  3.372E-15
4.365E+01  2.897E-24  3.354E-15
4.325E+01  2.908E-24  3.336E-15
4.285E+01  2.919E-24  3.318E-15
4.246E+01  2.930E-24  3.301E-15
4.207E+01  2.941E-24  3.282E-15
4.169E+01  2.952E-24  3.264E-15
4.130E+01  2.963E-24  3.246E-15
4.093E+01  2.973E-24  3.227E-15
4.055E+01  2.982E-24  3.208E-15
4.018E+01  2.992E-24  3.189E-15
3.981E+01  3.001E-24  3.169E-15
3.945E+01  3.009E-24  3.148E-15
3.908E+01  3.017E-24  3.127E-15
3.873E+01  3.023E-24  3.106E-15
3.837E+01  3.030E-24  3.083E-15
3.802E+01  3.035E-24  3.060E-15
3.767E+01  3.039E-24  3.036E-15
3.733E+01  3.041E-24  3.010E-15
3.698E+01  3.041E-24  2.983E-15
3.664E+01  3.041E-24  2.955E-15
3.631E+01  3.039E-24  2.926E-15
3.597E+01  3.035E-24  2.896E-15
3.565E+01  3.030E-24  2.865E-15
3.532E+01  3.023E-24  2.833E-15
3.499E+01  3.015E-24  2.799E-15
3.467E+01  3.005E-24  2.764E-15
3.436E+01  2.993E-24  2.727E-15
3.404E+01  2.979E-24  2.690E-15
3.373E+01  2.962E-24  2.650E-15
3.342E+01  2.945E-24  2.610E-15
3.311E+01  2.925E-24  2.570E-15
3.281E+01  2.904E-24  2.527E-15
3.251E+01  2.881E-24  2.484E-15
3.221E+01  2.856E-24  2.440E-15
3.192E+01  2.829E-24  2.395E-15
3.162E+01  2.800E-24  2.349E-15
3.133E+01  2.770E-24  2.302E-15
3.105E+01  2.738E-24  2.255E-15
3.076E+01  2.706E-24  2.208E-15
3.048E+01  2.672E-24  2.160E-15
3.020E+01  2.637E-24  2.112E-15
2.992E+01  2.601E-24  2.065E-15
2.965E+01  2.564E-24  2.017E-15
2.938E+01  2.527E-24  1.969E-15
2.911E+01  2.489E-24  1.922E-15
2.884E+01  2.451E-24  1.875E-15
2.858E+01  2.414E-24  1.830E-15
2.831E+01  2.376E-24  1.785E-15
2.805E+01  2.339E-24  1.740E-15
2.780E+01  2.302E-24  1.697E-15
2.754E+01  2.265E-24  1.655E-15
2.729E+01  2.229E-24  1.614E-15
2.704E+01  2.194E-24  1.573E-15
2.679E+01  2.159E-24  1.534E-15
2.655E+01  2.125E-24  1.496E-15
2.630E+01  2.092E-24  1.460E-15
2.606E+01  2.060E-24  1.424E-15
2.582E+01  2.028E-24  1.389E-15
2.559E+01  1.997E-24  1.356E-15
2.535E+01  1.968E-24  1.323E-15
2.512E+01  1.939E-24  1.292E-15
2.489E+01  1.910E-24  1.261E-15
2.466E+01  1.882E-24  1.231E-15
2.443E+01  1.855E-24  1.203E-15
2.421E+01  1.829E-24  1.174E-15
2.399E+01  1.802E-24  1.147E-15
2.377E+01  1.777E-24  1.120E-15
2.355E+01  1.753E-24  1.095E-15
2.333E+01  1.730E-24  1.071E-15
2.312E+01  1.706E-24  1.046E-15
2.291E+01  1.683E-24  1.022E-15
2.270E+01  1.662E-24  1.001E-15
2.249E+01  1.643E-24  9.801E-16
2.228E+01  1.625E-24  9.605E-16
2.208E+01  1.607E-24  9.412E-16
2.188E+01  1.588E-24  9.215E-16
2.168E+01  1.568E-24  9.019E-16
2.148E+01  1.550E-24  8.828E-16
2.128E+01  1.532E-24  8.649E-16
2.109E+01  1.516E-24  8.482E-16
2.089E+01  1.500E-24  8.315E-16
2.070E+01  1.484E-24  8.150E-16
2.051E+01  1.468E-24  7.988E-16
2.032E+01  1.453E-24  7.834E-16
2.014E+01  1.442E-24  7.702E-16
1.995E+01  1.431E-24  7.571E-16
1.977E+01  1.419E-24  7.441E-16
1.959E+01  1.406E-24  7.308E-16
1.941E+01  1.393E-24  7.172E-16
1.923E+01  1.379E-24  7.035E-16
1.905E+01  1.364E-24  6.896E-16
1.888E+01  1.350E-24  6.759E-16
1.871E+01  1.335E-24  6.626E-16
1.854E+01  1.322E-24  6.502E-16
1.837E+01  1.313E-24  6.395E-16
1.820E+01  1.311E-24  6.326E-16
1.803E+01  1.331E-24  6.366E-16
1.786E+01  1.381E-24  6.546E-16
1.770E+01  1.356E-24  6.366E-16
1.754E+01  1.403E-24  6.526E-16
1.738E+01  1.580E-24  7.283E-16
1.722E+01  1.474E-24  6.734E-16
1.706E+01  1.442E-24  6.524E-16
1.690E+01  1.389E-24  6.227E-16
1.675E+01  1.320E-24  5.865E-16
1.660E+01  1.324E-24  5.828E-16
1.644E+01  1.495E-24  6.521E-16
1.629E+01  1.173E-24  5.070E-16
1.614E+01  1.052E-24  4.505E-16
1.600E+01  1.057E-24  4.485E-16
1.585E+01  1.037E-24  4.359E-16
1.570E+01  9.093E-25  3.788E-16
1.556E+01  8.404E-25  3.468E-16
1.542E+01  7.994E-25  3.269E-16
1.528E+01  7.692E-25  3.117E-16
1.514E+01  7.448E-25  2.990E-16
1.500E+01  7.244E-25  2.882E-16
1.486E+01  7.070E-25  2.787E-16
1.472E+01  6.932E-25  2.707E-16
1.459E+01  6.847E-25  2.649E-16
1.445E+01  6.867E-25  2.633E-16
1.432E+01  7.105E-25  2.699E-16
1.419E+01  7.388E-25  2.781E-16
1.406E+01  6.975E-25  2.602E-16
1.393E+01  6.659E-25  2.461E-16
1.380E+01  6.691E-25  2.450E-16
1.368E+01  7.173E-25  2.603E-16
1.355E+01  7.356E-25  2.644E-16
1.343E+01  6.879E-25  2.450E-16
1.330E+01  6.863E-25  2.422E-16
1.318E+01  7.160E-25  2.504E-16
1.306E+01  7.769E-25  2.692E-16
1.294E+01  8.836E-25  3.033E-16
1.282E+01  1.056E-24  3.592E-16
1.271E+01  1.270E-24  4.280E-16
1.259E+01  1.360E-24  4.541E-16
1.247E+01  1.232E-24  4.076E-16
1.236E+01  1.076E-24  3.529E-16
1.225E+01  1.010E-24  3.280E-16
1.213E+01  1.024E-24  3.297E-16
1.202E+01  1.054E-24  3.360E-16
1.191E+01  1.019E-24  3.221E-16
1.180E+01  9.481E-25  2.968E-16
1.169E+01  9.243E-25  2.867E-16
1.159E+01  1.010E-24  3.105E-16
1.148E+01  1.303E-24  3.969E-16
1.138E+01  1.914E-24  5.775E-16
1.127E+01  2.603E-24  7.784E-16
1.117E+01  1.817E-24  5.383E-16
1.107E+01  1.026E-24  3.011E-16
1.096E+01  7.446E-25  2.166E-16
1.086E+01  6.126E-25  1.765E-16
1.076E+01  5.409E-25  1.545E-16
1.067E+01  4.984E-25  1.410E-16
1.057E+01  4.716E-25  1.322E-16
1.047E+01  4.537E-25  1.260E-16
1.038E+01  4.408E-25  1.213E-16
1.028E+01  4.309E-25  1.175E-16
1.019E+01  4.230E-25  1.143E-16
1.009E+01  4.171E-25  1.117E-16
1.000E+01  4.132E-25  1.096E-16
9.908E+00  4.115E-25  1.081E-16
9.817E+00  4.116E-25  1.072E-16
9.727E+00  4.136E-25  1.067E-16
9.638E+00  4.174E-25  1.067E-16
9.550E+00  4.222E-25  1.070E-16
9.462E+00  4.282E-25  1.075E-16
9.376E+00  4.354E-25  1.083E-16
9.290E+00  4.446E-25  1.096E-16
9.204E+00  4.574E-25  1.117E-16
9.120E+00  4.766E-25  1.153E-16
9.036E+00  5.068E-25  1.215E-16
8.954E+00  5.562E-25  1.321E-16
8.872E+00  6.395E-25  1.505E-16
8.790E+00  7.812E-25  1.822E-16
8.710E+00  1.001E-24  2.312E-16
8.630E+00  1.203E-24  2.755E-16
8.551E+00  1.167E-24  2.647E-16
8.472E+00  1.012E-24  2.274E-16
8.395E+00  9.301E-25  2.071E-16
8.318E+00  9.184E-25  2.026E-16
8.241E+00  9.497E-25  2.076E-16
8.166E+00  1.039E-24  2.250E-16
8.091E+00  1.215E-24  2.607E-16
8.017E+00  1.499E-24  3.187E-16
7.943E+00  1.873E-24  3.947E-16
7.870E+00  2.209E-24  4.611E-16
7.798E+00  2.356E-24  4.873E-16
7.727E+00  2.433E-24  4.986E-16
7.656E+00  2.582E-24  5.244E-16
7.586E+00  2.532E-24  5.095E-16
7.516E+00  2.078E-24  4.142E-16
7.447E+00  1.565E-24  3.091E-16
7.379E+00  1.197E-24  2.342E-16
7.311E+00  9.525E-25  1.847E-16
7.244E+00  7.840E-25  1.507E-16
7.178E+00  6.622E-25  1.261E-16
7.112E+00  5.724E-25  1.080E-16
7.047E+00  5.071E-25  9.479E-17
6.982E+00  4.623E-25  8.563E-17
6.918E+00  4.357E-25  7.995E-17
6.855E+00  4.248E-25  7.724E-17
6.792E+00  4.250E-25  7.657E-17
6.730E+00  4.267E-25  7.618E-17
6.668E+00  4.193E-25  7.416E-17
6.607E+00  4.030E-25  7.062E-17
6.546E+00  3.921E-25  6.808E-17
6.486E+00  4.049E-25  6.966E-17
6.427E+00  4.638E-25  7.907E-17
6.368E+00  6.139E-25  1.037E-16
6.310E+00  9.572E-25  1.602E-16
6.252E+00  1.546E-24  2.564E-16
6.194E+00  1.568E-24  2.577E-16
6.138E+00  9.399E-25  1.530E-16
6.081E+00  5.509E-25  8.887E-17
6.026E+00  3.701E-25  5.915E-17
5.970E+00  2.837E-25  4.493E-17
5.916E+00  2.444E-25  3.835E-17
5.861E+00  2.359E-25  3.668E-17
5.808E+00  2.562E-25  3.947E-17
5.754E+00  3.016E-25  4.604E-17
5.702E+00  3.275E-25  4.954E-17
5.649E+00  2.792E-25  4.184E-17
5.598E+00  2.088E-25  3.101E-17
5.546E+00  1.603E-25  2.358E-17
5.495E+00  1.319E-25  1.923E-17
5.445E+00  1.165E-25  1.683E-17
5.395E+00  1.108E-25  1.585E-17
5.346E+00  1.156E-25  1.639E-17
5.297E+00  1.348E-25  1.894E-17
5.248E+00  1.488E-25  2.071E-17
5.200E+00  1.212E-25  1.672E-17
5.152E+00  9.269E-26  1.267E-17
5.105E+00  7.704E-26  1.043E-17
5.058E+00  6.828E-26  9.162E-18
5.012E+00  6.279E-26  8.347E-18
4.966E+00  5.897E-26  7.768E-18
4.920E+00  5.611E-26  7.323E-18
4.875E+00  5.385E-26  6.964E-18
4.831E+00  5.200E-26  6.663E-18
4.786E+00  5.044E-26  6.404E-18
4.742E+00  4.910E-26  6.177E-18
4.699E+00  4.794E-26  5.975E-18
4.656E+00  4.691E-26  5.793E-18
4.613E+00  4.599E-26  5.628E-18
4.571E+00  4.517E-26  5.477E-18
4.529E+00  4.443E-26  5.338E-18
4.487E+00  4.376E-26  5.209E-18
4.446E+00  4.315E-26  5.089E-18
4.406E+00  4.259E-26  4.978E-18
4.365E+00  4.209E-26  4.874E-18
4.325E+00  4.163E-26  4.776E-18
4.285E+00  4.121E-26  4.684E-18
4.246E+00  4.083E-26  4.598E-18
4.207E+00  4.048E-26  4.518E-18
4.169E+00  4.017E-26  4.442E-18
4.130E+00  3.989E-26  4.370E-18
4.093E+00  3.963E-26  4.302E-18
4.055E+00  3.941E-26  4.239E-18
4.018E+00  3.922E-26  4.180E-18
3.981E+00  3.907E-26  4.126E-18
3.945E+00  3.896E-26  4.076E-18
3.908E+00  3.889E-26  4.032E-18
3.873E+00  3.887E-26  3.992E-18
3.837E+00  3.891E-26  3.960E-18
3.802E+00  3.901E-26  3.935E-18
3.767E+00  3.921E-26  3.918E-18
3.733E+00  3.951E-26  3.912E-18
3.698E+00  3.996E-26  3.920E-18
3.664E+00  4.059E-26  3.945E-18
3.631E+00  4.148E-26  3.995E-18
3.597E+00  4.273E-26  4.078E-18
3.565E+00  4.454E-26  4.211E-18
3.532E+00  4.719E-26  4.421E-18
3.499E+00  5.124E-26  4.756E-18
3.467E+00  5.779E-26  5.315E-18
3.436E+00  6.926E-26  6.312E-18
3.404E+00  9.192E-26  8.300E-18
3.373E+00  1.460E-25  1.307E-17
3.342E+00  3.254E-25  2.884E-17
3.311E+00  1.215E-24  1.067E-16
3.281E+00  8.315E-25  7.236E-17
3.251E+00  2.417E-25  2.084E-17
3.221E+00  1.184E-25  1.012E-17
3.192E+00  7.763E-26  6.572E-18
3.162E+00  5.961E-26  5.000E-18
3.133E+00  5.012E-26  4.166E-18
3.105E+00  4.451E-26  3.665E-18
3.076E+00  4.090E-26  3.337E-18
3.048E+00  3.842E-26  3.106E-18
3.020E+00  3.663E-26  2.934E-18
2.992E+00  3.528E-26  2.800E-18
2.965E+00  3.423E-26  2.692E-18
2.938E+00  3.338E-26  2.601E-18
2.911E+00  3.267E-26  2.523E-18
2.884E+00  3.208E-26  2.454E-18
2.858E+00  3.156E-26  2.392E-18
2.831E+00  3.111E-26  2.336E-18
2.805E+00  3.070E-26  2.284E-18
2.780E+00  3.032E-26  2.236E-18
2.754E+00  2.998E-26  2.190E-18
2.729E+00  2.966E-26  2.147E-18
2.704E+00  2.936E-26  2.106E-18
2.679E+00  2.907E-26  2.066E-18
2.655E+00  2.880E-26  2.028E-18
2.630E+00  2.853E-26  1.991E-18
2.606E+00  2.827E-26  1.955E-18
2.582E+00  2.802E-26  1.920E-18
2.559E+00  2.778E-26  1.885E-18
2.535E+00  2.754E-26  1.852E-18
2.512E+00  2.730E-26  1.819E-18
2.489E+00  2.706E-26  1.787E-18
2.466E+00  2.683E-26  1.755E-18
2.443E+00  2.659E-26  1.724E-18
2.421E+00  2.636E-26  1.693E-18
2.399E+00  2.613E-26  1.663E-18
2.377E+00  2.590E-26  1.633E-18
2.355E+00  2.567E-26  1.604E-18
2.333E+00  2.545E-26  1.575E-18
2.312E+00  2.522E-26  1.547E-18
2.291E+00  2.499E-26  1.518E-18
2.270E+00  2.476E-26  1.491E-18
2.249E+00  2.453E-26  1.463E-18
2.228E+00  2.429E-26  1.436E-18
2.208E+00  2.405E-26  1.409E-18
2.188E+00  2.381E-26  1.382E-18
2.168E+00  2.356E-26  1.354E-18
2.148E+00  2.330E-26  1.327E-18
2.128E+00  2.303E-26  1.300E-18
2.109E+00  2.275E-26  1.272E-18
2.089E+00  2.245E-26  1.244E-18
2.070E+00  2.213E-26  1.215E-18
2.051E+00  2.178E-26  1.185E-18
2.032E+00  2.140E-26  1.154E-18
2.014E+00  2.098E-26  1.121E-18
1.995E+00  2.051E-26  1.086E-18
1.977E+00  1.999E-26  1.048E-18
1.959E+00  1.944E-26  1.010E-18
1.941E+00  1.890E-26  9.732E-19
1.923E+00  1.847E-26  9.423E-19
1.905E+00  1.825E-26  9.222E-19
1.888E+00  1.825E-26  9.142E-19
1.871E+00  1.843E-26  9.146E-19
1.854E+00  1.866E-26  9.175E-19
1.837E+00  1.886E-26  9.188E-19
1.820E+00  1.899E-26  9.168E-19
1.803E+00  1.906E-26  9.116E-19
1.786E+00  1.907E-26  9.036E-19
1.770E+00  1.903E-26  8.937E-19
1.754E+00  1.896E-26  8.823E-19
1.738E+00  1.887E-26  8.699E-19
1.722E+00  1.876E-26  8.570E-19
1.706E+00  1.864E-26  8.436E-19
1.690E+00  1.851E-26  8.300E-19
1.675E+00  1.838E-26  8.164E-19
1.660E+00  1.824E-26  8.028E-19
1.644E+00  1.810E-26  7.894E-19
1.629E+00  1.796E-26  7.761E-19
1.614E+00  1.782E-26  7.631E-19
1.600E+00  1.768E-26  7.504E-19
1.585E+00  1.756E-26  7.380E-19
1.570E+00  1.743E-26  7.262E-19
1.556E+00  1.732E-26  7.148E-19
1.542E+00  1.721E-26  7.039E-19
1.528E+00  1.712E-26  6.937E-19
1.514E+00  1.704E-26  6.842E-19
1.500E+00  1.698E-26  6.754E-19
1.486E+00  1.694E-26  6.676E-19
1.472E+00  1.692E-26  6.607E-19
1.459E+00  1.692E-26  6.549E-19
1.445E+00  1.697E-26  6.505E-19
1.432E+00  1.705E-26  6.476E-19
1.419E+00  1.717E-26  6.464E-19
1.406E+00  1.736E-26  6.473E-19
1.393E+00  1.761E-26  6.506E-19
1.380E+00  1.794E-26  6.568E-19
1.368E+00  1.836E-26  6.662E-19
1.355E+00  1.890E-26  6.795E-19
1.343E+00  1.957E-26  6.971E-19
1.330E+00  2.037E-26  7.189E-19
1.318E+00  2.129E-26  7.444E-19
1.306E+00  2.227E-26  7.716E-19
1.294E+00  2.319E-26  7.962E-19
1.282E+00  2.386E-26  8.115E-19
1.271E+00  2.403E-26  8.098E-19
1.259E+00  2.353E-26  7.856E-19
1.247E+00  2.237E-26  7.401E-19
1.236E+00  2.077E-26  6.809E-19
1.225E+00  1.902E-26  6.179E-19
1.213E+00  1.736E-26  5.589E-19
1.202E+00  1.593E-26  5.079E-19
1.191E+00  1.475E-26  4.661E-19
1.180E+00  1.383E-26  4.329E-19
1.169E+00  1.314E-26  4.075E-19
1.159E+00  1.265E-26  3.888E-19
1.148E+00  1.235E-26  3.762E-19
1.138E+00  1.225E-26  3.696E-19
1.127E+00  1.235E-26  3.693E-19
1.117E+00  1.271E-26  3.764E-19
1.107E+00  1.339E-26  3.930E-19
1.096E+00  1.453E-26  4.227E-19
1.086E+00  1.633E-26  4.705E-19
1.076E+00  1.895E-26  5.412E-19
1.067E+00  2.226E-26  6.298E-19
1.057E+00  2.490E-26  6.981E-19
1.047E+00  2.442E-26  6.782E-19
1.038E+00  2.059E-26  5.667E-19
1.028E+00  1.608E-26  4.385E-19
1.019E+00  1.257E-26  3.397E-19
1.009E+00  1.018E-26  2.726E-19
1.000E+00  8.582E-27  2.277E-19
