Dust emission from Draine & Li (2007): ApJ 657, 810-837
================================================================
         6 = grain model
 4.000E-08 4.000E-01 3.750E-05 = a_01 (cm) , sigma_1 , b_C1/0.92
 2.500E-07 4.000E-01 1.250E-05 = a_02 (cm) , sigma_2 , b_C2/0.92
 3.000E-01 1.000E+03 2.000E+00 = Umin , Umax, beta (dN/dU propto U^{-beta})
 2.434E+00 = <U> 
     mmp83 = radfield
 1.098E-23 = power/H (erg s-1)
 band   nu*P_nu(band) j_nu(band)
 (um)   (erg s-1 H-1)(Jy cm2 sr-1 H-1)
1.270E+00  3.700E-26  1.246E-18 COBE-DIRBE
2.220E+00  4.717E-26  2.778E-18 COBE-DIRBE
3.530E+00  3.090E-25  2.893E-17 COBE-DIRBE
4.880E+00  1.434E-25  1.857E-17 COBE-DIRBE
1.229E+01  1.263E-24  4.118E-16 COBE-DIRBE
2.079E+01  1.050E-24  5.791E-16 COBE-DIRBE
5.599E+01  4.903E-24  7.282E-15 COBE-DIRBE
9.770E+01  4.785E-24  1.240E-14 COBE-DIRBE
1.479E+02  3.425E-24  1.344E-14 COBE-DIRBE
2.479E+02  1.194E-24  7.849E-15 COBE-DIRBE
1.200E+01  1.337E-24  4.257E-16 IRAS
2.500E+01  1.121E-24  7.436E-16 IRAS
6.000E+01  4.940E-24  7.862E-15 IRAS
1.000E+02  4.731E-24  1.255E-14 IRAS
3.550E+00  3.593E-25  3.384E-17 SST-IRAC
4.493E+00  1.004E-25  1.197E-17 SST-IRAC
5.731E+00  8.504E-25  1.293E-16 SST-IRAC
7.872E+00  1.968E-24  4.110E-16 SST-IRAC
2.368E+01  9.543E-25  5.994E-16 SST-MIPS
7.142E+01  4.730E-24  8.960E-15 SST-MIPS
1.559E+02  3.025E-24  1.251E-14 SST-MIPS
1.600E+01  1.030E-24  4.372E-16 SST-IRSPU
2.200E+01  9.843E-25  5.744E-16 SST-IRSPU











lambda    nu*dP/dnu     j_nu
 (um)   (erg s-1 H-1)(Jy cm2 sr-1 H-1)
1.000E+04  5.229E-31  1.387E-19
9.908E+03  5.420E-31  1.425E-19
9.817E+03  5.618E-31  1.463E-19
9.727E+03  5.823E-31  1.502E-19
9.638E+03  6.035E-31  1.543E-19
9.550E+03  6.255E-31  1.585E-19
9.462E+03  6.483E-31  1.627E-19
9.376E+03  6.720E-31  1.671E-19
9.290E+03  6.965E-31  1.716E-19
9.204E+03  7.219E-31  1.763E-19
9.120E+03  7.483E-31  1.810E-19
9.036E+03  7.756E-31  1.859E-19
8.954E+03  8.038E-31  1.909E-19
8.872E+03  8.330E-31  1.960E-19
8.790E+03  8.632E-31  2.013E-19
8.710E+03  8.946E-31  2.067E-19
8.630E+03  9.271E-31  2.122E-19
8.551E+03  9.608E-31  2.179E-19
8.472E+03  9.958E-31  2.238E-19
8.395E+03  1.032E-30  2.298E-19
8.318E+03  1.070E-30  2.360E-19
8.241E+03  1.109E-30  2.424E-19
8.166E+03  1.149E-30  2.489E-19
8.091E+03  1.191E-30  2.556E-19
8.017E+03  1.234E-30  2.625E-19
7.943E+03  1.280E-30  2.696E-19
7.870E+03  1.326E-30  2.769E-19
7.798E+03  1.375E-30  2.844E-19
7.727E+03  1.425E-30  2.921E-19
7.656E+03  1.477E-30  3.000E-19
7.586E+03  1.532E-30  3.082E-19
7.516E+03  1.588E-30  3.166E-19
7.447E+03  1.646E-30  3.252E-19
7.379E+03  1.707E-30  3.340E-19
7.311E+03  1.769E-30  3.431E-19
7.244E+03  1.834E-30  3.525E-19
7.178E+03  1.902E-30  3.621E-19
7.112E+03  1.972E-30  3.720E-19
7.047E+03  2.044E-30  3.821E-19
6.982E+03  2.119E-30  3.926E-19
6.918E+03  2.197E-30  4.033E-19
6.855E+03  2.278E-30  4.143E-19
6.792E+03  2.362E-30  4.256E-19
6.730E+03  2.449E-30  4.372E-19
6.668E+03  2.540E-30  4.492E-19
6.607E+03  2.633E-30  4.615E-19
6.546E+03  2.731E-30  4.742E-19
6.486E+03  2.831E-30  4.872E-19
6.427E+03  2.936E-30  5.005E-19
6.368E+03  3.045E-30  5.143E-19
6.310E+03  3.157E-30  5.284E-19
6.252E+03  3.274E-30  5.430E-19
6.194E+03  3.396E-30  5.580E-19
6.138E+03  3.522E-30  5.733E-19
6.081E+03  3.652E-30  5.892E-19
6.026E+03  3.788E-30  6.054E-19
5.970E+03  3.929E-30  6.222E-19
5.916E+03  4.075E-30  6.394E-19
5.861E+03  4.226E-30  6.571E-19
5.808E+03  4.383E-30  6.753E-19
5.754E+03  4.547E-30  6.940E-19
5.702E+03  4.716E-30  7.133E-19
5.649E+03  4.892E-30  7.331E-19
5.598E+03  5.074E-30  7.534E-19
5.546E+03  5.264E-30  7.744E-19
5.495E+03  5.460E-30  7.959E-19
5.445E+03  5.664E-30  8.181E-19
5.395E+03  5.876E-30  8.409E-19
5.346E+03  6.096E-30  8.644E-19
5.297E+03  6.324E-30  8.885E-19
5.248E+03  6.561E-30  9.133E-19
5.200E+03  6.807E-30  9.388E-19
5.152E+03  7.062E-30  9.651E-19
5.105E+03  7.326E-30  9.921E-19
5.058E+03  7.601E-30  1.020E-18
5.012E+03  7.887E-30  1.048E-18
4.966E+03  8.183E-30  1.078E-18
4.920E+03  8.490E-30  1.108E-18
4.875E+03  8.809E-30  1.139E-18
4.831E+03  9.140E-30  1.171E-18
4.786E+03  9.484E-30  1.204E-18
4.742E+03  9.841E-30  1.238E-18
4.699E+03  1.021E-29  1.273E-18
4.656E+03  1.060E-29  1.309E-18
4.613E+03  1.100E-29  1.346E-18
4.571E+03  1.141E-29  1.384E-18
4.529E+03  1.184E-29  1.423E-18
4.487E+03  1.229E-29  1.463E-18
4.446E+03  1.275E-29  1.504E-18
4.406E+03  1.324E-29  1.547E-18
4.365E+03  1.374E-29  1.591E-18
4.325E+03  1.426E-29  1.636E-18
4.285E+03  1.480E-29  1.682E-18
4.246E+03  1.536E-29  1.730E-18
4.207E+03  1.594E-29  1.779E-18
4.169E+03  1.655E-29  1.830E-18
4.130E+03  1.718E-29  1.882E-18
4.093E+03  1.783E-29  1.935E-18
4.055E+03  1.851E-29  1.991E-18
4.018E+03  1.921E-29  2.047E-18
3.981E+03  1.994E-29  2.106E-18
3.945E+03  2.070E-29  2.166E-18
3.908E+03  2.149E-29  2.228E-18
3.873E+03  2.231E-29  2.291E-18
3.837E+03  2.315E-29  2.357E-18
3.802E+03  2.404E-29  2.424E-18
3.767E+03  2.495E-29  2.494E-18
3.733E+03  2.591E-29  2.565E-18
3.698E+03  2.690E-29  2.639E-18
3.664E+03  2.793E-29  2.714E-18
3.631E+03  2.899E-29  2.792E-18
3.597E+03  3.010E-29  2.873E-18
3.565E+03  3.126E-29  2.955E-18
3.532E+03  3.246E-29  3.041E-18
3.499E+03  3.370E-29  3.128E-18
3.467E+03  3.499E-29  3.219E-18
3.436E+03  3.634E-29  3.312E-18
3.404E+03  3.773E-29  3.407E-18
3.373E+03  3.919E-29  3.506E-18
3.342E+03  4.069E-29  3.607E-18
3.311E+03  4.226E-29  3.712E-18
3.281E+03  4.389E-29  3.820E-18
3.251E+03  4.558E-29  3.930E-18
3.221E+03  4.734E-29  4.045E-18
3.192E+03  4.917E-29  4.162E-18
3.162E+03  5.106E-29  4.283E-18
3.133E+03  5.304E-29  4.408E-18
3.105E+03  5.509E-29  4.537E-18
3.076E+03  5.722E-29  4.669E-18
3.048E+03  5.943E-29  4.805E-18
3.020E+03  6.173E-29  4.945E-18
2.992E+03  6.412E-29  5.090E-18
2.965E+03  6.660E-29  5.238E-18
2.938E+03  6.918E-29  5.390E-18
2.911E+03  7.185E-29  5.548E-18
2.884E+03  7.463E-29  5.710E-18
2.858E+03  7.752E-29  5.876E-18
2.831E+03  8.053E-29  6.048E-18
2.805E+03  8.365E-29  6.225E-18
2.780E+03  8.690E-29  6.407E-18
2.754E+03  9.027E-29  6.595E-18
2.729E+03  9.378E-29  6.788E-18
2.704E+03  9.742E-29  6.988E-18
2.679E+03  1.012E-28  7.193E-18
2.655E+03  1.052E-28  7.404E-18
2.630E+03  1.092E-28  7.622E-18
2.606E+03  1.135E-28  7.846E-18
2.582E+03  1.179E-28  8.078E-18
2.559E+03  1.225E-28  8.316E-18
2.535E+03  1.273E-28  8.561E-18
2.512E+03  1.323E-28  8.814E-18
2.489E+03  1.374E-28  9.074E-18
2.466E+03  1.428E-28  9.342E-18
2.443E+03  1.484E-28  9.618E-18
2.421E+03  1.542E-28  9.903E-18
2.399E+03  1.602E-28  1.020E-17
2.377E+03  1.665E-28  1.050E-17
2.355E+03  1.730E-28  1.081E-17
2.333E+03  1.798E-28  1.113E-17
2.312E+03  1.869E-28  1.146E-17
2.291E+03  1.942E-28  1.180E-17
2.270E+03  2.018E-28  1.215E-17
2.249E+03  2.097E-28  1.251E-17
2.228E+03  2.180E-28  1.288E-17
2.208E+03  2.265E-28  1.327E-17
2.188E+03  2.354E-28  1.366E-17
2.168E+03  2.447E-28  1.407E-17
2.148E+03  2.543E-28  1.449E-17
2.128E+03  2.643E-28  1.492E-17
2.109E+03  2.747E-28  1.536E-17
2.089E+03  2.855E-28  1.582E-17
2.070E+03  2.967E-28  1.629E-17
2.051E+03  3.084E-28  1.678E-17
2.032E+03  3.205E-28  1.728E-17
2.014E+03  3.331E-28  1.780E-17
1.995E+03  3.463E-28  1.833E-17
1.977E+03  3.599E-28  1.887E-17
1.959E+03  3.741E-28  1.944E-17
1.941E+03  3.888E-28  2.002E-17
1.923E+03  4.041E-28  2.061E-17
1.905E+03  4.200E-28  2.123E-17
1.888E+03  4.366E-28  2.186E-17
1.871E+03  4.538E-28  2.252E-17
1.854E+03  4.717E-28  2.319E-17
1.837E+03  4.903E-28  2.389E-17
1.820E+03  5.096E-28  2.460E-17
1.803E+03  5.297E-28  2.534E-17
1.786E+03  5.506E-28  2.609E-17
1.770E+03  5.724E-28  2.687E-17
1.754E+03  5.949E-28  2.768E-17
1.738E+03  6.184E-28  2.851E-17
1.722E+03  6.428E-28  2.936E-17
1.706E+03  6.682E-28  3.024E-17
1.690E+03  6.946E-28  3.114E-17
1.675E+03  7.220E-28  3.208E-17
1.660E+03  7.505E-28  3.304E-17
1.644E+03  7.801E-28  3.403E-17
1.629E+03  8.109E-28  3.504E-17
1.614E+03  8.429E-28  3.609E-17
1.600E+03  8.761E-28  3.717E-17
1.585E+03  9.107E-28  3.829E-17
1.570E+03  9.466E-28  3.943E-17
1.556E+03  9.840E-28  4.061E-17
1.542E+03  1.023E-27  4.183E-17
1.528E+03  1.063E-27  4.308E-17
1.514E+03  1.105E-27  4.436E-17
1.500E+03  1.149E-27  4.569E-17
1.486E+03  1.194E-27  4.706E-17
1.472E+03  1.241E-27  4.846E-17
1.459E+03  1.290E-27  4.991E-17
1.445E+03  1.341E-27  5.141E-17
1.432E+03  1.394E-27  5.294E-17
1.419E+03  1.449E-27  5.453E-17
1.406E+03  1.506E-27  5.615E-17
1.393E+03  1.565E-27  5.783E-17
1.380E+03  1.627E-27  5.956E-17
1.368E+03  1.691E-27  6.134E-17
1.355E+03  1.757E-27  6.317E-17
1.343E+03  1.826E-27  6.505E-17
1.330E+03  1.898E-27  6.699E-17
1.318E+03  1.973E-27  6.899E-17
1.306E+03  2.050E-27  7.104E-17
1.294E+03  2.131E-27  7.316E-17
1.282E+03  2.215E-27  7.533E-17
1.271E+03  2.302E-27  7.758E-17
1.259E+03  2.392E-27  7.988E-17
1.247E+03  2.486E-27  8.225E-17
1.236E+03  2.583E-27  8.470E-17
1.225E+03  2.685E-27  8.721E-17
1.213E+03  2.790E-27  8.979E-17
1.202E+03  2.899E-27  9.245E-17
1.191E+03  3.013E-27  9.519E-17
1.180E+03  3.130E-27  9.801E-17
1.169E+03  3.253E-27  1.009E-16
1.159E+03  3.380E-27  1.039E-16
1.148E+03  3.512E-27  1.070E-16
1.138E+03  3.649E-27  1.101E-16
1.127E+03  3.791E-27  1.134E-16
1.117E+03  3.939E-27  1.167E-16
1.107E+03  4.092E-27  1.201E-16
1.096E+03  4.251E-27  1.237E-16
1.086E+03  4.417E-27  1.273E-16
1.076E+03  4.588E-27  1.310E-16
1.067E+03  4.767E-27  1.349E-16
1.057E+03  4.952E-27  1.388E-16
1.047E+03  5.144E-27  1.429E-16
1.038E+03  5.343E-27  1.470E-16
1.028E+03  5.549E-27  1.513E-16
1.019E+03  5.764E-27  1.557E-16
1.009E+03  5.987E-27  1.603E-16
1.000E+03  6.218E-27  1.649E-16
9.908E+02  6.458E-27  1.697E-16
9.817E+02  6.707E-27  1.747E-16
9.727E+02  6.966E-27  1.797E-16
9.638E+02  7.234E-27  1.850E-16
9.550E+02  7.513E-27  1.903E-16
9.462E+02  7.801E-27  1.958E-16
9.376E+02  8.101E-27  2.015E-16
9.290E+02  8.412E-27  2.073E-16
9.204E+02  8.735E-27  2.133E-16
9.120E+02  9.069E-27  2.194E-16
9.036E+02  9.416E-27  2.257E-16
8.954E+02  9.776E-27  2.322E-16
8.872E+02  1.015E-26  2.388E-16
8.790E+02  1.053E-26  2.456E-16
8.710E+02  1.094E-26  2.526E-16
8.630E+02  1.135E-26  2.598E-16
8.551E+02  1.178E-26  2.672E-16
8.472E+02  1.223E-26  2.748E-16
8.395E+02  1.269E-26  2.826E-16
8.318E+02  1.317E-26  2.906E-16
8.241E+02  1.367E-26  2.988E-16
8.166E+02  1.418E-26  3.072E-16
8.091E+02  1.472E-26  3.158E-16
8.017E+02  1.527E-26  3.247E-16
7.943E+02  1.584E-26  3.338E-16
7.870E+02  1.643E-26  3.431E-16
7.798E+02  1.705E-26  3.527E-16
7.727E+02  1.769E-26  3.625E-16
7.656E+02  1.835E-26  3.726E-16
7.586E+02  1.903E-26  3.829E-16
7.516E+02  1.974E-26  3.935E-16
7.447E+02  2.047E-26  4.044E-16
7.379E+02  2.123E-26  4.156E-16
7.311E+02  2.202E-26  4.271E-16
7.244E+02  2.284E-26  4.389E-16
7.178E+02  2.369E-26  4.510E-16
7.112E+02  2.457E-26  4.635E-16
7.047E+02  2.548E-26  4.762E-16
6.982E+02  2.642E-26  4.893E-16
6.918E+02  2.740E-26  5.027E-16
6.855E+02  2.841E-26  5.165E-16
6.792E+02  2.945E-26  5.306E-16
6.730E+02  3.054E-26  5.451E-16
6.668E+02  3.166E-26  5.599E-16
6.607E+02  3.282E-26  5.751E-16
6.546E+02  3.402E-26  5.908E-16
6.486E+02  3.527E-26  6.069E-16
6.427E+02  3.657E-26  6.234E-16
6.368E+02  3.791E-26  6.403E-16
6.310E+02  3.930E-26  6.577E-16
6.252E+02  4.074E-26  6.755E-16
6.194E+02  4.223E-26  6.938E-16
6.138E+02  4.377E-26  7.126E-16
6.081E+02  4.537E-26  7.318E-16
6.026E+02  4.702E-26  7.515E-16
5.970E+02  4.873E-26  7.718E-16
5.916E+02  5.051E-26  7.925E-16
5.861E+02  5.234E-26  8.138E-16
5.808E+02  5.424E-26  8.356E-16
5.754E+02  5.621E-26  8.580E-16
5.702E+02  5.824E-26  8.809E-16
5.649E+02  6.035E-26  9.044E-16
5.598E+02  6.253E-26  9.285E-16
5.546E+02  6.479E-26  9.532E-16
5.495E+02  6.713E-26  9.785E-16
5.445E+02  6.954E-26  1.004E-15
5.395E+02  7.204E-26  1.031E-15
5.346E+02  7.463E-26  1.058E-15
5.297E+02  7.731E-26  1.086E-15
5.248E+02  8.008E-26  1.115E-15
5.200E+02  8.295E-26  1.144E-15
5.152E+02  8.591E-26  1.174E-15
5.105E+02  8.898E-26  1.205E-15
5.058E+02  9.215E-26  1.236E-15
5.012E+02  9.542E-26  1.269E-15
4.966E+02  9.881E-26  1.302E-15
4.920E+02  1.023E-25  1.335E-15
4.875E+02  1.059E-25  1.370E-15
4.831E+02  1.097E-25  1.405E-15
4.786E+02  1.136E-25  1.442E-15
4.742E+02  1.176E-25  1.479E-15
4.699E+02  1.217E-25  1.517E-15
4.656E+02  1.260E-25  1.556E-15
4.613E+02  1.304E-25  1.595E-15
4.571E+02  1.349E-25  1.636E-15
4.529E+02  1.396E-25  1.678E-15
4.487E+02  1.445E-25  1.720E-15
4.446E+02  1.495E-25  1.764E-15
4.406E+02  1.547E-25  1.808E-15
4.365E+02  1.601E-25  1.853E-15
4.325E+02  1.656E-25  1.900E-15
4.285E+02  1.713E-25  1.947E-15
4.246E+02  1.772E-25  1.996E-15
4.207E+02  1.833E-25  2.045E-15
4.169E+02  1.896E-25  2.096E-15
4.130E+02  1.960E-25  2.148E-15
4.093E+02  2.027E-25  2.201E-15
4.055E+02  2.096E-25  2.255E-15
4.018E+02  2.168E-25  2.310E-15
3.981E+02  2.241E-25  2.367E-15
3.945E+02  2.317E-25  2.424E-15
3.908E+02  2.395E-25  2.483E-15
3.873E+02  2.476E-25  2.543E-15
3.837E+02  2.559E-25  2.604E-15
3.802E+02  2.645E-25  2.667E-15
3.767E+02  2.733E-25  2.731E-15
3.733E+02  2.824E-25  2.796E-15
3.698E+02  2.918E-25  2.862E-15
3.664E+02  3.014E-25  2.930E-15
3.631E+02  3.114E-25  2.999E-15
3.597E+02  3.217E-25  3.069E-15
3.565E+02  3.322E-25  3.141E-15
3.532E+02  3.431E-25  3.214E-15
3.499E+02  3.543E-25  3.289E-15
3.467E+02  3.658E-25  3.365E-15
3.436E+02  3.777E-25  3.442E-15
3.404E+02  3.899E-25  3.521E-15
3.373E+02  4.025E-25  3.601E-15
3.342E+02  4.154E-25  3.683E-15
3.311E+02  4.287E-25  3.766E-15
3.281E+02  4.424E-25  3.850E-15
3.251E+02  4.565E-25  3.936E-15
3.221E+02  4.710E-25  4.024E-15
3.192E+02  4.858E-25  4.113E-15
3.162E+02  5.011E-25  4.203E-15
3.133E+02  5.168E-25  4.295E-15
3.105E+02  5.329E-25  4.389E-15
3.076E+02  5.495E-25  4.484E-15
3.048E+02  5.665E-25  4.580E-15
3.020E+02  5.840E-25  4.678E-15
2.992E+02  6.020E-25  4.778E-15
2.965E+02  6.204E-25  4.879E-15
2.938E+02  6.393E-25  4.981E-15
2.911E+02  6.586E-25  5.085E-15
2.884E+02  6.785E-25  5.191E-15
2.858E+02  6.989E-25  5.298E-15
2.831E+02  7.199E-25  5.406E-15
2.805E+02  7.413E-25  5.517E-15
2.780E+02  7.633E-25  5.628E-15
2.754E+02  7.858E-25  5.741E-15
2.729E+02  8.090E-25  5.856E-15
2.704E+02  8.328E-25  5.973E-15
2.679E+02  8.571E-25  6.091E-15
2.655E+02  8.821E-25  6.211E-15
2.630E+02  9.076E-25  6.332E-15
2.606E+02  9.338E-25  6.455E-15
2.582E+02  9.606E-25  6.579E-15
2.559E+02  9.878E-25  6.704E-15
2.535E+02  1.016E-24  6.829E-15
2.512E+02  1.044E-24  6.955E-15
2.489E+02  1.072E-24  7.079E-15
2.466E+02  1.101E-24  7.199E-15
2.443E+02  1.129E-24  7.320E-15
2.421E+02  1.159E-24  7.440E-15
2.399E+02  1.188E-24  7.560E-15
2.377E+02  1.218E-24  7.677E-15
2.355E+02  1.248E-24  7.794E-15
2.333E+02  1.278E-24  7.911E-15
2.312E+02  1.309E-24  8.029E-15
2.291E+02  1.341E-24  8.147E-15
2.270E+02  1.373E-24  8.265E-15
2.249E+02  1.405E-24  8.384E-15
2.228E+02  1.438E-24  8.503E-15
2.208E+02  1.472E-24  8.622E-15
2.188E+02  1.506E-24  8.741E-15
2.168E+02  1.541E-24  8.860E-15
2.148E+02  1.576E-24  8.979E-15
2.128E+02  1.612E-24  9.098E-15
2.109E+02  1.648E-24  9.217E-15
2.089E+02  1.685E-24  9.336E-15
2.070E+02  1.722E-24  9.455E-15
2.051E+02  1.759E-24  9.572E-15
2.032E+02  1.798E-24  9.690E-15
2.014E+02  1.836E-24  9.808E-15
1.995E+02  1.875E-24  9.925E-15
1.977E+02  1.915E-24  1.004E-14
1.959E+02  1.955E-24  1.016E-14
1.941E+02  1.995E-24  1.027E-14
1.923E+02  2.037E-24  1.039E-14
1.905E+02  2.078E-24  1.050E-14
1.888E+02  2.120E-24  1.062E-14
1.871E+02  2.163E-24  1.073E-14
1.854E+02  2.206E-24  1.084E-14
1.837E+02  2.249E-24  1.096E-14
1.820E+02  2.293E-24  1.107E-14
1.803E+02  2.338E-24  1.118E-14
1.786E+02  2.383E-24  1.129E-14
1.770E+02  2.428E-24  1.140E-14
1.754E+02  2.474E-24  1.151E-14
1.738E+02  2.521E-24  1.162E-14
1.722E+02  2.568E-24  1.173E-14
1.706E+02  2.616E-24  1.184E-14
1.690E+02  2.664E-24  1.195E-14
1.675E+02  2.714E-24  1.206E-14
1.660E+02  2.763E-24  1.216E-14
1.644E+02  2.814E-24  1.227E-14
1.629E+02  2.865E-24  1.238E-14
1.614E+02  2.917E-24  1.249E-14
1.600E+02  2.970E-24  1.260E-14
1.585E+02  3.024E-24  1.271E-14
1.570E+02  3.079E-24  1.283E-14
1.556E+02  3.135E-24  1.294E-14
1.542E+02  3.192E-24  1.305E-14
1.528E+02  3.250E-24  1.317E-14
1.514E+02  3.309E-24  1.329E-14
1.500E+02  3.370E-24  1.341E-14
1.486E+02  3.431E-24  1.352E-14
1.472E+02  3.492E-24  1.364E-14
1.459E+02  3.554E-24  1.375E-14
1.445E+02  3.614E-24  1.386E-14
1.432E+02  3.673E-24  1.395E-14
1.419E+02  3.728E-24  1.403E-14
1.406E+02  3.779E-24  1.410E-14
1.393E+02  3.824E-24  1.413E-14
1.380E+02  3.863E-24  1.415E-14
1.368E+02  3.896E-24  1.414E-14
1.355E+02  3.924E-24  1.411E-14
1.343E+02  3.948E-24  1.406E-14
1.330E+02  3.970E-24  1.401E-14
1.318E+02  3.990E-24  1.395E-14
1.306E+02  4.011E-24  1.390E-14
1.294E+02  4.031E-24  1.384E-14
1.282E+02  4.052E-24  1.378E-14
1.271E+02  4.074E-24  1.373E-14
1.259E+02  4.096E-24  1.368E-14
1.247E+02  4.120E-24  1.363E-14
1.236E+02  4.144E-24  1.359E-14
1.225E+02  4.169E-24  1.354E-14
1.213E+02  4.195E-24  1.350E-14
1.202E+02  4.222E-24  1.346E-14
1.191E+02  4.249E-24  1.343E-14
1.180E+02  4.276E-24  1.339E-14
1.169E+02  4.304E-24  1.335E-14
1.159E+02  4.331E-24  1.331E-14
1.148E+02  4.358E-24  1.327E-14
1.138E+02  4.386E-24  1.324E-14
1.127E+02  4.414E-24  1.320E-14
1.117E+02  4.442E-24  1.316E-14
1.107E+02  4.470E-24  1.312E-14
1.096E+02  4.499E-24  1.308E-14
1.086E+02  4.527E-24  1.305E-14
1.076E+02  4.555E-24  1.301E-14
1.067E+02  4.582E-24  1.296E-14
1.057E+02  4.610E-24  1.292E-14
1.047E+02  4.637E-24  1.288E-14
1.038E+02  4.664E-24  1.284E-14
1.028E+02  4.690E-24  1.279E-14
1.019E+02  4.716E-24  1.274E-14
1.009E+02  4.741E-24  1.269E-14
1.000E+02  4.766E-24  1.264E-14
9.908E+01  4.789E-24  1.259E-14
9.817E+01  4.813E-24  1.253E-14
9.727E+01  4.835E-24  1.248E-14
9.638E+01  4.858E-24  1.242E-14
9.550E+01  4.879E-24  1.236E-14
9.462E+01  4.900E-24  1.230E-14
9.376E+01  4.921E-24  1.224E-14
9.290E+01  4.940E-24  1.217E-14
9.204E+01  4.959E-24  1.211E-14
9.120E+01  4.977E-24  1.204E-14
9.036E+01  4.995E-24  1.197E-14
8.954E+01  5.011E-24  1.190E-14
8.872E+01  5.028E-24  1.183E-14
8.790E+01  5.043E-24  1.176E-14
8.710E+01  5.058E-24  1.169E-14
8.630E+01  5.073E-24  1.161E-14
8.551E+01  5.087E-24  1.154E-14
8.472E+01  5.098E-24  1.146E-14
8.395E+01  5.110E-24  1.138E-14
8.318E+01  5.122E-24  1.130E-14
8.241E+01  5.133E-24  1.122E-14
8.166E+01  5.144E-24  1.114E-14
8.091E+01  5.153E-24  1.106E-14
8.017E+01  5.163E-24  1.098E-14
7.943E+01  5.171E-24  1.090E-14
7.870E+01  5.179E-24  1.081E-14
7.798E+01  5.185E-24  1.073E-14
7.727E+01  5.192E-24  1.064E-14
7.656E+01  5.197E-24  1.055E-14
7.586E+01  5.202E-24  1.047E-14
7.516E+01  5.206E-24  1.038E-14
7.447E+01  5.209E-24  1.029E-14
7.379E+01  5.210E-24  1.020E-14
7.311E+01  5.212E-24  1.011E-14
7.244E+01  5.212E-24  1.001E-14
7.178E+01  5.211E-24  9.922E-15
7.112E+01  5.211E-24  9.830E-15
7.047E+01  5.210E-24  9.738E-15
6.982E+01  5.208E-24  9.647E-15
6.918E+01  5.206E-24  9.555E-15
6.855E+01  5.203E-24  9.462E-15
6.792E+01  5.200E-24  9.368E-15
6.730E+01  5.195E-24  9.274E-15
6.668E+01  5.190E-24  9.181E-15
6.607E+01  5.185E-24  9.087E-15
6.546E+01  5.178E-24  8.992E-15
6.486E+01  5.172E-24  8.898E-15
6.427E+01  5.164E-24  8.804E-15
6.368E+01  5.156E-24  8.710E-15
6.310E+01  5.148E-24  8.616E-15
6.252E+01  5.139E-24  8.522E-15
6.194E+01  5.130E-24  8.429E-15
6.138E+01  5.120E-24  8.336E-15
6.081E+01  5.110E-24  8.243E-15
6.026E+01  5.099E-24  8.150E-15
5.970E+01  5.087E-24  8.056E-15
5.916E+01  5.075E-24  7.964E-15
5.861E+01  5.062E-24  7.871E-15
5.808E+01  5.049E-24  7.778E-15
5.754E+01  5.036E-24  7.687E-15
5.702E+01  5.022E-24  7.595E-15
5.649E+01  5.008E-24  7.504E-15
5.598E+01  4.993E-24  7.414E-15
5.546E+01  4.978E-24  7.324E-15
5.495E+01  4.963E-24  7.234E-15
5.445E+01  4.947E-24  7.146E-15
5.395E+01  4.931E-24  7.057E-15
5.346E+01  4.915E-24  6.970E-15
5.297E+01  4.899E-24  6.882E-15
5.248E+01  4.882E-24  6.796E-15
5.200E+01  4.864E-24  6.709E-15
5.152E+01  4.847E-24  6.624E-15
5.105E+01  4.828E-24  6.538E-15
5.058E+01  4.810E-24  6.454E-15
5.012E+01  4.791E-24  6.369E-15
4.966E+01  4.772E-24  6.286E-15
4.920E+01  4.752E-24  6.203E-15
4.875E+01  4.733E-24  6.120E-15
4.831E+01  4.713E-24  6.039E-15
4.786E+01  4.692E-24  5.958E-15
4.742E+01  4.672E-24  5.877E-15
4.699E+01  4.651E-24  5.797E-15
4.656E+01  4.630E-24  5.718E-15
4.613E+01  4.608E-24  5.639E-15
4.571E+01  4.586E-24  5.560E-15
4.529E+01  4.564E-24  5.482E-15
4.487E+01  4.541E-24  5.405E-15
4.446E+01  4.517E-24  5.328E-15
4.406E+01  4.493E-24  5.251E-15
4.365E+01  4.468E-24  5.174E-15
4.325E+01  4.443E-24  5.097E-15
4.285E+01  4.416E-24  5.020E-15
4.246E+01  4.389E-24  4.943E-15
4.207E+01  4.360E-24  4.866E-15
4.169E+01  4.331E-24  4.789E-15
4.130E+01  4.301E-24  4.712E-15
4.093E+01  4.269E-24  4.634E-15
4.055E+01  4.235E-24  4.555E-15
4.018E+01  4.200E-24  4.476E-15
3.981E+01  4.163E-24  4.397E-15
3.945E+01  4.125E-24  4.316E-15
3.908E+01  4.085E-24  4.235E-15
3.873E+01  4.042E-24  4.152E-15
3.837E+01  3.998E-24  4.069E-15
3.802E+01  3.951E-24  3.984E-15
3.767E+01  3.901E-24  3.898E-15
3.733E+01  3.849E-24  3.811E-15
3.698E+01  3.794E-24  3.722E-15
3.664E+01  3.737E-24  3.632E-15
3.631E+01  3.677E-24  3.541E-15
3.597E+01  3.613E-24  3.448E-15
3.565E+01  3.548E-24  3.355E-15
3.532E+01  3.480E-24  3.260E-15
3.499E+01  3.409E-24  3.164E-15
3.467E+01  3.335E-24  3.068E-15
3.436E+01  3.260E-24  2.971E-15
3.404E+01  3.182E-24  2.873E-15
3.373E+01  3.101E-24  2.775E-15
3.342E+01  3.019E-24  2.677E-15
3.311E+01  2.936E-24  2.579E-15
3.281E+01  2.852E-24  2.482E-15
3.251E+01  2.766E-24  2.385E-15
3.221E+01  2.680E-24  2.290E-15
3.192E+01  2.593E-24  2.196E-15
3.162E+01  2.507E-24  2.103E-15
3.133E+01  2.421E-24  2.012E-15
3.105E+01  2.336E-24  1.924E-15
3.076E+01  2.252E-24  1.838E-15
3.048E+01  2.170E-24  1.754E-15
3.020E+01  2.089E-24  1.674E-15
2.992E+01  2.011E-24  1.596E-15
2.965E+01  1.934E-24  1.521E-15
2.938E+01  1.861E-24  1.450E-15
2.911E+01  1.790E-24  1.382E-15
2.884E+01  1.721E-24  1.317E-15
2.858E+01  1.656E-24  1.255E-15
2.831E+01  1.594E-24  1.197E-15
2.805E+01  1.535E-24  1.143E-15
2.780E+01  1.480E-24  1.091E-15
2.754E+01  1.427E-24  1.042E-15
2.729E+01  1.377E-24  9.967E-16
2.704E+01  1.330E-24  9.543E-16
2.679E+01  1.287E-24  9.146E-16
2.655E+01  1.246E-24  8.774E-16
2.630E+01  1.208E-24  8.429E-16
2.606E+01  1.172E-24  8.105E-16
2.582E+01  1.140E-24  7.807E-16
2.559E+01  1.110E-24  7.530E-16
2.535E+01  1.082E-24  7.273E-16
2.512E+01  1.056E-24  7.036E-16
2.489E+01  1.032E-24  6.814E-16
2.466E+01  1.010E-24  6.610E-16
2.443E+01  9.905E-25  6.420E-16
2.421E+01  9.726E-25  6.246E-16
2.399E+01  9.562E-25  6.084E-16
2.377E+01  9.412E-25  5.934E-16
2.355E+01  9.279E-25  5.797E-16
2.333E+01  9.161E-25  5.670E-16
2.312E+01  9.055E-25  5.554E-16
2.291E+01  8.960E-25  5.445E-16
2.270E+01  8.878E-25  5.346E-16
2.249E+01  8.811E-25  5.257E-16
2.228E+01  8.754E-25  5.174E-16
2.208E+01  8.706E-25  5.099E-16
2.188E+01  8.664E-25  5.028E-16
2.168E+01  8.630E-25  4.962E-16
2.148E+01  8.607E-25  4.904E-16
2.128E+01  8.590E-25  4.849E-16
2.109E+01  8.584E-25  4.801E-16
2.089E+01  8.583E-25  4.757E-16
2.070E+01  8.589E-25  4.717E-16
2.051E+01  8.603E-25  4.681E-16
2.032E+01  8.624E-25  4.649E-16
2.014E+01  8.655E-25  4.623E-16
1.995E+01  8.694E-25  4.601E-16
1.977E+01  8.742E-25  4.584E-16
1.959E+01  8.794E-25  4.570E-16
1.941E+01  8.860E-25  4.561E-16
1.923E+01  8.936E-25  4.558E-16
1.905E+01  9.029E-25  4.563E-16
1.888E+01  9.140E-25  4.578E-16
1.871E+01  9.283E-25  4.606E-16
1.854E+01  9.468E-25  4.655E-16
1.837E+01  9.723E-25  4.737E-16
1.820E+01  1.012E-24  4.883E-16
1.803E+01  1.088E-24  5.204E-16
1.786E+01  1.213E-24  5.746E-16
1.770E+01  1.217E-24  5.714E-16
1.754E+01  1.338E-24  6.227E-16
1.738E+01  1.669E-24  7.693E-16
1.722E+01  1.546E-24  7.060E-16
1.706E+01  1.538E-24  6.960E-16
1.690E+01  1.496E-24  6.710E-16
1.675E+01  1.428E-24  6.347E-16
1.660E+01  1.477E-24  6.500E-16
1.644E+01  1.794E-24  7.827E-16
1.629E+01  1.312E-24  5.672E-16
1.614E+01  1.153E-24  4.936E-16
1.600E+01  1.196E-24  5.073E-16
1.585E+01  1.196E-24  5.028E-16
1.570E+01  1.019E-24  4.246E-16
1.556E+01  9.362E-25  3.864E-16
1.542E+01  8.967E-25  3.667E-16
1.528E+01  8.732E-25  3.538E-16
1.514E+01  8.574E-25  3.443E-16
1.500E+01  8.465E-25  3.367E-16
1.486E+01  8.394E-25  3.309E-16
1.472E+01  8.371E-25  3.269E-16
1.459E+01  8.422E-25  3.259E-16
1.445E+01  8.631E-25  3.309E-16
1.432E+01  9.191E-25  3.492E-16
1.419E+01  9.810E-25  3.693E-16
1.406E+01  9.240E-25  3.446E-16
1.393E+01  8.809E-25  3.255E-16
1.380E+01  8.953E-25  3.278E-16
1.368E+01  9.852E-25  3.574E-16
1.355E+01  1.024E-24  3.680E-16
1.343E+01  9.487E-25  3.379E-16
1.330E+01  9.533E-25  3.364E-16
1.318E+01  1.013E-24  3.542E-16
1.306E+01  1.129E-24  3.912E-16
1.294E+01  1.329E-24  4.562E-16
1.282E+01  1.649E-24  5.610E-16
1.271E+01  2.047E-24  6.900E-16
1.259E+01  2.222E-24  7.419E-16
1.247E+01  1.997E-24  6.607E-16
1.236E+01  1.719E-24  5.634E-16
1.225E+01  1.604E-24  5.210E-16
1.213E+01  1.640E-24  5.277E-16
1.202E+01  1.702E-24  5.428E-16
1.191E+01  1.644E-24  5.196E-16
1.180E+01  1.515E-24  4.742E-16
1.169E+01  1.474E-24  4.573E-16
1.159E+01  1.642E-24  5.048E-16
1.148E+01  2.204E-24  6.712E-16
1.138E+01  3.388E-24  1.022E-15
1.127E+01  4.731E-24  1.414E-15
1.117E+01  3.230E-24  9.569E-16
1.107E+01  1.704E-24  5.002E-16
1.096E+01  1.161E-24  3.377E-16
1.086E+01  9.052E-25  2.608E-16
1.076E+01  7.649E-25  2.184E-16
1.067E+01  6.799E-25  1.923E-16
1.057E+01  6.245E-25  1.751E-16
1.047E+01  5.867E-25  1.630E-16
1.038E+01  5.598E-25  1.541E-16
1.028E+01  5.403E-25  1.473E-16
1.019E+01  5.262E-25  1.422E-16
1.009E+01  5.164E-25  1.382E-16
1.000E+01  5.102E-25  1.353E-16
9.908E+00  5.074E-25  1.334E-16
9.817E+00  5.077E-25  1.322E-16
9.727E+00  5.111E-25  1.319E-16
9.638E+00  5.178E-25  1.324E-16
9.550E+00  5.280E-25  1.337E-16
9.462E+00  5.421E-25  1.361E-16
9.376E+00  5.613E-25  1.396E-16
9.290E+00  5.870E-25  1.447E-16
9.204E+00  6.221E-25  1.519E-16
9.120E+00  6.711E-25  1.624E-16
9.036E+00  7.419E-25  1.778E-16
8.954E+00  8.488E-25  2.016E-16
8.872E+00  1.018E-24  2.396E-16
8.790E+00  1.297E-24  3.023E-16
8.710E+00  1.722E-24  3.979E-16
8.630E+00  2.121E-24  4.855E-16
8.551E+00  2.073E-24  4.701E-16
8.472E+00  1.797E-24  4.038E-16
8.395E+00  1.655E-24  3.686E-16
8.318E+00  1.646E-24  3.632E-16
8.241E+00  1.718E-24  3.756E-16
8.166E+00  1.901E-24  4.118E-16
8.091E+00  2.251E-24  4.832E-16
8.017E+00  2.812E-24  5.980E-16
7.943E+00  3.554E-24  7.489E-16
7.870E+00  4.233E-24  8.837E-16
7.798E+00  4.556E-24  9.423E-16
7.727E+00  4.745E-24  9.725E-16
7.656E+00  5.078E-24  1.031E-15
7.586E+00  5.020E-24  1.010E-15
7.516E+00  4.150E-24  8.273E-16
7.447E+00  3.147E-24  6.217E-16
7.379E+00  2.423E-24  4.743E-16
7.311E+00  1.941E-24  3.765E-16
7.244E+00  1.608E-24  3.090E-16
7.178E+00  1.367E-24  2.602E-16
7.112E+00  1.188E-24  2.242E-16
7.047E+00  1.059E-24  1.980E-16
6.982E+00  9.713E-25  1.799E-16
6.918E+00  9.208E-25  1.690E-16
6.855E+00  9.035E-25  1.643E-16
6.792E+00  9.098E-25  1.639E-16
6.730E+00  9.194E-25  1.641E-16
6.668E+00  9.085E-25  1.607E-16
6.607E+00  8.779E-25  1.538E-16
6.546E+00  8.587E-25  1.491E-16
6.486E+00  8.921E-25  1.535E-16
6.427E+00  1.030E-24  1.755E-16
6.368E+00  1.375E-24  2.322E-16
6.310E+00  2.162E-24  3.618E-16
6.252E+00  3.519E-24  5.836E-16
6.194E+00  3.586E-24  5.893E-16
6.138E+00  2.154E-24  3.507E-16
6.081E+00  1.263E-24  2.037E-16
6.026E+00  8.476E-25  1.355E-16
5.970E+00  6.494E-25  1.028E-16
5.916E+00  5.598E-25  8.784E-17
5.861E+00  5.422E-25  8.430E-17
5.808E+00  5.924E-25  9.126E-17
5.754E+00  7.027E-25  1.073E-16
5.702E+00  7.671E-25  1.160E-16
5.649E+00  6.541E-25  9.803E-17
5.598E+00  4.875E-25  7.238E-17
5.546E+00  3.720E-25  5.473E-17
5.495E+00  3.047E-25  4.442E-17
5.445E+00  2.683E-25  3.876E-17
5.395E+00  2.550E-25  3.650E-17
5.346E+00  2.676E-25  3.794E-17
5.297E+00  3.153E-25  4.430E-17
5.248E+00  3.503E-25  4.877E-17
5.200E+00  2.834E-25  3.910E-17
5.152E+00  2.139E-25  2.923E-17
5.105E+00  1.757E-25  2.379E-17
5.058E+00  1.543E-25  2.071E-17
5.012E+00  1.410E-25  1.875E-17
4.966E+00  1.318E-25  1.736E-17
4.920E+00  1.249E-25  1.630E-17
4.875E+00  1.194E-25  1.545E-17
4.831E+00  1.150E-25  1.473E-17
4.786E+00  1.112E-25  1.412E-17
4.742E+00  1.080E-25  1.359E-17
4.699E+00  1.052E-25  1.312E-17
4.656E+00  1.028E-25  1.269E-17
4.613E+00  1.005E-25  1.230E-17
4.571E+00  9.856E-26  1.195E-17
4.529E+00  9.677E-26  1.163E-17
4.487E+00  9.515E-26  1.133E-17
4.446E+00  9.367E-26  1.105E-17
4.406E+00  9.232E-26  1.079E-17
4.365E+00  9.109E-26  1.055E-17
4.325E+00  8.996E-26  1.032E-17
4.285E+00  8.893E-26  1.011E-17
4.246E+00  8.799E-26  9.910E-18
4.207E+00  8.713E-26  9.724E-18
4.169E+00  8.636E-26  9.549E-18
4.130E+00  8.566E-26  9.386E-18
4.093E+00  8.504E-26  9.232E-18
4.055E+00  8.450E-26  9.089E-18
4.018E+00  8.404E-26  8.957E-18
3.981E+00  8.367E-26  8.836E-18
3.945E+00  8.340E-26  8.727E-18
3.908E+00  8.324E-26  8.630E-18
3.873E+00  8.320E-26  8.547E-18
3.837E+00  8.331E-26  8.480E-18
3.802E+00  8.360E-26  8.431E-18
3.767E+00  8.410E-26  8.404E-18
3.733E+00  8.488E-26  8.404E-18
3.698E+00  8.601E-26  8.438E-18
3.664E+00  8.762E-26  8.517E-18
3.631E+00  8.988E-26  8.657E-18
3.597E+00  9.308E-26  8.882E-18
3.565E+00  9.766E-26  9.234E-18
3.532E+00  1.044E-25  9.780E-18
3.499E+00  1.147E-25  1.065E-17
3.467E+00  1.313E-25  1.208E-17
3.436E+00  1.605E-25  1.463E-17
3.404E+00  2.180E-25  1.969E-17
3.373E+00  3.555E-25  3.180E-17
3.342E+00  8.108E-25  7.188E-17
3.311E+00  3.069E-24  2.695E-16
3.281E+00  2.095E-24  1.824E-16
3.251E+00  5.981E-25  5.157E-17
3.221E+00  2.852E-25  2.437E-17
3.192E+00  1.818E-25  1.539E-17
3.162E+00  1.360E-25  1.141E-17
3.133E+00  1.120E-25  9.307E-18
3.105E+00  9.776E-26  8.050E-18
3.076E+00  8.861E-26  7.230E-18
3.048E+00  8.234E-26  6.657E-18
3.020E+00  7.782E-26  6.234E-18
2.992E+00  7.442E-26  5.907E-18
2.965E+00  7.176E-26  5.644E-18
2.938E+00  6.963E-26  5.426E-18
2.911E+00  6.787E-26  5.240E-18
2.884E+00  6.638E-26  5.078E-18
2.858E+00  6.509E-26  4.934E-18
2.831E+00  6.396E-26  4.804E-18
2.805E+00  6.295E-26  4.685E-18
2.780E+00  6.203E-26  4.574E-18
2.754E+00  6.119E-26  4.470E-18
2.729E+00  6.041E-26  4.373E-18
2.704E+00  5.967E-26  4.280E-18
2.679E+00  5.897E-26  4.191E-18
2.655E+00  5.831E-26  4.106E-18
2.630E+00  5.767E-26  4.023E-18
2.606E+00  5.705E-26  3.944E-18
2.582E+00  5.645E-26  3.867E-18
2.559E+00  5.586E-26  3.791E-18
2.535E+00  5.529E-26  3.718E-18
2.512E+00  5.472E-26  3.646E-18
2.489E+00  5.416E-26  3.576E-18
2.466E+00  5.360E-26  3.506E-18
2.443E+00  5.305E-26  3.438E-18
2.421E+00  5.249E-26  3.371E-18
2.399E+00  5.195E-26  3.306E-18
2.377E+00  5.142E-26  3.242E-18
2.355E+00  5.088E-26  3.179E-18
2.333E+00  5.035E-26  3.117E-18
2.312E+00  4.982E-26  3.056E-18
2.291E+00  4.929E-26  2.995E-18
2.270E+00  4.876E-26  2.936E-18
2.249E+00  4.822E-26  2.877E-18
2.228E+00  4.768E-26  2.819E-18
2.208E+00  4.713E-26  2.760E-18
2.188E+00  4.657E-26  2.703E-18
2.168E+00  4.599E-26  2.645E-18
2.148E+00  4.540E-26  2.586E-18
2.128E+00  4.478E-26  2.528E-18
2.109E+00  4.412E-26  2.468E-18
2.089E+00  4.343E-26  2.407E-18
2.070E+00  4.268E-26  2.344E-18
2.051E+00  4.187E-26  2.278E-18
2.032E+00  4.097E-26  2.209E-18
2.014E+00  3.996E-26  2.135E-18
1.995E+00  3.884E-26  2.055E-18
1.977E+00  3.759E-26  1.971E-18
1.959E+00  3.625E-26  1.884E-18
1.941E+00  3.496E-26  1.800E-18
1.923E+00  3.395E-26  1.732E-18
1.905E+00  3.345E-26  1.691E-18
1.888E+00  3.356E-26  1.681E-18
1.871E+00  3.410E-26  1.692E-18
1.854E+00  3.478E-26  1.710E-18
1.837E+00  3.538E-26  1.724E-18
1.820E+00  3.582E-26  1.729E-18
1.803E+00  3.608E-26  1.725E-18
1.786E+00  3.619E-26  1.715E-18
1.770E+00  3.619E-26  1.699E-18
1.754E+00  3.611E-26  1.680E-18
1.738E+00  3.596E-26  1.658E-18
1.722E+00  3.578E-26  1.634E-18
1.706E+00  3.556E-26  1.609E-18
1.690E+00  3.532E-26  1.584E-18
1.675E+00  3.507E-26  1.558E-18
1.660E+00  3.481E-26  1.533E-18
1.644E+00  3.455E-26  1.507E-18
1.629E+00  3.430E-26  1.482E-18
1.614E+00  3.404E-26  1.458E-18
1.600E+00  3.380E-26  1.434E-18
1.585E+00  3.357E-26  1.411E-18
1.570E+00  3.336E-26  1.390E-18
1.556E+00  3.317E-26  1.369E-18
1.542E+00  3.301E-26  1.350E-18
1.528E+00  3.288E-26  1.332E-18
1.514E+00  3.278E-26  1.316E-18
1.500E+00  3.273E-26  1.302E-18
1.486E+00  3.273E-26  1.290E-18
1.472E+00  3.279E-26  1.280E-18
1.459E+00  3.291E-26  1.274E-18
1.445E+00  3.313E-26  1.270E-18
1.432E+00  3.344E-26  1.270E-18
1.419E+00  3.387E-26  1.275E-18
1.406E+00  3.444E-26  1.284E-18
1.393E+00  3.518E-26  1.300E-18
1.380E+00  3.612E-26  1.323E-18
1.368E+00  3.731E-26  1.354E-18
1.355E+00  3.879E-26  1.394E-18
1.343E+00  4.058E-26  1.445E-18
1.330E+00  4.271E-26  1.507E-18
1.318E+00  4.514E-26  1.578E-18
1.306E+00  4.772E-26  1.653E-18
1.294E+00  5.015E-26  1.722E-18
1.282E+00  5.193E-26  1.766E-18
1.271E+00  5.246E-26  1.768E-18
1.259E+00  5.129E-26  1.713E-18
1.247E+00  4.848E-26  1.604E-18
1.236E+00  4.455E-26  1.460E-18
1.225E+00  4.025E-26  1.307E-18
1.213E+00  3.618E-26  1.164E-18
1.202E+00  3.266E-26  1.042E-18
1.191E+00  2.981E-26  9.419E-19
1.180E+00  2.759E-26  8.640E-19
1.169E+00  2.596E-26  8.054E-19
1.159E+00  2.485E-26  7.637E-19
1.148E+00  2.421E-26  7.374E-19
1.138E+00  2.405E-26  7.258E-19
1.127E+00  2.441E-26  7.300E-19
1.117E+00  2.541E-26  7.527E-19
1.107E+00  2.722E-26  7.991E-19
1.096E+00  3.019E-26  8.781E-19
1.086E+00  3.478E-26  1.002E-18
1.076E+00  4.145E-26  1.183E-18
1.067E+00  4.981E-26  1.409E-18
1.057E+00  5.650E-26  1.584E-18
1.047E+00  5.536E-26  1.538E-18
1.038E+00  4.589E-26  1.263E-18
1.028E+00  3.473E-26  9.470E-19
1.019E+00  2.607E-26  7.043E-19
1.009E+00  2.021E-26  5.409E-19
1.000E+00  1.632E-26  4.329E-19
