Dust emission from Draine & Li (2007): ApJ 657, 810-837
================================================================
         6 = grain model
 4.000E-08 4.000E-01 3.750E-05 = a_01 (cm) , sigma_1 , b_C1/0.92
 2.500E-07 4.000E-01 1.250E-05 = a_02 (cm) , sigma_2 , b_C2/0.92
 3.000E-01 1.000E+04 2.000E+00 = Umin , Umax, beta (dN/dU propto U^{-beta})
 3.124E+00 = <U> 
     mmp83 = radfield
 1.409E-23 = power/H (erg s-1)
 band   nu*P_nu(band) j_nu(band)
 (um)   (erg s-1 H-1)(Jy cm2 sr-1 H-1)
1.270E+00  4.757E-26  1.603E-18 COBE-DIRBE
2.220E+00  6.069E-26  3.574E-18 COBE-DIRBE
3.530E+00  3.979E-25  3.726E-17 COBE-DIRBE
4.880E+00  1.854E-25  2.400E-17 COBE-DIRBE
1.229E+01  1.742E-24  5.678E-16 COBE-DIRBE
2.079E+01  1.854E-24  1.022E-15 COBE-DIRBE
5.599E+01  6.262E-24  9.300E-15 COBE-DIRBE
9.770E+01  5.043E-24  1.307E-14 COBE-DIRBE
1.479E+02  3.483E-24  1.366E-14 COBE-DIRBE
2.479E+02  1.200E-24  7.893E-15 COBE-DIRBE
1.200E+01  1.828E-24  5.818E-16 IRAS
2.500E+01  2.265E-24  1.502E-15 IRAS
6.000E+01  6.161E-24  9.806E-15 IRAS
1.000E+02  4.964E-24  1.317E-14 IRAS
3.550E+00  4.628E-25  4.358E-17 SST-IRAC
4.493E+00  1.297E-25  1.545E-17 SST-IRAC
5.731E+00  1.107E-24  1.683E-16 SST-IRAC
7.872E+00  2.635E-24  5.503E-16 SST-IRAC
2.368E+01  1.995E-24  1.253E-15 SST-MIPS
7.142E+01  5.358E-24  1.015E-14 SST-MIPS
1.559E+02  3.065E-24  1.267E-14 SST-MIPS
1.600E+01  1.497E-24  6.355E-16 SST-IRSPU
2.200E+01  1.957E-24  1.142E-15 SST-IRSPU











lambda    nu*dP/dnu     j_nu
 (um)   (erg s-1 H-1)(Jy cm2 sr-1 H-1)
1.000E+04  5.233E-31  1.388E-19
9.908E+03  5.424E-31  1.426E-19
9.817E+03  5.622E-31  1.464E-19
9.727E+03  5.827E-31  1.504E-19
9.638E+03  6.039E-31  1.544E-19
9.550E+03  6.260E-31  1.586E-19
9.462E+03  6.488E-31  1.629E-19
9.376E+03  6.725E-31  1.672E-19
9.290E+03  6.970E-31  1.718E-19
9.204E+03  7.225E-31  1.764E-19
9.120E+03  7.488E-31  1.812E-19
9.036E+03  7.762E-31  1.860E-19
8.954E+03  8.044E-31  1.910E-19
8.872E+03  8.336E-31  1.962E-19
8.790E+03  8.638E-31  2.014E-19
8.710E+03  8.952E-31  2.068E-19
8.630E+03  9.278E-31  2.124E-19
8.551E+03  9.615E-31  2.181E-19
8.472E+03  9.965E-31  2.239E-19
8.395E+03  1.033E-30  2.300E-19
8.318E+03  1.070E-30  2.362E-19
8.241E+03  1.109E-30  2.425E-19
8.166E+03  1.150E-30  2.491E-19
8.091E+03  1.192E-30  2.558E-19
8.017E+03  1.235E-30  2.627E-19
7.943E+03  1.281E-30  2.698E-19
7.870E+03  1.327E-30  2.771E-19
7.798E+03  1.376E-30  2.846E-19
7.727E+03  1.426E-30  2.923E-19
7.656E+03  1.479E-30  3.003E-19
7.586E+03  1.533E-30  3.084E-19
7.516E+03  1.589E-30  3.168E-19
7.447E+03  1.647E-30  3.254E-19
7.379E+03  1.708E-30  3.343E-19
7.311E+03  1.771E-30  3.434E-19
7.244E+03  1.836E-30  3.527E-19
7.178E+03  1.903E-30  3.624E-19
7.112E+03  1.973E-30  3.722E-19
7.047E+03  2.046E-30  3.824E-19
6.982E+03  2.121E-30  3.929E-19
6.918E+03  2.199E-30  4.036E-19
6.855E+03  2.280E-30  4.146E-19
6.792E+03  2.364E-30  4.259E-19
6.730E+03  2.451E-30  4.376E-19
6.668E+03  2.542E-30  4.495E-19
6.607E+03  2.635E-30  4.619E-19
6.546E+03  2.733E-30  4.745E-19
6.486E+03  2.834E-30  4.875E-19
6.427E+03  2.938E-30  5.009E-19
6.368E+03  3.047E-30  5.147E-19
6.310E+03  3.160E-30  5.288E-19
6.252E+03  3.277E-30  5.434E-19
6.194E+03  3.398E-30  5.584E-19
6.138E+03  3.524E-30  5.738E-19
6.081E+03  3.655E-30  5.896E-19
6.026E+03  3.791E-30  6.059E-19
5.970E+03  3.932E-30  6.226E-19
5.916E+03  4.078E-30  6.399E-19
5.861E+03  4.229E-30  6.576E-19
5.808E+03  4.387E-30  6.758E-19
5.754E+03  4.550E-30  6.945E-19
5.702E+03  4.720E-30  7.138E-19
5.649E+03  4.896E-30  7.336E-19
5.598E+03  5.078E-30  7.540E-19
5.546E+03  5.268E-30  7.750E-19
5.495E+03  5.465E-30  7.966E-19
5.445E+03  5.669E-30  8.187E-19
5.395E+03  5.881E-30  8.416E-19
5.346E+03  6.101E-30  8.650E-19
5.297E+03  6.329E-30  8.892E-19
5.248E+03  6.566E-30  9.140E-19
5.200E+03  6.812E-30  9.396E-19
5.152E+03  7.067E-30  9.658E-19
5.105E+03  7.332E-30  9.929E-19
5.058E+03  7.607E-30  1.021E-18
5.012E+03  7.893E-30  1.049E-18
4.966E+03  8.189E-30  1.079E-18
4.920E+03  8.496E-30  1.109E-18
4.875E+03  8.816E-30  1.140E-18
4.831E+03  9.147E-30  1.172E-18
4.786E+03  9.491E-30  1.205E-18
4.742E+03  9.849E-30  1.239E-18
4.699E+03  1.022E-29  1.274E-18
4.656E+03  1.060E-29  1.310E-18
4.613E+03  1.100E-29  1.347E-18
4.571E+03  1.142E-29  1.385E-18
4.529E+03  1.185E-29  1.424E-18
4.487E+03  1.230E-29  1.464E-18
4.446E+03  1.276E-29  1.505E-18
4.406E+03  1.325E-29  1.548E-18
4.365E+03  1.375E-29  1.592E-18
4.325E+03  1.427E-29  1.637E-18
4.285E+03  1.481E-29  1.684E-18
4.246E+03  1.537E-29  1.731E-18
4.207E+03  1.595E-29  1.781E-18
4.169E+03  1.656E-29  1.831E-18
4.130E+03  1.719E-29  1.883E-18
4.093E+03  1.784E-29  1.937E-18
4.055E+03  1.852E-29  1.992E-18
4.018E+03  1.923E-29  2.049E-18
3.981E+03  1.996E-29  2.107E-18
3.945E+03  2.072E-29  2.168E-18
3.908E+03  2.150E-29  2.229E-18
3.873E+03  2.232E-29  2.293E-18
3.837E+03  2.317E-29  2.359E-18
3.802E+03  2.406E-29  2.426E-18
3.767E+03  2.497E-29  2.496E-18
3.733E+03  2.593E-29  2.567E-18
3.698E+03  2.692E-29  2.641E-18
3.664E+03  2.795E-29  2.717E-18
3.631E+03  2.902E-29  2.795E-18
3.597E+03  3.013E-29  2.875E-18
3.565E+03  3.128E-29  2.958E-18
3.532E+03  3.248E-29  3.043E-18
3.499E+03  3.373E-29  3.131E-18
3.467E+03  3.502E-29  3.221E-18
3.436E+03  3.637E-29  3.314E-18
3.404E+03  3.777E-29  3.410E-18
3.373E+03  3.922E-29  3.509E-18
3.342E+03  4.073E-29  3.610E-18
3.311E+03  4.229E-29  3.715E-18
3.281E+03  4.392E-29  3.823E-18
3.251E+03  4.562E-29  3.934E-18
3.221E+03  4.738E-29  4.048E-18
3.192E+03  4.921E-29  4.166E-18
3.162E+03  5.111E-29  4.287E-18
3.133E+03  5.308E-29  4.412E-18
3.105E+03  5.513E-29  4.540E-18
3.076E+03  5.727E-29  4.673E-18
3.048E+03  5.948E-29  4.809E-18
3.020E+03  6.178E-29  4.949E-18
2.992E+03  6.418E-29  5.094E-18
2.965E+03  6.666E-29  5.242E-18
2.938E+03  6.923E-29  5.395E-18
2.911E+03  7.191E-29  5.552E-18
2.884E+03  7.469E-29  5.714E-18
2.858E+03  7.759E-29  5.881E-18
2.831E+03  8.060E-29  6.053E-18
2.805E+03  8.372E-29  6.230E-18
2.780E+03  8.697E-29  6.413E-18
2.754E+03  9.035E-29  6.601E-18
2.729E+03  9.386E-29  6.794E-18
2.704E+03  9.751E-29  6.994E-18
2.679E+03  1.013E-28  7.199E-18
2.655E+03  1.052E-28  7.411E-18
2.630E+03  1.093E-28  7.629E-18
2.606E+03  1.136E-28  7.853E-18
2.582E+03  1.180E-28  8.084E-18
2.559E+03  1.226E-28  8.323E-18
2.535E+03  1.274E-28  8.568E-18
2.512E+03  1.324E-28  8.821E-18
2.489E+03  1.376E-28  9.082E-18
2.466E+03  1.429E-28  9.350E-18
2.443E+03  1.485E-28  9.626E-18
2.421E+03  1.543E-28  9.911E-18
2.399E+03  1.604E-28  1.020E-17
2.377E+03  1.667E-28  1.051E-17
2.355E+03  1.732E-28  1.082E-17
2.333E+03  1.800E-28  1.114E-17
2.312E+03  1.870E-28  1.147E-17
2.291E+03  1.944E-28  1.181E-17
2.270E+03  2.020E-28  1.216E-17
2.249E+03  2.099E-28  1.252E-17
2.228E+03  2.181E-28  1.289E-17
2.208E+03  2.267E-28  1.328E-17
2.188E+03  2.356E-28  1.367E-17
2.168E+03  2.449E-28  1.408E-17
2.148E+03  2.545E-28  1.450E-17
2.128E+03  2.645E-28  1.493E-17
2.109E+03  2.749E-28  1.538E-17
2.089E+03  2.857E-28  1.583E-17
2.070E+03  2.970E-28  1.631E-17
2.051E+03  3.087E-28  1.679E-17
2.032E+03  3.208E-28  1.729E-17
2.014E+03  3.334E-28  1.781E-17
1.995E+03  3.466E-28  1.834E-17
1.977E+03  3.602E-28  1.889E-17
1.959E+03  3.744E-28  1.945E-17
1.941E+03  3.891E-28  2.003E-17
1.923E+03  4.045E-28  2.063E-17
1.905E+03  4.204E-28  2.125E-17
1.888E+03  4.370E-28  2.188E-17
1.871E+03  4.542E-28  2.254E-17
1.854E+03  4.721E-28  2.321E-17
1.837E+03  4.907E-28  2.391E-17
1.820E+03  5.101E-28  2.462E-17
1.803E+03  5.302E-28  2.536E-17
1.786E+03  5.511E-28  2.612E-17
1.770E+03  5.729E-28  2.690E-17
1.754E+03  5.955E-28  2.770E-17
1.738E+03  6.190E-28  2.853E-17
1.722E+03  6.434E-28  2.939E-17
1.706E+03  6.688E-28  3.027E-17
1.690E+03  6.952E-28  3.117E-17
1.675E+03  7.226E-28  3.211E-17
1.660E+03  7.512E-28  3.307E-17
1.644E+03  7.808E-28  3.406E-17
1.629E+03  8.116E-28  3.508E-17
1.614E+03  8.437E-28  3.613E-17
1.600E+03  8.770E-28  3.721E-17
1.585E+03  9.116E-28  3.832E-17
1.570E+03  9.475E-28  3.947E-17
1.556E+03  9.849E-28  4.065E-17
1.542E+03  1.024E-27  4.187E-17
1.528E+03  1.064E-27  4.312E-17
1.514E+03  1.106E-27  4.441E-17
1.500E+03  1.150E-27  4.573E-17
1.486E+03  1.195E-27  4.710E-17
1.472E+03  1.242E-27  4.851E-17
1.459E+03  1.291E-27  4.996E-17
1.445E+03  1.342E-27  5.146E-17
1.432E+03  1.395E-27  5.299E-17
1.419E+03  1.450E-27  5.458E-17
1.406E+03  1.507E-27  5.621E-17
1.393E+03  1.566E-27  5.789E-17
1.380E+03  1.628E-27  5.962E-17
1.368E+03  1.692E-27  6.140E-17
1.355E+03  1.759E-27  6.323E-17
1.343E+03  1.828E-27  6.512E-17
1.330E+03  1.900E-27  6.706E-17
1.318E+03  1.975E-27  6.906E-17
1.306E+03  2.053E-27  7.111E-17
1.294E+03  2.133E-27  7.323E-17
1.282E+03  2.217E-27  7.541E-17
1.271E+03  2.304E-27  7.765E-17
1.259E+03  2.395E-27  7.996E-17
1.247E+03  2.488E-27  8.234E-17
1.236E+03  2.586E-27  8.478E-17
1.225E+03  2.687E-27  8.730E-17
1.213E+03  2.793E-27  8.989E-17
1.202E+03  2.902E-27  9.255E-17
1.191E+03  3.016E-27  9.529E-17
1.180E+03  3.134E-27  9.811E-17
1.169E+03  3.256E-27  1.010E-16
1.159E+03  3.383E-27  1.040E-16
1.148E+03  3.515E-27  1.071E-16
1.138E+03  3.653E-27  1.102E-16
1.127E+03  3.795E-27  1.135E-16
1.117E+03  3.943E-27  1.168E-16
1.107E+03  4.097E-27  1.203E-16
1.096E+03  4.256E-27  1.238E-16
1.086E+03  4.422E-27  1.274E-16
1.076E+03  4.593E-27  1.312E-16
1.067E+03  4.772E-27  1.350E-16
1.057E+03  4.957E-27  1.390E-16
1.047E+03  5.149E-27  1.430E-16
1.038E+03  5.349E-27  1.472E-16
1.028E+03  5.556E-27  1.515E-16
1.019E+03  5.770E-27  1.559E-16
1.009E+03  5.993E-27  1.604E-16
1.000E+03  6.225E-27  1.651E-16
9.908E+02  6.465E-27  1.699E-16
9.817E+02  6.715E-27  1.749E-16
9.727E+02  6.974E-27  1.799E-16
9.638E+02  7.242E-27  1.852E-16
9.550E+02  7.521E-27  1.905E-16
9.462E+02  7.810E-27  1.960E-16
9.376E+02  8.110E-27  2.017E-16
9.290E+02  8.422E-27  2.075E-16
9.204E+02  8.745E-27  2.135E-16
9.120E+02  9.080E-27  2.197E-16
9.036E+02  9.427E-27  2.260E-16
8.954E+02  9.787E-27  2.324E-16
8.872E+02  1.016E-26  2.391E-16
8.790E+02  1.055E-26  2.459E-16
8.710E+02  1.095E-26  2.529E-16
8.630E+02  1.136E-26  2.602E-16
8.551E+02  1.180E-26  2.675E-16
8.472E+02  1.224E-26  2.751E-16
8.395E+02  1.271E-26  2.829E-16
8.318E+02  1.319E-26  2.909E-16
8.241E+02  1.368E-26  2.991E-16
8.166E+02  1.420E-26  3.076E-16
8.091E+02  1.473E-26  3.162E-16
8.017E+02  1.529E-26  3.251E-16
7.943E+02  1.586E-26  3.342E-16
7.870E+02  1.646E-26  3.435E-16
7.798E+02  1.707E-26  3.531E-16
7.727E+02  1.771E-26  3.630E-16
7.656E+02  1.837E-26  3.731E-16
7.586E+02  1.905E-26  3.834E-16
7.516E+02  1.976E-26  3.940E-16
7.447E+02  2.050E-26  4.049E-16
7.379E+02  2.126E-26  4.162E-16
7.311E+02  2.205E-26  4.277E-16
7.244E+02  2.287E-26  4.395E-16
7.178E+02  2.372E-26  4.516E-16
7.112E+02  2.460E-26  4.641E-16
7.047E+02  2.551E-26  4.769E-16
6.982E+02  2.645E-26  4.900E-16
6.918E+02  2.743E-26  5.034E-16
6.855E+02  2.845E-26  5.172E-16
6.792E+02  2.949E-26  5.314E-16
6.730E+02  3.058E-26  5.459E-16
6.668E+02  3.170E-26  5.607E-16
6.607E+02  3.286E-26  5.759E-16
6.546E+02  3.407E-26  5.916E-16
6.486E+02  3.532E-26  6.077E-16
6.427E+02  3.662E-26  6.243E-16
6.368E+02  3.796E-26  6.413E-16
6.310E+02  3.935E-26  6.587E-16
6.252E+02  4.080E-26  6.765E-16
6.194E+02  4.229E-26  6.948E-16
6.138E+02  4.383E-26  7.136E-16
6.081E+02  4.543E-26  7.329E-16
6.026E+02  4.709E-26  7.527E-16
5.970E+02  4.881E-26  7.729E-16
5.916E+02  5.058E-26  7.937E-16
5.861E+02  5.242E-26  8.150E-16
5.808E+02  5.433E-26  8.369E-16
5.754E+02  5.630E-26  8.593E-16
5.702E+02  5.834E-26  8.823E-16
5.649E+02  6.045E-26  9.058E-16
5.598E+02  6.263E-26  9.300E-16
5.546E+02  6.489E-26  9.547E-16
5.495E+02  6.724E-26  9.801E-16
5.445E+02  6.966E-26  1.006E-15
5.395E+02  7.216E-26  1.033E-15
5.346E+02  7.476E-26  1.060E-15
5.297E+02  7.744E-26  1.088E-15
5.248E+02  8.022E-26  1.117E-15
5.200E+02  8.309E-26  1.146E-15
5.152E+02  8.606E-26  1.176E-15
5.105E+02  8.913E-26  1.207E-15
5.058E+02  9.231E-26  1.239E-15
5.012E+02  9.559E-26  1.271E-15
4.966E+02  9.899E-26  1.304E-15
4.920E+02  1.025E-25  1.338E-15
4.875E+02  1.061E-25  1.372E-15
4.831E+02  1.099E-25  1.408E-15
4.786E+02  1.138E-25  1.444E-15
4.742E+02  1.178E-25  1.482E-15
4.699E+02  1.219E-25  1.520E-15
4.656E+02  1.262E-25  1.559E-15
4.613E+02  1.306E-25  1.598E-15
4.571E+02  1.352E-25  1.639E-15
4.529E+02  1.399E-25  1.681E-15
4.487E+02  1.448E-25  1.723E-15
4.446E+02  1.498E-25  1.767E-15
4.406E+02  1.550E-25  1.812E-15
4.365E+02  1.604E-25  1.857E-15
4.325E+02  1.659E-25  1.904E-15
4.285E+02  1.717E-25  1.951E-15
4.246E+02  1.776E-25  2.000E-15
4.207E+02  1.837E-25  2.050E-15
4.169E+02  1.900E-25  2.101E-15
4.130E+02  1.965E-25  2.153E-15
4.093E+02  2.032E-25  2.206E-15
4.055E+02  2.101E-25  2.260E-15
4.018E+02  2.172E-25  2.315E-15
3.981E+02  2.246E-25  2.372E-15
3.945E+02  2.322E-25  2.430E-15
3.908E+02  2.400E-25  2.489E-15
3.873E+02  2.481E-25  2.549E-15
3.837E+02  2.565E-25  2.610E-15
3.802E+02  2.651E-25  2.673E-15
3.767E+02  2.739E-25  2.737E-15
3.733E+02  2.831E-25  2.803E-15
3.698E+02  2.925E-25  2.869E-15
3.664E+02  3.022E-25  2.937E-15
3.631E+02  3.122E-25  3.007E-15
3.597E+02  3.225E-25  3.077E-15
3.565E+02  3.331E-25  3.149E-15
3.532E+02  3.440E-25  3.223E-15
3.499E+02  3.552E-25  3.298E-15
3.467E+02  3.668E-25  3.374E-15
3.436E+02  3.787E-25  3.451E-15
3.404E+02  3.910E-25  3.531E-15
3.373E+02  4.036E-25  3.611E-15
3.342E+02  4.166E-25  3.693E-15
3.311E+02  4.300E-25  3.777E-15
3.281E+02  4.437E-25  3.861E-15
3.251E+02  4.578E-25  3.948E-15
3.221E+02  4.723E-25  4.036E-15
3.192E+02  4.873E-25  4.125E-15
3.162E+02  5.026E-25  4.216E-15
3.133E+02  5.184E-25  4.308E-15
3.105E+02  5.346E-25  4.402E-15
3.076E+02  5.512E-25  4.498E-15
3.048E+02  5.683E-25  4.595E-15
3.020E+02  5.859E-25  4.694E-15
2.992E+02  6.039E-25  4.794E-15
2.965E+02  6.224E-25  4.895E-15
2.938E+02  6.414E-25  4.998E-15
2.911E+02  6.609E-25  5.103E-15
2.884E+02  6.809E-25  5.209E-15
2.858E+02  7.014E-25  5.317E-15
2.831E+02  7.224E-25  5.426E-15
2.805E+02  7.440E-25  5.537E-15
2.780E+02  7.661E-25  5.649E-15
2.754E+02  7.888E-25  5.763E-15
2.729E+02  8.121E-25  5.879E-15
2.704E+02  8.360E-25  5.996E-15
2.679E+02  8.605E-25  6.115E-15
2.655E+02  8.856E-25  6.236E-15
2.630E+02  9.113E-25  6.358E-15
2.606E+02  9.376E-25  6.482E-15
2.582E+02  9.646E-25  6.607E-15
2.559E+02  9.921E-25  6.733E-15
2.535E+02  1.020E-24  6.859E-15
2.512E+02  1.048E-24  6.986E-15
2.489E+02  1.077E-24  7.110E-15
2.466E+02  1.106E-24  7.232E-15
2.443E+02  1.135E-24  7.354E-15
2.421E+02  1.164E-24  7.475E-15
2.399E+02  1.194E-24  7.596E-15
2.377E+02  1.224E-24  7.714E-15
2.355E+02  1.254E-24  7.833E-15
2.333E+02  1.285E-24  7.952E-15
2.312E+02  1.316E-24  8.070E-15
2.291E+02  1.348E-24  8.190E-15
2.270E+02  1.380E-24  8.310E-15
2.249E+02  1.413E-24  8.430E-15
2.228E+02  1.446E-24  8.550E-15
2.208E+02  1.480E-24  8.671E-15
2.188E+02  1.515E-24  8.791E-15
2.168E+02  1.550E-24  8.912E-15
2.148E+02  1.585E-24  9.033E-15
2.128E+02  1.622E-24  9.154E-15
2.109E+02  1.658E-24  9.275E-15
2.089E+02  1.695E-24  9.395E-15
2.070E+02  1.733E-24  9.516E-15
2.051E+02  1.771E-24  9.635E-15
2.032E+02  1.810E-24  9.755E-15
2.014E+02  1.849E-24  9.875E-15
1.995E+02  1.888E-24  9.994E-15
1.977E+02  1.928E-24  1.011E-14
1.959E+02  1.969E-24  1.023E-14
1.941E+02  2.010E-24  1.035E-14
1.923E+02  2.052E-24  1.047E-14
1.905E+02  2.094E-24  1.058E-14
1.888E+02  2.137E-24  1.070E-14
1.871E+02  2.180E-24  1.082E-14
1.854E+02  2.224E-24  1.093E-14
1.837E+02  2.268E-24  1.105E-14
1.820E+02  2.313E-24  1.116E-14
1.803E+02  2.358E-24  1.128E-14
1.786E+02  2.404E-24  1.139E-14
1.770E+02  2.450E-24  1.150E-14
1.754E+02  2.497E-24  1.162E-14
1.738E+02  2.545E-24  1.173E-14
1.722E+02  2.593E-24  1.184E-14
1.706E+02  2.642E-24  1.196E-14
1.690E+02  2.691E-24  1.207E-14
1.675E+02  2.742E-24  1.218E-14
1.660E+02  2.793E-24  1.229E-14
1.644E+02  2.844E-24  1.241E-14
1.629E+02  2.897E-24  1.252E-14
1.614E+02  2.950E-24  1.263E-14
1.600E+02  3.004E-24  1.275E-14
1.585E+02  3.060E-24  1.286E-14
1.570E+02  3.116E-24  1.298E-14
1.556E+02  3.173E-24  1.310E-14
1.542E+02  3.232E-24  1.322E-14
1.528E+02  3.292E-24  1.334E-14
1.514E+02  3.353E-24  1.346E-14
1.500E+02  3.415E-24  1.359E-14
1.486E+02  3.478E-24  1.371E-14
1.472E+02  3.542E-24  1.383E-14
1.459E+02  3.605E-24  1.395E-14
1.445E+02  3.668E-24  1.406E-14
1.432E+02  3.729E-24  1.417E-14
1.419E+02  3.786E-24  1.425E-14
1.406E+02  3.839E-24  1.432E-14
1.393E+02  3.887E-24  1.436E-14
1.380E+02  3.928E-24  1.438E-14
1.368E+02  3.963E-24  1.438E-14
1.355E+02  3.993E-24  1.435E-14
1.343E+02  4.020E-24  1.432E-14
1.330E+02  4.044E-24  1.427E-14
1.318E+02  4.067E-24  1.422E-14
1.306E+02  4.089E-24  1.417E-14
1.294E+02  4.113E-24  1.412E-14
1.282E+02  4.136E-24  1.407E-14
1.271E+02  4.161E-24  1.402E-14
1.259E+02  4.186E-24  1.398E-14
1.247E+02  4.213E-24  1.394E-14
1.236E+02  4.240E-24  1.390E-14
1.225E+02  4.269E-24  1.387E-14
1.213E+02  4.298E-24  1.383E-14
1.202E+02  4.328E-24  1.380E-14
1.191E+02  4.359E-24  1.377E-14
1.180E+02  4.390E-24  1.375E-14
1.169E+02  4.421E-24  1.372E-14
1.159E+02  4.452E-24  1.369E-14
1.148E+02  4.484E-24  1.366E-14
1.138E+02  4.516E-24  1.363E-14
1.127E+02  4.548E-24  1.360E-14
1.117E+02  4.581E-24  1.357E-14
1.107E+02  4.615E-24  1.355E-14
1.096E+02  4.648E-24  1.352E-14
1.086E+02  4.681E-24  1.349E-14
1.076E+02  4.714E-24  1.346E-14
1.067E+02  4.747E-24  1.343E-14
1.057E+02  4.781E-24  1.340E-14
1.047E+02  4.814E-24  1.337E-14
1.038E+02  4.847E-24  1.334E-14
1.028E+02  4.879E-24  1.330E-14
1.019E+02  4.911E-24  1.327E-14
1.009E+02  4.943E-24  1.323E-14
1.000E+02  4.974E-24  1.319E-14
9.908E+01  5.004E-24  1.315E-14
9.817E+01  5.035E-24  1.311E-14
9.727E+01  5.065E-24  1.307E-14
9.638E+01  5.095E-24  1.303E-14
9.550E+01  5.125E-24  1.298E-14
9.462E+01  5.154E-24  1.294E-14
9.376E+01  5.182E-24  1.289E-14
9.290E+01  5.211E-24  1.284E-14
9.204E+01  5.238E-24  1.279E-14
9.120E+01  5.265E-24  1.274E-14
9.036E+01  5.292E-24  1.269E-14
8.954E+01  5.319E-24  1.263E-14
8.872E+01  5.345E-24  1.258E-14
8.790E+01  5.371E-24  1.252E-14
8.710E+01  5.396E-24  1.247E-14
8.630E+01  5.421E-24  1.241E-14
8.551E+01  5.446E-24  1.235E-14
8.472E+01  5.469E-24  1.229E-14
8.395E+01  5.492E-24  1.223E-14
8.318E+01  5.516E-24  1.217E-14
8.241E+01  5.539E-24  1.211E-14
8.166E+01  5.562E-24  1.205E-14
8.091E+01  5.585E-24  1.199E-14
8.017E+01  5.607E-24  1.192E-14
7.943E+01  5.629E-24  1.186E-14
7.870E+01  5.650E-24  1.180E-14
7.798E+01  5.671E-24  1.173E-14
7.727E+01  5.692E-24  1.167E-14
7.656E+01  5.712E-24  1.160E-14
7.586E+01  5.732E-24  1.153E-14
7.516E+01  5.751E-24  1.147E-14
7.447E+01  5.771E-24  1.140E-14
7.379E+01  5.788E-24  1.133E-14
7.311E+01  5.806E-24  1.126E-14
7.244E+01  5.823E-24  1.119E-14
7.178E+01  5.840E-24  1.112E-14
7.112E+01  5.857E-24  1.105E-14
7.047E+01  5.874E-24  1.098E-14
6.982E+01  5.891E-24  1.091E-14
6.918E+01  5.908E-24  1.084E-14
6.855E+01  5.924E-24  1.077E-14
6.792E+01  5.940E-24  1.070E-14
6.730E+01  5.956E-24  1.063E-14
6.668E+01  5.971E-24  1.056E-14
6.607E+01  5.987E-24  1.049E-14
6.546E+01  6.002E-24  1.042E-14
6.486E+01  6.017E-24  1.035E-14
6.427E+01  6.031E-24  1.028E-14
6.368E+01  6.046E-24  1.021E-14
6.310E+01  6.060E-24  1.014E-14
6.252E+01  6.075E-24  1.007E-14
6.194E+01  6.090E-24  1.001E-14
6.138E+01  6.104E-24  9.938E-15
6.081E+01  6.119E-24  9.870E-15
6.026E+01  6.133E-24  9.802E-15
5.970E+01  6.146E-24  9.734E-15
5.916E+01  6.161E-24  9.667E-15
5.861E+01  6.174E-24  9.599E-15
5.808E+01  6.187E-24  9.532E-15
5.754E+01  6.201E-24  9.466E-15
5.702E+01  6.215E-24  9.400E-15
5.649E+01  6.229E-24  9.334E-15
5.598E+01  6.243E-24  9.270E-15
5.546E+01  6.257E-24  9.205E-15
5.495E+01  6.272E-24  9.142E-15
5.445E+01  6.286E-24  9.079E-15
5.395E+01  6.301E-24  9.017E-15
5.346E+01  6.316E-24  8.955E-15
5.297E+01  6.330E-24  8.894E-15
5.248E+01  6.345E-24  8.833E-15
5.200E+01  6.360E-24  8.773E-15
5.152E+01  6.376E-24  8.713E-15
5.105E+01  6.390E-24  8.653E-15
5.058E+01  6.406E-24  8.595E-15
5.012E+01  6.421E-24  8.536E-15
4.966E+01  6.436E-24  8.478E-15
4.920E+01  6.452E-24  8.421E-15
4.875E+01  6.468E-24  8.364E-15
4.831E+01  6.484E-24  8.308E-15
4.786E+01  6.500E-24  8.253E-15
4.742E+01  6.517E-24  8.198E-15
4.699E+01  6.533E-24  8.143E-15
4.656E+01  6.550E-24  8.089E-15
4.613E+01  6.567E-24  8.036E-15
4.571E+01  6.584E-24  7.982E-15
4.529E+01  6.600E-24  7.929E-15
4.487E+01  6.617E-24  7.877E-15
4.446E+01  6.634E-24  7.825E-15
4.406E+01  6.650E-24  7.772E-15
4.365E+01  6.667E-24  7.719E-15
4.325E+01  6.682E-24  7.666E-15
4.285E+01  6.697E-24  7.613E-15
4.246E+01  6.711E-24  7.559E-15
4.207E+01  6.724E-24  7.504E-15
4.169E+01  6.736E-24  7.449E-15
4.130E+01  6.747E-24  7.392E-15
4.093E+01  6.756E-24  7.334E-15
4.055E+01  6.763E-24  7.275E-15
4.018E+01  6.768E-24  7.213E-15
3.981E+01  6.771E-24  7.150E-15
3.945E+01  6.771E-24  7.085E-15
3.908E+01  6.769E-24  7.017E-15
3.873E+01  6.763E-24  6.947E-15
3.837E+01  6.753E-24  6.874E-15
3.802E+01  6.740E-24  6.797E-15
3.767E+01  6.722E-24  6.717E-15
3.733E+01  6.698E-24  6.632E-15
3.698E+01  6.670E-24  6.544E-15
3.664E+01  6.637E-24  6.451E-15
3.631E+01  6.598E-24  6.355E-15
3.597E+01  6.553E-24  6.253E-15
3.565E+01  6.502E-24  6.148E-15
3.532E+01  6.445E-24  6.038E-15
3.499E+01  6.381E-24  5.923E-15
3.467E+01  6.310E-24  5.804E-15
3.436E+01  6.233E-24  5.681E-15
3.404E+01  6.149E-24  5.553E-15
3.373E+01  6.059E-24  5.421E-15
3.342E+01  5.962E-24  5.285E-15
3.311E+01  5.859E-24  5.146E-15
3.281E+01  5.750E-24  5.004E-15
3.251E+01  5.636E-24  4.860E-15
3.221E+01  5.516E-24  4.713E-15
3.192E+01  5.392E-24  4.564E-15
3.162E+01  5.263E-24  4.415E-15
3.133E+01  5.131E-24  4.265E-15
3.105E+01  4.996E-24  4.114E-15
3.076E+01  4.859E-24  3.965E-15
3.048E+01  4.721E-24  3.817E-15
3.020E+01  4.582E-24  3.671E-15
2.992E+01  4.444E-24  3.527E-15
2.965E+01  4.305E-24  3.385E-15
2.938E+01  4.167E-24  3.247E-15
2.911E+01  4.031E-24  3.113E-15
2.884E+01  3.898E-24  2.982E-15
2.858E+01  3.767E-24  2.855E-15
2.831E+01  3.639E-24  2.733E-15
2.805E+01  3.515E-24  2.616E-15
2.780E+01  3.395E-24  2.503E-15
2.754E+01  3.279E-24  2.396E-15
2.729E+01  3.166E-24  2.292E-15
2.704E+01  3.059E-24  2.194E-15
2.679E+01  2.956E-24  2.100E-15
2.655E+01  2.856E-24  2.011E-15
2.630E+01  2.762E-24  1.927E-15
2.606E+01  2.671E-24  1.847E-15
2.582E+01  2.586E-24  1.771E-15
2.559E+01  2.504E-24  1.700E-15
2.535E+01  2.427E-24  1.632E-15
2.512E+01  2.354E-24  1.568E-15
2.489E+01  2.284E-24  1.508E-15
2.466E+01  2.219E-24  1.451E-15
2.443E+01  2.156E-24  1.398E-15
2.421E+01  2.098E-24  1.347E-15
2.399E+01  2.042E-24  1.300E-15
2.377E+01  1.990E-24  1.255E-15
2.355E+01  1.941E-24  1.213E-15
2.333E+01  1.896E-24  1.173E-15
2.312E+01  1.852E-24  1.136E-15
2.291E+01  1.812E-24  1.101E-15
2.270E+01  1.775E-24  1.068E-15
2.249E+01  1.741E-24  1.038E-15
2.228E+01  1.709E-24  1.010E-15
2.208E+01  1.680E-24  9.838E-16
2.188E+01  1.652E-24  9.584E-16
2.168E+01  1.625E-24  9.344E-16
2.148E+01  1.601E-24  9.121E-16
2.128E+01  1.579E-24  8.914E-16
2.109E+01  1.559E-24  8.722E-16
2.089E+01  1.541E-24  8.542E-16
2.070E+01  1.525E-24  8.373E-16
2.051E+01  1.510E-24  8.214E-16
2.032E+01  1.497E-24  8.069E-16
2.014E+01  1.487E-24  7.940E-16
1.995E+01  1.478E-24  7.821E-16
1.977E+01  1.471E-24  7.712E-16
1.959E+01  1.465E-24  7.610E-16
1.941E+01  1.460E-24  7.518E-16
1.923E+01  1.458E-24  7.436E-16
1.905E+01  1.458E-24  7.368E-16
1.888E+01  1.460E-24  7.314E-16
1.871E+01  1.468E-24  7.282E-16
1.854E+01  1.481E-24  7.280E-16
1.837E+01  1.504E-24  7.325E-16
1.820E+01  1.545E-24  7.459E-16
1.803E+01  1.637E-24  7.829E-16
1.786E+01  1.794E-24  8.500E-16
1.770E+01  1.791E-24  8.410E-16
1.754E+01  1.946E-24  9.052E-16
1.738E+01  2.382E-24  1.098E-15
1.722E+01  2.210E-24  1.009E-15
1.706E+01  2.194E-24  9.927E-16
1.690E+01  2.132E-24  9.561E-16
1.675E+01  2.035E-24  9.043E-16
1.660E+01  2.096E-24  9.226E-16
1.644E+01  2.522E-24  1.100E-15
1.629E+01  1.864E-24  8.058E-16
1.614E+01  1.644E-24  7.038E-16
1.600E+01  1.698E-24  7.206E-16
1.585E+01  1.695E-24  7.128E-16
1.570E+01  1.452E-24  6.046E-16
1.556E+01  1.335E-24  5.510E-16
1.542E+01  1.278E-24  5.227E-16
1.528E+01  1.243E-24  5.038E-16
1.514E+01  1.219E-24  4.895E-16
1.500E+01  1.202E-24  4.782E-16
1.486E+01  1.190E-24  4.691E-16
1.472E+01  1.185E-24  4.628E-16
1.459E+01  1.190E-24  4.606E-16
1.445E+01  1.217E-24  4.667E-16
1.432E+01  1.293E-24  4.911E-16
1.419E+01  1.376E-24  5.181E-16
1.406E+01  1.297E-24  4.836E-16
1.393E+01  1.236E-24  4.568E-16
1.380E+01  1.255E-24  4.594E-16
1.368E+01  1.377E-24  4.995E-16
1.355E+01  1.428E-24  5.135E-16
1.343E+01  1.324E-24  4.715E-16
1.330E+01  1.329E-24  4.689E-16
1.318E+01  1.409E-24  4.926E-16
1.306E+01  1.566E-24  5.425E-16
1.294E+01  1.837E-24  6.306E-16
1.282E+01  2.272E-24  7.730E-16
1.271E+01  2.814E-24  9.483E-16
1.259E+01  3.049E-24  1.018E-15
1.247E+01  2.741E-24  9.068E-16
1.236E+01  2.359E-24  7.735E-16
1.225E+01  2.201E-24  7.151E-16
1.213E+01  2.248E-24  7.234E-16
1.202E+01  2.330E-24  7.432E-16
1.191E+01  2.250E-24  7.109E-16
1.180E+01  2.072E-24  6.488E-16
1.169E+01  2.016E-24  6.253E-16
1.159E+01  2.242E-24  6.893E-16
1.148E+01  3.002E-24  9.143E-16
1.138E+01  4.602E-24  1.389E-15
1.127E+01  6.416E-24  1.918E-15
1.117E+01  4.381E-24  1.298E-15
1.107E+01  2.316E-24  6.798E-16
1.096E+01  1.581E-24  4.598E-16
1.086E+01  1.234E-24  3.556E-16
1.076E+01  1.044E-24  2.980E-16
1.067E+01  9.282E-25  2.626E-16
1.057E+01  8.529E-25  2.391E-16
1.047E+01  8.012E-25  2.225E-16
1.038E+01  7.644E-25  2.104E-16
1.028E+01  7.377E-25  2.012E-16
1.019E+01  7.182E-25  1.940E-16
1.009E+01  7.045E-25  1.886E-16
1.000E+01  6.958E-25  1.846E-16
9.908E+00  6.917E-25  1.818E-16
9.817E+00  6.918E-25  1.802E-16
9.727E+00  6.962E-25  1.796E-16
9.638E+00  7.050E-25  1.802E-16
9.550E+00  7.186E-25  1.820E-16
9.462E+00  7.376E-25  1.851E-16
9.376E+00  7.634E-25  1.899E-16
9.290E+00  7.982E-25  1.967E-16
9.204E+00  8.457E-25  2.065E-16
9.120E+00  9.121E-25  2.207E-16
9.036E+00  1.008E-24  2.416E-16
8.954E+00  1.153E-24  2.738E-16
8.872E+00  1.382E-24  3.253E-16
8.790E+00  1.759E-24  4.101E-16
8.710E+00  2.334E-24  5.392E-16
8.630E+00  2.870E-24  6.571E-16
8.551E+00  2.801E-24  6.354E-16
8.472E+00  2.426E-24  5.452E-16
8.395E+00  2.233E-24  4.973E-16
8.318E+00  2.219E-24  4.897E-16
8.241E+00  2.315E-24  5.061E-16
8.166E+00  2.560E-24  5.545E-16
8.091E+00  3.029E-24  6.501E-16
8.017E+00  3.780E-24  8.038E-16
7.943E+00  4.772E-24  1.006E-15
7.870E+00  5.676E-24  1.185E-15
7.798E+00  6.100E-24  1.262E-15
7.727E+00  6.344E-24  1.300E-15
7.656E+00  6.781E-24  1.377E-15
7.586E+00  6.693E-24  1.347E-15
7.516E+00  5.524E-24  1.101E-15
7.447E+00  4.183E-24  8.264E-16
7.379E+00  3.216E-24  6.295E-16
7.311E+00  2.573E-24  4.990E-16
7.244E+00  2.129E-24  4.090E-16
7.178E+00  1.806E-24  3.440E-16
7.112E+00  1.569E-24  2.960E-16
7.047E+00  1.396E-24  2.610E-16
6.982E+00  1.279E-24  2.369E-16
6.918E+00  1.211E-24  2.223E-16
6.855E+00  1.187E-24  2.159E-16
6.792E+00  1.195E-24  2.152E-16
6.730E+00  1.206E-24  2.153E-16
6.668E+00  1.191E-24  2.106E-16
6.607E+00  1.150E-24  2.015E-16
6.546E+00  1.124E-24  1.952E-16
6.486E+00  1.167E-24  2.008E-16
6.427E+00  1.346E-24  2.294E-16
6.368E+00  1.796E-24  3.033E-16
6.310E+00  2.823E-24  4.724E-16
6.252E+00  4.592E-24  7.615E-16
6.194E+00  4.677E-24  7.685E-16
6.138E+00  2.808E-24  4.571E-16
6.081E+00  1.645E-24  2.653E-16
6.026E+00  1.103E-24  1.763E-16
5.970E+00  8.448E-25  1.338E-16
5.916E+00  7.279E-25  1.142E-16
5.861E+00  7.047E-25  1.096E-16
5.808E+00  7.696E-25  1.186E-16
5.754E+00  9.126E-25  1.393E-16
5.702E+00  9.959E-25  1.506E-16
5.649E+00  8.489E-25  1.272E-16
5.598E+00  6.323E-25  9.389E-17
5.546E+00  4.824E-25  7.096E-17
5.495E+00  3.950E-25  5.757E-17
5.445E+00  3.477E-25  5.022E-17
5.395E+00  3.304E-25  4.728E-17
5.346E+00  3.466E-25  4.914E-17
5.297E+00  4.083E-25  5.737E-17
5.248E+00  4.536E-25  6.314E-17
5.200E+00  3.669E-25  5.060E-17
5.152E+00  2.767E-25  3.782E-17
5.105E+00  2.272E-25  3.077E-17
5.058E+00  1.996E-25  2.678E-17
5.012E+00  1.823E-25  2.424E-17
4.966E+00  1.704E-25  2.244E-17
4.920E+00  1.614E-25  2.107E-17
4.875E+00  1.544E-25  1.996E-17
4.831E+00  1.486E-25  1.904E-17
4.786E+00  1.437E-25  1.825E-17
4.742E+00  1.396E-25  1.756E-17
4.699E+00  1.359E-25  1.694E-17
4.656E+00  1.327E-25  1.639E-17
4.613E+00  1.298E-25  1.589E-17
4.571E+00  1.273E-25  1.543E-17
4.529E+00  1.249E-25  1.501E-17
4.487E+00  1.228E-25  1.462E-17
4.446E+00  1.209E-25  1.426E-17
4.406E+00  1.192E-25  1.393E-17
4.365E+00  1.176E-25  1.361E-17
4.325E+00  1.161E-25  1.332E-17
4.285E+00  1.148E-25  1.304E-17
4.246E+00  1.135E-25  1.279E-17
4.207E+00  1.124E-25  1.255E-17
4.169E+00  1.114E-25  1.232E-17
4.130E+00  1.105E-25  1.211E-17
4.093E+00  1.097E-25  1.191E-17
4.055E+00  1.090E-25  1.172E-17
4.018E+00  1.084E-25  1.155E-17
3.981E+00  1.079E-25  1.140E-17
3.945E+00  1.076E-25  1.125E-17
3.908E+00  1.073E-25  1.113E-17
3.873E+00  1.073E-25  1.102E-17
3.837E+00  1.074E-25  1.093E-17
3.802E+00  1.078E-25  1.087E-17
3.767E+00  1.084E-25  1.083E-17
3.733E+00  1.094E-25  1.083E-17
3.698E+00  1.109E-25  1.088E-17
3.664E+00  1.129E-25  1.098E-17
3.631E+00  1.158E-25  1.116E-17
3.597E+00  1.200E-25  1.145E-17
3.565E+00  1.258E-25  1.190E-17
3.532E+00  1.345E-25  1.260E-17
3.499E+00  1.478E-25  1.372E-17
3.467E+00  1.692E-25  1.556E-17
3.436E+00  2.067E-25  1.884E-17
3.404E+00  2.808E-25  2.536E-17
3.373E+00  4.578E-25  4.096E-17
3.342E+00  1.044E-24  9.255E-17
3.311E+00  3.951E-24  3.471E-16
3.281E+00  2.698E-24  2.348E-16
3.251E+00  7.701E-25  6.640E-17
3.221E+00  3.673E-25  3.138E-17
3.192E+00  2.340E-25  1.981E-17
3.162E+00  1.752E-25  1.469E-17
3.133E+00  1.442E-25  1.199E-17
3.105E+00  1.259E-25  1.037E-17
3.076E+00  1.141E-25  9.311E-18
3.048E+00  1.060E-25  8.573E-18
3.020E+00  1.002E-25  8.028E-18
2.992E+00  9.583E-26  7.606E-18
2.965E+00  9.241E-26  7.268E-18
2.938E+00  8.966E-26  6.987E-18
2.911E+00  8.739E-26  6.747E-18
2.884E+00  8.547E-26  6.539E-18
2.858E+00  8.381E-26  6.353E-18
2.831E+00  8.235E-26  6.185E-18
2.805E+00  8.105E-26  6.031E-18
2.780E+00  7.987E-26  5.889E-18
2.754E+00  7.878E-26  5.755E-18
2.729E+00  7.777E-26  5.629E-18
2.704E+00  7.682E-26  5.510E-18
2.679E+00  7.592E-26  5.395E-18
2.655E+00  7.506E-26  5.285E-18
2.630E+00  7.423E-26  5.179E-18
2.606E+00  7.344E-26  5.077E-18
2.582E+00  7.266E-26  4.977E-18
2.559E+00  7.190E-26  4.880E-18
2.535E+00  7.116E-26  4.785E-18
2.512E+00  7.043E-26  4.693E-18
2.489E+00  6.971E-26  4.602E-18
2.466E+00  6.899E-26  4.513E-18
2.443E+00  6.827E-26  4.425E-18
2.421E+00  6.756E-26  4.339E-18
2.399E+00  6.686E-26  4.255E-18
2.377E+00  6.617E-26  4.172E-18
2.355E+00  6.548E-26  4.091E-18
2.333E+00  6.480E-26  4.011E-18
2.312E+00  6.411E-26  3.932E-18
2.291E+00  6.343E-26  3.855E-18
2.270E+00  6.275E-26  3.778E-18
2.249E+00  6.205E-26  3.702E-18
2.228E+00  6.135E-26  3.627E-18
2.208E+00  6.064E-26  3.552E-18
2.188E+00  5.992E-26  3.477E-18
2.168E+00  5.918E-26  3.403E-18
2.148E+00  5.841E-26  3.328E-18
2.128E+00  5.761E-26  3.252E-18
2.109E+00  5.677E-26  3.175E-18
2.089E+00  5.587E-26  3.097E-18
2.070E+00  5.491E-26  3.015E-18
2.051E+00  5.386E-26  2.931E-18
2.032E+00  5.271E-26  2.841E-18
2.014E+00  5.141E-26  2.746E-18
1.995E+00  4.996E-26  2.644E-18
1.977E+00  4.836E-26  2.536E-18
1.959E+00  4.664E-26  2.423E-18
1.941E+00  4.498E-26  2.316E-18
1.923E+00  4.367E-26  2.228E-18
1.905E+00  4.303E-26  2.175E-18
1.888E+00  4.318E-26  2.162E-18
1.871E+00  4.387E-26  2.177E-18
1.854E+00  4.474E-26  2.200E-18
1.837E+00  4.551E-26  2.217E-18
1.820E+00  4.607E-26  2.224E-18
1.803E+00  4.640E-26  2.219E-18
1.786E+00  4.655E-26  2.206E-18
1.770E+00  4.655E-26  2.186E-18
1.754E+00  4.644E-26  2.161E-18
1.738E+00  4.626E-26  2.132E-18
1.722E+00  4.602E-26  2.102E-18
1.706E+00  4.574E-26  2.070E-18
1.690E+00  4.543E-26  2.037E-18
1.675E+00  4.511E-26  2.004E-18
1.660E+00  4.478E-26  1.971E-18
1.644E+00  4.444E-26  1.938E-18
1.629E+00  4.411E-26  1.906E-18
1.614E+00  4.378E-26  1.875E-18
1.600E+00  4.347E-26  1.844E-18
1.585E+00  4.318E-26  1.815E-18
1.570E+00  4.291E-26  1.787E-18
1.556E+00  4.266E-26  1.761E-18
1.542E+00  4.245E-26  1.736E-18
1.528E+00  4.228E-26  1.713E-18
1.514E+00  4.216E-26  1.693E-18
1.500E+00  4.209E-26  1.674E-18
1.486E+00  4.209E-26  1.659E-18
1.472E+00  4.216E-26  1.647E-18
1.459E+00  4.233E-26  1.638E-18
1.445E+00  4.260E-26  1.633E-18
1.432E+00  4.300E-26  1.634E-18
1.419E+00  4.355E-26  1.639E-18
1.406E+00  4.428E-26  1.652E-18
1.393E+00  4.524E-26  1.672E-18
1.380E+00  4.645E-26  1.701E-18
1.368E+00  4.798E-26  1.741E-18
1.355E+00  4.988E-26  1.793E-18
1.343E+00  5.218E-26  1.859E-18
1.330E+00  5.492E-26  1.938E-18
1.318E+00  5.804E-26  2.030E-18
1.306E+00  6.136E-26  2.126E-18
1.294E+00  6.449E-26  2.214E-18
1.282E+00  6.678E-26  2.271E-18
1.271E+00  6.745E-26  2.273E-18
1.259E+00  6.595E-26  2.202E-18
1.247E+00  6.233E-26  2.062E-18
1.236E+00  5.728E-26  1.878E-18
1.225E+00  5.175E-26  1.681E-18
1.213E+00  4.652E-26  1.497E-18
1.202E+00  4.200E-26  1.339E-18
1.191E+00  3.833E-26  1.211E-18
1.180E+00  3.548E-26  1.111E-18
1.169E+00  3.338E-26  1.036E-18
1.159E+00  3.195E-26  9.821E-19
1.148E+00  3.113E-26  9.482E-19
1.138E+00  3.093E-26  9.333E-19
1.127E+00  3.140E-26  9.387E-19
1.117E+00  3.267E-26  9.679E-19
1.107E+00  3.501E-26  1.028E-18
1.096E+00  3.882E-26  1.129E-18
1.086E+00  4.472E-26  1.289E-18
1.076E+00  5.329E-26  1.522E-18
1.067E+00  6.404E-26  1.812E-18
1.057E+00  7.265E-26  2.037E-18
1.047E+00  7.119E-26  1.977E-18
1.038E+00  5.901E-26  1.624E-18
1.028E+00  4.466E-26  1.218E-18
1.019E+00  3.352E-26  9.058E-19
1.009E+00  2.598E-26  6.956E-19
1.000E+00  2.099E-26  5.567E-19
