Dust emission from Draine & Li (2007): ApJ 657, 810-837
================================================================
         9 = grain model
 4.000E-08 4.000E-01 2.500E-06 = a_01 (cm) , sigma_1 , b_C1/0.92
 2.500E-07 4.000E-01 2.500E-06 = a_02 (cm) , sigma_2 , b_C2/0.92
 7.000E+00 1.000E+03 2.000E+00 = Umin , Umax, beta (dN/dU propto U^{-beta})
 3.498E+01 = <U> 
     mmp83 = radfield
 3.297E-23 = power/H (erg s-1)
 band   nu*P_nu(band) j_nu(band)
 (um)   (erg s-1 H-1)(Jy cm2 sr-1 H-1)
1.270E+00  6.061E-26  2.042E-18 COBE-DIRBE
2.220E+00  7.946E-26  4.679E-18 COBE-DIRBE
3.530E+00  3.281E-25  3.072E-17 COBE-DIRBE
4.880E+00  1.512E-25  1.957E-17 COBE-DIRBE
1.229E+01  2.068E-24  6.742E-16 COBE-DIRBE
2.079E+01  3.241E-24  1.788E-15 COBE-DIRBE
5.599E+01  2.106E-23  3.128E-14 COBE-DIRBE
9.770E+01  1.581E-23  4.097E-14 COBE-DIRBE
1.479E+02  7.288E-24  2.859E-14 COBE-DIRBE
2.479E+02  1.572E-24  1.034E-14 COBE-DIRBE
1.200E+01  1.969E-24  6.267E-16 IRAS
2.500E+01  3.970E-24  2.633E-15 IRAS
6.000E+01  2.096E-23  3.335E-14 IRAS
1.000E+02  1.526E-23  4.048E-14 IRAS
3.550E+00  3.765E-25  3.545E-17 SST-IRAC
4.493E+00  1.182E-25  1.409E-17 SST-IRAC
5.731E+00  7.219E-25  1.097E-16 SST-IRAC
7.872E+00  2.033E-24  4.246E-16 SST-IRAC
2.368E+01  3.514E-24  2.207E-15 SST-MIPS
7.142E+01  1.941E-23  3.678E-14 SST-MIPS
1.559E+02  5.847E-24  2.418E-14 SST-MIPS
1.600E+01  2.287E-24  9.707E-16 SST-IRSPU
2.200E+01  3.481E-24  2.031E-15 SST-IRSPU











lambda    nu*dP/dnu     j_nu
 (um)   (erg s-1 H-1)(Jy cm2 sr-1 H-1)
1.000E+04  3.107E-31  8.240E-20
9.908E+03  3.220E-31  8.463E-20
9.817E+03  3.338E-31  8.692E-20
9.727E+03  3.459E-31  8.926E-20
9.638E+03  3.586E-31  9.167E-20
9.550E+03  3.717E-31  9.415E-20
9.462E+03  3.852E-31  9.669E-20
9.376E+03  3.993E-31  9.930E-20
9.290E+03  4.139E-31  1.020E-19
9.204E+03  4.290E-31  1.047E-19
9.120E+03  4.447E-31  1.076E-19
9.036E+03  4.609E-31  1.105E-19
8.954E+03  4.777E-31  1.134E-19
8.872E+03  4.950E-31  1.165E-19
8.790E+03  5.130E-31  1.196E-19
8.710E+03  5.316E-31  1.228E-19
8.630E+03  5.510E-31  1.261E-19
8.551E+03  5.710E-31  1.295E-19
8.472E+03  5.918E-31  1.330E-19
8.395E+03  6.134E-31  1.366E-19
8.318E+03  6.357E-31  1.403E-19
8.241E+03  6.589E-31  1.440E-19
8.166E+03  6.830E-31  1.479E-19
8.091E+03  7.079E-31  1.519E-19
8.017E+03  7.338E-31  1.560E-19
7.943E+03  7.606E-31  1.603E-19
7.870E+03  7.884E-31  1.646E-19
7.798E+03  8.173E-31  1.691E-19
7.727E+03  8.472E-31  1.737E-19
7.656E+03  8.783E-31  1.784E-19
7.586E+03  9.105E-31  1.832E-19
7.516E+03  9.439E-31  1.882E-19
7.447E+03  9.786E-31  1.933E-19
7.379E+03  1.015E-30  1.986E-19
7.311E+03  1.052E-30  2.040E-19
7.244E+03  1.091E-30  2.096E-19
7.178E+03  1.131E-30  2.153E-19
7.112E+03  1.172E-30  2.212E-19
7.047E+03  1.215E-30  2.272E-19
6.982E+03  1.260E-30  2.334E-19
6.918E+03  1.307E-30  2.398E-19
6.855E+03  1.355E-30  2.463E-19
6.792E+03  1.405E-30  2.531E-19
6.730E+03  1.456E-30  2.600E-19
6.668E+03  1.510E-30  2.671E-19
6.607E+03  1.566E-30  2.744E-19
6.546E+03  1.624E-30  2.820E-19
6.486E+03  1.684E-30  2.897E-19
6.427E+03  1.746E-30  2.977E-19
6.368E+03  1.811E-30  3.059E-19
6.310E+03  1.878E-30  3.143E-19
6.252E+03  1.947E-30  3.230E-19
6.194E+03  2.020E-30  3.319E-19
6.138E+03  2.095E-30  3.410E-19
6.081E+03  2.172E-30  3.504E-19
6.026E+03  2.253E-30  3.601E-19
5.970E+03  2.337E-30  3.701E-19
5.916E+03  2.424E-30  3.803E-19
5.861E+03  2.514E-30  3.909E-19
5.808E+03  2.608E-30  4.017E-19
5.754E+03  2.705E-30  4.129E-19
5.702E+03  2.806E-30  4.243E-19
5.649E+03  2.910E-30  4.361E-19
5.598E+03  3.019E-30  4.483E-19
5.546E+03  3.132E-30  4.607E-19
5.495E+03  3.249E-30  4.736E-19
5.445E+03  3.370E-30  4.868E-19
5.395E+03  3.496E-30  5.004E-19
5.346E+03  3.627E-30  5.143E-19
5.297E+03  3.763E-30  5.287E-19
5.248E+03  3.904E-30  5.435E-19
5.200E+03  4.050E-30  5.587E-19
5.152E+03  4.202E-30  5.743E-19
5.105E+03  4.360E-30  5.904E-19
5.058E+03  4.524E-30  6.070E-19
5.012E+03  4.694E-30  6.240E-19
4.966E+03  4.870E-30  6.415E-19
4.920E+03  5.053E-30  6.595E-19
4.875E+03  5.243E-30  6.780E-19
4.831E+03  5.440E-30  6.971E-19
4.786E+03  5.645E-30  7.167E-19
4.742E+03  5.858E-30  7.369E-19
4.699E+03  6.079E-30  7.576E-19
4.656E+03  6.308E-30  7.790E-19
4.613E+03  6.546E-30  8.010E-19
4.571E+03  6.793E-30  8.236E-19
4.529E+03  7.050E-30  8.469E-19
4.487E+03  7.316E-30  8.709E-19
4.446E+03  7.593E-30  8.956E-19
4.406E+03  7.881E-30  9.209E-19
4.365E+03  8.179E-30  9.471E-19
4.325E+03  8.489E-30  9.740E-19
4.285E+03  8.811E-30  1.002E-18
4.246E+03  9.146E-30  1.030E-18
4.207E+03  9.493E-30  1.059E-18
4.169E+03  9.854E-30  1.090E-18
4.130E+03  1.023E-29  1.121E-18
4.093E+03  1.062E-29  1.153E-18
4.055E+03  1.102E-29  1.186E-18
4.018E+03  1.144E-29  1.219E-18
3.981E+03  1.188E-29  1.254E-18
3.945E+03  1.233E-29  1.290E-18
3.908E+03  1.280E-29  1.327E-18
3.873E+03  1.329E-29  1.365E-18
3.837E+03  1.379E-29  1.404E-18
3.802E+03  1.432E-29  1.444E-18
3.767E+03  1.486E-29  1.485E-18
3.733E+03  1.543E-29  1.528E-18
3.698E+03  1.602E-29  1.572E-18
3.664E+03  1.664E-29  1.617E-18
3.631E+03  1.727E-29  1.664E-18
3.597E+03  1.794E-29  1.712E-18
3.565E+03  1.862E-29  1.761E-18
3.532E+03  1.934E-29  1.812E-18
3.499E+03  2.008E-29  1.864E-18
3.467E+03  2.085E-29  1.918E-18
3.436E+03  2.165E-29  1.973E-18
3.404E+03  2.249E-29  2.030E-18
3.373E+03  2.335E-29  2.089E-18
3.342E+03  2.425E-29  2.150E-18
3.311E+03  2.519E-29  2.212E-18
3.281E+03  2.616E-29  2.277E-18
3.251E+03  2.717E-29  2.343E-18
3.221E+03  2.822E-29  2.411E-18
3.192E+03  2.931E-29  2.481E-18
3.162E+03  3.044E-29  2.554E-18
3.133E+03  3.162E-29  2.628E-18
3.105E+03  3.285E-29  2.705E-18
3.076E+03  3.412E-29  2.784E-18
3.048E+03  3.544E-29  2.865E-18
3.020E+03  3.681E-29  2.949E-18
2.992E+03  3.824E-29  3.035E-18
2.965E+03  3.972E-29  3.124E-18
2.938E+03  4.126E-29  3.215E-18
2.911E+03  4.286E-29  3.309E-18
2.884E+03  4.452E-29  3.406E-18
2.858E+03  4.625E-29  3.506E-18
2.831E+03  4.804E-29  3.608E-18
2.805E+03  4.991E-29  3.714E-18
2.780E+03  5.185E-29  3.823E-18
2.754E+03  5.387E-29  3.936E-18
2.729E+03  5.597E-29  4.051E-18
2.704E+03  5.815E-29  4.171E-18
2.679E+03  6.042E-29  4.294E-18
2.655E+03  6.277E-29  4.420E-18
2.630E+03  6.522E-29  4.551E-18
2.606E+03  6.777E-29  4.685E-18
2.582E+03  7.042E-29  4.824E-18
2.559E+03  7.318E-29  4.966E-18
2.535E+03  7.604E-29  5.113E-18
2.512E+03  7.902E-29  5.265E-18
2.489E+03  8.211E-29  5.421E-18
2.466E+03  8.533E-29  5.582E-18
2.443E+03  8.868E-29  5.748E-18
2.421E+03  9.216E-29  5.919E-18
2.399E+03  9.578E-29  6.095E-18
2.377E+03  9.954E-29  6.276E-18
2.355E+03  1.035E-28  6.463E-18
2.333E+03  1.075E-28  6.656E-18
2.312E+03  1.118E-28  6.854E-18
2.291E+03  1.162E-28  7.059E-18
2.270E+03  1.207E-28  7.270E-18
2.249E+03  1.255E-28  7.487E-18
2.228E+03  1.304E-28  7.711E-18
2.208E+03  1.356E-28  7.942E-18
2.188E+03  1.410E-28  8.180E-18
2.168E+03  1.465E-28  8.425E-18
2.148E+03  1.523E-28  8.677E-18
2.128E+03  1.583E-28  8.938E-18
2.109E+03  1.646E-28  9.206E-18
2.089E+03  1.711E-28  9.483E-18
2.070E+03  1.779E-28  9.768E-18
2.051E+03  1.849E-28  1.006E-17
2.032E+03  1.922E-28  1.036E-17
2.014E+03  1.999E-28  1.068E-17
1.995E+03  2.078E-28  1.100E-17
1.977E+03  2.160E-28  1.133E-17
1.959E+03  2.246E-28  1.167E-17
1.941E+03  2.335E-28  1.202E-17
1.923E+03  2.428E-28  1.238E-17
1.905E+03  2.524E-28  1.276E-17
1.888E+03  2.624E-28  1.314E-17
1.871E+03  2.729E-28  1.354E-17
1.854E+03  2.837E-28  1.395E-17
1.837E+03  2.950E-28  1.437E-17
1.820E+03  3.067E-28  1.481E-17
1.803E+03  3.189E-28  1.525E-17
1.786E+03  3.316E-28  1.572E-17
1.770E+03  3.449E-28  1.619E-17
1.754E+03  3.586E-28  1.668E-17
1.738E+03  3.729E-28  1.719E-17
1.722E+03  3.878E-28  1.771E-17
1.706E+03  4.032E-28  1.825E-17
1.690E+03  4.193E-28  1.880E-17
1.675E+03  4.360E-28  1.937E-17
1.660E+03  4.534E-28  1.996E-17
1.644E+03  4.715E-28  2.057E-17
1.629E+03  4.904E-28  2.119E-17
1.614E+03  5.100E-28  2.184E-17
1.600E+03  5.303E-28  2.250E-17
1.585E+03  5.515E-28  2.319E-17
1.570E+03  5.736E-28  2.389E-17
1.556E+03  5.965E-28  2.462E-17
1.542E+03  6.203E-28  2.537E-17
1.528E+03  6.451E-28  2.614E-17
1.514E+03  6.709E-28  2.694E-17
1.500E+03  6.978E-28  2.776E-17
1.486E+03  7.257E-28  2.860E-17
1.472E+03  7.548E-28  2.948E-17
1.459E+03  7.850E-28  3.038E-17
1.445E+03  8.164E-28  3.130E-17
1.432E+03  8.492E-28  3.226E-17
1.419E+03  8.832E-28  3.325E-17
1.406E+03  9.186E-28  3.426E-17
1.393E+03  9.554E-28  3.531E-17
1.380E+03  9.937E-28  3.639E-17
1.368E+03  1.034E-27  3.750E-17
1.355E+03  1.075E-27  3.864E-17
1.343E+03  1.118E-27  3.983E-17
1.330E+03  1.163E-27  4.104E-17
1.318E+03  1.210E-27  4.230E-17
1.306E+03  1.258E-27  4.359E-17
1.294E+03  1.309E-27  4.492E-17
1.282E+03  1.361E-27  4.630E-17
1.271E+03  1.416E-27  4.771E-17
1.259E+03  1.473E-27  4.917E-17
1.247E+03  1.532E-27  5.068E-17
1.236E+03  1.593E-27  5.223E-17
1.225E+03  1.657E-27  5.382E-17
1.213E+03  1.723E-27  5.547E-17
1.202E+03  1.792E-27  5.716E-17
1.191E+03  1.864E-27  5.891E-17
1.180E+03  1.939E-27  6.071E-17
1.169E+03  2.017E-27  6.256E-17
1.159E+03  2.098E-27  6.447E-17
1.148E+03  2.182E-27  6.644E-17
1.138E+03  2.269E-27  6.847E-17
1.127E+03  2.360E-27  7.056E-17
1.117E+03  2.454E-27  7.271E-17
1.107E+03  2.553E-27  7.493E-17
1.096E+03  2.655E-27  7.722E-17
1.086E+03  2.761E-27  7.957E-17
1.076E+03  2.872E-27  8.200E-17
1.067E+03  2.987E-27  8.450E-17
1.057E+03  3.106E-27  8.707E-17
1.047E+03  3.230E-27  8.972E-17
1.038E+03  3.359E-27  9.245E-17
1.028E+03  3.493E-27  9.526E-17
1.019E+03  3.633E-27  9.816E-17
1.009E+03  3.778E-27  1.011E-16
1.000E+03  3.929E-27  1.042E-16
9.908E+02  4.086E-27  1.074E-16
9.817E+02  4.249E-27  1.107E-16
9.727E+02  4.419E-27  1.140E-16
9.638E+02  4.595E-27  1.175E-16
9.550E+02  4.779E-27  1.211E-16
9.462E+02  4.969E-27  1.247E-16
9.376E+02  5.168E-27  1.285E-16
9.290E+02  5.374E-27  1.324E-16
9.204E+02  5.588E-27  1.364E-16
9.120E+02  5.810E-27  1.406E-16
9.036E+02  6.042E-27  1.448E-16
8.954E+02  6.282E-27  1.492E-16
8.872E+02  6.532E-27  1.537E-16
8.790E+02  6.791E-27  1.583E-16
8.710E+02  7.061E-27  1.631E-16
8.630E+02  7.341E-27  1.680E-16
8.551E+02  7.632E-27  1.731E-16
8.472E+02  7.934E-27  1.783E-16
8.395E+02  8.248E-27  1.837E-16
8.318E+02  8.574E-27  1.892E-16
8.241E+02  8.913E-27  1.948E-16
8.166E+02  9.265E-27  2.007E-16
8.091E+02  9.630E-27  2.067E-16
8.017E+02  1.001E-26  2.129E-16
7.943E+02  1.040E-26  2.192E-16
7.870E+02  1.081E-26  2.258E-16
7.798E+02  1.124E-26  2.325E-16
7.727E+02  1.168E-26  2.394E-16
7.656E+02  1.214E-26  2.465E-16
7.586E+02  1.262E-26  2.539E-16
7.516E+02  1.311E-26  2.614E-16
7.447E+02  1.363E-26  2.692E-16
7.379E+02  1.416E-26  2.772E-16
7.311E+02  1.472E-26  2.855E-16
7.244E+02  1.530E-26  2.940E-16
7.178E+02  1.590E-26  3.028E-16
7.112E+02  1.653E-26  3.118E-16
7.047E+02  1.718E-26  3.211E-16
6.982E+02  1.785E-26  3.306E-16
6.918E+02  1.855E-26  3.405E-16
6.855E+02  1.928E-26  3.506E-16
6.792E+02  2.004E-26  3.610E-16
6.730E+02  2.083E-26  3.718E-16
6.668E+02  2.164E-26  3.828E-16
6.607E+02  2.249E-26  3.941E-16
6.546E+02  2.337E-26  4.058E-16
6.486E+02  2.429E-26  4.180E-16
6.427E+02  2.525E-26  4.304E-16
6.368E+02  2.624E-26  4.433E-16
6.310E+02  2.728E-26  4.565E-16
6.252E+02  2.835E-26  4.702E-16
6.194E+02  2.947E-26  4.842E-16
6.138E+02  3.063E-26  4.987E-16
6.081E+02  3.184E-26  5.136E-16
6.026E+02  3.310E-26  5.290E-16
5.970E+02  3.440E-26  5.448E-16
5.916E+02  3.576E-26  5.611E-16
5.861E+02  3.717E-26  5.779E-16
5.808E+02  3.863E-26  5.952E-16
5.754E+02  4.016E-26  6.130E-16
5.702E+02  4.174E-26  6.313E-16
5.649E+02  4.339E-26  6.502E-16
5.598E+02  4.510E-26  6.697E-16
5.546E+02  4.688E-26  6.898E-16
5.495E+02  4.874E-26  7.104E-16
5.445E+02  5.066E-26  7.317E-16
5.395E+02  5.266E-26  7.536E-16
5.346E+02  5.474E-26  7.762E-16
5.297E+02  5.691E-26  7.995E-16
5.248E+02  5.915E-26  8.235E-16
5.200E+02  6.149E-26  8.482E-16
5.152E+02  6.392E-26  8.736E-16
5.105E+02  6.645E-26  8.998E-16
5.058E+02  6.907E-26  9.268E-16
5.012E+02  7.180E-26  9.546E-16
4.966E+02  7.464E-26  9.832E-16
4.920E+02  7.759E-26  1.013E-15
4.875E+02  8.065E-26  1.043E-15
4.831E+02  8.384E-26  1.074E-15
4.786E+02  8.715E-26  1.106E-15
4.742E+02  9.059E-26  1.140E-15
4.699E+02  9.417E-26  1.174E-15
4.656E+02  9.789E-26  1.209E-15
4.613E+02  1.017E-25  1.245E-15
4.571E+02  1.058E-25  1.282E-15
4.529E+02  1.099E-25  1.321E-15
4.487E+02  1.143E-25  1.360E-15
4.446E+02  1.188E-25  1.401E-15
4.406E+02  1.235E-25  1.443E-15
4.365E+02  1.283E-25  1.486E-15
4.325E+02  1.334E-25  1.530E-15
4.285E+02  1.386E-25  1.576E-15
4.246E+02  1.441E-25  1.623E-15
4.207E+02  1.498E-25  1.671E-15
4.169E+02  1.557E-25  1.721E-15
4.130E+02  1.618E-25  1.772E-15
4.093E+02  1.681E-25  1.825E-15
4.055E+02  1.748E-25  1.880E-15
4.018E+02  1.816E-25  1.936E-15
3.981E+02  1.888E-25  1.993E-15
3.945E+02  1.962E-25  2.053E-15
3.908E+02  2.039E-25  2.114E-15
3.873E+02  2.119E-25  2.177E-15
3.837E+02  2.202E-25  2.241E-15
3.802E+02  2.289E-25  2.308E-15
3.767E+02  2.378E-25  2.377E-15
3.733E+02  2.472E-25  2.447E-15
3.698E+02  2.568E-25  2.520E-15
3.664E+02  2.669E-25  2.594E-15
3.631E+02  2.773E-25  2.671E-15
3.597E+02  2.882E-25  2.750E-15
3.565E+02  2.994E-25  2.831E-15
3.532E+02  3.111E-25  2.915E-15
3.499E+02  3.233E-25  3.001E-15
3.467E+02  3.359E-25  3.089E-15
3.436E+02  3.490E-25  3.180E-15
3.404E+02  3.626E-25  3.274E-15
3.373E+02  3.767E-25  3.370E-15
3.342E+02  3.913E-25  3.469E-15
3.311E+02  4.065E-25  3.571E-15
3.281E+02  4.223E-25  3.675E-15
3.251E+02  4.386E-25  3.782E-15
3.221E+02  4.556E-25  3.893E-15
3.192E+02  4.732E-25  4.006E-15
3.162E+02  4.915E-25  4.123E-15
3.133E+02  5.104E-25  4.242E-15
3.105E+02  5.301E-25  4.365E-15
3.076E+02  5.505E-25  4.492E-15
3.048E+02  5.716E-25  4.621E-15
3.020E+02  5.936E-25  4.755E-15
2.992E+02  6.163E-25  4.892E-15
2.965E+02  6.399E-25  5.033E-15
2.938E+02  6.644E-25  5.177E-15
2.911E+02  6.897E-25  5.325E-15
2.884E+02  7.160E-25  5.477E-15
2.858E+02  7.432E-25  5.634E-15
2.831E+02  7.715E-25  5.794E-15
2.805E+02  8.007E-25  5.959E-15
2.780E+02  8.310E-25  6.127E-15
2.754E+02  8.624E-25  6.301E-15
2.729E+02  8.950E-25  6.479E-15
2.704E+02  9.289E-25  6.663E-15
2.679E+02  9.641E-25  6.851E-15
2.655E+02  1.000E-24  7.045E-15
2.630E+02  1.038E-24  7.243E-15
2.606E+02  1.077E-24  7.447E-15
2.582E+02  1.118E-24  7.656E-15
2.559E+02  1.159E-24  7.868E-15
2.535E+02  1.202E-24  8.085E-15
2.512E+02  1.246E-24  8.305E-15
2.489E+02  1.291E-24  8.525E-15
2.466E+02  1.337E-24  8.744E-15
2.443E+02  1.383E-24  8.966E-15
2.421E+02  1.431E-24  9.190E-15
2.399E+02  1.480E-24  9.416E-15
2.377E+02  1.529E-24  9.642E-15
2.355E+02  1.580E-24  9.870E-15
2.333E+02  1.632E-24  1.010E-14
2.312E+02  1.686E-24  1.034E-14
2.291E+02  1.742E-24  1.058E-14
2.270E+02  1.799E-24  1.083E-14
2.249E+02  1.857E-24  1.108E-14
2.228E+02  1.917E-24  1.133E-14
2.208E+02  1.979E-24  1.159E-14
2.188E+02  2.043E-24  1.186E-14
2.168E+02  2.109E-24  1.212E-14
2.148E+02  2.176E-24  1.240E-14
2.128E+02  2.245E-24  1.267E-14
2.109E+02  2.316E-24  1.295E-14
2.089E+02  2.389E-24  1.324E-14
2.070E+02  2.463E-24  1.353E-14
2.051E+02  2.540E-24  1.382E-14
2.032E+02  2.618E-24  1.412E-14
2.014E+02  2.699E-24  1.442E-14
1.995E+02  2.782E-24  1.472E-14
1.977E+02  2.867E-24  1.503E-14
1.959E+02  2.954E-24  1.535E-14
1.941E+02  3.043E-24  1.566E-14
1.923E+02  3.134E-24  1.599E-14
1.905E+02  3.227E-24  1.631E-14
1.888E+02  3.323E-24  1.664E-14
1.871E+02  3.421E-24  1.698E-14
1.854E+02  3.522E-24  1.731E-14
1.837E+02  3.625E-24  1.766E-14
1.820E+02  3.730E-24  1.800E-14
1.803E+02  3.837E-24  1.835E-14
1.786E+02  3.948E-24  1.871E-14
1.770E+02  4.060E-24  1.906E-14
1.754E+02  4.176E-24  1.943E-14
1.738E+02  4.294E-24  1.979E-14
1.722E+02  4.414E-24  2.016E-14
1.706E+02  4.538E-24  2.054E-14
1.690E+02  4.664E-24  2.091E-14
1.675E+02  4.793E-24  2.130E-14
1.660E+02  4.925E-24  2.168E-14
1.644E+02  5.060E-24  2.207E-14
1.629E+02  5.199E-24  2.247E-14
1.614E+02  5.340E-24  2.287E-14
1.600E+02  5.485E-24  2.327E-14
1.585E+02  5.633E-24  2.368E-14
1.570E+02  5.785E-24  2.410E-14
1.556E+02  5.941E-24  2.452E-14
1.542E+02  6.101E-24  2.495E-14
1.528E+02  6.265E-24  2.538E-14
1.514E+02  6.433E-24  2.583E-14
1.500E+02  6.606E-24  2.628E-14
1.486E+02  6.784E-24  2.674E-14
1.472E+02  6.966E-24  2.721E-14
1.459E+02  7.153E-24  2.768E-14
1.445E+02  7.344E-24  2.816E-14
1.432E+02  7.537E-24  2.863E-14
1.419E+02  7.730E-24  2.910E-14
1.406E+02  7.921E-24  2.954E-14
1.393E+02  8.107E-24  2.996E-14
1.380E+02  8.286E-24  3.034E-14
1.368E+02  8.459E-24  3.069E-14
1.355E+02  8.627E-24  3.101E-14
1.343E+02  8.792E-24  3.131E-14
1.330E+02  8.956E-24  3.161E-14
1.318E+02  9.122E-24  3.190E-14
1.306E+02  9.290E-24  3.219E-14
1.294E+02  9.461E-24  3.248E-14
1.282E+02  9.636E-24  3.278E-14
1.271E+02  9.814E-24  3.308E-14
1.259E+02  9.996E-24  3.338E-14
1.247E+02  1.018E-23  3.369E-14
1.236E+02  1.037E-23  3.400E-14
1.225E+02  1.056E-23  3.431E-14
1.213E+02  1.076E-23  3.462E-14
1.202E+02  1.095E-23  3.493E-14
1.191E+02  1.115E-23  3.524E-14
1.180E+02  1.135E-23  3.555E-14
1.169E+02  1.156E-23  3.585E-14
1.159E+02  1.176E-23  3.615E-14
1.148E+02  1.197E-23  3.645E-14
1.138E+02  1.218E-23  3.674E-14
1.127E+02  1.238E-23  3.703E-14
1.117E+02  1.260E-23  3.732E-14
1.107E+02  1.281E-23  3.761E-14
1.096E+02  1.303E-23  3.789E-14
1.086E+02  1.324E-23  3.816E-14
1.076E+02  1.346E-23  3.843E-14
1.067E+02  1.368E-23  3.870E-14
1.057E+02  1.390E-23  3.896E-14
1.047E+02  1.412E-23  3.921E-14
1.038E+02  1.434E-23  3.946E-14
1.028E+02  1.456E-23  3.970E-14
1.019E+02  1.478E-23  3.993E-14
1.009E+02  1.500E-23  4.015E-14
1.000E+02  1.521E-23  4.036E-14
9.908E+01  1.543E-23  4.056E-14
9.817E+01  1.565E-23  4.075E-14
9.727E+01  1.586E-23  4.093E-14
9.638E+01  1.608E-23  4.111E-14
9.550E+01  1.629E-23  4.127E-14
9.462E+01  1.651E-23  4.143E-14
9.376E+01  1.672E-23  4.157E-14
9.290E+01  1.693E-23  4.171E-14
9.204E+01  1.713E-23  4.183E-14
9.120E+01  1.734E-23  4.194E-14
9.036E+01  1.754E-23  4.204E-14
8.954E+01  1.774E-23  4.213E-14
8.872E+01  1.794E-23  4.222E-14
8.790E+01  1.814E-23  4.229E-14
8.710E+01  1.833E-23  4.235E-14
8.630E+01  1.852E-23  4.240E-14
8.551E+01  1.871E-23  4.244E-14
8.472E+01  1.890E-23  4.247E-14
8.395E+01  1.908E-23  4.248E-14
8.318E+01  1.926E-23  4.248E-14
8.241E+01  1.943E-23  4.248E-14
8.166E+01  1.960E-23  4.246E-14
8.091E+01  1.977E-23  4.243E-14
8.017E+01  1.993E-23  4.239E-14
7.943E+01  2.009E-23  4.233E-14
7.870E+01  2.024E-23  4.226E-14
7.798E+01  2.039E-23  4.218E-14
7.727E+01  2.054E-23  4.209E-14
7.656E+01  2.068E-23  4.199E-14
7.586E+01  2.081E-23  4.188E-14
7.516E+01  2.094E-23  4.175E-14
7.447E+01  2.107E-23  4.162E-14
7.379E+01  2.118E-23  4.146E-14
7.311E+01  2.130E-23  4.130E-14
7.244E+01  2.140E-23  4.112E-14
7.178E+01  2.150E-23  4.094E-14
7.112E+01  2.159E-23  4.074E-14
7.047E+01  2.168E-23  4.053E-14
6.982E+01  2.177E-23  4.032E-14
6.918E+01  2.185E-23  4.010E-14
6.855E+01  2.192E-23  3.986E-14
6.792E+01  2.199E-23  3.961E-14
6.730E+01  2.204E-23  3.935E-14
6.668E+01  2.210E-23  3.909E-14
6.607E+01  2.215E-23  3.881E-14
6.546E+01  2.219E-23  3.853E-14
6.486E+01  2.222E-23  3.824E-14
6.427E+01  2.225E-23  3.793E-14
6.368E+01  2.227E-23  3.762E-14
6.310E+01  2.229E-23  3.730E-14
6.252E+01  2.230E-23  3.698E-14
6.194E+01  2.231E-23  3.665E-14
6.138E+01  2.231E-23  3.631E-14
6.081E+01  2.230E-23  3.597E-14
6.026E+01  2.229E-23  3.562E-14
5.970E+01  2.227E-23  3.526E-14
5.916E+01  2.224E-23  3.490E-14
5.861E+01  2.221E-23  3.453E-14
5.808E+01  2.217E-23  3.415E-14
5.754E+01  2.212E-23  3.377E-14
5.702E+01  2.207E-23  3.338E-14
5.649E+01  2.202E-23  3.299E-14
5.598E+01  2.195E-23  3.260E-14
5.546E+01  2.189E-23  3.220E-14
5.495E+01  2.182E-23  3.181E-14
5.445E+01  2.175E-23  3.141E-14
5.395E+01  2.167E-23  3.101E-14
5.346E+01  2.158E-23  3.060E-14
5.297E+01  2.149E-23  3.019E-14
5.248E+01  2.140E-23  2.979E-14
5.200E+01  2.130E-23  2.938E-14
5.152E+01  2.119E-23  2.897E-14
5.105E+01  2.109E-23  2.855E-14
5.058E+01  2.097E-23  2.814E-14
5.012E+01  2.085E-23  2.772E-14
4.966E+01  2.073E-23  2.731E-14
4.920E+01  2.061E-23  2.689E-14
4.875E+01  2.048E-23  2.648E-14
4.831E+01  2.034E-23  2.607E-14
4.786E+01  2.021E-23  2.565E-14
4.742E+01  2.007E-23  2.524E-14
4.699E+01  1.992E-23  2.483E-14
4.656E+01  1.978E-23  2.443E-14
4.613E+01  1.963E-23  2.402E-14
4.571E+01  1.948E-23  2.361E-14
4.529E+01  1.932E-23  2.321E-14
4.487E+01  1.916E-23  2.281E-14
4.446E+01  1.900E-23  2.241E-14
4.406E+01  1.884E-23  2.202E-14
4.365E+01  1.867E-23  2.162E-14
4.325E+01  1.850E-23  2.123E-14
4.285E+01  1.833E-23  2.084E-14
4.246E+01  1.815E-23  2.045E-14
4.207E+01  1.797E-23  2.006E-14
4.169E+01  1.779E-23  1.967E-14
4.130E+01  1.760E-23  1.928E-14
4.093E+01  1.740E-23  1.889E-14
4.055E+01  1.720E-23  1.851E-14
4.018E+01  1.700E-23  1.812E-14
3.981E+01  1.679E-23  1.773E-14
3.945E+01  1.658E-23  1.734E-14
3.908E+01  1.636E-23  1.696E-14
3.873E+01  1.613E-23  1.657E-14
3.837E+01  1.590E-23  1.618E-14
3.802E+01  1.566E-23  1.580E-14
3.767E+01  1.542E-23  1.541E-14
3.733E+01  1.516E-23  1.501E-14
3.698E+01  1.490E-23  1.462E-14
3.664E+01  1.463E-23  1.422E-14
3.631E+01  1.436E-23  1.383E-14
3.597E+01  1.408E-23  1.344E-14
3.565E+01  1.379E-23  1.304E-14
3.532E+01  1.350E-23  1.265E-14
3.499E+01  1.320E-23  1.225E-14
3.467E+01  1.290E-23  1.186E-14
3.436E+01  1.259E-23  1.147E-14
3.404E+01  1.227E-23  1.108E-14
3.373E+01  1.195E-23  1.070E-14
3.342E+01  1.163E-23  1.031E-14
3.311E+01  1.131E-23  9.935E-15
3.281E+01  1.099E-23  9.562E-15
3.251E+01  1.066E-23  9.194E-15
3.221E+01  1.034E-23  8.831E-15
3.192E+01  1.001E-23  8.475E-15
3.162E+01  9.688E-24  8.126E-15
3.133E+01  9.367E-24  7.785E-15
3.105E+01  9.051E-24  7.453E-15
3.076E+01  8.739E-24  7.131E-15
3.048E+01  8.433E-24  6.818E-15
3.020E+01  8.134E-24  6.516E-15
2.992E+01  7.842E-24  6.225E-15
2.965E+01  7.557E-24  5.943E-15
2.938E+01  7.280E-24  5.673E-15
2.911E+01  7.013E-24  5.415E-15
2.884E+01  6.755E-24  5.168E-15
2.858E+01  6.507E-24  4.932E-15
2.831E+01  6.269E-24  4.708E-15
2.805E+01  6.042E-24  4.496E-15
2.780E+01  5.824E-24  4.294E-15
2.754E+01  5.617E-24  4.104E-15
2.729E+01  5.420E-24  3.923E-15
2.704E+01  5.233E-24  3.754E-15
2.679E+01  5.056E-24  3.593E-15
2.655E+01  4.888E-24  3.442E-15
2.630E+01  4.730E-24  3.300E-15
2.606E+01  4.581E-24  3.167E-15
2.582E+01  4.440E-24  3.041E-15
2.559E+01  4.307E-24  2.923E-15
2.535E+01  4.183E-24  2.813E-15
2.512E+01  4.066E-24  2.709E-15
2.489E+01  3.956E-24  2.612E-15
2.466E+01  3.853E-24  2.520E-15
2.443E+01  3.756E-24  2.434E-15
2.421E+01  3.664E-24  2.353E-15
2.399E+01  3.578E-24  2.277E-15
2.377E+01  3.498E-24  2.205E-15
2.355E+01  3.425E-24  2.139E-15
2.333E+01  3.356E-24  2.077E-15
2.312E+01  3.290E-24  2.017E-15
2.291E+01  3.228E-24  1.962E-15
2.270E+01  3.174E-24  1.911E-15
2.249E+01  3.124E-24  1.864E-15
2.228E+01  3.079E-24  1.820E-15
2.208E+01  3.037E-24  1.779E-15
2.188E+01  2.996E-24  1.739E-15
2.168E+01  2.957E-24  1.700E-15
2.148E+01  2.921E-24  1.664E-15
2.128E+01  2.889E-24  1.631E-15
2.109E+01  2.860E-24  1.600E-15
2.089E+01  2.834E-24  1.571E-15
2.070E+01  2.809E-24  1.543E-15
2.051E+01  2.786E-24  1.516E-15
2.032E+01  2.766E-24  1.491E-15
2.014E+01  2.752E-24  1.470E-15
1.995E+01  2.740E-24  1.450E-15
1.977E+01  2.729E-24  1.431E-15
1.959E+01  2.718E-24  1.412E-15
1.941E+01  2.709E-24  1.394E-15
1.923E+01  2.700E-24  1.377E-15
1.905E+01  2.694E-24  1.362E-15
1.888E+01  2.690E-24  1.347E-15
1.871E+01  2.691E-24  1.335E-15
1.854E+01  2.699E-24  1.327E-15
1.837E+01  2.720E-24  1.325E-15
1.820E+01  2.767E-24  1.335E-15
1.803E+01  2.888E-24  1.381E-15
1.786E+01  3.103E-24  1.470E-15
1.770E+01  3.071E-24  1.442E-15
1.754E+01  3.272E-24  1.522E-15
1.738E+01  3.882E-24  1.789E-15
1.722E+01  3.589E-24  1.639E-15
1.706E+01  3.526E-24  1.596E-15
1.690E+01  3.398E-24  1.523E-15
1.675E+01  3.221E-24  1.431E-15
1.660E+01  3.265E-24  1.437E-15
1.644E+01  3.812E-24  1.663E-15
1.629E+01  2.866E-24  1.239E-15
1.614E+01  2.530E-24  1.083E-15
1.600E+01  2.568E-24  1.090E-15
1.585E+01  2.529E-24  1.063E-15
1.570E+01  2.176E-24  9.064E-16
1.556E+01  1.995E-24  8.232E-16
1.542E+01  1.893E-24  7.743E-16
1.528E+01  1.822E-24  7.383E-16
1.514E+01  1.765E-24  7.088E-16
1.500E+01  1.719E-24  6.837E-16
1.486E+01  1.679E-24  6.619E-16
1.472E+01  1.648E-24  6.437E-16
1.459E+01  1.630E-24  6.309E-16
1.445E+01  1.639E-24  6.285E-16
1.432E+01  1.704E-24  6.475E-16
1.419E+01  1.778E-24  6.694E-16
1.406E+01  1.668E-24  6.222E-16
1.393E+01  1.584E-24  5.853E-16
1.380E+01  1.590E-24  5.821E-16
1.368E+01  1.710E-24  6.203E-16
1.355E+01  1.752E-24  6.298E-16
1.343E+01  1.628E-24  5.800E-16
1.330E+01  1.622E-24  5.723E-16
1.318E+01  1.692E-24  5.918E-16
1.306E+01  1.838E-24  6.368E-16
1.294E+01  2.092E-24  7.183E-16
1.282E+01  2.501E-24  8.507E-16
1.271E+01  3.002E-24  1.012E-15
1.259E+01  3.203E-24  1.070E-15
1.247E+01  2.891E-24  9.566E-16
1.236E+01  2.520E-24  8.261E-16
1.225E+01  2.360E-24  7.666E-16
1.213E+01  2.389E-24  7.690E-16
1.202E+01  2.453E-24  7.821E-16
1.191E+01  2.372E-24  7.495E-16
1.180E+01  2.209E-24  6.917E-16
1.169E+01  2.155E-24  6.687E-16
1.159E+01  2.345E-24  7.207E-16
1.148E+01  2.983E-24  9.084E-16
1.138E+01  4.318E-24  1.303E-15
1.127E+01  5.805E-24  1.736E-15
1.117E+01  4.087E-24  1.211E-15
1.107E+01  2.379E-24  6.984E-16
1.096E+01  1.781E-24  5.180E-16
1.086E+01  1.506E-24  4.341E-16
1.076E+01  1.364E-24  3.895E-16
1.067E+01  1.286E-24  3.637E-16
1.057E+01  1.242E-24  3.483E-16
1.047E+01  1.218E-24  3.383E-16
1.038E+01  1.203E-24  3.310E-16
1.028E+01  1.191E-24  3.249E-16
1.019E+01  1.182E-24  3.194E-16
1.009E+01  1.176E-24  3.147E-16
1.000E+01  1.173E-24  3.112E-16
9.908E+00  1.176E-24  3.091E-16
9.817E+00  1.183E-24  3.081E-16
9.727E+00  1.194E-24  3.081E-16
9.638E+00  1.208E-24  3.088E-16
9.550E+00  1.221E-24  3.093E-16
9.462E+00  1.232E-24  3.091E-16
9.376E+00  1.239E-24  3.081E-16
9.290E+00  1.244E-24  3.065E-16
9.204E+00  1.249E-24  3.049E-16
9.120E+00  1.261E-24  3.050E-16
9.036E+00  1.289E-24  3.091E-16
8.954E+00  1.353E-24  3.213E-16
8.872E+00  1.480E-24  3.483E-16
8.790E+00  1.717E-24  4.004E-16
8.710E+00  2.101E-24  4.854E-16
8.630E+00  2.454E-24  5.618E-16
8.551E+00  2.365E-24  5.365E-16
8.472E+00  2.057E-24  4.624E-16
8.395E+00  1.884E-24  4.195E-16
8.318E+00  1.838E-24  4.054E-16
8.241E+00  1.867E-24  4.081E-16
8.166E+00  1.999E-24  4.330E-16
8.091E+00  2.288E-24  4.910E-16
8.017E+00  2.771E-24  5.892E-16
7.943E+00  3.417E-24  7.199E-16
7.870E+00  3.996E-24  8.343E-16
7.798E+00  4.245E-24  8.781E-16
7.727E+00  4.372E-24  8.961E-16
7.656E+00  4.631E-24  9.404E-16
7.586E+00  4.538E-24  9.131E-16
7.516E+00  3.729E-24  7.436E-16
7.447E+00  2.818E-24  5.567E-16
7.379E+00  2.164E-24  4.235E-16
7.311E+00  1.730E-24  3.355E-16
7.244E+00  1.431E-24  2.749E-16
7.178E+00  1.214E-24  2.312E-16
7.112E+00  1.055E-24  1.990E-16
7.047E+00  9.396E-25  1.756E-16
6.982E+00  8.607E-25  1.594E-16
6.918E+00  8.142E-25  1.494E-16
6.855E+00  7.962E-25  1.448E-16
6.792E+00  7.982E-25  1.438E-16
6.730E+00  8.030E-25  1.433E-16
6.668E+00  7.911E-25  1.399E-16
6.607E+00  7.632E-25  1.337E-16
6.546E+00  7.449E-25  1.294E-16
6.486E+00  7.700E-25  1.325E-16
6.427E+00  8.799E-25  1.500E-16
6.368E+00  1.158E-24  1.956E-16
6.310E+00  1.794E-24  3.002E-16
6.252E+00  2.888E-24  4.789E-16
6.194E+00  2.935E-24  4.823E-16
6.138E+00  1.775E-24  2.890E-16
6.081E+00  1.055E-24  1.701E-16
6.026E+00  7.191E-25  1.149E-16
5.970E+00  5.590E-25  8.853E-17
5.916E+00  4.863E-25  7.631E-17
5.861E+00  4.714E-25  7.330E-17
5.808E+00  5.108E-25  7.869E-17
5.754E+00  5.981E-25  9.129E-17
5.702E+00  6.487E-25  9.811E-17
5.649E+00  5.582E-25  8.364E-17
5.598E+00  4.251E-25  6.312E-17
5.546E+00  3.330E-25  4.898E-17
5.495E+00  2.793E-25  4.071E-17
5.445E+00  2.502E-25  3.614E-17
5.395E+00  2.395E-25  3.428E-17
5.346E+00  2.494E-25  3.536E-17
5.297E+00  2.872E-25  4.036E-17
5.248E+00  3.150E-25  4.385E-17
5.200E+00  2.619E-25  3.613E-17
5.152E+00  2.067E-25  2.824E-17
5.105E+00  1.763E-25  2.388E-17
5.058E+00  1.595E-25  2.139E-17
5.012E+00  1.489E-25  1.980E-17
4.966E+00  1.417E-25  1.866E-17
4.920E+00  1.363E-25  1.778E-17
4.875E+00  1.320E-25  1.707E-17
4.831E+00  1.286E-25  1.648E-17
4.786E+00  1.257E-25  1.596E-17
4.742E+00  1.233E-25  1.551E-17
4.699E+00  1.212E-25  1.511E-17
4.656E+00  1.194E-25  1.474E-17
4.613E+00  1.178E-25  1.441E-17
4.571E+00  1.163E-25  1.411E-17
4.529E+00  1.151E-25  1.382E-17
4.487E+00  1.139E-25  1.356E-17
4.446E+00  1.129E-25  1.332E-17
4.406E+00  1.120E-25  1.309E-17
4.365E+00  1.112E-25  1.288E-17
4.325E+00  1.105E-25  1.268E-17
4.285E+00  1.099E-25  1.249E-17
4.246E+00  1.093E-25  1.232E-17
4.207E+00  1.089E-25  1.215E-17
4.169E+00  1.085E-25  1.199E-17
4.130E+00  1.081E-25  1.184E-17
4.093E+00  1.078E-25  1.170E-17
4.055E+00  1.076E-25  1.157E-17
4.018E+00  1.074E-25  1.145E-17
3.981E+00  1.073E-25  1.133E-17
3.945E+00  1.073E-25  1.123E-17
3.908E+00  1.074E-25  1.113E-17
3.873E+00  1.076E-25  1.105E-17
3.837E+00  1.079E-25  1.099E-17
3.802E+00  1.084E-25  1.094E-17
3.767E+00  1.091E-25  1.091E-17
3.733E+00  1.101E-25  1.090E-17
3.698E+00  1.114E-25  1.093E-17
3.664E+00  1.132E-25  1.100E-17
3.631E+00  1.155E-25  1.113E-17
3.597E+00  1.188E-25  1.134E-17
3.565E+00  1.234E-25  1.167E-17
3.532E+00  1.300E-25  1.218E-17
3.499E+00  1.401E-25  1.300E-17
3.467E+00  1.562E-25  1.437E-17
3.436E+00  1.844E-25  1.681E-17
3.404E+00  2.400E-25  2.167E-17
3.373E+00  3.725E-25  3.333E-17
3.342E+00  8.120E-25  7.198E-17
3.311E+00  2.995E-24  2.631E-16
3.281E+00  2.061E-24  1.793E-16
3.251E+00  6.120E-25  5.277E-17
3.221E+00  3.089E-25  2.639E-17
3.192E+00  2.085E-25  1.765E-17
3.162E+00  1.641E-25  1.377E-17
3.133E+00  1.408E-25  1.170E-17
3.105E+00  1.271E-25  1.046E-17
3.076E+00  1.183E-25  9.649E-18
3.048E+00  1.123E-25  9.076E-18
3.020E+00  1.080E-25  8.648E-18
2.992E+00  1.047E-25  8.313E-18
2.965E+00  1.022E-25  8.041E-18
2.938E+00  1.003E-25  7.813E-18
2.911E+00  9.864E-26  7.616E-18
2.884E+00  9.728E-26  7.442E-18
2.858E+00  9.611E-26  7.285E-18
2.831E+00  9.510E-26  7.142E-18
2.805E+00  9.419E-26  7.010E-18
2.780E+00  9.338E-26  6.885E-18
2.754E+00  9.263E-26  6.768E-18
2.729E+00  9.194E-26  6.655E-18
2.704E+00  9.129E-26  6.548E-18
2.679E+00  9.067E-26  6.444E-18
2.655E+00  9.009E-26  6.343E-18
2.630E+00  8.952E-26  6.246E-18
2.606E+00  8.897E-26  6.150E-18
2.582E+00  8.843E-26  6.057E-18
2.559E+00  8.790E-26  5.966E-18
2.535E+00  8.738E-26  5.876E-18
2.512E+00  8.687E-26  5.788E-18
2.489E+00  8.636E-26  5.701E-18
2.466E+00  8.585E-26  5.615E-18
2.443E+00  8.533E-26  5.531E-18
2.421E+00  8.482E-26  5.447E-18
2.399E+00  8.431E-26  5.364E-18
2.377E+00  8.379E-26  5.283E-18
2.355E+00  8.328E-26  5.202E-18
2.333E+00  8.276E-26  5.123E-18
2.312E+00  8.224E-26  5.043E-18
2.291E+00  8.171E-26  4.965E-18
2.270E+00  8.117E-26  4.887E-18
2.249E+00  8.062E-26  4.810E-18
2.228E+00  8.006E-26  4.733E-18
2.208E+00  7.949E-26  4.656E-18
2.188E+00  7.890E-26  4.579E-18
2.168E+00  7.830E-26  4.502E-18
2.148E+00  7.767E-26  4.425E-18
2.128E+00  7.701E-26  4.347E-18
2.109E+00  7.631E-26  4.268E-18
2.089E+00  7.557E-26  4.188E-18
2.070E+00  7.477E-26  4.106E-18
2.051E+00  7.390E-26  4.021E-18
2.032E+00  7.295E-26  3.932E-18
2.014E+00  7.188E-26  3.839E-18
1.995E+00  7.069E-26  3.741E-18
1.977E+00  6.937E-26  3.638E-18
1.959E+00  6.796E-26  3.531E-18
1.941E+00  6.658E-26  3.428E-18
1.923E+00  6.545E-26  3.339E-18
1.905E+00  6.483E-26  3.277E-18
1.888E+00  6.480E-26  3.245E-18
1.871E+00  6.518E-26  3.234E-18
1.854E+00  6.569E-26  3.230E-18
1.837E+00  6.613E-26  3.222E-18
1.820E+00  6.641E-26  3.206E-18
1.803E+00  6.652E-26  3.181E-18
1.786E+00  6.648E-26  3.150E-18
1.770E+00  6.633E-26  3.114E-18
1.754E+00  6.610E-26  3.075E-18
1.738E+00  6.580E-26  3.033E-18
1.722E+00  6.546E-26  2.990E-18
1.706E+00  6.508E-26  2.945E-18
1.690E+00  6.468E-26  2.900E-18
1.675E+00  6.427E-26  2.855E-18
1.660E+00  6.385E-26  2.811E-18
1.644E+00  6.341E-26  2.766E-18
1.629E+00  6.298E-26  2.722E-18
1.614E+00  6.254E-26  2.678E-18
1.600E+00  6.212E-26  2.636E-18
1.585E+00  6.170E-26  2.594E-18
1.570E+00  6.130E-26  2.553E-18
1.556E+00  6.092E-26  2.514E-18
1.542E+00  6.056E-26  2.477E-18
1.528E+00  6.023E-26  2.441E-18
1.514E+00  5.994E-26  2.406E-18
1.500E+00  5.969E-26  2.374E-18
1.486E+00  5.949E-26  2.345E-18
1.472E+00  5.935E-26  2.318E-18
1.459E+00  5.929E-26  2.294E-18
1.445E+00  5.932E-26  2.274E-18
1.432E+00  5.945E-26  2.258E-18
1.419E+00  5.971E-26  2.248E-18
1.406E+00  6.012E-26  2.242E-18
1.393E+00  6.072E-26  2.244E-18
1.380E+00  6.155E-26  2.254E-18
1.368E+00  6.264E-26  2.273E-18
1.355E+00  6.404E-26  2.302E-18
1.343E+00  6.581E-26  2.344E-18
1.330E+00  6.795E-26  2.398E-18
1.318E+00  7.043E-26  2.463E-18
1.306E+00  7.309E-26  2.532E-18
1.294E+00  7.562E-26  2.596E-18
1.282E+00  7.744E-26  2.634E-18
1.271E+00  7.788E-26  2.625E-18
1.259E+00  7.646E-26  2.553E-18
1.247E+00  7.320E-26  2.422E-18
1.236E+00  6.868E-26  2.252E-18
1.225E+00  6.372E-26  2.070E-18
1.213E+00  5.899E-26  1.899E-18
1.202E+00  5.486E-26  1.750E-18
1.191E+00  5.146E-26  1.626E-18
1.180E+00  4.876E-26  1.526E-18
1.169E+00  4.670E-26  1.449E-18
1.159E+00  4.522E-26  1.390E-18
1.148E+00  4.429E-26  1.349E-18
1.138E+00  4.390E-26  1.325E-18
1.127E+00  4.411E-26  1.319E-18
1.117E+00  4.506E-26  1.335E-18
1.107E+00  4.697E-26  1.379E-18
1.096E+00  5.023E-26  1.461E-18
1.086E+00  5.541E-26  1.597E-18
1.076E+00  6.306E-26  1.801E-18
1.067E+00  7.276E-26  2.058E-18
1.057E+00  8.055E-26  2.258E-18
1.047E+00  7.915E-26  2.199E-18
1.038E+00  6.786E-26  1.868E-18
1.028E+00  5.447E-26  1.485E-18
1.019E+00  4.399E-26  1.189E-18
1.009E+00  3.680E-26  9.852E-19
1.000E+00  3.194E-26  8.472E-19
