Dust emission from Draine & Li (2007): ApJ 657, 810-837
================================================================
         6 = grain model
 4.000E-08 4.000E-01 3.750E-05 = a_01 (cm) , sigma_1 , b_C1/0.92
 2.500E-07 4.000E-01 1.250E-05 = a_02 (cm) , sigma_2 , b_C2/0.92
 7.000E+00 1.000E+03 2.000E+00 = Umin , Umax, beta (dN/dU propto U^{-beta})
 3.498E+01 = <U> 
     mmp83 = radfield
 1.578E-22 = power/H (erg s-1)
 band   nu*P_nu(band) j_nu(band)
 (um)   (erg s-1 H-1)(Jy cm2 sr-1 H-1)
1.270E+00  5.322E-25  1.793E-17 COBE-DIRBE
2.220E+00  6.783E-25  3.994E-17 COBE-DIRBE
3.530E+00  4.443E-24  4.161E-16 COBE-DIRBE
4.880E+00  2.064E-24  2.672E-16 COBE-DIRBE
1.229E+01  1.883E-23  6.137E-15 COBE-DIRBE
2.079E+01  1.731E-23  9.544E-15 COBE-DIRBE
5.599E+01  9.244E-23  1.373E-13 COBE-DIRBE
9.770E+01  5.859E-23  1.518E-13 COBE-DIRBE
1.479E+02  2.599E-23  1.019E-13 COBE-DIRBE
2.479E+02  5.314E-24  3.494E-14 COBE-DIRBE
1.200E+01  1.971E-23  6.273E-15 IRAS
2.500E+01  1.983E-23  1.315E-14 IRAS
6.000E+01  9.006E-23  1.433E-13 IRAS
1.000E+02  5.626E-23  1.492E-13 IRAS
3.550E+00  5.168E-24  4.866E-16 SST-IRAC
4.493E+00  1.445E-24  1.722E-16 SST-IRAC
5.731E+00  1.225E-23  1.862E-15 SST-IRAC
7.872E+00  2.850E-23  5.952E-15 SST-IRAC
2.368E+01  1.671E-23  1.050E-14 SST-MIPS
7.142E+01  7.748E-23  1.468E-13 SST-MIPS
1.559E+02  2.071E-23  8.564E-14 SST-MIPS
1.600E+01  1.606E-23  6.814E-15 SST-IRSPU
2.200E+01  1.695E-23  9.892E-15 SST-IRSPU











lambda    nu*dP/dnu     j_nu
 (um)   (erg s-1 H-1)(Jy cm2 sr-1 H-1)
1.000E+04  8.794E-31  2.333E-19
9.908E+03  9.116E-31  2.396E-19
9.817E+03  9.450E-31  2.461E-19
9.727E+03  9.797E-31  2.528E-19
9.638E+03  1.016E-30  2.596E-19
9.550E+03  1.053E-30  2.667E-19
9.462E+03  1.091E-30  2.739E-19
9.376E+03  1.131E-30  2.814E-19
9.290E+03  1.173E-30  2.890E-19
9.204E+03  1.216E-30  2.969E-19
9.120E+03  1.260E-30  3.049E-19
9.036E+03  1.307E-30  3.132E-19
8.954E+03  1.354E-30  3.217E-19
8.872E+03  1.404E-30  3.304E-19
8.790E+03  1.455E-30  3.393E-19
8.710E+03  1.508E-30  3.484E-19
8.630E+03  1.563E-30  3.579E-19
8.551E+03  1.620E-30  3.675E-19
8.472E+03  1.680E-30  3.775E-19
8.395E+03  1.741E-30  3.877E-19
8.318E+03  1.805E-30  3.982E-19
8.241E+03  1.871E-30  4.090E-19
8.166E+03  1.940E-30  4.202E-19
8.091E+03  2.011E-30  4.316E-19
8.017E+03  2.085E-30  4.433E-19
7.943E+03  2.161E-30  4.554E-19
7.870E+03  2.241E-30  4.678E-19
7.798E+03  2.323E-30  4.806E-19
7.727E+03  2.409E-30  4.937E-19
7.656E+03  2.498E-30  5.072E-19
7.586E+03  2.590E-30  5.211E-19
7.516E+03  2.685E-30  5.354E-19
7.447E+03  2.784E-30  5.501E-19
7.379E+03  2.887E-30  5.651E-19
7.311E+03  2.994E-30  5.807E-19
7.244E+03  3.105E-30  5.966E-19
7.178E+03  3.220E-30  6.130E-19
7.112E+03  3.339E-30  6.299E-19
7.047E+03  3.462E-30  6.472E-19
6.982E+03  3.591E-30  6.651E-19
6.918E+03  3.724E-30  6.834E-19
6.855E+03  3.862E-30  7.022E-19
6.792E+03  4.005E-30  7.215E-19
6.730E+03  4.153E-30  7.414E-19
6.668E+03  4.308E-30  7.619E-19
6.607E+03  4.468E-30  7.830E-19
6.546E+03  4.634E-30  8.046E-19
6.486E+03  4.806E-30  8.269E-19
6.427E+03  4.985E-30  8.498E-19
6.368E+03  5.171E-30  8.734E-19
6.310E+03  5.363E-30  8.977E-19
6.252E+03  5.564E-30  9.226E-19
6.194E+03  5.771E-30  9.483E-19
6.138E+03  5.987E-30  9.747E-19
6.081E+03  6.211E-30  1.002E-18
6.026E+03  6.443E-30  1.030E-18
5.970E+03  6.684E-30  1.059E-18
5.916E+03  6.934E-30  1.088E-18
5.861E+03  7.194E-30  1.119E-18
5.808E+03  7.464E-30  1.150E-18
5.754E+03  7.744E-30  1.182E-18
5.702E+03  8.035E-30  1.215E-18
5.649E+03  8.337E-30  1.249E-18
5.598E+03  8.650E-30  1.284E-18
5.546E+03  8.976E-30  1.321E-18
5.495E+03  9.314E-30  1.358E-18
5.445E+03  9.665E-30  1.396E-18
5.395E+03  1.003E-29  1.435E-18
5.346E+03  1.041E-29  1.476E-18
5.297E+03  1.080E-29  1.517E-18
5.248E+03  1.121E-29  1.560E-18
5.200E+03  1.163E-29  1.604E-18
5.152E+03  1.207E-29  1.650E-18
5.105E+03  1.253E-29  1.696E-18
5.058E+03  1.300E-29  1.745E-18
5.012E+03  1.349E-29  1.794E-18
4.966E+03  1.401E-29  1.845E-18
4.920E+03  1.454E-29  1.897E-18
4.875E+03  1.509E-29  1.951E-18
4.831E+03  1.566E-29  2.007E-18
4.786E+03  1.625E-29  2.064E-18
4.742E+03  1.687E-29  2.123E-18
4.699E+03  1.751E-29  2.183E-18
4.656E+03  1.818E-29  2.245E-18
4.613E+03  1.887E-29  2.309E-18
4.571E+03  1.959E-29  2.376E-18
4.529E+03  2.034E-29  2.444E-18
4.487E+03  2.112E-29  2.514E-18
4.446E+03  2.192E-29  2.586E-18
4.406E+03  2.276E-29  2.660E-18
4.365E+03  2.363E-29  2.736E-18
4.325E+03  2.454E-29  2.815E-18
4.285E+03  2.548E-29  2.896E-18
4.246E+03  2.645E-29  2.979E-18
4.207E+03  2.747E-29  3.065E-18
4.169E+03  2.852E-29  3.154E-18
4.130E+03  2.962E-29  3.245E-18
4.093E+03  3.075E-29  3.339E-18
4.055E+03  3.194E-29  3.435E-18
4.018E+03  3.317E-29  3.535E-18
3.981E+03  3.444E-29  3.637E-18
3.945E+03  3.577E-29  3.742E-18
3.908E+03  3.714E-29  3.851E-18
3.873E+03  3.857E-29  3.962E-18
3.837E+03  4.006E-29  4.077E-18
3.802E+03  4.161E-29  4.196E-18
3.767E+03  4.321E-29  4.318E-18
3.733E+03  4.488E-29  4.444E-18
3.698E+03  4.662E-29  4.573E-18
3.664E+03  4.842E-29  4.707E-18
3.631E+03  5.030E-29  4.844E-18
3.597E+03  5.225E-29  4.986E-18
3.565E+03  5.428E-29  5.132E-18
3.532E+03  5.639E-29  5.282E-18
3.499E+03  5.858E-29  5.437E-18
3.467E+03  6.085E-29  5.597E-18
3.436E+03  6.322E-29  5.762E-18
3.404E+03  6.569E-29  5.931E-18
3.373E+03  6.825E-29  6.106E-18
3.342E+03  7.091E-29  6.286E-18
3.311E+03  7.368E-29  6.471E-18
3.281E+03  7.656E-29  6.663E-18
3.251E+03  7.955E-29  6.860E-18
3.221E+03  8.266E-29  7.063E-18
3.192E+03  8.590E-29  7.272E-18
3.162E+03  8.926E-29  7.488E-18
3.133E+03  9.276E-29  7.710E-18
3.105E+03  9.640E-29  7.939E-18
3.076E+03  1.002E-28  8.175E-18
3.048E+03  1.041E-28  8.418E-18
3.020E+03  1.082E-28  8.669E-18
2.992E+03  1.125E-28  8.927E-18
2.965E+03  1.169E-28  9.192E-18
2.938E+03  1.215E-28  9.466E-18
2.911E+03  1.262E-28  9.747E-18
2.884E+03  1.312E-28  1.004E-17
2.858E+03  1.364E-28  1.034E-17
2.831E+03  1.418E-28  1.065E-17
2.805E+03  1.473E-28  1.096E-17
2.780E+03  1.532E-28  1.129E-17
2.754E+03  1.592E-28  1.163E-17
2.729E+03  1.655E-28  1.198E-17
2.704E+03  1.720E-28  1.234E-17
2.679E+03  1.788E-28  1.271E-17
2.655E+03  1.859E-28  1.309E-17
2.630E+03  1.933E-28  1.349E-17
2.606E+03  2.010E-28  1.389E-17
2.582E+03  2.089E-28  1.431E-17
2.559E+03  2.172E-28  1.474E-17
2.535E+03  2.259E-28  1.519E-17
2.512E+03  2.348E-28  1.565E-17
2.489E+03  2.442E-28  1.612E-17
2.466E+03  2.539E-28  1.661E-17
2.443E+03  2.640E-28  1.711E-17
2.421E+03  2.746E-28  1.763E-17
2.399E+03  2.855E-28  1.817E-17
2.377E+03  2.969E-28  1.872E-17
2.355E+03  3.088E-28  1.929E-17
2.333E+03  3.211E-28  1.988E-17
2.312E+03  3.339E-28  2.048E-17
2.291E+03  3.473E-28  2.110E-17
2.270E+03  3.612E-28  2.175E-17
2.249E+03  3.757E-28  2.241E-17
2.228E+03  3.907E-28  2.310E-17
2.208E+03  4.064E-28  2.380E-17
2.188E+03  4.227E-28  2.453E-17
2.168E+03  4.397E-28  2.528E-17
2.148E+03  4.574E-28  2.606E-17
2.128E+03  4.757E-28  2.686E-17
2.109E+03  4.949E-28  2.768E-17
2.089E+03  5.148E-28  2.853E-17
2.070E+03  5.355E-28  2.940E-17
2.051E+03  5.571E-28  3.031E-17
2.032E+03  5.795E-28  3.124E-17
2.014E+03  6.028E-28  3.220E-17
1.995E+03  6.271E-28  3.319E-17
1.977E+03  6.524E-28  3.421E-17
1.959E+03  6.787E-28  3.527E-17
1.941E+03  7.061E-28  3.635E-17
1.923E+03  7.346E-28  3.747E-17
1.905E+03  7.643E-28  3.863E-17
1.888E+03  7.952E-28  3.982E-17
1.871E+03  8.273E-28  4.105E-17
1.854E+03  8.608E-28  4.232E-17
1.837E+03  8.956E-28  4.363E-17
1.820E+03  9.319E-28  4.498E-17
1.803E+03  9.696E-28  4.637E-17
1.786E+03  1.009E-27  4.781E-17
1.770E+03  1.050E-27  4.929E-17
1.754E+03  1.092E-27  5.082E-17
1.738E+03  1.137E-27  5.239E-17
1.722E+03  1.183E-27  5.402E-17
1.706E+03  1.231E-27  5.570E-17
1.690E+03  1.281E-27  5.742E-17
1.675E+03  1.333E-27  5.921E-17
1.660E+03  1.387E-27  6.105E-17
1.644E+03  1.443E-27  6.295E-17
1.629E+03  1.502E-27  6.490E-17
1.614E+03  1.563E-27  6.692E-17
1.600E+03  1.626E-27  6.900E-17
1.585E+03  1.692E-27  7.115E-17
1.570E+03  1.761E-27  7.336E-17
1.556E+03  1.833E-27  7.565E-17
1.542E+03  1.907E-27  7.800E-17
1.528E+03  1.985E-27  8.043E-17
1.514E+03  2.066E-27  8.294E-17
1.500E+03  2.150E-27  8.552E-17
1.486E+03  2.237E-27  8.819E-17
1.472E+03  2.329E-27  9.094E-17
1.459E+03  2.424E-27  9.378E-17
1.445E+03  2.522E-27  9.671E-17
1.432E+03  2.625E-27  9.973E-17
1.419E+03  2.732E-27  1.028E-16
1.406E+03  2.844E-27  1.061E-16
1.393E+03  2.960E-27  1.094E-16
1.380E+03  3.080E-27  1.128E-16
1.368E+03  3.206E-27  1.163E-16
1.355E+03  3.337E-27  1.200E-16
1.343E+03  3.473E-27  1.237E-16
1.330E+03  3.615E-27  1.276E-16
1.318E+03  3.762E-27  1.316E-16
1.306E+03  3.916E-27  1.357E-16
1.294E+03  4.075E-27  1.399E-16
1.282E+03  4.242E-27  1.443E-16
1.271E+03  4.415E-27  1.488E-16
1.259E+03  4.595E-27  1.534E-16
1.247E+03  4.782E-27  1.582E-16
1.236E+03  4.978E-27  1.632E-16
1.225E+03  5.181E-27  1.683E-16
1.213E+03  5.392E-27  1.735E-16
1.202E+03  5.612E-27  1.790E-16
1.191E+03  5.841E-27  1.846E-16
1.180E+03  6.079E-27  1.903E-16
1.169E+03  6.327E-27  1.963E-16
1.159E+03  6.585E-27  2.024E-16
1.148E+03  6.853E-27  2.087E-16
1.138E+03  7.132E-27  2.152E-16
1.127E+03  7.423E-27  2.219E-16
1.117E+03  7.725E-27  2.289E-16
1.107E+03  8.040E-27  2.360E-16
1.096E+03  8.367E-27  2.434E-16
1.086E+03  8.708E-27  2.510E-16
1.076E+03  9.063E-27  2.588E-16
1.067E+03  9.431E-27  2.668E-16
1.057E+03  9.815E-27  2.751E-16
1.047E+03  1.021E-26  2.837E-16
1.038E+03  1.063E-26  2.925E-16
1.028E+03  1.106E-26  3.016E-16
1.019E+03  1.151E-26  3.110E-16
1.009E+03  1.198E-26  3.207E-16
1.000E+03  1.246E-26  3.306E-16
9.908E+02  1.297E-26  3.409E-16
9.817E+02  1.350E-26  3.515E-16
9.727E+02  1.405E-26  3.624E-16
9.638E+02  1.462E-26  3.737E-16
9.550E+02  1.521E-26  3.853E-16
9.462E+02  1.583E-26  3.972E-16
9.376E+02  1.647E-26  4.096E-16
9.290E+02  1.714E-26  4.223E-16
9.204E+02  1.783E-26  4.353E-16
9.120E+02  1.855E-26  4.488E-16
9.036E+02  1.930E-26  4.627E-16
8.954E+02  2.008E-26  4.770E-16
8.872E+02  2.090E-26  4.917E-16
8.790E+02  2.174E-26  5.069E-16
8.710E+02  2.262E-26  5.225E-16
8.630E+02  2.353E-26  5.386E-16
8.551E+02  2.448E-26  5.552E-16
8.472E+02  2.546E-26  5.723E-16
8.395E+02  2.649E-26  5.899E-16
8.318E+02  2.756E-26  6.080E-16
8.241E+02  2.866E-26  6.266E-16
8.166E+02  2.981E-26  6.458E-16
8.091E+02  3.101E-26  6.656E-16
8.017E+02  3.225E-26  6.859E-16
7.943E+02  3.355E-26  7.068E-16
7.870E+02  3.489E-26  7.284E-16
7.798E+02  3.629E-26  7.506E-16
7.727E+02  3.774E-26  7.735E-16
7.656E+02  3.925E-26  7.971E-16
7.586E+02  4.082E-26  8.213E-16
7.516E+02  4.245E-26  8.463E-16
7.447E+02  4.414E-26  8.721E-16
7.379E+02  4.591E-26  8.986E-16
7.311E+02  4.775E-26  9.260E-16
7.244E+02  4.966E-26  9.542E-16
7.178E+02  5.164E-26  9.832E-16
7.112E+02  5.371E-26  1.013E-15
7.047E+02  5.585E-26  1.044E-15
6.982E+02  5.808E-26  1.076E-15
6.918E+02  6.041E-26  1.109E-15
6.855E+02  6.282E-26  1.142E-15
6.792E+02  6.533E-26  1.177E-15
6.730E+02  6.793E-26  1.213E-15
6.668E+02  7.063E-26  1.249E-15
6.607E+02  7.344E-26  1.287E-15
6.546E+02  7.637E-26  1.326E-15
6.486E+02  7.943E-26  1.367E-15
6.427E+02  8.261E-26  1.408E-15
6.368E+02  8.591E-26  1.451E-15
6.310E+02  8.934E-26  1.495E-15
6.252E+02  9.292E-26  1.541E-15
6.194E+02  9.663E-26  1.588E-15
6.138E+02  1.005E-25  1.636E-15
6.081E+02  1.045E-25  1.686E-15
6.026E+02  1.087E-25  1.737E-15
5.970E+02  1.130E-25  1.790E-15
5.916E+02  1.176E-25  1.845E-15
5.861E+02  1.223E-25  1.901E-15
5.808E+02  1.271E-25  1.959E-15
5.754E+02  1.322E-25  2.018E-15
5.702E+02  1.375E-25  2.080E-15
5.649E+02  1.430E-25  2.143E-15
5.598E+02  1.487E-25  2.208E-15
5.546E+02  1.547E-25  2.275E-15
5.495E+02  1.608E-25  2.345E-15
5.445E+02  1.673E-25  2.416E-15
5.395E+02  1.740E-25  2.490E-15
5.346E+02  1.809E-25  2.565E-15
5.297E+02  1.881E-25  2.643E-15
5.248E+02  1.957E-25  2.724E-15
5.200E+02  2.035E-25  2.807E-15
5.152E+02  2.116E-25  2.892E-15
5.105E+02  2.201E-25  2.980E-15
5.058E+02  2.289E-25  3.071E-15
5.012E+02  2.380E-25  3.164E-15
4.966E+02  2.475E-25  3.260E-15
4.920E+02  2.574E-25  3.359E-15
4.875E+02  2.676E-25  3.461E-15
4.831E+02  2.783E-25  3.566E-15
4.786E+02  2.894E-25  3.674E-15
4.742E+02  3.009E-25  3.786E-15
4.699E+02  3.129E-25  3.900E-15
4.656E+02  3.254E-25  4.018E-15
4.613E+02  3.383E-25  4.140E-15
4.571E+02  3.518E-25  4.265E-15
4.529E+02  3.658E-25  4.395E-15
4.487E+02  3.803E-25  4.527E-15
4.446E+02  3.955E-25  4.664E-15
4.406E+02  4.112E-25  4.805E-15
4.365E+02  4.275E-25  4.950E-15
4.325E+02  4.445E-25  5.099E-15
4.285E+02  4.621E-25  5.253E-15
4.246E+02  4.804E-25  5.411E-15
4.207E+02  4.995E-25  5.574E-15
4.169E+02  5.192E-25  5.742E-15
4.130E+02  5.398E-25  5.914E-15
4.093E+02  5.612E-25  6.092E-15
4.055E+02  5.834E-25  6.275E-15
4.018E+02  6.064E-25  6.463E-15
3.981E+02  6.304E-25  6.657E-15
3.945E+02  6.553E-25  6.857E-15
3.908E+02  6.812E-25  7.063E-15
3.873E+02  7.081E-25  7.274E-15
3.837E+02  7.361E-25  7.492E-15
3.802E+02  7.651E-25  7.716E-15
3.767E+02  7.952E-25  7.946E-15
3.733E+02  8.265E-25  8.183E-15
3.698E+02  8.591E-25  8.427E-15
3.664E+02  8.928E-25  8.678E-15
3.631E+02  9.279E-25  8.937E-15
3.597E+02  9.643E-25  9.202E-15
3.565E+02  1.002E-24  9.475E-15
3.532E+02  1.041E-24  9.756E-15
3.499E+02  1.082E-24  1.005E-14
3.467E+02  1.124E-24  1.034E-14
3.436E+02  1.168E-24  1.065E-14
3.404E+02  1.214E-24  1.096E-14
3.373E+02  1.261E-24  1.129E-14
3.342E+02  1.311E-24  1.162E-14
3.311E+02  1.361E-24  1.196E-14
3.281E+02  1.414E-24  1.231E-14
3.251E+02  1.469E-24  1.267E-14
3.221E+02  1.526E-24  1.304E-14
3.192E+02  1.585E-24  1.342E-14
3.162E+02  1.647E-24  1.381E-14
3.133E+02  1.710E-24  1.421E-14
3.105E+02  1.776E-24  1.463E-14
3.076E+02  1.845E-24  1.505E-14
3.048E+02  1.916E-24  1.549E-14
3.020E+02  1.989E-24  1.593E-14
2.992E+02  2.065E-24  1.639E-14
2.965E+02  2.145E-24  1.687E-14
2.938E+02  2.226E-24  1.735E-14
2.911E+02  2.311E-24  1.785E-14
2.884E+02  2.400E-24  1.836E-14
2.858E+02  2.491E-24  1.888E-14
2.831E+02  2.585E-24  1.942E-14
2.805E+02  2.684E-24  1.997E-14
2.780E+02  2.785E-24  2.054E-14
2.754E+02  2.890E-24  2.112E-14
2.729E+02  3.000E-24  2.171E-14
2.704E+02  3.113E-24  2.233E-14
2.679E+02  3.231E-24  2.296E-14
2.655E+02  3.352E-24  2.361E-14
2.630E+02  3.478E-24  2.427E-14
2.606E+02  3.609E-24  2.495E-14
2.582E+02  3.744E-24  2.565E-14
2.559E+02  3.884E-24  2.636E-14
2.535E+02  4.027E-24  2.708E-14
2.512E+02  4.175E-24  2.782E-14
2.489E+02  4.326E-24  2.856E-14
2.466E+02  4.480E-24  2.930E-14
2.443E+02  4.637E-24  3.006E-14
2.421E+02  4.799E-24  3.082E-14
2.399E+02  4.965E-24  3.159E-14
2.377E+02  5.134E-24  3.237E-14
2.355E+02  5.307E-24  3.315E-14
2.333E+02  5.486E-24  3.396E-14
2.312E+02  5.670E-24  3.478E-14
2.291E+02  5.860E-24  3.561E-14
2.270E+02  6.055E-24  3.646E-14
2.249E+02  6.257E-24  3.733E-14
2.228E+02  6.464E-24  3.821E-14
2.208E+02  6.677E-24  3.911E-14
2.188E+02  6.896E-24  4.002E-14
2.168E+02  7.122E-24  4.095E-14
2.148E+02  7.354E-24  4.190E-14
2.128E+02  7.593E-24  4.286E-14
2.109E+02  7.839E-24  4.384E-14
2.089E+02  8.091E-24  4.484E-14
2.070E+02  8.350E-24  4.585E-14
2.051E+02  8.616E-24  4.688E-14
2.032E+02  8.890E-24  4.793E-14
2.014E+02  9.172E-24  4.899E-14
1.995E+02  9.461E-24  5.007E-14
1.977E+02  9.757E-24  5.117E-14
1.959E+02  1.006E-23  5.228E-14
1.941E+02  1.037E-23  5.341E-14
1.923E+02  1.070E-23  5.456E-14
1.905E+02  1.103E-23  5.573E-14
1.888E+02  1.136E-23  5.691E-14
1.871E+02  1.171E-23  5.811E-14
1.854E+02  1.207E-23  5.934E-14
1.837E+02  1.243E-23  6.057E-14
1.820E+02  1.281E-23  6.183E-14
1.803E+02  1.319E-23  6.310E-14
1.786E+02  1.359E-23  6.440E-14
1.770E+02  1.400E-23  6.571E-14
1.754E+02  1.441E-23  6.705E-14
1.738E+02  1.484E-23  6.840E-14
1.722E+02  1.528E-23  6.978E-14
1.706E+02  1.573E-23  7.118E-14
1.690E+02  1.619E-23  7.259E-14
1.675E+02  1.666E-23  7.404E-14
1.660E+02  1.715E-23  7.550E-14
1.644E+02  1.765E-23  7.700E-14
1.629E+02  1.817E-23  7.852E-14
1.614E+02  1.870E-23  8.006E-14
1.600E+02  1.924E-23  8.163E-14
1.585E+02  1.980E-23  8.324E-14
1.570E+02  2.038E-23  8.488E-14
1.556E+02  2.097E-23  8.655E-14
1.542E+02  2.158E-23  8.827E-14
1.528E+02  2.221E-23  9.001E-14
1.514E+02  2.287E-23  9.180E-14
1.500E+02  2.354E-23  9.362E-14
1.486E+02  2.422E-23  9.547E-14
1.472E+02  2.493E-23  9.736E-14
1.459E+02  2.565E-23  9.925E-14
1.445E+02  2.638E-23  1.011E-13
1.432E+02  2.711E-23  1.030E-13
1.419E+02  2.783E-23  1.048E-13
1.406E+02  2.854E-23  1.065E-13
1.393E+02  2.923E-23  1.080E-13
1.380E+02  2.988E-23  1.094E-13
1.368E+02  3.050E-23  1.107E-13
1.355E+02  3.110E-23  1.118E-13
1.343E+02  3.168E-23  1.128E-13
1.330E+02  3.225E-23  1.138E-13
1.318E+02  3.282E-23  1.148E-13
1.306E+02  3.340E-23  1.157E-13
1.294E+02  3.399E-23  1.167E-13
1.282E+02  3.460E-23  1.177E-13
1.271E+02  3.521E-23  1.187E-13
1.259E+02  3.584E-23  1.197E-13
1.247E+02  3.649E-23  1.208E-13
1.236E+02  3.716E-23  1.218E-13
1.225E+02  3.784E-23  1.229E-13
1.213E+02  3.854E-23  1.240E-13
1.202E+02  3.925E-23  1.252E-13
1.191E+02  3.997E-23  1.263E-13
1.180E+02  4.071E-23  1.275E-13
1.169E+02  4.145E-23  1.286E-13
1.159E+02  4.221E-23  1.297E-13
1.148E+02  4.298E-23  1.309E-13
1.138E+02  4.376E-23  1.320E-13
1.127E+02  4.454E-23  1.332E-13
1.117E+02  4.535E-23  1.343E-13
1.107E+02  4.616E-23  1.355E-13
1.096E+02  4.698E-23  1.366E-13
1.086E+02  4.781E-23  1.378E-13
1.076E+02  4.865E-23  1.389E-13
1.067E+02  4.950E-23  1.401E-13
1.057E+02  5.036E-23  1.412E-13
1.047E+02  5.122E-23  1.423E-13
1.038E+02  5.209E-23  1.434E-13
1.028E+02  5.296E-23  1.444E-13
1.019E+02  5.383E-23  1.454E-13
1.009E+02  5.471E-23  1.465E-13
1.000E+02  5.559E-23  1.475E-13
9.908E+01  5.646E-23  1.484E-13
9.817E+01  5.735E-23  1.493E-13
9.727E+01  5.823E-23  1.503E-13
9.638E+01  5.912E-23  1.512E-13
9.550E+01  6.001E-23  1.520E-13
9.462E+01  6.090E-23  1.528E-13
9.376E+01  6.178E-23  1.536E-13
9.290E+01  6.266E-23  1.544E-13
9.204E+01  6.355E-23  1.551E-13
9.120E+01  6.442E-23  1.559E-13
9.036E+01  6.530E-23  1.565E-13
8.954E+01  6.617E-23  1.572E-13
8.872E+01  6.704E-23  1.578E-13
8.790E+01  6.791E-23  1.584E-13
8.710E+01  6.877E-23  1.589E-13
8.630E+01  6.963E-23  1.594E-13
8.551E+01  7.049E-23  1.599E-13
8.472E+01  7.132E-23  1.603E-13
8.395E+01  7.217E-23  1.607E-13
8.318E+01  7.300E-23  1.611E-13
8.241E+01  7.383E-23  1.614E-13
8.166E+01  7.465E-23  1.617E-13
8.091E+01  7.546E-23  1.620E-13
8.017E+01  7.627E-23  1.622E-13
7.943E+01  7.706E-23  1.624E-13
7.870E+01  7.784E-23  1.625E-13
7.798E+01  7.861E-23  1.626E-13
7.727E+01  7.937E-23  1.627E-13
7.656E+01  8.011E-23  1.627E-13
7.586E+01  8.085E-23  1.627E-13
7.516E+01  8.157E-23  1.626E-13
7.447E+01  8.227E-23  1.625E-13
7.379E+01  8.294E-23  1.623E-13
7.311E+01  8.362E-23  1.622E-13
7.244E+01  8.426E-23  1.619E-13
7.178E+01  8.489E-23  1.616E-13
7.112E+01  8.551E-23  1.613E-13
7.047E+01  8.612E-23  1.610E-13
6.982E+01  8.673E-23  1.606E-13
6.918E+01  8.731E-23  1.602E-13
6.855E+01  8.787E-23  1.598E-13
6.792E+01  8.840E-23  1.593E-13
6.730E+01  8.892E-23  1.587E-13
6.668E+01  8.943E-23  1.582E-13
6.607E+01  8.992E-23  1.576E-13
6.546E+01  9.038E-23  1.569E-13
6.486E+01  9.082E-23  1.563E-13
6.427E+01  9.125E-23  1.556E-13
6.368E+01  9.166E-23  1.548E-13
6.310E+01  9.205E-23  1.541E-13
6.252E+01  9.242E-23  1.533E-13
6.194E+01  9.278E-23  1.524E-13
6.138E+01  9.311E-23  1.516E-13
6.081E+01  9.343E-23  1.507E-13
6.026E+01  9.372E-23  1.498E-13
5.970E+01  9.399E-23  1.489E-13
5.916E+01  9.425E-23  1.479E-13
5.861E+01  9.447E-23  1.469E-13
5.808E+01  9.468E-23  1.459E-13
5.754E+01  9.487E-23  1.448E-13
5.702E+01  9.504E-23  1.437E-13
5.649E+01  9.519E-23  1.426E-13
5.598E+01  9.533E-23  1.415E-13
5.546E+01  9.544E-23  1.404E-13
5.495E+01  9.555E-23  1.393E-13
5.445E+01  9.563E-23  1.381E-13
5.395E+01  9.569E-23  1.369E-13
5.346E+01  9.574E-23  1.358E-13
5.297E+01  9.576E-23  1.345E-13
5.248E+01  9.577E-23  1.333E-13
5.200E+01  9.576E-23  1.321E-13
5.152E+01  9.574E-23  1.308E-13
5.105E+01  9.568E-23  1.296E-13
5.058E+01  9.562E-23  1.283E-13
5.012E+01  9.553E-23  1.270E-13
4.966E+01  9.543E-23  1.257E-13
4.920E+01  9.531E-23  1.244E-13
4.875E+01  9.517E-23  1.231E-13
4.831E+01  9.502E-23  1.218E-13
4.786E+01  9.485E-23  1.204E-13
4.742E+01  9.467E-23  1.191E-13
4.699E+01  9.447E-23  1.178E-13
4.656E+01  9.425E-23  1.164E-13
4.613E+01  9.401E-23  1.150E-13
4.571E+01  9.376E-23  1.137E-13
4.529E+01  9.349E-23  1.123E-13
4.487E+01  9.320E-23  1.109E-13
4.446E+01  9.289E-23  1.096E-13
4.406E+01  9.256E-23  1.082E-13
4.365E+01  9.220E-23  1.068E-13
4.325E+01  9.183E-23  1.053E-13
4.285E+01  9.142E-23  1.039E-13
4.246E+01  9.098E-23  1.025E-13
4.207E+01  9.052E-23  1.010E-13
4.169E+01  9.003E-23  9.955E-14
4.130E+01  8.950E-23  9.806E-14
4.093E+01  8.893E-23  9.654E-14
4.055E+01  8.833E-23  9.501E-14
4.018E+01  8.768E-23  9.345E-14
3.981E+01  8.699E-23  9.187E-14
3.945E+01  8.626E-23  9.026E-14
3.908E+01  8.548E-23  8.862E-14
3.873E+01  8.464E-23  8.695E-14
3.837E+01  8.375E-23  8.525E-14
3.802E+01  8.281E-23  8.351E-14
3.767E+01  8.180E-23  8.173E-14
3.733E+01  8.072E-23  7.992E-14
3.698E+01  7.958E-23  7.807E-14
3.664E+01  7.838E-23  7.618E-14
3.631E+01  7.711E-23  7.427E-14
3.597E+01  7.577E-23  7.231E-14
3.565E+01  7.437E-23  7.032E-14
3.532E+01  7.291E-23  6.831E-14
3.499E+01  7.138E-23  6.626E-14
3.467E+01  6.979E-23  6.419E-14
3.436E+01  6.814E-23  6.210E-14
3.404E+01  6.643E-23  5.999E-14
3.373E+01  6.468E-23  5.786E-14
3.342E+01  6.288E-23  5.574E-14
3.311E+01  6.104E-23  5.362E-14
3.281E+01  5.918E-23  5.150E-14
3.251E+01  5.728E-23  4.939E-14
3.221E+01  5.537E-23  4.731E-14
3.192E+01  5.345E-23  4.525E-14
3.162E+01  5.152E-23  4.322E-14
3.133E+01  4.961E-23  4.123E-14
3.105E+01  4.771E-23  3.929E-14
3.076E+01  4.584E-23  3.740E-14
3.048E+01  4.400E-23  3.557E-14
3.020E+01  4.219E-23  3.380E-14
2.992E+01  4.044E-23  3.209E-14
2.965E+01  3.872E-23  3.045E-14
2.938E+01  3.707E-23  2.889E-14
2.911E+01  3.548E-23  2.739E-14
2.884E+01  3.395E-23  2.597E-14
2.858E+01  3.249E-23  2.462E-14
2.831E+01  3.109E-23  2.335E-14
2.805E+01  2.977E-23  2.215E-14
2.780E+01  2.851E-23  2.102E-14
2.754E+01  2.732E-23  1.996E-14
2.729E+01  2.620E-23  1.897E-14
2.704E+01  2.515E-23  1.804E-14
2.679E+01  2.417E-23  1.718E-14
2.655E+01  2.325E-23  1.637E-14
2.630E+01  2.239E-23  1.562E-14
2.606E+01  2.159E-23  1.492E-14
2.582E+01  2.085E-23  1.428E-14
2.559E+01  2.016E-23  1.368E-14
2.535E+01  1.952E-23  1.313E-14
2.512E+01  1.894E-23  1.262E-14
2.489E+01  1.839E-23  1.214E-14
2.466E+01  1.790E-23  1.171E-14
2.443E+01  1.744E-23  1.130E-14
2.421E+01  1.702E-23  1.093E-14
2.399E+01  1.664E-23  1.059E-14
2.377E+01  1.628E-23  1.027E-14
2.355E+01  1.597E-23  9.976E-15
2.333E+01  1.568E-23  9.708E-15
2.312E+01  1.543E-23  9.461E-15
2.291E+01  1.519E-23  9.232E-15
2.270E+01  1.499E-23  9.024E-15
2.249E+01  1.481E-23  8.835E-15
2.228E+01  1.465E-23  8.661E-15
2.208E+01  1.452E-23  8.502E-15
2.188E+01  1.439E-23  8.352E-15
2.168E+01  1.429E-23  8.215E-15
2.148E+01  1.420E-23  8.090E-15
2.128E+01  1.413E-23  7.975E-15
2.109E+01  1.407E-23  7.872E-15
2.089E+01  1.403E-23  7.778E-15
2.070E+01  1.401E-23  7.691E-15
2.051E+01  1.399E-23  7.612E-15
2.032E+01  1.399E-23  7.543E-15
2.014E+01  1.401E-23  7.483E-15
1.995E+01  1.404E-23  7.431E-15
1.977E+01  1.409E-23  7.387E-15
1.959E+01  1.414E-23  7.347E-15
1.941E+01  1.422E-23  7.319E-15
1.923E+01  1.431E-23  7.300E-15
1.905E+01  1.443E-23  7.294E-15
1.888E+01  1.458E-23  7.303E-15
1.871E+01  1.478E-23  7.335E-15
1.854E+01  1.505E-23  7.399E-15
1.837E+01  1.543E-23  7.515E-15
1.820E+01  1.602E-23  7.733E-15
1.803E+01  1.720E-23  8.225E-15
1.786E+01  1.913E-23  9.064E-15
1.770E+01  1.917E-23  9.001E-15
1.754E+01  2.105E-23  9.793E-15
1.738E+01  2.619E-23  1.207E-14
1.722E+01  2.423E-23  1.107E-14
1.706E+01  2.407E-23  1.090E-14
1.690E+01  2.339E-23  1.049E-14
1.675E+01  2.230E-23  9.909E-15
1.660E+01  2.302E-23  1.013E-14
1.644E+01  2.793E-23  1.218E-14
1.629E+01  2.040E-23  8.819E-15
1.614E+01  1.790E-23  7.665E-15
1.600E+01  1.854E-23  7.866E-15
1.585E+01  1.852E-23  7.784E-15
1.570E+01  1.576E-23  6.566E-15
1.556E+01  1.446E-23  5.967E-15
1.542E+01  1.383E-23  5.655E-15
1.528E+01  1.345E-23  5.448E-15
1.514E+01  1.318E-23  5.293E-15
1.500E+01  1.299E-23  5.169E-15
1.486E+01  1.287E-23  5.071E-15
1.472E+01  1.281E-23  5.003E-15
1.459E+01  1.287E-23  4.979E-15
1.445E+01  1.317E-23  5.048E-15
1.432E+01  1.400E-23  5.317E-15
1.419E+01  1.491E-23  5.614E-15
1.406E+01  1.403E-23  5.231E-15
1.393E+01  1.335E-23  4.934E-15
1.380E+01  1.355E-23  4.961E-15
1.368E+01  1.488E-23  5.399E-15
1.355E+01  1.544E-23  5.549E-15
1.343E+01  1.428E-23  5.087E-15
1.330E+01  1.433E-23  5.057E-15
1.318E+01  1.520E-23  5.314E-15
1.306E+01  1.691E-23  5.857E-15
1.294E+01  1.986E-23  6.817E-15
1.282E+01  2.459E-23  8.365E-15
1.271E+01  3.048E-23  1.027E-14
1.259E+01  3.302E-23  1.103E-14
1.247E+01  2.965E-23  9.810E-15
1.236E+01  2.549E-23  8.358E-15
1.225E+01  2.377E-23  7.721E-15
1.213E+01  2.426E-23  7.810E-15
1.202E+01  2.516E-23  8.024E-15
1.191E+01  2.428E-23  7.673E-15
1.180E+01  2.235E-23  6.997E-15
1.169E+01  2.173E-23  6.742E-15
1.159E+01  2.418E-23  7.434E-15
1.148E+01  3.241E-23  9.871E-15
1.138E+01  4.975E-23  1.501E-14
1.127E+01  6.940E-23  2.075E-14
1.117E+01  4.735E-23  1.403E-14
1.107E+01  2.498E-23  7.334E-15
1.096E+01  1.702E-23  4.951E-15
1.086E+01  1.327E-23  3.824E-15
1.076E+01  1.121E-23  3.201E-15
1.067E+01  9.961E-24  2.818E-15
1.057E+01  9.147E-24  2.564E-15
1.047E+01  8.589E-24  2.386E-15
1.038E+01  8.192E-24  2.254E-15
1.028E+01  7.904E-24  2.155E-15
1.019E+01  7.693E-24  2.079E-15
1.009E+01  7.547E-24  2.020E-15
1.000E+01  7.453E-24  1.977E-15
9.908E+00  7.409E-24  1.947E-15
9.817E+00  7.410E-24  1.930E-15
9.727E+00  7.457E-24  1.924E-15
9.638E+00  7.552E-24  1.931E-15
9.550E+00  7.697E-24  1.950E-15
9.462E+00  7.901E-24  1.983E-15
9.376E+00  8.178E-24  2.034E-15
9.290E+00  8.550E-24  2.107E-15
9.204E+00  9.058E-24  2.212E-15
9.120E+00  9.769E-24  2.363E-15
9.036E+00  1.080E-23  2.588E-15
8.954E+00  1.235E-23  2.933E-15
8.872E+00  1.481E-23  3.485E-15
8.790E+00  1.885E-23  4.395E-15
8.710E+00  2.503E-23  5.782E-15
8.630E+00  3.081E-23  7.052E-15
8.551E+00  3.009E-23  6.825E-15
8.472E+00  2.608E-23  5.860E-15
8.395E+00  2.402E-23  5.348E-15
8.318E+00  2.388E-23  5.268E-15
8.241E+00  2.492E-23  5.447E-15
8.166E+00  2.756E-23  5.970E-15
8.091E+00  3.263E-23  7.002E-15
8.017E+00  4.074E-23  8.663E-15
7.943E+00  5.148E-23  1.085E-14
7.870E+00  6.128E-23  1.279E-14
7.798E+00  6.594E-23  1.364E-14
7.727E+00  6.865E-23  1.407E-14
7.656E+00  7.346E-23  1.492E-14
7.586E+00  7.259E-23  1.461E-14
7.516E+00  5.999E-23  1.196E-14
7.447E+00  4.548E-23  8.984E-15
7.379E+00  3.501E-23  6.852E-15
7.311E+00  2.804E-23  5.438E-15
7.244E+00  2.322E-23  4.462E-15
7.178E+00  1.973E-23  3.757E-15
7.112E+00  1.715E-23  3.236E-15
7.047E+00  1.528E-23  2.857E-15
6.982E+00  1.401E-23  2.595E-15
6.918E+00  1.328E-23  2.438E-15
6.855E+00  1.303E-23  2.369E-15
6.792E+00  1.312E-23  2.364E-15
6.730E+00  1.326E-23  2.366E-15
6.668E+00  1.310E-23  2.317E-15
6.607E+00  1.266E-23  2.218E-15
6.546E+00  1.238E-23  2.149E-15
6.486E+00  1.286E-23  2.212E-15
6.427E+00  1.484E-23  2.530E-15
6.368E+00  1.981E-23  3.346E-15
6.310E+00  3.115E-23  5.214E-15
6.252E+00  5.070E-23  8.408E-15
6.194E+00  5.167E-23  8.490E-15
6.138E+00  3.103E-23  5.052E-15
6.081E+00  1.819E-23  2.935E-15
6.026E+00  1.221E-23  1.951E-15
5.970E+00  9.353E-24  1.481E-15
5.916E+00  8.062E-24  1.265E-15
5.861E+00  7.808E-24  1.214E-15
5.808E+00  8.530E-24  1.314E-15
5.754E+00  1.012E-23  1.544E-15
5.702E+00  1.104E-23  1.670E-15
5.649E+00  9.418E-24  1.411E-15
5.598E+00  7.018E-24  1.042E-15
5.546E+00  5.355E-24  7.879E-16
5.495E+00  4.386E-24  6.394E-16
5.445E+00  3.863E-24  5.579E-16
5.395E+00  3.671E-24  5.254E-16
5.346E+00  3.852E-24  5.462E-16
5.297E+00  4.539E-24  6.377E-16
5.248E+00  5.043E-24  7.020E-16
5.200E+00  4.080E-24  5.627E-16
5.152E+00  3.078E-24  4.207E-16
5.105E+00  2.528E-24  3.423E-16
5.058E+00  2.221E-24  2.980E-16
5.012E+00  2.029E-24  2.698E-16
4.966E+00  1.896E-24  2.498E-16
4.920E+00  1.797E-24  2.345E-16
4.875E+00  1.719E-24  2.223E-16
4.831E+00  1.655E-24  2.120E-16
4.786E+00  1.601E-24  2.032E-16
4.742E+00  1.554E-24  1.955E-16
4.699E+00  1.514E-24  1.887E-16
4.656E+00  1.478E-24  1.826E-16
4.613E+00  1.447E-24  1.770E-16
4.571E+00  1.418E-24  1.719E-16
4.529E+00  1.392E-24  1.673E-16
4.487E+00  1.369E-24  1.629E-16
4.446E+00  1.348E-24  1.589E-16
4.406E+00  1.328E-24  1.552E-16
4.365E+00  1.310E-24  1.517E-16
4.325E+00  1.294E-24  1.485E-16
4.285E+00  1.279E-24  1.454E-16
4.246E+00  1.266E-24  1.426E-16
4.207E+00  1.253E-24  1.399E-16
4.169E+00  1.242E-24  1.374E-16
4.130E+00  1.232E-24  1.350E-16
4.093E+00  1.223E-24  1.328E-16
4.055E+00  1.216E-24  1.308E-16
4.018E+00  1.209E-24  1.289E-16
3.981E+00  1.204E-24  1.271E-16
3.945E+00  1.200E-24  1.255E-16
3.908E+00  1.197E-24  1.241E-16
3.873E+00  1.197E-24  1.229E-16
3.837E+00  1.198E-24  1.220E-16
3.802E+00  1.202E-24  1.213E-16
3.767E+00  1.210E-24  1.209E-16
3.733E+00  1.221E-24  1.209E-16
3.698E+00  1.237E-24  1.214E-16
3.664E+00  1.260E-24  1.225E-16
3.631E+00  1.293E-24  1.245E-16
3.597E+00  1.339E-24  1.278E-16
3.565E+00  1.405E-24  1.328E-16
3.532E+00  1.502E-24  1.407E-16
3.499E+00  1.650E-24  1.531E-16
3.467E+00  1.889E-24  1.737E-16
3.436E+00  2.308E-24  2.103E-16
3.404E+00  3.136E-24  2.831E-16
3.373E+00  5.112E-24  4.574E-16
3.342E+00  1.166E-23  1.034E-15
3.311E+00  4.413E-23  3.876E-15
3.281E+00  3.013E-23  2.622E-15
3.251E+00  8.601E-24  7.416E-16
3.221E+00  4.102E-24  3.505E-16
3.192E+00  2.614E-24  2.213E-16
3.162E+00  1.956E-24  1.641E-16
3.133E+00  1.610E-24  1.339E-16
3.105E+00  1.406E-24  1.158E-16
3.076E+00  1.274E-24  1.040E-16
3.048E+00  1.184E-24  9.574E-17
3.020E+00  1.119E-24  8.965E-17
2.992E+00  1.070E-24  8.495E-17
2.965E+00  1.032E-24  8.117E-17
2.938E+00  1.001E-24  7.803E-17
2.911E+00  9.761E-25  7.536E-17
2.884E+00  9.546E-25  7.303E-17
2.858E+00  9.361E-25  7.096E-17
2.831E+00  9.199E-25  6.909E-17
2.805E+00  9.053E-25  6.737E-17
2.780E+00  8.921E-25  6.578E-17
2.754E+00  8.800E-25  6.429E-17
2.729E+00  8.687E-25  6.288E-17
2.704E+00  8.581E-25  6.155E-17
2.679E+00  8.481E-25  6.027E-17
2.655E+00  8.385E-25  5.904E-17
2.630E+00  8.293E-25  5.786E-17
2.606E+00  8.204E-25  5.672E-17
2.582E+00  8.118E-25  5.560E-17
2.559E+00  8.033E-25  5.452E-17
2.535E+00  7.951E-25  5.347E-17
2.512E+00  7.869E-25  5.243E-17
2.489E+00  7.789E-25  5.142E-17
2.466E+00  7.709E-25  5.043E-17
2.443E+00  7.629E-25  4.944E-17
2.421E+00  7.549E-25  4.848E-17
2.399E+00  7.471E-25  4.754E-17
2.377E+00  7.394E-25  4.662E-17
2.355E+00  7.317E-25  4.571E-17
2.333E+00  7.241E-25  4.482E-17
2.312E+00  7.165E-25  4.394E-17
2.291E+00  7.089E-25  4.308E-17
2.270E+00  7.012E-25  4.222E-17
2.249E+00  6.935E-25  4.137E-17
2.228E+00  6.857E-25  4.053E-17
2.208E+00  6.778E-25  3.970E-17
2.188E+00  6.697E-25  3.886E-17
2.168E+00  6.614E-25  3.803E-17
2.148E+00  6.529E-25  3.720E-17
2.128E+00  6.439E-25  3.635E-17
2.109E+00  6.345E-25  3.549E-17
2.089E+00  6.245E-25  3.461E-17
2.070E+00  6.138E-25  3.370E-17
2.051E+00  6.021E-25  3.276E-17
2.032E+00  5.891E-25  3.176E-17
2.014E+00  5.747E-25  3.070E-17
1.995E+00  5.585E-25  2.956E-17
1.977E+00  5.405E-25  2.835E-17
1.959E+00  5.213E-25  2.709E-17
1.941E+00  5.028E-25  2.589E-17
1.923E+00  4.882E-25  2.490E-17
1.905E+00  4.811E-25  2.432E-17
1.888E+00  4.827E-25  2.417E-17
1.871E+00  4.904E-25  2.434E-17
1.854E+00  5.002E-25  2.459E-17
1.837E+00  5.088E-25  2.479E-17
1.820E+00  5.151E-25  2.486E-17
1.803E+00  5.188E-25  2.481E-17
1.786E+00  5.205E-25  2.466E-17
1.770E+00  5.205E-25  2.444E-17
1.754E+00  5.193E-25  2.416E-17
1.738E+00  5.172E-25  2.384E-17
1.722E+00  5.145E-25  2.350E-17
1.706E+00  5.114E-25  2.314E-17
1.690E+00  5.080E-25  2.278E-17
1.675E+00  5.044E-25  2.241E-17
1.660E+00  5.007E-25  2.204E-17
1.644E+00  4.970E-25  2.168E-17
1.629E+00  4.932E-25  2.132E-17
1.614E+00  4.896E-25  2.097E-17
1.600E+00  4.861E-25  2.063E-17
1.585E+00  4.829E-25  2.030E-17
1.570E+00  4.798E-25  1.999E-17
1.556E+00  4.771E-25  1.969E-17
1.542E+00  4.748E-25  1.942E-17
1.528E+00  4.729E-25  1.916E-17
1.514E+00  4.715E-25  1.893E-17
1.500E+00  4.708E-25  1.873E-17
1.486E+00  4.708E-25  1.856E-17
1.472E+00  4.716E-25  1.842E-17
1.459E+00  4.734E-25  1.832E-17
1.445E+00  4.765E-25  1.827E-17
1.432E+00  4.810E-25  1.827E-17
1.419E+00  4.871E-25  1.834E-17
1.406E+00  4.953E-25  1.847E-17
1.393E+00  5.060E-25  1.870E-17
1.380E+00  5.196E-25  1.903E-17
1.368E+00  5.367E-25  1.947E-17
1.355E+00  5.579E-25  2.006E-17
1.343E+00  5.837E-25  2.079E-17
1.330E+00  6.144E-25  2.168E-17
1.318E+00  6.493E-25  2.270E-17
1.306E+00  6.864E-25  2.378E-17
1.294E+00  7.214E-25  2.477E-17
1.282E+00  7.471E-25  2.541E-17
1.271E+00  7.546E-25  2.543E-17
1.259E+00  7.379E-25  2.464E-17
1.247E+00  6.974E-25  2.307E-17
1.236E+00  6.409E-25  2.101E-17
1.225E+00  5.790E-25  1.881E-17
1.213E+00  5.205E-25  1.675E-17
1.202E+00  4.699E-25  1.499E-17
1.191E+00  4.289E-25  1.355E-17
1.180E+00  3.970E-25  1.243E-17
1.169E+00  3.736E-25  1.159E-17
1.159E+00  3.575E-25  1.099E-17
1.148E+00  3.484E-25  1.061E-17
1.138E+00  3.461E-25  1.044E-17
1.127E+00  3.513E-25  1.051E-17
1.117E+00  3.656E-25  1.083E-17
1.107E+00  3.918E-25  1.150E-17
1.096E+00  4.345E-25  1.264E-17
1.086E+00  5.005E-25  1.442E-17
1.076E+00  5.964E-25  1.703E-17
1.067E+00  7.168E-25  2.028E-17
1.057E+00  8.131E-25  2.279E-17
1.047E+00  7.968E-25  2.213E-17
1.038E+00  6.605E-25  1.818E-17
1.028E+00  4.999E-25  1.363E-17
1.019E+00  3.753E-25  1.014E-17
1.009E+00  2.909E-25  7.788E-18
1.000E+00  2.350E-25  6.233E-18
