Dust emission from Draine & Li (2007): ApJ 657, 810-837
==========================================================
         6 = grain model
 4.000E-08 4.000E-01 3.750E-05 = a_01 (cm) , sigma_1 , b_C1/0.92
 2.000E-07 5.500E-01 1.250E-05 = a_02 (cm) , sigma_2 , b_C2/0.92
 1.200E+00 1.000E+06 2.000E+00 = Umin , Umax, beta (dN/dU propto U^{-beta})
 1.636E+01 = <U> 
     mmp83 = radfield
 7.345E-23 = power/H (erg s-1)
 band   nu*P_nu(band) j_nu(band)
 (um)   (erg s-1 H-1)(Jy cm2 sr-1 H-1)
1.270E+00  2.611E-25  8.795E-18 COBE-DIRBE
2.220E+00  3.483E-25  2.051E-17 COBE-DIRBE
3.530E+00  2.382E-24  2.230E-16 COBE-DIRBE
4.880E+00  1.441E-24  1.866E-16 COBE-DIRBE
1.229E+01  1.382E-23  4.504E-15 COBE-DIRBE
2.079E+01  1.965E-23  1.083E-14 COBE-DIRBE
5.599E+01  2.773E-23  4.119E-14 COBE-DIRBE
9.770E+01  1.710E-23  4.432E-14 COBE-DIRBE
1.479E+02  9.440E-24  3.703E-14 COBE-DIRBE
2.479E+02  2.510E-24  1.650E-14 COBE-DIRBE
1.200E+01  1.428E-23  4.544E-15 IRAS
2.500E+01  2.315E-23  1.535E-14 IRAS
6.000E+01  2.679E-23  4.264E-14 IRAS
1.000E+02  1.660E-23  4.404E-14 IRAS
3.550E+00  2.761E-24  2.600E-16 SST-IRAC
4.493E+00  1.019E-24  1.215E-16 SST-IRAC
5.731E+00  7.250E-24  1.102E-15 SST-IRAC
7.872E+00  1.826E-23  3.813E-15 SST-IRAC
2.368E+01  2.172E-23  1.364E-14 SST-MIPS
7.142E+01  2.096E-23  3.972E-14 SST-MIPS
1.559E+02  7.928E-24  3.279E-14 SST-MIPS
1.600E+01  1.436E-23  6.096E-15 SST-IRSPU
2.200E+01  2.155E-23  1.258E-14 SST-IRSPU
7.500E+01  1.811E-23  3.604E-14 Herschel-PACS
1.100E+02  1.192E-23  3.478E-14 Herschel-PACS
1.700E+02  6.029E-24  2.719E-14 Herschel-PACS
2.500E+02  2.115E-24  1.402E-14 Herschel-SPIRE
3.600E+02  5.702E-25  5.445E-15 Herschel-SPIRE
5.200E+02  1.368E-25  1.887E-15 Herschel-SPIRE
2.400E+00  3.984E-25  2.536E-17 Akari IRC NIR N2
3.200E+00  1.820E-24  1.545E-16 Akari IRC NIR N3
4.100E+00  1.068E-24  1.161E-16 Akari IRC NIR N4
7.000E+00  2.003E-23  3.720E-15 Akari IRC MIR-S S7
9.000E+00  1.555E-23  3.711E-15 Akari IRC MIR-S S9W
1.100E+01  1.323E-23  3.859E-15 Akari IRC MIR-S S11
1.500E+01  1.517E-23  6.035E-15 Akari IRC MIR-L L15
1.800E+01  1.794E-23  8.565E-15 Akari IRC MIR-L L18W
2.400E+01  2.155E-23  1.372E-14 Akari IRC MIR-L L24
6.500E+01  2.425E-23  4.182E-14 Akari FIS N60
8.000E+01  1.950E-23  4.138E-14 Akari FIS WIDE-S
1.400E+02  9.420E-24  3.498E-14 Akari FIS WIDE-L
1.600E+02  7.499E-24  3.183E-14 Akari FIS N160
 
 
 
 


lambda    nu*dP/dnu     j_nu
 (um)   (erg s-1 H-1)(Jy cm2 sr-1 H-1)
1.000E+04  6.616E-31  1.755E-19
9.908E+03  6.858E-31  1.803E-19
9.817E+03  7.109E-31  1.851E-19
9.727E+03  7.369E-31  1.901E-19
9.638E+03  7.639E-31  1.953E-19
9.550E+03  7.918E-31  2.006E-19
9.462E+03  8.208E-31  2.060E-19
9.376E+03  8.508E-31  2.116E-19
9.290E+03  8.819E-31  2.173E-19
9.204E+03  9.142E-31  2.232E-19
9.120E+03  9.476E-31  2.293E-19
9.036E+03  9.823E-31  2.355E-19
8.954E+03  1.018E-30  2.418E-19
8.872E+03  1.055E-30  2.483E-19
8.790E+03  1.094E-30  2.550E-19
8.710E+03  1.133E-30  2.619E-19
8.630E+03  1.175E-30  2.689E-19
8.551E+03  1.218E-30  2.762E-19
8.472E+03  1.262E-30  2.836E-19
8.395E+03  1.308E-30  2.913E-19
8.318E+03  1.356E-30  2.992E-19
8.241E+03  1.406E-30  3.073E-19
8.166E+03  1.457E-30  3.156E-19
8.091E+03  1.510E-30  3.241E-19
8.017E+03  1.566E-30  3.329E-19
7.943E+03  1.623E-30  3.420E-19
7.870E+03  1.683E-30  3.513E-19
7.798E+03  1.744E-30  3.608E-19
7.727E+03  1.808E-30  3.706E-19
7.656E+03  1.875E-30  3.807E-19
7.586E+03  1.944E-30  3.911E-19
7.516E+03  2.015E-30  4.018E-19
7.447E+03  2.090E-30  4.128E-19
7.379E+03  2.166E-30  4.241E-19
7.311E+03  2.246E-30  4.357E-19
7.244E+03  2.329E-30  4.476E-19
7.178E+03  2.415E-30  4.598E-19
7.112E+03  2.504E-30  4.724E-19
7.047E+03  2.597E-30  4.854E-19
6.982E+03  2.693E-30  4.987E-19
6.918E+03  2.792E-30  5.124E-19
6.855E+03  2.895E-30  5.265E-19
6.792E+03  3.002E-30  5.409E-19
6.730E+03  3.113E-30  5.558E-19
6.668E+03  3.229E-30  5.711E-19
6.607E+03  3.348E-30  5.868E-19
6.546E+03  3.472E-30  6.029E-19
6.486E+03  3.601E-30  6.196E-19
6.427E+03  3.735E-30  6.367E-19
6.368E+03  3.873E-30  6.543E-19
6.310E+03  4.017E-30  6.724E-19
6.252E+03  4.167E-30  6.910E-19
6.194E+03  4.322E-30  7.101E-19
6.138E+03  4.483E-30  7.298E-19
6.081E+03  4.650E-30  7.500E-19
6.026E+03  4.823E-30  7.709E-19
5.970E+03  5.003E-30  7.923E-19
5.916E+03  5.190E-30  8.143E-19
5.861E+03  5.383E-30  8.370E-19
5.808E+03  5.585E-30  8.603E-19
5.754E+03  5.793E-30  8.843E-19
5.702E+03  6.010E-30  9.090E-19
5.649E+03  6.235E-30  9.344E-19
5.598E+03  6.469E-30  9.605E-19
5.546E+03  6.711E-30  9.874E-19
5.495E+03  6.963E-30  1.015E-18
5.445E+03  7.224E-30  1.043E-18
5.395E+03  7.496E-30  1.073E-18
5.346E+03  7.777E-30  1.103E-18
5.297E+03  8.070E-30  1.134E-18
5.248E+03  8.373E-30  1.166E-18
5.200E+03  8.688E-30  1.198E-18
5.152E+03  9.016E-30  1.232E-18
5.105E+03  9.355E-30  1.267E-18
5.058E+03  9.708E-30  1.303E-18
5.012E+03  1.007E-29  1.339E-18
4.966E+03  1.045E-29  1.377E-18
4.920E+03  1.085E-29  1.416E-18
4.875E+03  1.126E-29  1.456E-18
4.831E+03  1.168E-29  1.497E-18
4.786E+03  1.213E-29  1.539E-18
4.742E+03  1.258E-29  1.583E-18
4.699E+03  1.306E-29  1.628E-18
4.656E+03  1.356E-29  1.674E-18
4.613E+03  1.407E-29  1.722E-18
4.571E+03  1.460E-29  1.771E-18
4.529E+03  1.516E-29  1.821E-18
4.487E+03  1.573E-29  1.873E-18
4.446E+03  1.633E-29  1.926E-18
4.406E+03  1.695E-29  1.981E-18
4.365E+03  1.760E-29  2.038E-18
4.325E+03  1.827E-29  2.096E-18
4.285E+03  1.897E-29  2.156E-18
4.246E+03  1.969E-29  2.218E-18
4.207E+03  2.044E-29  2.281E-18
4.169E+03  2.122E-29  2.347E-18
4.130E+03  2.203E-29  2.414E-18
4.093E+03  2.287E-29  2.483E-18
4.055E+03  2.375E-29  2.555E-18
4.018E+03  2.466E-29  2.628E-18
3.981E+03  2.560E-29  2.704E-18
3.945E+03  2.658E-29  2.781E-18
3.908E+03  2.760E-29  2.861E-18
3.873E+03  2.866E-29  2.944E-18
3.837E+03  2.976E-29  3.029E-18
3.802E+03  3.090E-29  3.116E-18
3.767E+03  3.208E-29  3.206E-18
3.733E+03  3.332E-29  3.299E-18
3.698E+03  3.460E-29  3.394E-18
3.664E+03  3.593E-29  3.492E-18
3.631E+03  3.731E-29  3.594E-18
3.597E+03  3.875E-29  3.698E-18
3.565E+03  4.025E-29  3.805E-18
3.532E+03  4.180E-29  3.916E-18
3.499E+03  4.341E-29  4.030E-18
3.467E+03  4.509E-29  4.147E-18
3.436E+03  4.684E-29  4.268E-18
3.404E+03  4.865E-29  4.393E-18
3.373E+03  5.054E-29  4.521E-18
3.342E+03  5.249E-29  4.653E-18
3.311E+03  5.453E-29  4.790E-18
3.281E+03  5.665E-29  4.930E-18
3.251E+03  5.885E-29  5.075E-18
3.221E+03  6.113E-29  5.223E-18
3.192E+03  6.351E-29  5.377E-18
3.162E+03  6.598E-29  5.535E-18
3.133E+03  6.855E-29  5.698E-18
3.105E+03  7.122E-29  5.865E-18
3.076E+03  7.400E-29  6.038E-18
3.048E+03  7.689E-29  6.216E-18
3.020E+03  7.989E-29  6.400E-18
2.992E+03  8.301E-29  6.589E-18
2.965E+03  8.624E-29  6.783E-18
2.938E+03  8.961E-29  6.982E-18
2.911E+03  9.310E-29  7.188E-18
2.884E+03  9.674E-29  7.400E-18
2.858E+03  1.005E-28  7.619E-18
2.831E+03  1.044E-28  7.844E-18
2.805E+03  1.085E-28  8.077E-18
2.780E+03  1.128E-28  8.316E-18
2.754E+03  1.172E-28  8.562E-18
2.729E+03  1.218E-28  8.816E-18
2.704E+03  1.266E-28  9.078E-18
2.679E+03  1.315E-28  9.348E-18
2.655E+03  1.367E-28  9.626E-18
2.630E+03  1.421E-28  9.913E-18
2.606E+03  1.477E-28  1.021E-17
2.582E+03  1.535E-28  1.051E-17
2.559E+03  1.595E-28  1.083E-17
2.535E+03  1.658E-28  1.115E-17
2.512E+03  1.723E-28  1.148E-17
2.489E+03  1.791E-28  1.183E-17
2.466E+03  1.862E-28  1.218E-17
2.443E+03  1.936E-28  1.255E-17
2.421E+03  2.012E-28  1.292E-17
2.399E+03  2.092E-28  1.331E-17
2.377E+03  2.175E-28  1.371E-17
2.355E+03  2.261E-28  1.412E-17
2.333E+03  2.350E-28  1.455E-17
2.312E+03  2.443E-28  1.498E-17
2.291E+03  2.540E-28  1.544E-17
2.270E+03  2.641E-28  1.590E-17
2.249E+03  2.746E-28  1.638E-17
2.228E+03  2.855E-28  1.687E-17
2.208E+03  2.968E-28  1.738E-17
2.188E+03  3.086E-28  1.791E-17
2.168E+03  3.209E-28  1.845E-17
2.148E+03  3.336E-28  1.901E-17
2.128E+03  3.469E-28  1.958E-17
2.109E+03  3.607E-28  2.017E-17
2.089E+03  3.751E-28  2.079E-17
2.070E+03  3.900E-28  2.142E-17
2.051E+03  4.055E-28  2.206E-17
2.032E+03  4.217E-28  2.273E-17
2.014E+03  4.385E-28  2.342E-17
1.995E+03  4.560E-28  2.413E-17
1.977E+03  4.742E-28  2.487E-17
1.959E+03  4.931E-28  2.562E-17
1.941E+03  5.127E-28  2.640E-17
1.923E+03  5.332E-28  2.720E-17
1.905E+03  5.545E-28  2.803E-17
1.888E+03  5.767E-28  2.888E-17
1.871E+03  5.997E-28  2.976E-17
1.854E+03  6.237E-28  3.066E-17
1.837E+03  6.486E-28  3.160E-17
1.820E+03  6.745E-28  3.256E-17
1.803E+03  7.015E-28  3.355E-17
1.786E+03  7.296E-28  3.457E-17
1.770E+03  7.588E-28  3.563E-17
1.754E+03  7.892E-28  3.671E-17
1.738E+03  8.208E-28  3.783E-17
1.722E+03  8.536E-28  3.899E-17
1.706E+03  8.878E-28  4.018E-17
1.690E+03  9.234E-28  4.140E-17
1.675E+03  9.604E-28  4.267E-17
1.660E+03  9.989E-28  4.397E-17
1.644E+03  1.039E-27  4.532E-17
1.629E+03  1.081E-27  4.670E-17
1.614E+03  1.124E-27  4.813E-17
1.600E+03  1.169E-27  4.960E-17
1.585E+03  1.216E-27  5.111E-17
1.570E+03  1.265E-27  5.267E-17
1.556E+03  1.315E-27  5.428E-17
1.542E+03  1.368E-27  5.594E-17
1.528E+03  1.423E-27  5.765E-17
1.514E+03  1.480E-27  5.941E-17
1.500E+03  1.539E-27  6.123E-17
1.486E+03  1.601E-27  6.310E-17
1.472E+03  1.665E-27  6.503E-17
1.459E+03  1.732E-27  6.702E-17
1.445E+03  1.802E-27  6.908E-17
1.432E+03  1.874E-27  7.119E-17
1.419E+03  1.949E-27  7.337E-17
1.406E+03  2.027E-27  7.561E-17
1.393E+03  2.109E-27  7.793E-17
1.380E+03  2.193E-27  8.031E-17
1.368E+03  2.281E-27  8.277E-17
1.355E+03  2.373E-27  8.530E-17
1.343E+03  2.468E-27  8.791E-17
1.330E+03  2.567E-27  9.060E-17
1.318E+03  2.670E-27  9.337E-17
1.306E+03  2.777E-27  9.622E-17
1.294E+03  2.889E-27  9.917E-17
1.282E+03  3.004E-27  1.022E-16
1.271E+03  3.125E-27  1.053E-16
1.259E+03  3.250E-27  1.085E-16
1.247E+03  3.380E-27  1.118E-16
1.236E+03  3.516E-27  1.153E-16
1.225E+03  3.656E-27  1.188E-16
1.213E+03  3.803E-27  1.224E-16
1.202E+03  3.955E-27  1.261E-16
1.191E+03  4.113E-27  1.300E-16
1.180E+03  4.278E-27  1.339E-16
1.169E+03  4.449E-27  1.380E-16
1.159E+03  4.627E-27  1.422E-16
1.148E+03  4.811E-27  1.465E-16
1.138E+03  5.004E-27  1.510E-16
1.127E+03  5.203E-27  1.556E-16
1.117E+03  5.411E-27  1.603E-16
1.107E+03  5.627E-27  1.652E-16
1.096E+03  5.851E-27  1.702E-16
1.086E+03  6.085E-27  1.753E-16
1.076E+03  6.327E-27  1.807E-16
1.067E+03  6.579E-27  1.861E-16
1.057E+03  6.841E-27  1.918E-16
1.047E+03  7.113E-27  1.976E-16
1.038E+03  7.395E-27  2.035E-16
1.028E+03  7.689E-27  2.097E-16
1.019E+03  7.995E-27  2.160E-16
1.009E+03  8.312E-27  2.225E-16
1.000E+03  8.641E-27  2.292E-16
9.908E+02  8.984E-27  2.361E-16
9.817E+02  9.341E-27  2.432E-16
9.727E+02  9.711E-27  2.506E-16
9.638E+02  1.010E-26  2.581E-16
9.550E+02  1.050E-26  2.659E-16
9.462E+02  1.091E-26  2.739E-16
9.376E+02  1.134E-26  2.821E-16
9.290E+02  1.179E-26  2.906E-16
9.204E+02  1.226E-26  2.993E-16
9.120E+02  1.274E-26  3.082E-16
9.036E+02  1.324E-26  3.174E-16
8.954E+02  1.376E-26  3.269E-16
8.872E+02  1.431E-26  3.367E-16
8.790E+02  1.487E-26  3.467E-16
8.710E+02  1.545E-26  3.570E-16
8.630E+02  1.606E-26  3.676E-16
8.551E+02  1.669E-26  3.785E-16
8.472E+02  1.734E-26  3.897E-16
8.395E+02  1.802E-26  4.013E-16
8.318E+02  1.872E-26  4.131E-16
8.241E+02  1.946E-26  4.253E-16
8.166E+02  2.021E-26  4.378E-16
8.091E+02  2.100E-26  4.507E-16
8.017E+02  2.182E-26  4.640E-16
7.943E+02  2.267E-26  4.776E-16
7.870E+02  2.355E-26  4.916E-16
7.798E+02  2.446E-26  5.060E-16
7.727E+02  2.541E-26  5.208E-16
7.656E+02  2.639E-26  5.360E-16
7.586E+02  2.741E-26  5.516E-16
7.516E+02  2.847E-26  5.677E-16
7.447E+02  2.958E-26  5.843E-16
7.379E+02  3.072E-26  6.013E-16
7.311E+02  3.191E-26  6.188E-16
7.244E+02  3.314E-26  6.368E-16
7.178E+02  3.442E-26  6.554E-16
7.112E+02  3.575E-26  6.744E-16
7.047E+02  3.713E-26  6.940E-16
6.982E+02  3.856E-26  7.142E-16
6.918E+02  4.005E-26  7.349E-16
6.855E+02  4.159E-26  7.562E-16
6.792E+02  4.319E-26  7.781E-16
6.730E+02  4.485E-26  8.006E-16
6.668E+02  4.657E-26  8.237E-16
6.607E+02  4.835E-26  8.474E-16
6.546E+02  5.021E-26  8.719E-16
6.486E+02  5.214E-26  8.971E-16
6.427E+02  5.415E-26  9.231E-16
6.368E+02  5.623E-26  9.498E-16
6.310E+02  5.839E-26  9.772E-16
6.252E+02  6.063E-26  1.005E-15
6.194E+02  6.295E-26  1.034E-15
6.138E+02  6.537E-26  1.064E-15
6.081E+02  6.788E-26  1.095E-15
6.026E+02  7.048E-26  1.126E-15
5.970E+02  7.318E-26  1.159E-15
5.916E+02  7.598E-26  1.192E-15
5.861E+02  7.888E-26  1.226E-15
5.808E+02  8.190E-26  1.262E-15
5.754E+02  8.503E-26  1.298E-15
5.702E+02  8.828E-26  1.335E-15
5.649E+02  9.165E-26  1.373E-15
5.598E+02  9.515E-26  1.413E-15
5.546E+02  9.878E-26  1.453E-15
5.495E+02  1.025E-25  1.495E-15
5.445E+02  1.065E-25  1.538E-15
5.395E+02  1.105E-25  1.581E-15
5.346E+02  1.147E-25  1.627E-15
5.297E+02  1.191E-25  1.673E-15
5.248E+02  1.236E-25  1.721E-15
5.200E+02  1.283E-25  1.770E-15
5.152E+02  1.332E-25  1.820E-15
5.105E+02  1.382E-25  1.872E-15
5.058E+02  1.434E-25  1.925E-15
5.012E+02  1.489E-25  1.979E-15
4.966E+02  1.545E-25  2.035E-15
4.920E+02  1.604E-25  2.093E-15
4.875E+02  1.664E-25  2.152E-15
4.831E+02  1.727E-25  2.213E-15
4.786E+02  1.792E-25  2.275E-15
4.742E+02  1.859E-25  2.339E-15
4.699E+02  1.929E-25  2.405E-15
4.656E+02  2.002E-25  2.472E-15
4.613E+02  2.077E-25  2.542E-15
4.571E+02  2.155E-25  2.613E-15
4.529E+02  2.236E-25  2.686E-15
4.487E+02  2.319E-25  2.761E-15
4.446E+02  2.406E-25  2.838E-15
4.406E+02  2.496E-25  2.917E-15
4.365E+02  2.589E-25  2.998E-15
4.325E+02  2.685E-25  3.081E-15
4.285E+02  2.785E-25  3.166E-15
4.246E+02  2.889E-25  3.254E-15
4.207E+02  2.996E-25  3.343E-15
4.169E+02  3.107E-25  3.436E-15
4.130E+02  3.222E-25  3.530E-15
4.093E+02  3.341E-25  3.627E-15
4.055E+02  3.465E-25  3.727E-15
4.018E+02  3.592E-25  3.829E-15
3.981E+02  3.725E-25  3.933E-15
3.945E+02  3.862E-25  4.041E-15
3.908E+02  4.004E-25  4.151E-15
3.873E+02  4.151E-25  4.264E-15
3.837E+02  4.303E-25  4.380E-15
3.802E+02  4.460E-25  4.498E-15
3.767E+02  4.623E-25  4.620E-15
3.733E+02  4.792E-25  4.744E-15
3.698E+02  4.967E-25  4.872E-15
3.664E+02  5.147E-25  5.003E-15
3.631E+02  5.334E-25  5.137E-15
3.597E+02  5.527E-25  5.274E-15
3.565E+02  5.727E-25  5.415E-15
3.532E+02  5.934E-25  5.559E-15
3.499E+02  6.148E-25  5.707E-15
3.467E+02  6.369E-25  5.858E-15
3.436E+02  6.597E-25  6.012E-15
3.404E+02  6.834E-25  6.171E-15
3.373E+02  7.078E-25  6.333E-15
3.342E+02  7.331E-25  6.499E-15
3.311E+02  7.592E-25  6.668E-15
3.281E+02  7.861E-25  6.842E-15
3.251E+02  8.140E-25  7.019E-15
3.221E+02  8.428E-25  7.201E-15
3.192E+02  8.725E-25  7.387E-15
3.162E+02  9.033E-25  7.577E-15
3.133E+02  9.350E-25  7.771E-15
3.105E+02  9.677E-25  7.969E-15
3.076E+02  1.002E-24  8.172E-15
3.048E+02  1.036E-24  8.379E-15
3.020E+02  1.072E-24  8.591E-15
2.992E+02  1.110E-24  8.808E-15
2.965E+02  1.148E-24  9.029E-15
2.938E+02  1.188E-24  9.254E-15
2.911E+02  1.228E-24  9.485E-15
2.884E+02  1.271E-24  9.720E-15
2.858E+02  1.314E-24  9.960E-15
2.831E+02  1.359E-24  1.021E-14
2.805E+02  1.405E-24  1.046E-14
2.780E+02  1.453E-24  1.071E-14
2.754E+02  1.502E-24  1.097E-14
2.729E+02  1.552E-24  1.124E-14
2.704E+02  1.605E-24  1.151E-14
2.679E+02  1.659E-24  1.179E-14
2.655E+02  1.714E-24  1.207E-14
2.630E+02  1.772E-24  1.236E-14
2.606E+02  1.831E-24  1.266E-14
2.582E+02  1.891E-24  1.296E-14
2.559E+02  1.954E-24  1.326E-14
2.535E+02  2.018E-24  1.357E-14
2.512E+02  2.083E-24  1.388E-14
2.489E+02  2.149E-24  1.419E-14
2.466E+02  2.216E-24  1.450E-14
2.443E+02  2.284E-24  1.481E-14
2.421E+02  2.354E-24  1.512E-14
2.399E+02  2.425E-24  1.543E-14
2.377E+02  2.497E-24  1.574E-14
2.355E+02  2.570E-24  1.605E-14
2.333E+02  2.645E-24  1.637E-14
2.312E+02  2.722E-24  1.669E-14
2.291E+02  2.800E-24  1.702E-14
2.270E+02  2.881E-24  1.735E-14
2.249E+02  2.963E-24  1.768E-14
2.228E+02  3.047E-24  1.801E-14
2.208E+02  3.134E-24  1.835E-14
2.188E+02  3.222E-24  1.870E-14
2.168E+02  3.312E-24  1.904E-14
2.148E+02  3.404E-24  1.939E-14
2.128E+02  3.498E-24  1.975E-14
2.109E+02  3.594E-24  2.010E-14
2.089E+02  3.693E-24  2.046E-14
2.070E+02  3.793E-24  2.083E-14
2.051E+02  3.895E-24  2.119E-14
2.032E+02  3.999E-24  2.156E-14
2.014E+02  4.106E-24  2.193E-14
1.995E+02  4.215E-24  2.231E-14
1.977E+02  4.326E-24  2.269E-14
1.959E+02  4.439E-24  2.307E-14
1.941E+02  4.554E-24  2.345E-14
1.923E+02  4.672E-24  2.383E-14
1.905E+02  4.792E-24  2.422E-14
1.888E+02  4.914E-24  2.461E-14
1.871E+02  5.039E-24  2.501E-14
1.854E+02  5.166E-24  2.540E-14
1.837E+02  5.296E-24  2.580E-14
1.820E+02  5.428E-24  2.620E-14
1.803E+02  5.562E-24  2.660E-14
1.786E+02  5.700E-24  2.701E-14
1.770E+02  5.840E-24  2.742E-14
1.754E+02  5.982E-24  2.783E-14
1.738E+02  6.128E-24  2.825E-14
1.722E+02  6.276E-24  2.867E-14
1.706E+02  6.428E-24  2.909E-14
1.690E+02  6.581E-24  2.951E-14
1.675E+02  6.739E-24  2.994E-14
1.660E+02  6.900E-24  3.037E-14
1.644E+02  7.064E-24  3.081E-14
1.629E+02  7.232E-24  3.125E-14
1.614E+02  7.403E-24  3.170E-14
1.600E+02  7.578E-24  3.215E-14
1.585E+02  7.758E-24  3.261E-14
1.570E+02  7.941E-24  3.308E-14
1.556E+02  8.130E-24  3.355E-14
1.542E+02  8.323E-24  3.404E-14
1.528E+02  8.521E-24  3.453E-14
1.514E+02  8.724E-24  3.503E-14
1.500E+02  8.932E-24  3.553E-14
1.486E+02  9.144E-24  3.604E-14
1.472E+02  9.360E-24  3.656E-14
1.459E+02  9.578E-24  3.706E-14
1.445E+02  9.797E-24  3.756E-14
1.432E+02  1.001E-23  3.804E-14
1.419E+02  1.022E-23  3.848E-14
1.406E+02  1.042E-23  3.888E-14
1.393E+02  1.061E-23  3.922E-14
1.380E+02  1.079E-23  3.949E-14
1.368E+02  1.095E-23  3.971E-14
1.355E+02  1.109E-23  3.987E-14
1.343E+02  1.123E-23  4.000E-14
1.330E+02  1.136E-23  4.010E-14
1.318E+02  1.150E-23  4.020E-14
1.306E+02  1.163E-23  4.028E-14
1.294E+02  1.176E-23  4.037E-14
1.282E+02  1.190E-23  4.047E-14
1.271E+02  1.204E-23  4.057E-14
1.259E+02  1.218E-23  4.067E-14
1.247E+02  1.233E-23  4.079E-14
1.236E+02  1.248E-23  4.091E-14
1.225E+02  1.263E-23  4.104E-14
1.213E+02  1.279E-23  4.117E-14
1.202E+02  1.295E-23  4.131E-14
1.191E+02  1.312E-23  4.144E-14
1.180E+02  1.328E-23  4.158E-14
1.169E+02  1.345E-23  4.172E-14
1.159E+02  1.362E-23  4.186E-14
1.148E+02  1.379E-23  4.199E-14
1.138E+02  1.396E-23  4.213E-14
1.127E+02  1.414E-23  4.226E-14
1.117E+02  1.431E-23  4.240E-14
1.107E+02  1.449E-23  4.254E-14
1.096E+02  1.467E-23  4.268E-14
1.086E+02  1.485E-23  4.281E-14
1.076E+02  1.504E-23  4.294E-14
1.067E+02  1.522E-23  4.306E-14
1.057E+02  1.540E-23  4.318E-14
1.047E+02  1.559E-23  4.330E-14
1.038E+02  1.578E-23  4.341E-14
1.028E+02  1.596E-23  4.352E-14
1.019E+02  1.614E-23  4.362E-14
1.009E+02  1.633E-23  4.371E-14
1.000E+02  1.651E-23  4.380E-14
9.908E+01  1.669E-23  4.388E-14
9.817E+01  1.688E-23  4.396E-14
9.727E+01  1.706E-23  4.402E-14
9.638E+01  1.724E-23  4.409E-14
9.550E+01  1.743E-23  4.415E-14
9.462E+01  1.761E-23  4.420E-14
9.376E+01  1.779E-23  4.424E-14
9.290E+01  1.797E-23  4.428E-14
9.204E+01  1.815E-23  4.431E-14
9.120E+01  1.832E-23  4.433E-14
9.036E+01  1.850E-23  4.435E-14
8.954E+01  1.868E-23  4.436E-14
8.872E+01  1.885E-23  4.437E-14
8.790E+01  1.903E-23  4.437E-14
8.710E+01  1.920E-23  4.437E-14
8.630E+01  1.938E-23  4.436E-14
8.551E+01  1.955E-23  4.435E-14
8.472E+01  1.972E-23  4.432E-14
8.395E+01  1.989E-23  4.429E-14
8.318E+01  2.006E-23  4.427E-14
8.241E+01  2.023E-23  4.423E-14
8.166E+01  2.040E-23  4.419E-14
8.091E+01  2.057E-23  4.415E-14
8.017E+01  2.074E-23  4.410E-14
7.943E+01  2.091E-23  4.405E-14
7.870E+01  2.107E-23  4.399E-14
7.798E+01  2.124E-23  4.393E-14
7.727E+01  2.140E-23  4.386E-14
7.656E+01  2.156E-23  4.379E-14
7.586E+01  2.172E-23  4.371E-14
7.516E+01  2.189E-23  4.364E-14
7.447E+01  2.205E-23  4.355E-14
7.379E+01  2.220E-23  4.345E-14
7.311E+01  2.236E-23  4.336E-14
7.244E+01  2.251E-23  4.326E-14
7.178E+01  2.267E-23  4.315E-14
7.112E+01  2.282E-23  4.305E-14
7.047E+01  2.298E-23  4.295E-14
6.982E+01  2.313E-23  4.284E-14
6.918E+01  2.329E-23  4.274E-14
6.855E+01  2.344E-23  4.263E-14
6.792E+01  2.360E-23  4.251E-14
6.730E+01  2.375E-23  4.240E-14
6.668E+01  2.390E-23  4.228E-14
6.607E+01  2.406E-23  4.216E-14
6.546E+01  2.421E-23  4.204E-14
6.486E+01  2.436E-23  4.192E-14
6.427E+01  2.452E-23  4.180E-14
6.368E+01  2.467E-23  4.168E-14
6.310E+01  2.483E-23  4.155E-14
6.252E+01  2.499E-23  4.143E-14
6.194E+01  2.514E-23  4.131E-14
6.138E+01  2.530E-23  4.120E-14
6.081E+01  2.546E-23  4.108E-14
6.026E+01  2.562E-23  4.096E-14
5.970E+01  2.579E-23  4.084E-14
5.916E+01  2.595E-23  4.072E-14
5.861E+01  2.611E-23  4.060E-14
5.808E+01  2.628E-23  4.048E-14
5.754E+01  2.645E-23  4.037E-14
5.702E+01  2.662E-23  4.026E-14
5.649E+01  2.679E-23  4.015E-14
5.598E+01  2.697E-23  4.004E-14
5.546E+01  2.715E-23  3.994E-14
5.495E+01  2.733E-23  3.984E-14
5.445E+01  2.752E-23  3.975E-14
5.395E+01  2.771E-23  3.965E-14
5.346E+01  2.790E-23  3.957E-14
5.297E+01  2.810E-23  3.948E-14
5.248E+01  2.830E-23  3.940E-14
5.200E+01  2.851E-23  3.932E-14
5.152E+01  2.872E-23  3.925E-14
5.105E+01  2.893E-23  3.917E-14
5.058E+01  2.915E-23  3.911E-14
5.012E+01  2.937E-23  3.905E-14
4.966E+01  2.960E-23  3.899E-14
4.920E+01  2.983E-23  3.894E-14
4.875E+01  3.007E-23  3.889E-14
4.831E+01  3.032E-23  3.884E-14
4.786E+01  3.057E-23  3.881E-14
4.742E+01  3.083E-23  3.878E-14
4.699E+01  3.109E-23  3.875E-14
4.656E+01  3.136E-23  3.873E-14
4.613E+01  3.164E-23  3.872E-14
4.571E+01  3.193E-23  3.871E-14
4.529E+01  3.222E-23  3.871E-14
4.487E+01  3.252E-23  3.871E-14
4.446E+01  3.283E-23  3.872E-14
4.406E+01  3.314E-23  3.873E-14
4.365E+01  3.346E-23  3.875E-14
4.325E+01  3.379E-23  3.877E-14
4.285E+01  3.412E-23  3.879E-14
4.246E+01  3.446E-23  3.881E-14
4.207E+01  3.480E-23  3.884E-14
4.169E+01  3.515E-23  3.886E-14
4.130E+01  3.550E-23  3.889E-14
4.093E+01  3.584E-23  3.891E-14
4.055E+01  3.620E-23  3.893E-14
4.018E+01  3.655E-23  3.895E-14
3.981E+01  3.690E-23  3.896E-14
3.945E+01  3.724E-23  3.897E-14
3.908E+01  3.759E-23  3.897E-14
3.873E+01  3.792E-23  3.895E-14
3.837E+01  3.825E-23  3.893E-14
3.802E+01  3.856E-23  3.889E-14
3.767E+01  3.886E-23  3.883E-14
3.733E+01  3.914E-23  3.875E-14
3.698E+01  3.940E-23  3.865E-14
3.664E+01  3.964E-23  3.853E-14
3.631E+01  3.986E-23  3.839E-14
3.597E+01  4.005E-23  3.822E-14
3.565E+01  4.021E-23  3.802E-14
3.532E+01  4.034E-23  3.779E-14
3.499E+01  4.043E-23  3.753E-14
3.467E+01  4.049E-23  3.724E-14
3.436E+01  4.051E-23  3.691E-14
3.404E+01  4.048E-23  3.655E-14
3.373E+01  4.041E-23  3.615E-14
3.342E+01  4.030E-23  3.572E-14
3.311E+01  4.014E-23  3.526E-14
3.281E+01  3.994E-23  3.476E-14
3.251E+01  3.969E-23  3.423E-14
3.221E+01  3.940E-23  3.366E-14
3.192E+01  3.906E-23  3.307E-14
3.162E+01  3.868E-23  3.245E-14
3.133E+01  3.827E-23  3.180E-14
3.105E+01  3.781E-23  3.114E-14
3.076E+01  3.732E-23  3.045E-14
3.048E+01  3.680E-23  2.975E-14
3.020E+01  3.625E-23  2.904E-14
2.992E+01  3.568E-23  2.832E-14
2.965E+01  3.509E-23  2.759E-14
2.938E+01  3.448E-23  2.686E-14
2.911E+01  3.385E-23  2.614E-14
2.884E+01  3.322E-23  2.542E-14
2.858E+01  3.259E-23  2.470E-14
2.831E+01  3.196E-23  2.400E-14
2.805E+01  3.132E-23  2.331E-14
2.780E+01  3.070E-23  2.264E-14
2.754E+01  3.008E-23  2.198E-14
2.729E+01  2.947E-23  2.133E-14
2.704E+01  2.887E-23  2.071E-14
2.679E+01  2.829E-23  2.011E-14
2.655E+01  2.772E-23  1.952E-14
2.630E+01  2.717E-23  1.896E-14
2.606E+01  2.663E-23  1.841E-14
2.582E+01  2.612E-23  1.789E-14
2.559E+01  2.562E-23  1.739E-14
2.535E+01  2.514E-23  1.691E-14
2.512E+01  2.468E-23  1.644E-14
2.489E+01  2.424E-23  1.600E-14
2.466E+01  2.381E-23  1.558E-14
2.443E+01  2.340E-23  1.517E-14
2.421E+01  2.301E-23  1.478E-14
2.399E+01  2.262E-23  1.440E-14
2.377E+01  2.226E-23  1.404E-14
2.355E+01  2.193E-23  1.370E-14
2.333E+01  2.160E-23  1.337E-14
2.312E+01  2.128E-23  1.305E-14
2.291E+01  2.097E-23  1.275E-14
2.270E+01  2.070E-23  1.246E-14
2.249E+01  2.045E-23  1.220E-14
2.228E+01  2.022E-23  1.195E-14
2.208E+01  2.000E-23  1.171E-14
2.188E+01  1.978E-23  1.148E-14
2.168E+01  1.955E-23  1.124E-14
2.148E+01  1.934E-23  1.102E-14
2.128E+01  1.915E-23  1.081E-14
2.109E+01  1.898E-23  1.062E-14
2.089E+01  1.882E-23  1.043E-14
2.070E+01  1.866E-23  1.025E-14
2.051E+01  1.850E-23  1.007E-14
2.032E+01  1.836E-23  9.899E-15
2.014E+01  1.827E-23  9.756E-15
1.995E+01  1.817E-23  9.618E-15
1.977E+01  1.808E-23  9.482E-15
1.959E+01  1.799E-23  9.347E-15
1.941E+01  1.790E-23  9.216E-15
1.923E+01  1.784E-23  9.101E-15
1.905E+01  1.790E-23  9.048E-15
1.888E+01  1.791E-23  8.971E-15
1.871E+01  1.750E-23  8.684E-15
1.854E+01  1.724E-23  8.476E-15
1.837E+01  1.706E-23  8.313E-15
1.820E+01  1.694E-23  8.179E-15
1.803E+01  1.694E-23  8.101E-15
1.786E+01  1.708E-23  8.095E-15
1.770E+01  1.691E-23  7.942E-15
1.754E+01  1.706E-23  7.938E-15
1.738E+01  1.776E-23  8.185E-15
1.722E+01  1.741E-23  7.954E-15
1.706E+01  1.724E-23  7.801E-15
1.690E+01  1.682E-23  7.543E-15
1.675E+01  1.626E-23  7.225E-15
1.660E+01  1.615E-23  7.112E-15
1.644E+01  1.714E-23  7.475E-15
1.629E+01  1.486E-23  6.423E-15
1.614E+01  1.380E-23  5.909E-15
1.600E+01  1.330E-23  5.641E-15
1.585E+01  1.291E-23  5.426E-15
1.570E+01  1.250E-23  5.207E-15
1.556E+01  1.218E-23  5.027E-15
1.542E+01  1.191E-23  4.872E-15
1.528E+01  1.168E-23  4.733E-15
1.514E+01  1.148E-23  4.608E-15
1.500E+01  1.130E-23  4.497E-15
1.486E+01  1.115E-23  4.397E-15
1.472E+01  1.104E-23  4.312E-15
1.459E+01  1.099E-23  4.252E-15
1.445E+01  1.105E-23  4.237E-15
1.432E+01  1.136E-23  4.314E-15
1.419E+01  1.174E-23  4.418E-15
1.406E+01  1.146E-23  4.274E-15
1.393E+01  1.134E-23  4.190E-15
1.380E+01  1.163E-23  4.258E-15
1.368E+01  1.232E-23  4.470E-15
1.355E+01  1.322E-23  4.752E-15
1.343E+01  1.349E-23  4.805E-15
1.330E+01  1.306E-23  4.608E-15
1.318E+01  1.287E-23  4.500E-15
1.306E+01  1.331E-23  4.611E-15
1.294E+01  1.455E-23  4.995E-15
1.282E+01  1.682E-23  5.722E-15
1.271E+01  1.972E-23  6.646E-15
1.259E+01  2.073E-23  6.924E-15
1.247E+01  1.879E-23  6.216E-15
1.236E+01  1.675E-23  5.492E-15
1.225E+01  1.607E-23  5.222E-15
1.213E+01  1.665E-23  5.359E-15
1.202E+01  1.747E-23  5.572E-15
1.191E+01  1.705E-23  5.387E-15
1.180E+01  1.592E-23  4.983E-15
1.169E+01  1.564E-23  4.852E-15
1.159E+01  1.715E-23  5.272E-15
1.148E+01  2.183E-23  6.650E-15
1.138E+01  2.903E-23  8.761E-15
1.127E+01  3.718E-23  1.112E-14
1.117E+01  2.761E-23  8.180E-15
1.107E+01  1.639E-23  4.811E-15
1.096E+01  1.264E-23  3.676E-15
1.086E+01  1.090E-23  3.141E-15
1.076E+01  9.975E-24  2.848E-15
1.067E+01  9.424E-24  2.666E-15
1.057E+01  8.945E-24  2.507E-15
1.047E+01  8.617E-24  2.393E-15
1.038E+01  8.381E-24  2.307E-15
1.028E+01  8.193E-24  2.234E-15
1.019E+01  8.035E-24  2.171E-15
1.009E+01  7.907E-24  2.117E-15
1.000E+01  7.806E-24  2.071E-15
9.908E+00  7.734E-24  2.033E-15
9.817E+00  7.688E-24  2.002E-15
9.727E+00  7.668E-24  1.979E-15
9.638E+00  7.673E-24  1.962E-15
9.550E+00  7.700E-24  1.951E-15
9.462E+00  7.750E-24  1.945E-15
9.376E+00  7.831E-24  1.948E-15
9.290E+00  7.957E-24  1.961E-15
9.204E+00  8.153E-24  1.991E-15
9.120E+00  8.461E-24  2.047E-15
9.036E+00  8.949E-24  2.145E-15
8.954E+00  9.738E-24  2.313E-15
8.872E+00  1.105E-23  2.600E-15
8.790E+00  1.326E-23  3.092E-15
8.710E+00  1.669E-23  3.855E-15
8.630E+00  1.991E-23  4.557E-15
8.551E+00  1.948E-23  4.419E-15
8.472E+00  1.721E-23  3.867E-15
8.395E+00  1.604E-23  3.571E-15
8.318E+00  1.596E-23  3.522E-15
8.241E+00  1.656E-23  3.621E-15
8.166E+00  1.810E-23  3.920E-15
8.091E+00  2.102E-23  4.512E-15
8.017E+00  2.570E-23  5.464E-15
7.943E+00  3.182E-23  6.704E-15
7.870E+00  3.718E-23  7.761E-15
7.798E+00  3.908E-23  8.085E-15
7.727E+00  3.929E-23  8.054E-15
7.656E+00  4.045E-23  8.215E-15
7.586E+00  3.940E-23  7.928E-15
7.516E+00  3.337E-23  6.653E-15
7.447E+00  2.659E-23  5.253E-15
7.379E+00  2.161E-23  4.229E-15
7.311E+00  1.814E-23  3.518E-15
7.244E+00  1.560E-23  2.997E-15
7.178E+00  1.365E-23  2.599E-15
7.112E+00  1.215E-23  2.292E-15
7.047E+00  1.102E-23  2.061E-15
6.982E+00  1.025E-23  1.899E-15
6.918E+00  9.812E-24  1.801E-15
6.855E+00  9.676E-24  1.759E-15
6.792E+00  9.755E-24  1.758E-15
6.730E+00  9.839E-24  1.756E-15
6.668E+00  9.681E-24  1.712E-15
6.607E+00  9.283E-24  1.627E-15
6.546E+00  8.952E-24  1.554E-15
6.486E+00  9.074E-24  1.561E-15
6.427E+00  1.009E-23  1.720E-15
6.368E+00  1.282E-23  2.165E-15
6.310E+00  1.896E-23  3.174E-15
6.252E+00  2.895E-23  4.800E-15
6.194E+00  2.925E-23  4.806E-15
6.138E+00  1.852E-23  3.014E-15
6.081E+00  1.134E-23  1.830E-15
6.026E+00  7.802E-24  1.247E-15
5.970E+00  5.994E-24  9.492E-16
5.916E+00  5.038E-24  7.905E-16
5.861E+00  4.598E-24  7.149E-16
5.808E+00  4.602E-24  7.090E-16
5.754E+00  5.049E-24  7.707E-16
5.702E+00  5.356E-24  8.100E-16
5.649E+00  4.591E-24  6.880E-16
5.598E+00  3.621E-24  5.377E-16
5.546E+00  3.016E-24  4.437E-16
5.495E+00  2.683E-24  3.912E-16
5.445E+00  2.527E-24  3.649E-16
5.395E+00  2.525E-24  3.614E-16
5.346E+00  2.718E-24  3.854E-16
5.297E+00  3.052E-24  4.288E-16
5.248E+00  2.971E-24  4.136E-16
5.200E+00  2.433E-24  3.356E-16
5.152E+00  2.010E-24  2.747E-16
5.105E+00  1.758E-24  2.380E-16
5.058E+00  1.599E-24  2.145E-16
5.012E+00  1.488E-24  1.978E-16
4.966E+00  1.404E-24  1.849E-16
4.920E+00  1.336E-24  1.744E-16
4.875E+00  1.279E-24  1.654E-16
4.831E+00  1.229E-24  1.575E-16
4.786E+00  1.185E-24  1.504E-16
4.742E+00  1.145E-24  1.441E-16
4.699E+00  1.109E-24  1.382E-16
4.656E+00  1.076E-24  1.329E-16
4.613E+00  1.045E-24  1.279E-16
4.571E+00  1.016E-24  1.232E-16
4.529E+00  9.897E-25  1.189E-16
4.487E+00  9.648E-25  1.148E-16
4.446E+00  9.414E-25  1.110E-16
4.406E+00  9.195E-25  1.074E-16
4.365E+00  8.988E-25  1.041E-16
4.325E+00  8.795E-25  1.009E-16
4.285E+00  8.613E-25  9.791E-17
4.246E+00  8.442E-25  9.508E-17
4.207E+00  8.281E-25  9.242E-17
4.169E+00  8.131E-25  8.991E-17
4.130E+00  7.991E-25  8.755E-17
4.093E+00  7.860E-25  8.533E-17
4.055E+00  7.739E-25  8.324E-17
4.018E+00  7.628E-25  8.129E-17
3.981E+00  7.527E-25  7.948E-17
3.945E+00  7.437E-25  7.781E-17
3.908E+00  7.358E-25  7.628E-17
3.873E+00  7.292E-25  7.490E-17
3.837E+00  7.240E-25  7.369E-17
3.802E+00  7.204E-25  7.265E-17
3.767E+00  7.188E-25  7.182E-17
3.733E+00  7.195E-25  7.124E-17
3.698E+00  7.231E-25  7.094E-17
3.664E+00  7.306E-25  7.102E-17
3.631E+00  7.433E-25  7.158E-17
3.597E+00  7.632E-25  7.283E-17
3.565E+00  7.937E-25  7.505E-17
3.532E+00  8.407E-25  7.876E-17
3.499E+00  9.146E-25  8.490E-17
3.467E+00  1.036E-24  9.533E-17
3.436E+00  1.252E-24  1.141E-16
3.404E+00  1.682E-24  1.519E-16
3.373E+00  2.712E-24  2.426E-16
3.342E+00  6.128E-24  5.433E-16
3.311E+00  2.307E-23  2.027E-15
3.281E+00  1.575E-23  1.371E-15
3.251E+00  4.514E-24  3.892E-16
3.221E+00  2.165E-24  1.850E-16
3.192E+00  1.388E-24  1.175E-16
3.162E+00  1.043E-24  8.749E-17
3.133E+00  8.610E-25  7.156E-17
3.105E+00  7.528E-25  6.199E-17
3.076E+00  6.827E-25  5.571E-17
3.048E+00  6.343E-25  5.128E-17
3.020E+00  5.991E-25  4.799E-17
2.992E+00  5.723E-25  4.542E-17
2.965E+00  5.512E-25  4.335E-17
2.938E+00  5.340E-25  4.161E-17
2.911E+00  5.197E-25  4.013E-17
2.884E+00  5.075E-25  3.882E-17
2.858E+00  4.969E-25  3.766E-17
2.831E+00  4.874E-25  3.661E-17
2.805E+00  4.790E-25  3.564E-17
2.780E+00  4.712E-25  3.475E-17
2.754E+00  4.641E-25  3.391E-17
2.729E+00  4.575E-25  3.312E-17
2.704E+00  4.512E-25  3.237E-17
2.679E+00  4.453E-25  3.165E-17
2.655E+00  4.397E-25  3.096E-17
2.630E+00  4.343E-25  3.030E-17
2.606E+00  4.290E-25  2.966E-17
2.582E+00  4.240E-25  2.904E-17
2.559E+00  4.190E-25  2.844E-17
2.535E+00  4.142E-25  2.785E-17
2.512E+00  4.095E-25  2.728E-17
2.489E+00  4.048E-25  2.673E-17
2.466E+00  4.002E-25  2.618E-17
2.443E+00  3.956E-25  2.564E-17
2.421E+00  3.910E-25  2.511E-17
2.399E+00  3.866E-25  2.460E-17
2.377E+00  3.822E-25  2.410E-17
2.355E+00  3.778E-25  2.360E-17
2.333E+00  3.735E-25  2.312E-17
2.312E+00  3.692E-25  2.264E-17
2.291E+00  3.649E-25  2.218E-17
2.270E+00  3.607E-25  2.171E-17
2.249E+00  3.564E-25  2.126E-17
2.228E+00  3.520E-25  2.081E-17
2.208E+00  3.477E-25  2.036E-17
2.188E+00  3.432E-25  1.992E-17
2.168E+00  3.387E-25  1.947E-17
2.148E+00  3.340E-25  1.903E-17
2.128E+00  3.292E-25  1.858E-17
2.109E+00  3.242E-25  1.813E-17
2.089E+00  3.188E-25  1.767E-17
2.070E+00  3.131E-25  1.720E-17
2.051E+00  3.070E-25  1.670E-17
2.032E+00  3.002E-25  1.618E-17
2.014E+00  2.927E-25  1.564E-17
1.995E+00  2.844E-25  1.505E-17
1.977E+00  2.752E-25  1.443E-17
1.959E+00  2.654E-25  1.379E-17
1.941E+00  2.559E-25  1.318E-17
1.923E+00  2.484E-25  1.267E-17
1.905E+00  2.446E-25  1.236E-17
1.888E+00  2.451E-25  1.227E-17
1.871E+00  2.487E-25  1.234E-17
1.854E+00  2.532E-25  1.245E-17
1.837E+00  2.572E-25  1.253E-17
1.820E+00  2.600E-25  1.255E-17
1.803E+00  2.616E-25  1.251E-17
1.786E+00  2.621E-25  1.242E-17
1.770E+00  2.619E-25  1.230E-17
1.754E+00  2.610E-25  1.214E-17
1.738E+00  2.598E-25  1.197E-17
1.722E+00  2.582E-25  1.179E-17
1.706E+00  2.564E-25  1.160E-17
1.690E+00  2.545E-25  1.141E-17
1.675E+00  2.525E-25  1.122E-17
1.660E+00  2.505E-25  1.103E-17
1.644E+00  2.484E-25  1.084E-17
1.629E+00  2.464E-25  1.065E-17
1.614E+00  2.444E-25  1.047E-17
1.600E+00  2.425E-25  1.029E-17
1.585E+00  2.407E-25  1.012E-17
1.570E+00  2.390E-25  9.956E-18
1.556E+00  2.375E-25  9.802E-18
1.542E+00  2.362E-25  9.658E-18
1.528E+00  2.351E-25  9.524E-18
1.514E+00  2.342E-25  9.403E-18
1.500E+00  2.337E-25  9.296E-18
1.486E+00  2.335E-25  9.203E-18
1.472E+00  2.337E-25  9.128E-18
1.459E+00  2.345E-25  9.073E-18
1.445E+00  2.358E-25  9.041E-18
1.432E+00  2.378E-25  9.035E-18
1.419E+00  2.407E-25  9.060E-18
1.406E+00  2.446E-25  9.121E-18
1.393E+00  2.496E-25  9.224E-18
1.380E+00  2.561E-25  9.378E-18
1.368E+00  2.643E-25  9.589E-18
1.355E+00  2.745E-25  9.868E-18
1.343E+00  2.869E-25  1.022E-17
1.330E+00  3.017E-25  1.065E-17
1.318E+00  3.186E-25  1.114E-17
1.306E+00  3.366E-25  1.166E-17
1.294E+00  3.535E-25  1.213E-17
1.282E+00  3.658E-25  1.244E-17
1.271E+00  3.693E-25  1.245E-17
1.259E+00  3.610E-25  1.206E-17
1.247E+00  3.412E-25  1.129E-17
1.236E+00  3.135E-25  1.028E-17
1.225E+00  2.833E-25  9.203E-18
1.213E+00  2.547E-25  8.198E-18
1.202E+00  2.300E-25  7.335E-18
1.191E+00  2.099E-25  6.634E-18
1.180E+00  1.944E-25  6.086E-18
1.169E+00  1.829E-25  5.673E-18
1.159E+00  1.750E-25  5.379E-18
1.148E+00  1.705E-25  5.192E-18
1.138E+00  1.693E-25  5.109E-18
1.127E+00  1.717E-25  5.135E-18
1.117E+00  1.786E-25  5.291E-18
1.107E+00  1.912E-25  5.613E-18
1.096E+00  2.119E-25  6.162E-18
1.086E+00  2.438E-25  7.026E-18
1.076E+00  2.903E-25  8.289E-18
1.067E+00  3.485E-25  9.861E-18
1.057E+00  3.951E-25  1.108E-17
1.047E+00  3.871E-25  1.075E-17
1.038E+00  3.210E-25  8.834E-18
1.028E+00  2.430E-25  6.627E-18
1.019E+00  1.826E-25  4.933E-18
1.009E+00  1.416E-25  3.792E-18
1.000E+00  1.145E-25  3.038E-18
