Dust emission from Draine & Li (2007): ApJ 657, 810-837
==========================================================
         1 = grain model
 4.000E-08 4.000E-01 0.000E+00 = a_01 (cm) , sigma_1 , b_C1/0.92
 2.000E-07 5.500E-01 0.000E+00 = a_02 (cm) , sigma_2 , b_C2/0.92
 1.200E+00 1.200E+00 1.000E+00 = Umin , Umax, beta (dN/dU propto U^{-beta})
 1.200E+00 = <U> 
     mmp83 = radfield
 5.362E-24 = power/H (erg s-1)
 band   nu*P_nu(band) j_nu(band)
 (um)   (erg s-1 H-1)(Jy cm2 sr-1 H-1)
1.270E+00  2.021E-27  6.808E-20 COBE-DIRBE
2.220E+00  2.393E-27  1.409E-19 COBE-DIRBE
3.530E+00  1.467E-26  1.374E-18 COBE-DIRBE
4.880E+00  6.411E-27  8.299E-19 COBE-DIRBE
1.229E+01  1.236E-25  4.028E-17 COBE-DIRBE
2.079E+01  1.830E-25  1.009E-16 COBE-DIRBE
5.599E+01  1.380E-24  2.050E-15 COBE-DIRBE
9.770E+01  3.654E-24  9.468E-15 COBE-DIRBE
1.479E+02  3.574E-24  1.402E-14 COBE-DIRBE
2.479E+02  1.387E-24  9.121E-15 COBE-DIRBE
1.200E+01  1.176E-25  3.742E-17 IRAS
2.500E+01  1.979E-25  1.312E-16 IRAS
6.000E+01  1.622E-24  2.581E-15 IRAS
1.000E+02  3.727E-24  9.887E-15 IRAS
3.550E+00  1.706E-26  1.607E-18 SST-IRAC
4.493E+00  4.646E-27  5.537E-19 SST-IRAC
5.731E+00  3.969E-26  6.034E-18 SST-IRAC
7.872E+00  1.223E-25  2.555E-17 SST-IRAC
2.368E+01  1.837E-25  1.154E-16 SST-MIPS
7.142E+01  2.209E-24  4.185E-15 SST-MIPS
1.559E+02  3.276E-24  1.355E-14 SST-MIPS
1.600E+01  1.494E-25  6.340E-17 SST-IRSPU
2.200E+01  1.856E-25  1.083E-16 SST-IRSPU
7.500E+01  1.870E-24  3.720E-15 Herschel-PACS
1.100E+02  2.747E-24  8.014E-15 Herschel-PACS
1.700E+02  2.496E-24  1.125E-14 Herschel-PACS
2.500E+02  1.204E-24  7.984E-15 Herschel-SPIRE
3.600E+02  3.800E-25  3.629E-15 Herschel-SPIRE
5.200E+02  9.944E-26  1.372E-15 Herschel-SPIRE
2.400E+00  2.632E-27  1.676E-19 Akari IRC NIR N2
3.200E+00  1.131E-26  9.599E-19 Akari IRC NIR N3
4.100E+00  5.057E-27  5.500E-19 Akari IRC NIR N4
7.000E+00  1.321E-25  2.454E-17 Akari IRC MIR-S S7
9.000E+00  1.074E-25  2.564E-17 Akari IRC MIR-S S9W
1.100E+01  1.058E-25  3.088E-17 Akari IRC MIR-S S11
1.500E+01  1.577E-25  6.273E-17 Akari IRC MIR-L L15
1.800E+01  1.703E-25  8.130E-17 Akari IRC MIR-L L18W
2.400E+01  1.849E-25  1.177E-16 Akari IRC MIR-L L24
6.500E+01  2.046E-24  3.527E-15 Akari FIS N60
8.000E+01  3.194E-24  6.778E-15 Akari FIS WIDE-S
1.400E+02  3.598E-24  1.336E-14 Akari FIS WIDE-L
1.600E+02  3.229E-24  1.370E-14 Akari FIS N160
 
 
 
 


lambda    nu*dP/dnu     j_nu
 (um)   (erg s-1 H-1)(Jy cm2 sr-1 H-1)
1.000E+04  5.517E-31  1.464E-19
9.908E+03  5.720E-31  1.503E-19
9.817E+03  5.929E-31  1.544E-19
9.727E+03  6.146E-31  1.586E-19
9.638E+03  6.372E-31  1.629E-19
9.550E+03  6.605E-31  1.673E-19
9.462E+03  6.847E-31  1.719E-19
9.376E+03  7.098E-31  1.765E-19
9.290E+03  7.358E-31  1.813E-19
9.204E+03  7.628E-31  1.862E-19
9.120E+03  7.907E-31  1.913E-19
9.036E+03  8.197E-31  1.965E-19
8.954E+03  8.497E-31  2.018E-19
8.872E+03  8.806E-31  2.072E-19
8.790E+03  9.127E-31  2.128E-19
8.710E+03  9.461E-31  2.186E-19
8.630E+03  9.806E-31  2.245E-19
8.551E+03  1.016E-30  2.305E-19
8.472E+03  1.054E-30  2.368E-19
8.395E+03  1.092E-30  2.432E-19
8.318E+03  1.132E-30  2.498E-19
8.241E+03  1.174E-30  2.566E-19
8.166E+03  1.217E-30  2.635E-19
8.091E+03  1.261E-30  2.707E-19
8.017E+03  1.308E-30  2.780E-19
7.943E+03  1.356E-30  2.856E-19
7.870E+03  1.405E-30  2.934E-19
7.798E+03  1.457E-30  3.014E-19
7.727E+03  1.511E-30  3.096E-19
7.656E+03  1.566E-30  3.180E-19
7.586E+03  1.624E-30  3.267E-19
7.516E+03  1.684E-30  3.357E-19
7.447E+03  1.746E-30  3.448E-19
7.379E+03  1.810E-30  3.543E-19
7.311E+03  1.877E-30  3.640E-19
7.244E+03  1.946E-30  3.740E-19
7.178E+03  2.018E-30  3.842E-19
7.112E+03  2.093E-30  3.948E-19
7.047E+03  2.170E-30  4.056E-19
6.982E+03  2.250E-30  4.168E-19
6.918E+03  2.333E-30  4.282E-19
6.855E+03  2.420E-30  4.400E-19
6.792E+03  2.509E-30  4.520E-19
6.730E+03  2.602E-30  4.645E-19
6.668E+03  2.698E-30  4.773E-19
6.607E+03  2.798E-30  4.904E-19
6.546E+03  2.902E-30  5.039E-19
6.486E+03  3.010E-30  5.179E-19
6.427E+03  3.122E-30  5.322E-19
6.368E+03  3.238E-30  5.469E-19
6.310E+03  3.358E-30  5.620E-19
6.252E+03  3.483E-30  5.776E-19
6.194E+03  3.612E-30  5.936E-19
6.138E+03  3.747E-30  6.100E-19
6.081E+03  3.887E-30  6.269E-19
6.026E+03  4.031E-30  6.444E-19
5.970E+03  4.182E-30  6.623E-19
5.916E+03  4.338E-30  6.807E-19
5.861E+03  4.500E-30  6.996E-19
5.808E+03  4.668E-30  7.191E-19
5.754E+03  4.843E-30  7.392E-19
5.702E+03  5.024E-30  7.598E-19
5.649E+03  5.212E-30  7.810E-19
5.598E+03  5.407E-30  8.028E-19
5.546E+03  5.610E-30  8.253E-19
5.495E+03  5.820E-30  8.484E-19
5.445E+03  6.038E-30  8.721E-19
5.395E+03  6.265E-30  8.965E-19
5.346E+03  6.500E-30  9.217E-19
5.297E+03  6.744E-30  9.475E-19
5.248E+03  6.998E-30  9.741E-19
5.200E+03  7.261E-30  1.002E-18
5.152E+03  7.534E-30  1.030E-18
5.105E+03  7.818E-30  1.059E-18
5.058E+03  8.112E-30  1.088E-18
5.012E+03  8.418E-30  1.119E-18
4.966E+03  8.735E-30  1.151E-18
4.920E+03  9.064E-30  1.183E-18
4.875E+03  9.406E-30  1.216E-18
4.831E+03  9.761E-30  1.251E-18
4.786E+03  1.013E-29  1.286E-18
4.742E+03  1.051E-29  1.322E-18
4.699E+03  1.091E-29  1.360E-18
4.656E+03  1.132E-29  1.398E-18
4.613E+03  1.175E-29  1.438E-18
4.571E+03  1.220E-29  1.479E-18
4.529E+03  1.266E-29  1.521E-18
4.487E+03  1.314E-29  1.564E-18
4.446E+03  1.364E-29  1.608E-18
4.406E+03  1.415E-29  1.654E-18
4.365E+03  1.469E-29  1.701E-18
4.325E+03  1.525E-29  1.750E-18
4.285E+03  1.583E-29  1.800E-18
4.246E+03  1.643E-29  1.851E-18
4.207E+03  1.706E-29  1.904E-18
4.169E+03  1.771E-29  1.958E-18
4.130E+03  1.838E-29  2.014E-18
4.093E+03  1.908E-29  2.072E-18
4.055E+03  1.981E-29  2.131E-18
4.018E+03  2.057E-29  2.192E-18
3.981E+03  2.135E-29  2.255E-18
3.945E+03  2.217E-29  2.319E-18
3.908E+03  2.301E-29  2.386E-18
3.873E+03  2.389E-29  2.454E-18
3.837E+03  2.481E-29  2.525E-18
3.802E+03  2.575E-29  2.597E-18
3.767E+03  2.674E-29  2.672E-18
3.733E+03  2.776E-29  2.749E-18
3.698E+03  2.883E-29  2.828E-18
3.664E+03  2.993E-29  2.910E-18
3.631E+03  3.108E-29  2.994E-18
3.597E+03  3.228E-29  3.080E-18
3.565E+03  3.352E-29  3.169E-18
3.532E+03  3.480E-29  3.261E-18
3.499E+03  3.614E-29  3.355E-18
3.467E+03  3.754E-29  3.452E-18
3.436E+03  3.898E-29  3.552E-18
3.404E+03  4.048E-29  3.655E-18
3.373E+03  4.204E-29  3.762E-18
3.342E+03  4.367E-29  3.871E-18
3.311E+03  4.535E-29  3.984E-18
3.281E+03  4.711E-29  4.100E-18
3.251E+03  4.893E-29  4.219E-18
3.221E+03  5.082E-29  4.342E-18
3.192E+03  5.279E-29  4.469E-18
3.162E+03  5.483E-29  4.599E-18
3.133E+03  5.695E-29  4.734E-18
3.105E+03  5.916E-29  4.872E-18
3.076E+03  6.146E-29  5.015E-18
3.048E+03  6.384E-29  5.161E-18
3.020E+03  6.632E-29  5.313E-18
2.992E+03  6.889E-29  5.468E-18
2.965E+03  7.156E-29  5.628E-18
2.938E+03  7.434E-29  5.793E-18
2.911E+03  7.722E-29  5.962E-18
2.884E+03  8.022E-29  6.137E-18
2.858E+03  8.333E-29  6.317E-18
2.831E+03  8.657E-29  6.502E-18
2.805E+03  8.994E-29  6.693E-18
2.780E+03  9.344E-29  6.890E-18
2.754E+03  9.708E-29  7.092E-18
2.729E+03  1.009E-28  7.301E-18
2.704E+03  1.048E-28  7.516E-18
2.679E+03  1.089E-28  7.738E-18
2.655E+03  1.131E-28  7.966E-18
2.630E+03  1.175E-28  8.201E-18
2.606E+03  1.221E-28  8.443E-18
2.582E+03  1.269E-28  8.693E-18
2.559E+03  1.319E-28  8.950E-18
2.535E+03  1.370E-28  9.215E-18
2.512E+03  1.424E-28  9.488E-18
2.489E+03  1.480E-28  9.769E-18
2.466E+03  1.538E-28  1.006E-17
2.443E+03  1.598E-28  1.036E-17
2.421E+03  1.661E-28  1.066E-17
2.399E+03  1.726E-28  1.098E-17
2.377E+03  1.794E-28  1.131E-17
2.355E+03  1.864E-28  1.164E-17
2.333E+03  1.937E-28  1.199E-17
2.312E+03  2.013E-28  1.235E-17
2.291E+03  2.093E-28  1.272E-17
2.270E+03  2.175E-28  1.310E-17
2.249E+03  2.260E-28  1.349E-17
2.228E+03  2.349E-28  1.389E-17
2.208E+03  2.442E-28  1.430E-17
2.188E+03  2.538E-28  1.473E-17
2.168E+03  2.638E-28  1.517E-17
2.148E+03  2.742E-28  1.562E-17
2.128E+03  2.850E-28  1.609E-17
2.109E+03  2.963E-28  1.657E-17
2.089E+03  3.080E-28  1.707E-17
2.070E+03  3.201E-28  1.758E-17
2.051E+03  3.328E-28  1.811E-17
2.032E+03  3.459E-28  1.865E-17
2.014E+03  3.596E-28  1.921E-17
1.995E+03  3.738E-28  1.978E-17
1.977E+03  3.886E-28  2.038E-17
1.959E+03  4.039E-28  2.099E-17
1.941E+03  4.199E-28  2.162E-17
1.923E+03  4.365E-28  2.226E-17
1.905E+03  4.537E-28  2.293E-17
1.888E+03  4.717E-28  2.362E-17
1.871E+03  4.903E-28  2.433E-17
1.854E+03  5.097E-28  2.506E-17
1.837E+03  5.299E-28  2.582E-17
1.820E+03  5.509E-28  2.659E-17
1.803E+03  5.727E-28  2.739E-17
1.786E+03  5.954E-28  2.821E-17
1.770E+03  6.190E-28  2.906E-17
1.754E+03  6.435E-28  2.994E-17
1.738E+03  6.690E-28  3.084E-17
1.722E+03  6.955E-28  3.177E-17
1.706E+03  7.231E-28  3.272E-17
1.690E+03  7.517E-28  3.371E-17
1.675E+03  7.815E-28  3.472E-17
1.660E+03  8.125E-28  3.577E-17
1.644E+03  8.447E-28  3.685E-17
1.629E+03  8.782E-28  3.796E-17
1.614E+03  9.131E-28  3.910E-17
1.600E+03  9.493E-28  4.028E-17
1.585E+03  9.869E-28  4.149E-17
1.570E+03  1.026E-27  4.274E-17
1.556E+03  1.067E-27  4.403E-17
1.542E+03  1.109E-27  4.535E-17
1.528E+03  1.153E-27  4.672E-17
1.514E+03  1.199E-27  4.812E-17
1.500E+03  1.246E-27  4.957E-17
1.486E+03  1.296E-27  5.106E-17
1.472E+03  1.347E-27  5.260E-17
1.459E+03  1.400E-27  5.419E-17
1.445E+03  1.456E-27  5.582E-17
1.432E+03  1.514E-27  5.750E-17
1.419E+03  1.574E-27  5.923E-17
1.406E+03  1.636E-27  6.102E-17
1.393E+03  1.701E-27  6.285E-17
1.380E+03  1.768E-27  6.475E-17
1.368E+03  1.838E-27  6.669E-17
1.355E+03  1.911E-27  6.870E-17
1.343E+03  1.987E-27  7.077E-17
1.330E+03  2.066E-27  7.290E-17
1.318E+03  2.147E-27  7.509E-17
1.306E+03  2.232E-27  7.734E-17
1.294E+03  2.321E-27  7.967E-17
1.282E+03  2.412E-27  8.206E-17
1.271E+03  2.508E-27  8.452E-17
1.259E+03  2.607E-27  8.706E-17
1.247E+03  2.710E-27  8.967E-17
1.236E+03  2.817E-27  9.236E-17
1.225E+03  2.928E-27  9.512E-17
1.213E+03  3.044E-27  9.797E-17
1.202E+03  3.164E-27  1.009E-16
1.191E+03  3.289E-27  1.039E-16
1.180E+03  3.418E-27  1.070E-16
1.169E+03  3.553E-27  1.102E-16
1.159E+03  3.693E-27  1.135E-16
1.148E+03  3.839E-27  1.169E-16
1.138E+03  3.990E-27  1.204E-16
1.127E+03  4.146E-27  1.240E-16
1.117E+03  4.309E-27  1.277E-16
1.107E+03  4.479E-27  1.315E-16
1.096E+03  4.655E-27  1.354E-16
1.086E+03  4.837E-27  1.394E-16
1.076E+03  5.027E-27  1.435E-16
1.067E+03  5.224E-27  1.478E-16
1.057E+03  5.429E-27  1.522E-16
1.047E+03  5.641E-27  1.567E-16
1.038E+03  5.862E-27  1.613E-16
1.028E+03  6.091E-27  1.661E-16
1.019E+03  6.329E-27  1.710E-16
1.009E+03  6.576E-27  1.760E-16
1.000E+03  6.832E-27  1.812E-16
9.908E+02  7.099E-27  1.866E-16
9.817E+02  7.375E-27  1.921E-16
9.727E+02  7.663E-27  1.977E-16
9.638E+02  7.961E-27  2.035E-16
9.550E+02  8.271E-27  2.095E-16
9.462E+02  8.592E-27  2.157E-16
9.376E+02  8.926E-27  2.220E-16
9.290E+02  9.273E-27  2.285E-16
9.204E+02  9.632E-27  2.352E-16
9.120E+02  1.001E-26  2.420E-16
9.036E+02  1.039E-26  2.491E-16
8.954E+02  1.079E-26  2.564E-16
8.872E+02  1.121E-26  2.638E-16
8.790E+02  1.164E-26  2.715E-16
8.710E+02  1.209E-26  2.793E-16
8.630E+02  1.256E-26  2.874E-16
8.551E+02  1.304E-26  2.957E-16
8.472E+02  1.354E-26  3.043E-16
8.395E+02  1.406E-26  3.130E-16
8.318E+02  1.460E-26  3.220E-16
8.241E+02  1.515E-26  3.313E-16
8.166E+02  1.573E-26  3.408E-16
8.091E+02  1.633E-26  3.505E-16
8.017E+02  1.695E-26  3.605E-16
7.943E+02  1.760E-26  3.708E-16
7.870E+02  1.827E-26  3.814E-16
7.798E+02  1.896E-26  3.922E-16
7.727E+02  1.968E-26  4.033E-16
7.656E+02  2.042E-26  4.148E-16
7.586E+02  2.120E-26  4.265E-16
7.516E+02  2.200E-26  4.385E-16
7.447E+02  2.283E-26  4.509E-16
7.379E+02  2.369E-26  4.637E-16
7.311E+02  2.458E-26  4.767E-16
7.244E+02  2.551E-26  4.902E-16
7.178E+02  2.647E-26  5.040E-16
7.112E+02  2.747E-26  5.181E-16
7.047E+02  2.850E-26  5.327E-16
6.982E+02  2.957E-26  5.476E-16
6.918E+02  3.068E-26  5.630E-16
6.855E+02  3.183E-26  5.787E-16
6.792E+02  3.302E-26  5.949E-16
6.730E+02  3.425E-26  6.114E-16
6.668E+02  3.553E-26  6.284E-16
6.607E+02  3.685E-26  6.458E-16
6.546E+02  3.823E-26  6.638E-16
6.486E+02  3.965E-26  6.823E-16
6.427E+02  4.113E-26  7.012E-16
6.368E+02  4.267E-26  7.207E-16
6.310E+02  4.425E-26  7.407E-16
6.252E+02  4.590E-26  7.612E-16
6.194E+02  4.761E-26  7.822E-16
6.138E+02  4.937E-26  8.038E-16
6.081E+02  5.120E-26  8.260E-16
6.026E+02  5.310E-26  8.488E-16
5.970E+02  5.507E-26  8.721E-16
5.916E+02  5.710E-26  8.961E-16
5.861E+02  5.921E-26  9.206E-16
5.808E+02  6.140E-26  9.459E-16
5.754E+02  6.366E-26  9.717E-16
5.702E+02  6.600E-26  9.983E-16
5.649E+02  6.843E-26  1.025E-15
5.598E+02  7.095E-26  1.053E-15
5.546E+02  7.355E-26  1.082E-15
5.495E+02  7.625E-26  1.111E-15
5.445E+02  7.904E-26  1.142E-15
5.395E+02  8.193E-26  1.172E-15
5.346E+02  8.492E-26  1.204E-15
5.297E+02  8.802E-26  1.237E-15
5.248E+02  9.122E-26  1.270E-15
5.200E+02  9.454E-26  1.304E-15
5.152E+02  9.798E-26  1.339E-15
5.105E+02  1.015E-25  1.375E-15
5.058E+02  1.052E-25  1.412E-15
5.012E+02  1.090E-25  1.449E-15
4.966E+02  1.129E-25  1.488E-15
4.920E+02  1.170E-25  1.527E-15
4.875E+02  1.212E-25  1.568E-15
4.831E+02  1.256E-25  1.609E-15
4.786E+02  1.301E-25  1.652E-15
4.742E+02  1.347E-25  1.695E-15
4.699E+02  1.396E-25  1.740E-15
4.656E+02  1.445E-25  1.785E-15
4.613E+02  1.497E-25  1.832E-15
4.571E+02  1.550E-25  1.879E-15
4.529E+02  1.605E-25  1.928E-15
4.487E+02  1.662E-25  1.978E-15
4.446E+02  1.721E-25  2.029E-15
4.406E+02  1.781E-25  2.082E-15
4.365E+02  1.844E-25  2.135E-15
4.325E+02  1.909E-25  2.190E-15
4.285E+02  1.976E-25  2.246E-15
4.246E+02  2.045E-25  2.303E-15
4.207E+02  2.116E-25  2.361E-15
4.169E+02  2.190E-25  2.421E-15
4.130E+02  2.266E-25  2.482E-15
4.093E+02  2.344E-25  2.545E-15
4.055E+02  2.425E-25  2.609E-15
4.018E+02  2.509E-25  2.674E-15
3.981E+02  2.595E-25  2.740E-15
3.945E+02  2.684E-25  2.808E-15
3.908E+02  2.776E-25  2.878E-15
3.873E+02  2.871E-25  2.949E-15
3.837E+02  2.969E-25  3.022E-15
3.802E+02  3.070E-25  3.096E-15
3.767E+02  3.174E-25  3.171E-15
3.733E+02  3.281E-25  3.248E-15
3.698E+02  3.391E-25  3.327E-15
3.664E+02  3.505E-25  3.407E-15
3.631E+02  3.622E-25  3.489E-15
3.597E+02  3.743E-25  3.572E-15
3.565E+02  3.868E-25  3.657E-15
3.532E+02  3.996E-25  3.744E-15
3.499E+02  4.128E-25  3.832E-15
3.467E+02  4.264E-25  3.922E-15
3.436E+02  4.404E-25  4.014E-15
3.404E+02  4.548E-25  4.107E-15
3.373E+02  4.697E-25  4.202E-15
3.342E+02  4.849E-25  4.299E-15
3.311E+02  5.006E-25  4.397E-15
3.281E+02  5.167E-25  4.497E-15
3.251E+02  5.333E-25  4.599E-15
3.221E+02  5.504E-25  4.703E-15
3.192E+02  5.679E-25  4.808E-15
3.162E+02  5.860E-25  4.915E-15
3.133E+02  6.045E-25  5.024E-15
3.105E+02  6.235E-25  5.134E-15
3.076E+02  6.430E-25  5.247E-15
3.048E+02  6.630E-25  5.361E-15
3.020E+02  6.836E-25  5.476E-15
2.992E+02  7.048E-25  5.594E-15
2.965E+02  7.264E-25  5.713E-15
2.938E+02  7.486E-25  5.834E-15
2.911E+02  7.714E-25  5.956E-15
2.884E+02  7.948E-25  6.080E-15
2.858E+02  8.188E-25  6.206E-15
2.831E+02  8.433E-25  6.334E-15
2.805E+02  8.685E-25  6.463E-15
2.780E+02  8.942E-25  6.594E-15
2.754E+02  9.206E-25  6.726E-15
2.729E+02  9.477E-25  6.860E-15
2.704E+02  9.755E-25  6.997E-15
2.679E+02  1.004E-24  7.134E-15
2.655E+02  1.033E-24  7.274E-15
2.630E+02  1.063E-24  7.415E-15
2.606E+02  1.093E-24  7.557E-15
2.582E+02  1.124E-24  7.701E-15
2.559E+02  1.156E-24  7.845E-15
2.535E+02  1.188E-24  7.990E-15
2.512E+02  1.221E-24  8.135E-15
2.489E+02  1.254E-24  8.277E-15
2.466E+02  1.287E-24  8.417E-15
2.443E+02  1.320E-24  8.556E-15
2.421E+02  1.354E-24  8.694E-15
2.399E+02  1.388E-24  8.832E-15
2.377E+02  1.422E-24  8.966E-15
2.355E+02  1.457E-24  9.101E-15
2.333E+02  1.492E-24  9.235E-15
2.312E+02  1.528E-24  9.370E-15
2.291E+02  1.564E-24  9.504E-15
2.270E+02  1.601E-24  9.638E-15
2.249E+02  1.638E-24  9.773E-15
2.228E+02  1.676E-24  9.906E-15
2.208E+02  1.714E-24  1.004E-14
2.188E+02  1.753E-24  1.017E-14
2.168E+02  1.792E-24  1.031E-14
2.148E+02  1.832E-24  1.044E-14
2.128E+02  1.872E-24  1.057E-14
2.109E+02  1.913E-24  1.070E-14
2.089E+02  1.954E-24  1.083E-14
2.070E+02  1.995E-24  1.096E-14
2.051E+02  2.037E-24  1.108E-14
2.032E+02  2.080E-24  1.121E-14
2.014E+02  2.122E-24  1.134E-14
1.995E+02  2.165E-24  1.146E-14
1.977E+02  2.209E-24  1.158E-14
1.959E+02  2.252E-24  1.170E-14
1.941E+02  2.296E-24  1.182E-14
1.923E+02  2.341E-24  1.194E-14
1.905E+02  2.386E-24  1.206E-14
1.888E+02  2.430E-24  1.217E-14
1.871E+02  2.476E-24  1.228E-14
1.854E+02  2.521E-24  1.240E-14
1.837E+02  2.567E-24  1.250E-14
1.820E+02  2.613E-24  1.261E-14
1.803E+02  2.659E-24  1.272E-14
1.786E+02  2.706E-24  1.282E-14
1.770E+02  2.752E-24  1.292E-14
1.754E+02  2.799E-24  1.302E-14
1.738E+02  2.846E-24  1.312E-14
1.722E+02  2.893E-24  1.322E-14
1.706E+02  2.941E-24  1.331E-14
1.690E+02  2.988E-24  1.340E-14
1.675E+02  3.036E-24  1.349E-14
1.660E+02  3.084E-24  1.358E-14
1.644E+02  3.133E-24  1.366E-14
1.629E+02  3.181E-24  1.375E-14
1.614E+02  3.230E-24  1.383E-14
1.600E+02  3.279E-24  1.391E-14
1.585E+02  3.328E-24  1.399E-14
1.570E+02  3.378E-24  1.407E-14
1.556E+02  3.427E-24  1.415E-14
1.542E+02  3.478E-24  1.422E-14
1.528E+02  3.528E-24  1.430E-14
1.514E+02  3.579E-24  1.437E-14
1.500E+02  3.629E-24  1.444E-14
1.486E+02  3.680E-24  1.451E-14
1.472E+02  3.730E-24  1.457E-14
1.459E+02  3.779E-24  1.463E-14
1.445E+02  3.827E-24  1.467E-14
1.432E+02  3.871E-24  1.471E-14
1.419E+02  3.912E-24  1.473E-14
1.406E+02  3.947E-24  1.472E-14
1.393E+02  3.976E-24  1.469E-14
1.380E+02  3.999E-24  1.464E-14
1.368E+02  4.015E-24  1.457E-14
1.355E+02  4.026E-24  1.447E-14
1.343E+02  4.032E-24  1.436E-14
1.330E+02  4.036E-24  1.424E-14
1.318E+02  4.038E-24  1.412E-14
1.306E+02  4.039E-24  1.399E-14
1.294E+02  4.039E-24  1.387E-14
1.282E+02  4.039E-24  1.374E-14
1.271E+02  4.039E-24  1.361E-14
1.259E+02  4.039E-24  1.349E-14
1.247E+02  4.038E-24  1.336E-14
1.236E+02  4.038E-24  1.324E-14
1.225E+02  4.038E-24  1.312E-14
1.213E+02  4.037E-24  1.299E-14
1.202E+02  4.036E-24  1.287E-14
1.191E+02  4.035E-24  1.275E-14
1.180E+02  4.033E-24  1.263E-14
1.169E+02  4.030E-24  1.250E-14
1.159E+02  4.026E-24  1.238E-14
1.148E+02  4.022E-24  1.225E-14
1.138E+02  4.017E-24  1.212E-14
1.127E+02  4.011E-24  1.199E-14
1.117E+02  4.005E-24  1.187E-14
1.107E+02  3.998E-24  1.173E-14
1.096E+02  3.989E-24  1.160E-14
1.086E+02  3.980E-24  1.147E-14
1.076E+02  3.970E-24  1.134E-14
1.067E+02  3.958E-24  1.120E-14
1.057E+02  3.946E-24  1.106E-14
1.047E+02  3.932E-24  1.092E-14
1.038E+02  3.917E-24  1.078E-14
1.028E+02  3.901E-24  1.064E-14
1.019E+02  3.884E-24  1.049E-14
1.009E+02  3.865E-24  1.035E-14
1.000E+02  3.846E-24  1.020E-14
9.908E+01  3.825E-24  1.005E-14
9.817E+01  3.802E-24  9.902E-15
9.727E+01  3.779E-24  9.750E-15
9.638E+01  3.754E-24  9.597E-15
9.550E+01  3.728E-24  9.443E-15
9.462E+01  3.700E-24  9.288E-15
9.376E+01  3.672E-24  9.131E-15
9.290E+01  3.642E-24  8.974E-15
9.204E+01  3.611E-24  8.816E-15
9.120E+01  3.579E-24  8.657E-15
9.036E+01  3.545E-24  8.498E-15
8.954E+01  3.511E-24  8.339E-15
8.872E+01  3.476E-24  8.179E-15
8.790E+01  3.440E-24  8.020E-15
8.710E+01  3.403E-24  7.861E-15
8.630E+01  3.365E-24  7.702E-15
8.551E+01  3.326E-24  7.543E-15
8.472E+01  3.286E-24  7.385E-15
8.395E+01  3.246E-24  7.227E-15
8.318E+01  3.204E-24  7.070E-15
8.241E+01  3.163E-24  6.914E-15
8.166E+01  3.120E-24  6.758E-15
8.091E+01  3.077E-24  6.604E-15
8.017E+01  3.033E-24  6.450E-15
7.943E+01  2.989E-24  6.298E-15
7.870E+01  2.944E-24  6.146E-15
7.798E+01  2.899E-24  5.996E-15
7.727E+01  2.853E-24  5.847E-15
7.656E+01  2.807E-24  5.700E-15
7.586E+01  2.760E-24  5.554E-15
7.516E+01  2.714E-24  5.410E-15
7.447E+01  2.666E-24  5.268E-15
7.379E+01  2.619E-24  5.127E-15
7.311E+01  2.572E-24  4.988E-15
7.244E+01  2.524E-24  4.850E-15
7.178E+01  2.477E-24  4.715E-15
7.112E+01  2.429E-24  4.582E-15
7.047E+01  2.381E-24  4.451E-15
6.982E+01  2.334E-24  4.323E-15
6.918E+01  2.287E-24  4.196E-15
6.855E+01  2.240E-24  4.072E-15
6.792E+01  2.193E-24  3.950E-15
6.730E+01  2.146E-24  3.831E-15
6.668E+01  2.099E-24  3.713E-15
6.607E+01  2.053E-24  3.599E-15
6.546E+01  2.008E-24  3.486E-15
6.486E+01  1.962E-24  3.376E-15
6.427E+01  1.917E-24  3.269E-15
6.368E+01  1.873E-24  3.164E-15
6.310E+01  1.829E-24  3.061E-15
6.252E+01  1.786E-24  2.961E-15
6.194E+01  1.743E-24  2.864E-15
6.138E+01  1.701E-24  2.769E-15
6.081E+01  1.659E-24  2.677E-15
6.026E+01  1.618E-24  2.587E-15
5.970E+01  1.578E-24  2.499E-15
5.916E+01  1.538E-24  2.414E-15
5.861E+01  1.500E-24  2.331E-15
5.808E+01  1.461E-24  2.251E-15
5.754E+01  1.424E-24  2.173E-15
5.702E+01  1.387E-24  2.098E-15
5.649E+01  1.351E-24  2.025E-15
5.598E+01  1.316E-24  1.954E-15
5.546E+01  1.282E-24  1.886E-15
5.495E+01  1.248E-24  1.819E-15
5.445E+01  1.215E-24  1.755E-15
5.395E+01  1.183E-24  1.693E-15
5.346E+01  1.152E-24  1.634E-15
5.297E+01  1.122E-24  1.576E-15
5.248E+01  1.092E-24  1.520E-15
5.200E+01  1.063E-24  1.467E-15
5.152E+01  1.035E-24  1.415E-15
5.105E+01  1.008E-24  1.365E-15
5.058E+01  9.818E-25  1.317E-15
5.012E+01  9.562E-25  1.271E-15
4.966E+01  9.313E-25  1.227E-15
4.920E+01  9.072E-25  1.184E-15
4.875E+01  8.839E-25  1.143E-15
4.831E+01  8.613E-25  1.104E-15
4.786E+01  8.395E-25  1.066E-15
4.742E+01  8.183E-25  1.029E-15
4.699E+01  7.979E-25  9.945E-16
4.656E+01  7.781E-25  9.609E-16
4.613E+01  7.590E-25  9.287E-16
4.571E+01  7.405E-25  8.978E-16
4.529E+01  7.226E-25  8.681E-16
4.487E+01  7.054E-25  8.397E-16
4.446E+01  6.888E-25  8.124E-16
4.406E+01  6.727E-25  7.861E-16
4.365E+01  6.571E-25  7.609E-16
4.325E+01  6.421E-25  7.367E-16
4.285E+01  6.276E-25  7.135E-16
4.246E+01  6.136E-25  6.911E-16
4.207E+01  6.000E-25  6.696E-16
4.169E+01  5.869E-25  6.490E-16
4.130E+01  5.742E-25  6.291E-16
4.093E+01  5.619E-25  6.100E-16
4.055E+01  5.499E-25  5.915E-16
4.018E+01  5.384E-25  5.738E-16
3.981E+01  5.271E-25  5.566E-16
3.945E+01  5.162E-25  5.401E-16
3.908E+01  5.055E-25  5.241E-16
3.873E+01  4.952E-25  5.087E-16
3.837E+01  4.851E-25  4.937E-16
3.802E+01  4.752E-25  4.793E-16
3.767E+01  4.656E-25  4.652E-16
3.733E+01  4.562E-25  4.516E-16
3.698E+01  4.469E-25  4.384E-16
3.664E+01  4.379E-25  4.256E-16
3.631E+01  4.290E-25  4.132E-16
3.597E+01  4.203E-25  4.011E-16
3.565E+01  4.118E-25  3.894E-16
3.532E+01  4.034E-25  3.780E-16
3.499E+01  3.952E-25  3.669E-16
3.467E+01  3.871E-25  3.561E-16
3.436E+01  3.792E-25  3.456E-16
3.404E+01  3.714E-25  3.354E-16
3.373E+01  3.638E-25  3.255E-16
3.342E+01  3.563E-25  3.158E-16
3.311E+01  3.489E-25  3.065E-16
3.281E+01  3.417E-25  2.974E-16
3.251E+01  3.347E-25  2.886E-16
3.221E+01  3.278E-25  2.801E-16
3.192E+01  3.210E-25  2.718E-16
3.162E+01  3.144E-25  2.638E-16
3.133E+01  3.080E-25  2.560E-16
3.105E+01  3.017E-25  2.485E-16
3.076E+01  2.956E-25  2.412E-16
3.048E+01  2.897E-25  2.342E-16
3.020E+01  2.839E-25  2.274E-16
2.992E+01  2.783E-25  2.209E-16
2.965E+01  2.729E-25  2.146E-16
2.938E+01  2.676E-25  2.086E-16
2.911E+01  2.626E-25  2.027E-16
2.884E+01  2.576E-25  1.971E-16
2.858E+01  2.529E-25  1.917E-16
2.831E+01  2.483E-25  1.865E-16
2.805E+01  2.439E-25  1.815E-16
2.780E+01  2.397E-25  1.768E-16
2.754E+01  2.356E-25  1.722E-16
2.729E+01  2.317E-25  1.677E-16
2.704E+01  2.280E-25  1.635E-16
2.679E+01  2.244E-25  1.595E-16
2.655E+01  2.209E-25  1.556E-16
2.630E+01  2.176E-25  1.518E-16
2.606E+01  2.145E-25  1.483E-16
2.582E+01  2.114E-25  1.448E-16
2.559E+01  2.085E-25  1.415E-16
2.535E+01  2.058E-25  1.384E-16
2.512E+01  2.031E-25  1.353E-16
2.489E+01  2.006E-25  1.324E-16
2.466E+01  1.981E-25  1.296E-16
2.443E+01  1.958E-25  1.269E-16
2.421E+01  1.936E-25  1.243E-16
2.399E+01  1.914E-25  1.218E-16
2.377E+01  1.894E-25  1.194E-16
2.355E+01  1.874E-25  1.171E-16
2.333E+01  1.855E-25  1.148E-16
2.312E+01  1.837E-25  1.127E-16
2.291E+01  1.820E-25  1.106E-16
2.270E+01  1.804E-25  1.086E-16
2.249E+01  1.788E-25  1.067E-16
2.228E+01  1.773E-25  1.048E-16
2.208E+01  1.759E-25  1.030E-16
2.188E+01  1.745E-25  1.013E-16
2.168E+01  1.732E-25  9.957E-17
2.148E+01  1.719E-25  9.793E-17
2.128E+01  1.707E-25  9.634E-17
2.109E+01  1.695E-25  9.481E-17
2.089E+01  1.684E-25  9.333E-17
2.070E+01  1.674E-25  9.190E-17
2.051E+01  1.663E-25  9.051E-17
2.032E+01  1.654E-25  8.918E-17
2.014E+01  1.646E-25  8.794E-17
1.995E+01  1.639E-25  8.677E-17
1.977E+01  1.634E-25  8.569E-17
1.959E+01  1.631E-25  8.475E-17
1.941E+01  1.634E-25  8.410E-17
1.923E+01  1.650E-25  8.419E-17
1.905E+01  1.711E-25  8.646E-17
1.888E+01  1.757E-25  8.797E-17
1.871E+01  1.667E-25  8.272E-17
1.854E+01  1.634E-25  8.032E-17
1.837E+01  1.632E-25  7.950E-17
1.820E+01  1.651E-25  7.967E-17
1.803E+01  1.704E-25  8.148E-17
1.786E+01  1.801E-25  8.534E-17
1.770E+01  1.805E-25  8.477E-17
1.754E+01  1.901E-25  8.844E-17
1.738E+01  2.141E-25  9.871E-17
1.722E+01  2.093E-25  9.559E-17
1.706E+01  2.087E-25  9.444E-17
1.690E+01  2.017E-25  9.045E-17
1.675E+01  1.912E-25  8.495E-17
1.660E+01  1.921E-25  8.459E-17
1.644E+01  2.192E-25  9.563E-17
1.629E+01  1.676E-25  7.242E-17
1.614E+01  1.459E-25  6.246E-17
1.600E+01  1.374E-25  5.829E-17
1.585E+01  1.316E-25  5.532E-17
1.570E+01  1.252E-25  5.217E-17
1.556E+01  1.207E-25  4.983E-17
1.542E+01  1.172E-25  4.794E-17
1.528E+01  1.143E-25  4.631E-17
1.514E+01  1.117E-25  4.486E-17
1.500E+01  1.096E-25  4.359E-17
1.486E+01  1.078E-25  4.248E-17
1.472E+01  1.065E-25  4.161E-17
1.459E+01  1.062E-25  4.109E-17
1.445E+01  1.077E-25  4.129E-17
1.432E+01  1.131E-25  4.297E-17
1.419E+01  1.193E-25  4.492E-17
1.406E+01  1.136E-25  4.237E-17
1.393E+01  1.103E-25  4.077E-17
1.380E+01  1.136E-25  4.160E-17
1.368E+01  1.229E-25  4.458E-17
1.355E+01  1.348E-25  4.845E-17
1.343E+01  1.367E-25  4.868E-17
1.330E+01  1.280E-25  4.517E-17
1.318E+01  1.231E-25  4.304E-17
1.306E+01  1.273E-25  4.411E-17
1.294E+01  1.425E-25  4.891E-17
1.282E+01  1.711E-25  5.821E-17
1.271E+01  2.071E-25  6.979E-17
1.259E+01  2.170E-25  7.247E-17
1.247E+01  1.883E-25  6.231E-17
1.236E+01  1.595E-25  5.228E-17
1.225E+01  1.486E-25  4.828E-17
1.213E+01  1.534E-25  4.938E-17
1.202E+01  1.611E-25  5.137E-17
1.191E+01  1.537E-25  4.858E-17
1.180E+01  1.385E-25  4.335E-17
1.169E+01  1.336E-25  4.144E-17
1.159E+01  1.489E-25  4.576E-17
1.148E+01  1.963E-25  5.980E-17
1.138E+01  2.755E-25  8.314E-17
1.127E+01  3.601E-25  1.077E-16
1.117E+01  2.531E-25  7.499E-17
1.107E+01  1.320E-25  3.875E-17
1.096E+01  9.181E-26  2.670E-17
1.086E+01  7.324E-26  2.111E-17
1.076E+01  6.336E-26  1.809E-17
1.067E+01  5.745E-26  1.625E-17
1.057E+01  5.240E-26  1.469E-17
1.047E+01  4.900E-26  1.361E-17
1.038E+01  4.666E-26  1.284E-17
1.028E+01  4.495E-26  1.226E-17
1.019E+01  4.365E-26  1.179E-17
1.009E+01  4.268E-26  1.143E-17
1.000E+01  4.201E-26  1.114E-17
9.908E+00  4.159E-26  1.093E-17
9.817E+00  4.143E-26  1.079E-17
9.727E+00  4.149E-26  1.071E-17
9.638E+00  4.180E-26  1.069E-17
9.550E+00  4.234E-26  1.073E-17
9.462E+00  4.314E-26  1.083E-17
9.376E+00  4.425E-26  1.101E-17
9.290E+00  4.579E-26  1.128E-17
9.204E+00  4.793E-26  1.170E-17
9.120E+00  5.099E-26  1.233E-17
9.036E+00  5.551E-26  1.330E-17
8.954E+00  6.245E-26  1.483E-17
8.872E+00  7.359E-26  1.732E-17
8.790E+00  9.195E-26  2.144E-17
8.710E+00  1.199E-25  2.770E-17
8.630E+00  1.454E-25  3.328E-17
8.551E+00  1.408E-25  3.194E-17
8.472E+00  1.215E-25  2.731E-17
8.395E+00  1.115E-25  2.482E-17
8.318E+00  1.102E-25  2.431E-17
8.241E+00  1.142E-25  2.497E-17
8.166E+00  1.253E-25  2.714E-17
8.091E+00  1.468E-25  3.151E-17
8.017E+00  1.811E-25  3.851E-17
7.943E+00  2.255E-25  4.751E-17
7.870E+00  2.632E-25  5.496E-17
7.798E+00  2.748E-25  5.684E-17
7.727E+00  2.738E-25  5.611E-17
7.656E+00  2.796E-25  5.679E-17
7.586E+00  2.696E-25  5.426E-17
7.516E+00  2.246E-25  4.479E-17
7.447E+00  1.753E-25  3.463E-17
7.379E+00  1.393E-25  2.727E-17
7.311E+00  1.145E-25  2.220E-17
7.244E+00  9.639E-26  1.852E-17
7.178E+00  8.264E-26  1.574E-17
7.112E+00  7.212E-26  1.361E-17
7.047E+00  6.430E-26  1.202E-17
6.982E+00  5.893E-26  1.091E-17
6.918E+00  5.582E-26  1.024E-17
6.855E+00  5.475E-26  9.955E-18
6.792E+00  5.509E-26  9.925E-18
6.730E+00  5.546E-26  9.899E-18
6.668E+00  5.430E-26  9.604E-18
6.607E+00  5.164E-26  9.050E-18
6.546E+00  4.944E-26  8.585E-18
6.486E+00  5.012E-26  8.623E-18
6.427E+00  5.635E-26  9.606E-18
6.368E+00  7.310E-26  1.235E-17
6.310E+00  1.107E-25  1.853E-17
6.252E+00  1.714E-25  2.842E-17
6.194E+00  1.726E-25  2.836E-17
6.138E+00  1.069E-25  1.740E-17
6.081E+00  6.333E-26  1.022E-17
6.026E+00  4.196E-26  6.706E-18
5.970E+00  3.113E-26  4.930E-18
5.916E+00  2.547E-26  3.997E-18
5.861E+00  2.293E-26  3.565E-18
5.808E+00  2.303E-26  3.547E-18
5.754E+00  2.574E-26  3.929E-18
5.702E+00  2.761E-26  4.175E-18
5.649E+00  2.319E-26  3.474E-18
5.598E+00  1.759E-26  2.612E-18
5.546E+00  1.415E-26  2.082E-18
5.495E+00  1.232E-26  1.795E-18
5.445E+00  1.151E-26  1.662E-18
5.395E+00  1.160E-26  1.660E-18
5.346E+00  1.282E-26  1.818E-18
5.297E+00  1.484E-26  2.085E-18
5.248E+00  1.447E-26  2.014E-18
5.200E+00  1.146E-26  1.581E-18
5.152E+00  9.131E-27  1.248E-18
5.105E+00  7.780E-27  1.054E-18
5.058E+00  6.965E-27  9.346E-19
5.012E+00  6.427E-27  8.544E-19
4.966E+00  6.040E-27  7.956E-19
4.920E+00  5.744E-27  7.496E-19
4.875E+00  5.506E-27  7.121E-19
4.831E+00  5.309E-27  6.803E-19
4.786E+00  5.142E-27  6.528E-19
4.742E+00  4.997E-27  6.287E-19
4.699E+00  4.871E-27  6.071E-19
4.656E+00  4.758E-27  5.876E-19
4.613E+00  4.658E-27  5.699E-19
4.571E+00  4.567E-27  5.537E-19
4.529E+00  4.485E-27  5.388E-19
4.487E+00  4.411E-27  5.250E-19
4.446E+00  4.343E-27  5.122E-19
4.406E+00  4.281E-27  5.003E-19
4.365E+00  4.225E-27  4.892E-19
4.325E+00  4.173E-27  4.788E-19
4.285E+00  4.126E-27  4.691E-19
4.246E+00  4.084E-27  4.600E-19
4.207E+00  4.045E-27  4.515E-19
4.169E+00  4.011E-27  4.435E-19
4.130E+00  3.980E-27  4.360E-19
4.093E+00  3.952E-27  4.290E-19
4.055E+00  3.929E-27  4.226E-19
4.018E+00  3.909E-27  4.166E-19
3.981E+00  3.894E-27  4.112E-19
3.945E+00  3.883E-27  4.063E-19
3.908E+00  3.878E-27  4.020E-19
3.873E+00  3.878E-27  3.984E-19
3.837E+00  3.886E-27  3.955E-19
3.802E+00  3.902E-27  3.935E-19
3.767E+00  3.928E-27  3.925E-19
3.733E+00  3.967E-27  3.928E-19
3.698E+00  4.024E-27  3.947E-19
3.664E+00  4.103E-27  3.988E-19
3.631E+00  4.212E-27  4.057E-19
3.597E+00  4.367E-27  4.167E-19
3.565E+00  4.587E-27  4.337E-19
3.532E+00  4.909E-27  4.599E-19
3.499E+00  5.401E-27  5.013E-19
3.467E+00  6.193E-27  5.696E-19
3.436E+00  7.581E-27  6.908E-19
3.404E+00  1.032E-26  9.317E-19
3.373E+00  1.686E-26  1.508E-18
3.342E+00  3.853E-26  3.415E-18
3.311E+00  1.461E-25  1.283E-17
3.281E+00  9.990E-26  8.694E-18
3.251E+00  2.854E-26  2.461E-18
3.221E+00  1.362E-26  1.164E-18
3.192E+00  8.683E-27  7.351E-19
3.162E+00  6.502E-27  5.454E-19
3.133E+00  5.355E-27  4.451E-19
3.105E+00  4.678E-27  3.852E-19
3.076E+00  4.244E-27  3.463E-19
3.048E+00  3.948E-27  3.191E-19
3.020E+00  3.735E-27  2.992E-19
2.992E+00  3.575E-27  2.838E-19
2.965E+00  3.452E-27  2.715E-19
2.938E+00  3.354E-27  2.613E-19
2.911E+00  3.273E-27  2.527E-19
2.884E+00  3.206E-27  2.452E-19
2.858E+00  3.148E-27  2.386E-19
2.831E+00  3.098E-27  2.326E-19
2.805E+00  3.053E-27  2.272E-19
2.780E+00  3.013E-27  2.222E-19
2.754E+00  2.977E-27  2.175E-19
2.729E+00  2.943E-27  2.130E-19
2.704E+00  2.912E-27  2.088E-19
2.679E+00  2.882E-27  2.048E-19
2.655E+00  2.854E-27  2.010E-19
2.630E+00  2.828E-27  1.973E-19
2.606E+00  2.802E-27  1.937E-19
2.582E+00  2.777E-27  1.902E-19
2.559E+00  2.753E-27  1.869E-19
2.535E+00  2.730E-27  1.836E-19
2.512E+00  2.706E-27  1.803E-19
2.489E+00  2.684E-27  1.772E-19
2.466E+00  2.661E-27  1.740E-19
2.443E+00  2.638E-27  1.710E-19
2.421E+00  2.615E-27  1.679E-19
2.399E+00  2.593E-27  1.650E-19
2.377E+00  2.571E-27  1.621E-19
2.355E+00  2.549E-27  1.592E-19
2.333E+00  2.527E-27  1.564E-19
2.312E+00  2.505E-27  1.536E-19
2.291E+00  2.483E-27  1.509E-19
2.270E+00  2.461E-27  1.482E-19
2.249E+00  2.439E-27  1.455E-19
2.228E+00  2.416E-27  1.428E-19
2.208E+00  2.393E-27  1.402E-19
2.188E+00  2.370E-27  1.375E-19
2.168E+00  2.345E-27  1.348E-19
2.148E+00  2.320E-27  1.322E-19
2.128E+00  2.293E-27  1.294E-19
2.109E+00  2.265E-27  1.267E-19
2.089E+00  2.234E-27  1.238E-19
2.070E+00  2.201E-27  1.209E-19
2.051E+00  2.165E-27  1.178E-19
2.032E+00  2.125E-27  1.145E-19
2.014E+00  2.079E-27  1.111E-19
1.995E+00  2.028E-27  1.073E-19
1.977E+00  1.971E-27  1.033E-19
1.959E+00  1.909E-27  9.920E-20
1.941E+00  1.849E-27  9.522E-20
1.923E+00  1.803E-27  9.195E-20
1.905E+00  1.780E-27  8.999E-20
1.888E+00  1.787E-27  8.949E-20
1.871E+00  1.814E-27  9.002E-20
1.854E+00  1.848E-27  9.086E-20
1.837E+00  1.878E-27  9.149E-20
1.820E+00  1.900E-27  9.173E-20
1.803E+00  1.914E-27  9.156E-20
1.786E+00  1.921E-27  9.105E-20
1.770E+00  1.923E-27  9.029E-20
1.754E+00  1.920E-27  8.935E-20
1.738E+00  1.915E-27  8.828E-20
1.722E+00  1.907E-27  8.712E-20
1.706E+00  1.898E-27  8.591E-20
1.690E+00  1.888E-27  8.466E-20
1.675E+00  1.877E-27  8.341E-20
1.660E+00  1.866E-27  8.215E-20
1.644E+00  1.855E-27  8.090E-20
1.629E+00  1.843E-27  7.967E-20
1.614E+00  1.832E-27  7.846E-20
1.600E+00  1.822E-27  7.729E-20
1.585E+00  1.811E-27  7.616E-20
1.570E+00  1.802E-27  7.507E-20
1.556E+00  1.794E-27  7.405E-20
1.542E+00  1.787E-27  7.308E-20
1.528E+00  1.782E-27  7.220E-20
1.514E+00  1.778E-27  7.139E-20
1.500E+00  1.777E-27  7.068E-20
1.486E+00  1.778E-27  7.008E-20
1.472E+00  1.782E-27  6.959E-20
1.459E+00  1.790E-27  6.925E-20
1.445E+00  1.802E-27  6.907E-20
1.432E+00  1.819E-27  6.909E-20
1.419E+00  1.842E-27  6.932E-20
1.406E+00  1.872E-27  6.982E-20
1.393E+00  1.911E-27  7.062E-20
1.380E+00  1.961E-27  7.180E-20
1.368E+00  2.023E-27  7.340E-20
1.355E+00  2.100E-27  7.550E-20
1.343E+00  2.194E-27  7.815E-20
1.330E+00  2.306E-27  8.137E-20
1.318E+00  2.433E-27  8.508E-20
1.306E+00  2.569E-27  8.901E-20
1.294E+00  2.698E-27  9.262E-20
1.282E+00  2.794E-27  9.502E-20
1.271E+00  2.825E-27  9.520E-20
1.259E+00  2.768E-27  9.243E-20
1.247E+00  2.625E-27  8.685E-20
1.236E+00  2.423E-27  7.944E-20
1.225E+00  2.201E-27  7.150E-20
1.213E+00  1.990E-27  6.406E-20
1.202E+00  1.808E-27  5.765E-20
1.191E+00  1.659E-27  5.242E-20
1.180E+00  1.544E-27  4.833E-20
1.169E+00  1.459E-27  4.525E-20
1.159E+00  1.401E-27  4.305E-20
1.148E+00  1.368E-27  4.166E-20
1.138E+00  1.360E-27  4.105E-20
1.127E+00  1.381E-27  4.128E-20
1.117E+00  1.435E-27  4.251E-20
1.107E+00  1.534E-27  4.503E-20
1.096E+00  1.695E-27  4.930E-20
1.086E+00  1.945E-27  5.604E-20
1.076E+00  2.308E-27  6.590E-20
1.067E+00  2.765E-27  7.823E-20
1.057E+00  3.133E-27  8.784E-20
1.047E+00  3.077E-27  8.548E-20
1.038E+00  2.566E-27  7.062E-20
1.028E+00  1.959E-27  5.342E-20
1.019E+00  1.487E-27  4.017E-20
1.009E+00  1.166E-27  3.121E-20
1.000E+00  9.527E-28  2.527E-20
