Dust emission from Draine & Li (2007): ApJ 657, 810-837
================================================================
         4 = grain model
 4.000E-08 4.000E-01 2.250E-05 = a_01 (cm) , sigma_1 , b_C1/0.92
 2.500E-07 4.000E-01 7.500E-06 = a_02 (cm) , sigma_2 , b_C2/0.92
 1.200E+00 1.000E+05 2.000E+00 = Umin , Umax, beta (dN/dU propto U^{-beta})
 1.360E+01 = <U> 
     mmp83 = radfield
 6.056E-23 = power/H (erg s-1)
 band   nu*P_nu(band) j_nu(band)
 (um)   (erg s-1 H-1)(Jy cm2 sr-1 H-1)
1.270E+00  1.263E-25  4.254E-18 COBE-DIRBE
2.220E+00  1.605E-25  9.454E-18 COBE-DIRBE
3.530E+00  1.082E-24  1.013E-16 COBE-DIRBE
4.880E+00  5.169E-25  6.691E-17 COBE-DIRBE
1.229E+01  6.445E-24  2.101E-15 COBE-DIRBE
2.079E+01  1.246E-23  6.873E-15 COBE-DIRBE
5.599E+01  2.878E-23  4.274E-14 COBE-DIRBE
9.770E+01  1.806E-23  4.681E-14 COBE-DIRBE
1.479E+02  9.888E-24  3.879E-14 COBE-DIRBE
2.479E+02  2.609E-24  1.715E-14 COBE-DIRBE
1.200E+01  6.381E-24  2.031E-15 IRAS
2.500E+01  1.640E-23  1.088E-14 IRAS
6.000E+01  2.783E-23  4.429E-14 IRAS
1.000E+02  1.753E-23  4.650E-14 IRAS
3.550E+00  1.259E-24  1.185E-16 SST-IRAC
4.493E+00  3.564E-25  4.247E-17 SST-IRAC
5.731E+00  3.226E-24  4.905E-16 SST-IRAC
7.872E+00  8.364E-24  1.746E-15 SST-IRAC
2.368E+01  1.523E-23  9.565E-15 SST-MIPS
7.142E+01  2.212E-23  4.191E-14 SST-MIPS
1.559E+02  8.291E-24  3.429E-14 SST-MIPS
1.600E+01  7.175E-24  3.045E-15 SST-IRSPU
2.200E+01  1.459E-23  8.515E-15 SST-IRSPU











lambda    nu*dP/dnu     j_nu
 (um)   (erg s-1 H-1)(Jy cm2 sr-1 H-1)
1.000E+04  6.691E-31  1.775E-19
9.908E+03  6.936E-31  1.823E-19
9.817E+03  7.190E-31  1.872E-19
9.727E+03  7.453E-31  1.923E-19
9.638E+03  7.726E-31  1.975E-19
9.550E+03  8.009E-31  2.029E-19
9.462E+03  8.302E-31  2.084E-19
9.376E+03  8.606E-31  2.140E-19
9.290E+03  8.921E-31  2.198E-19
9.204E+03  9.248E-31  2.258E-19
9.120E+03  9.587E-31  2.319E-19
9.036E+03  9.938E-31  2.382E-19
8.954E+03  1.030E-30  2.446E-19
8.872E+03  1.068E-30  2.512E-19
8.790E+03  1.106E-30  2.580E-19
8.710E+03  1.147E-30  2.650E-19
8.630E+03  1.189E-30  2.721E-19
8.551E+03  1.232E-30  2.795E-19
8.472E+03  1.277E-30  2.870E-19
8.395E+03  1.324E-30  2.948E-19
8.318E+03  1.372E-30  3.028E-19
8.241E+03  1.422E-30  3.110E-19
8.166E+03  1.475E-30  3.194E-19
8.091E+03  1.529E-30  3.281E-19
8.017E+03  1.585E-30  3.370E-19
7.943E+03  1.643E-30  3.461E-19
7.870E+03  1.703E-30  3.556E-19
7.798E+03  1.766E-30  3.652E-19
7.727E+03  1.831E-30  3.752E-19
7.656E+03  1.898E-30  3.854E-19
7.586E+03  1.968E-30  3.960E-19
7.516E+03  2.040E-30  4.068E-19
7.447E+03  2.115E-30  4.179E-19
7.379E+03  2.193E-30  4.293E-19
7.311E+03  2.274E-30  4.411E-19
7.244E+03  2.358E-30  4.532E-19
7.178E+03  2.445E-30  4.656E-19
7.112E+03  2.536E-30  4.784E-19
7.047E+03  2.630E-30  4.915E-19
6.982E+03  2.727E-30  5.050E-19
6.918E+03  2.828E-30  5.189E-19
6.855E+03  2.932E-30  5.332E-19
6.792E+03  3.041E-30  5.478E-19
6.730E+03  3.153E-30  5.629E-19
6.668E+03  3.270E-30  5.784E-19
6.607E+03  3.391E-30  5.943E-19
6.546E+03  3.517E-30  6.107E-19
6.486E+03  3.648E-30  6.276E-19
6.427E+03  3.783E-30  6.449E-19
6.368E+03  3.924E-30  6.628E-19
6.310E+03  4.070E-30  6.811E-19
6.252E+03  4.221E-30  7.000E-19
6.194E+03  4.378E-30  7.194E-19
6.138E+03  4.542E-30  7.394E-19
6.081E+03  4.711E-30  7.599E-19
6.026E+03  4.887E-30  7.811E-19
5.970E+03  5.069E-30  8.028E-19
5.916E+03  5.258E-30  8.251E-19
5.861E+03  5.455E-30  8.481E-19
5.808E+03  5.659E-30  8.718E-19
5.754E+03  5.871E-30  8.961E-19
5.702E+03  6.091E-30  9.212E-19
5.649E+03  6.319E-30  9.469E-19
5.598E+03  6.556E-30  9.734E-19
5.546E+03  6.802E-30  1.001E-18
5.495E+03  7.057E-30  1.029E-18
5.445E+03  7.322E-30  1.058E-18
5.395E+03  7.598E-30  1.087E-18
5.346E+03  7.883E-30  1.118E-18
5.297E+03  8.180E-30  1.149E-18
5.248E+03  8.488E-30  1.182E-18
5.200E+03  8.808E-30  1.215E-18
5.152E+03  9.140E-30  1.249E-18
5.105E+03  9.484E-30  1.284E-18
5.058E+03  9.842E-30  1.321E-18
5.012E+03  1.021E-29  1.358E-18
4.966E+03  1.060E-29  1.396E-18
4.920E+03  1.100E-29  1.436E-18
4.875E+03  1.142E-29  1.476E-18
4.831E+03  1.185E-29  1.518E-18
4.786E+03  1.230E-29  1.561E-18
4.742E+03  1.276E-29  1.605E-18
4.699E+03  1.324E-29  1.651E-18
4.656E+03  1.375E-29  1.698E-18
4.613E+03  1.427E-29  1.746E-18
4.571E+03  1.481E-29  1.796E-18
4.529E+03  1.537E-29  1.847E-18
4.487E+03  1.596E-29  1.899E-18
4.446E+03  1.656E-29  1.954E-18
4.406E+03  1.719E-29  2.009E-18
4.365E+03  1.785E-29  2.067E-18
4.325E+03  1.853E-29  2.126E-18
4.285E+03  1.924E-29  2.187E-18
4.246E+03  1.997E-29  2.249E-18
4.207E+03  2.073E-29  2.314E-18
4.169E+03  2.153E-29  2.380E-18
4.130E+03  2.235E-29  2.449E-18
4.093E+03  2.320E-29  2.519E-18
4.055E+03  2.409E-29  2.591E-18
4.018E+03  2.502E-29  2.666E-18
3.981E+03  2.597E-29  2.743E-18
3.945E+03  2.697E-29  2.822E-18
3.908E+03  2.800E-29  2.903E-18
3.873E+03  2.907E-29  2.987E-18
3.837E+03  3.019E-29  3.073E-18
3.802E+03  3.135E-29  3.161E-18
3.767E+03  3.255E-29  3.253E-18
3.733E+03  3.381E-29  3.347E-18
3.698E+03  3.511E-29  3.444E-18
3.664E+03  3.646E-29  3.544E-18
3.631E+03  3.786E-29  3.647E-18
3.597E+03  3.932E-29  3.753E-18
3.565E+03  4.084E-29  3.862E-18
3.532E+03  4.242E-29  3.974E-18
3.499E+03  4.406E-29  4.090E-18
3.467E+03  4.576E-29  4.209E-18
3.436E+03  4.753E-29  4.332E-18
3.404E+03  4.938E-29  4.458E-18
3.373E+03  5.129E-29  4.589E-18
3.342E+03  5.328E-29  4.723E-18
3.311E+03  5.535E-29  4.861E-18
3.281E+03  5.750E-29  5.004E-18
3.251E+03  5.973E-29  5.151E-18
3.221E+03  6.205E-29  5.302E-18
3.192E+03  6.447E-29  5.458E-18
3.162E+03  6.698E-29  5.618E-18
3.133E+03  6.959E-29  5.784E-18
3.105E+03  7.230E-29  5.954E-18
3.076E+03  7.512E-29  6.130E-18
3.048E+03  7.805E-29  6.310E-18
3.020E+03  8.110E-29  6.497E-18
2.992E+03  8.427E-29  6.689E-18
2.965E+03  8.755E-29  6.886E-18
2.938E+03  9.097E-29  7.089E-18
2.911E+03  9.452E-29  7.298E-18
2.884E+03  9.821E-29  7.513E-18
2.858E+03  1.021E-28  7.735E-18
2.831E+03  1.060E-28  7.964E-18
2.805E+03  1.102E-28  8.200E-18
2.780E+03  1.145E-28  8.443E-18
2.754E+03  1.190E-28  8.694E-18
2.729E+03  1.237E-28  8.952E-18
2.704E+03  1.285E-28  9.218E-18
2.679E+03  1.336E-28  9.492E-18
2.655E+03  1.388E-28  9.775E-18
2.630E+03  1.443E-28  1.007E-17
2.606E+03  1.500E-28  1.037E-17
2.582E+03  1.559E-28  1.068E-17
2.559E+03  1.620E-28  1.099E-17
2.535E+03  1.684E-28  1.132E-17
2.512E+03  1.750E-28  1.166E-17
2.489E+03  1.819E-28  1.201E-17
2.466E+03  1.891E-28  1.237E-17
2.443E+03  1.966E-28  1.274E-17
2.421E+03  2.044E-28  1.312E-17
2.399E+03  2.124E-28  1.352E-17
2.377E+03  2.209E-28  1.392E-17
2.355E+03  2.296E-28  1.434E-17
2.333E+03  2.387E-28  1.477E-17
2.312E+03  2.482E-28  1.522E-17
2.291E+03  2.580E-28  1.568E-17
2.270E+03  2.682E-28  1.615E-17
2.249E+03  2.789E-28  1.664E-17
2.228E+03  2.900E-28  1.714E-17
2.208E+03  3.015E-28  1.766E-17
2.188E+03  3.135E-28  1.819E-17
2.168E+03  3.259E-28  1.874E-17
2.148E+03  3.389E-28  1.931E-17
2.128E+03  3.524E-28  1.989E-17
2.109E+03  3.664E-28  2.050E-17
2.089E+03  3.810E-28  2.112E-17
2.070E+03  3.962E-28  2.176E-17
2.051E+03  4.120E-28  2.242E-17
2.032E+03  4.284E-28  2.310E-17
2.014E+03  4.455E-28  2.380E-17
1.995E+03  4.633E-28  2.452E-17
1.977E+03  4.818E-28  2.526E-17
1.959E+03  5.010E-28  2.603E-17
1.941E+03  5.210E-28  2.682E-17
1.923E+03  5.418E-28  2.764E-17
1.905E+03  5.635E-28  2.848E-17
1.888E+03  5.860E-28  2.935E-17
1.871E+03  6.094E-28  3.024E-17
1.854E+03  6.338E-28  3.116E-17
1.837E+03  6.591E-28  3.211E-17
1.820E+03  6.855E-28  3.309E-17
1.803E+03  7.130E-28  3.410E-17
1.786E+03  7.415E-28  3.514E-17
1.770E+03  7.712E-28  3.621E-17
1.754E+03  8.021E-28  3.732E-17
1.738E+03  8.343E-28  3.846E-17
1.722E+03  8.677E-28  3.963E-17
1.706E+03  9.025E-28  4.084E-17
1.690E+03  9.387E-28  4.209E-17
1.675E+03  9.763E-28  4.338E-17
1.660E+03  1.015E-27  4.470E-17
1.644E+03  1.056E-27  4.607E-17
1.629E+03  1.099E-27  4.748E-17
1.614E+03  1.143E-27  4.893E-17
1.600E+03  1.189E-27  5.043E-17
1.585E+03  1.236E-27  5.197E-17
1.570E+03  1.286E-27  5.356E-17
1.556E+03  1.337E-27  5.520E-17
1.542E+03  1.391E-27  5.689E-17
1.528E+03  1.447E-27  5.863E-17
1.514E+03  1.505E-27  6.043E-17
1.500E+03  1.565E-27  6.227E-17
1.486E+03  1.628E-27  6.418E-17
1.472E+03  1.694E-27  6.615E-17
1.459E+03  1.762E-27  6.818E-17
1.445E+03  1.833E-27  7.027E-17
1.432E+03  1.906E-27  7.242E-17
1.419E+03  1.983E-27  7.464E-17
1.406E+03  2.063E-27  7.693E-17
1.393E+03  2.145E-27  7.928E-17
1.380E+03  2.232E-27  8.171E-17
1.368E+03  2.321E-27  8.422E-17
1.355E+03  2.415E-27  8.680E-17
1.343E+03  2.512E-27  8.946E-17
1.330E+03  2.613E-27  9.220E-17
1.318E+03  2.718E-27  9.503E-17
1.306E+03  2.827E-27  9.794E-17
1.294E+03  2.940E-27  1.009E-16
1.282E+03  3.058E-27  1.040E-16
1.271E+03  3.181E-27  1.072E-16
1.259E+03  3.309E-27  1.105E-16
1.247E+03  3.441E-27  1.139E-16
1.236E+03  3.579E-27  1.174E-16
1.225E+03  3.723E-27  1.209E-16
1.213E+03  3.872E-27  1.246E-16
1.202E+03  4.028E-27  1.284E-16
1.191E+03  4.189E-27  1.324E-16
1.180E+03  4.357E-27  1.364E-16
1.169E+03  4.531E-27  1.406E-16
1.159E+03  4.713E-27  1.449E-16
1.148E+03  4.901E-27  1.493E-16
1.138E+03  5.097E-27  1.538E-16
1.127E+03  5.301E-27  1.585E-16
1.117E+03  5.513E-27  1.633E-16
1.107E+03  5.734E-27  1.683E-16
1.096E+03  5.963E-27  1.734E-16
1.086E+03  6.201E-27  1.787E-16
1.076E+03  6.448E-27  1.841E-16
1.067E+03  6.706E-27  1.897E-16
1.057E+03  6.973E-27  1.955E-16
1.047E+03  7.251E-27  2.014E-16
1.038E+03  7.540E-27  2.075E-16
1.028E+03  7.840E-27  2.138E-16
1.019E+03  8.152E-27  2.203E-16
1.009E+03  8.476E-27  2.269E-16
1.000E+03  8.813E-27  2.338E-16
9.908E+02  9.163E-27  2.408E-16
9.817E+02  9.528E-27  2.481E-16
9.727E+02  9.906E-27  2.556E-16
9.638E+02  1.030E-26  2.633E-16
9.550E+02  1.071E-26  2.713E-16
9.462E+02  1.113E-26  2.794E-16
9.376E+02  1.157E-26  2.879E-16
9.290E+02  1.203E-26  2.965E-16
9.204E+02  1.251E-26  3.054E-16
9.120E+02  1.300E-26  3.146E-16
9.036E+02  1.352E-26  3.240E-16
8.954E+02  1.405E-26  3.338E-16
8.872E+02  1.461E-26  3.437E-16
8.790E+02  1.518E-26  3.540E-16
8.710E+02  1.578E-26  3.646E-16
8.630E+02  1.640E-26  3.754E-16
8.551E+02  1.705E-26  3.866E-16
8.472E+02  1.772E-26  3.981E-16
8.395E+02  1.841E-26  4.099E-16
8.318E+02  1.913E-26  4.221E-16
8.241E+02  1.988E-26  4.346E-16
8.166E+02  2.066E-26  4.475E-16
8.091E+02  2.147E-26  4.607E-16
8.017E+02  2.230E-26  4.743E-16
7.943E+02  2.317E-26  4.882E-16
7.870E+02  2.407E-26  5.026E-16
7.798E+02  2.501E-26  5.174E-16
7.727E+02  2.598E-26  5.326E-16
7.656E+02  2.699E-26  5.482E-16
7.586E+02  2.804E-26  5.642E-16
7.516E+02  2.913E-26  5.808E-16
7.447E+02  3.026E-26  5.978E-16
7.379E+02  3.143E-26  6.153E-16
7.311E+02  3.265E-26  6.333E-16
7.244E+02  3.392E-26  6.518E-16
7.178E+02  3.523E-26  6.708E-16
7.112E+02  3.660E-26  6.904E-16
7.047E+02  3.801E-26  7.106E-16
6.982E+02  3.949E-26  7.313E-16
6.918E+02  4.101E-26  7.526E-16
6.855E+02  4.260E-26  7.745E-16
6.792E+02  4.424E-26  7.971E-16
6.730E+02  4.594E-26  8.202E-16
6.668E+02  4.771E-26  8.439E-16
6.607E+02  4.955E-26  8.683E-16
6.546E+02  5.146E-26  8.935E-16
6.486E+02  5.344E-26  9.195E-16
6.427E+02  5.550E-26  9.462E-16
6.368E+02  5.764E-26  9.737E-16
6.310E+02  5.987E-26  1.002E-15
6.252E+02  6.217E-26  1.031E-15
6.194E+02  6.456E-26  1.061E-15
6.138E+02  6.705E-26  1.092E-15
6.081E+02  6.963E-26  1.123E-15
6.026E+02  7.231E-26  1.156E-15
5.970E+02  7.508E-26  1.189E-15
5.916E+02  7.797E-26  1.223E-15
5.861E+02  8.096E-26  1.259E-15
5.808E+02  8.407E-26  1.295E-15
5.754E+02  8.729E-26  1.332E-15
5.702E+02  9.064E-26  1.371E-15
5.649E+02  9.411E-26  1.410E-15
5.598E+02  9.771E-26  1.451E-15
5.546E+02  1.015E-25  1.493E-15
5.495E+02  1.053E-25  1.535E-15
5.445E+02  1.094E-25  1.580E-15
5.395E+02  1.135E-25  1.625E-15
5.346E+02  1.179E-25  1.671E-15
5.297E+02  1.224E-25  1.719E-15
5.248E+02  1.270E-25  1.768E-15
5.200E+02  1.319E-25  1.819E-15
5.152E+02  1.369E-25  1.871E-15
5.105E+02  1.421E-25  1.924E-15
5.058E+02  1.475E-25  1.979E-15
5.012E+02  1.531E-25  2.036E-15
4.966E+02  1.589E-25  2.093E-15
4.920E+02  1.650E-25  2.153E-15
4.875E+02  1.712E-25  2.214E-15
4.831E+02  1.777E-25  2.277E-15
4.786E+02  1.844E-25  2.341E-15
4.742E+02  1.914E-25  2.407E-15
4.699E+02  1.986E-25  2.475E-15
4.656E+02  2.061E-25  2.545E-15
4.613E+02  2.138E-25  2.617E-15
4.571E+02  2.219E-25  2.690E-15
4.529E+02  2.302E-25  2.766E-15
4.487E+02  2.389E-25  2.843E-15
4.446E+02  2.478E-25  2.923E-15
4.406E+02  2.571E-25  3.005E-15
4.365E+02  2.667E-25  3.088E-15
4.325E+02  2.767E-25  3.174E-15
4.285E+02  2.870E-25  3.263E-15
4.246E+02  2.977E-25  3.353E-15
4.207E+02  3.088E-25  3.446E-15
4.169E+02  3.203E-25  3.542E-15
4.130E+02  3.322E-25  3.640E-15
4.093E+02  3.445E-25  3.740E-15
4.055E+02  3.573E-25  3.843E-15
4.018E+02  3.705E-25  3.949E-15
3.981E+02  3.842E-25  4.057E-15
3.945E+02  3.984E-25  4.168E-15
3.908E+02  4.131E-25  4.283E-15
3.873E+02  4.283E-25  4.400E-15
3.837E+02  4.440E-25  4.520E-15
3.802E+02  4.603E-25  4.643E-15
3.767E+02  4.772E-25  4.769E-15
3.733E+02  4.947E-25  4.898E-15
3.698E+02  5.128E-25  5.030E-15
3.664E+02  5.315E-25  5.166E-15
3.631E+02  5.508E-25  5.305E-15
3.597E+02  5.708E-25  5.447E-15
3.565E+02  5.915E-25  5.593E-15
3.532E+02  6.130E-25  5.743E-15
3.499E+02  6.351E-25  5.896E-15
3.467E+02  6.581E-25  6.052E-15
3.436E+02  6.817E-25  6.213E-15
3.404E+02  7.063E-25  6.377E-15
3.373E+02  7.316E-25  6.545E-15
3.342E+02  7.578E-25  6.717E-15
3.311E+02  7.848E-25  6.894E-15
3.281E+02  8.128E-25  7.074E-15
3.251E+02  8.417E-25  7.258E-15
3.221E+02  8.716E-25  7.447E-15
3.192E+02  9.024E-25  7.640E-15
3.162E+02  9.343E-25  7.837E-15
3.133E+02  9.672E-25  8.039E-15
3.105E+02  1.001E-24  8.245E-15
3.076E+02  1.036E-24  8.456E-15
3.048E+02  1.073E-24  8.671E-15
3.020E+02  1.110E-24  8.891E-15
2.992E+02  1.149E-24  9.116E-15
2.965E+02  1.188E-24  9.346E-15
2.938E+02  1.230E-24  9.581E-15
2.911E+02  1.272E-24  9.820E-15
2.884E+02  1.316E-24  1.007E-14
2.858E+02  1.361E-24  1.031E-14
2.831E+02  1.407E-24  1.057E-14
2.805E+02  1.455E-24  1.083E-14
2.780E+02  1.505E-24  1.110E-14
2.754E+02  1.556E-24  1.137E-14
2.729E+02  1.609E-24  1.164E-14
2.704E+02  1.663E-24  1.193E-14
2.679E+02  1.719E-24  1.222E-14
2.655E+02  1.777E-24  1.251E-14
2.630E+02  1.837E-24  1.281E-14
2.606E+02  1.898E-24  1.312E-14
2.582E+02  1.961E-24  1.343E-14
2.559E+02  2.026E-24  1.375E-14
2.535E+02  2.092E-24  1.407E-14
2.512E+02  2.160E-24  1.440E-14
2.489E+02  2.229E-24  1.472E-14
2.466E+02  2.299E-24  1.504E-14
2.443E+02  2.370E-24  1.536E-14
2.421E+02  2.443E-24  1.569E-14
2.399E+02  2.517E-24  1.602E-14
2.377E+02  2.592E-24  1.634E-14
2.355E+02  2.668E-24  1.667E-14
2.333E+02  2.747E-24  1.700E-14
2.312E+02  2.827E-24  1.734E-14
2.291E+02  2.909E-24  1.768E-14
2.270E+02  2.993E-24  1.802E-14
2.249E+02  3.080E-24  1.837E-14
2.228E+02  3.168E-24  1.872E-14
2.208E+02  3.258E-24  1.908E-14
2.188E+02  3.350E-24  1.944E-14
2.168E+02  3.445E-24  1.981E-14
2.148E+02  3.541E-24  2.018E-14
2.128E+02  3.640E-24  2.055E-14
2.109E+02  3.741E-24  2.092E-14
2.089E+02  3.844E-24  2.130E-14
2.070E+02  3.949E-24  2.168E-14
2.051E+02  4.056E-24  2.207E-14
2.032E+02  4.166E-24  2.246E-14
2.014E+02  4.277E-24  2.285E-14
1.995E+02  4.392E-24  2.324E-14
1.977E+02  4.508E-24  2.364E-14
1.959E+02  4.627E-24  2.404E-14
1.941E+02  4.748E-24  2.445E-14
1.923E+02  4.872E-24  2.485E-14
1.905E+02  4.998E-24  2.526E-14
1.888E+02  5.127E-24  2.567E-14
1.871E+02  5.258E-24  2.609E-14
1.854E+02  5.392E-24  2.651E-14
1.837E+02  5.528E-24  2.693E-14
1.820E+02  5.667E-24  2.735E-14
1.803E+02  5.808E-24  2.778E-14
1.786E+02  5.953E-24  2.821E-14
1.770E+02  6.100E-24  2.864E-14
1.754E+02  6.250E-24  2.908E-14
1.738E+02  6.403E-24  2.952E-14
1.722E+02  6.559E-24  2.996E-14
1.706E+02  6.718E-24  3.040E-14
1.690E+02  6.880E-24  3.085E-14
1.675E+02  7.046E-24  3.131E-14
1.660E+02  7.215E-24  3.176E-14
1.644E+02  7.388E-24  3.222E-14
1.629E+02  7.564E-24  3.269E-14
1.614E+02  7.744E-24  3.316E-14
1.600E+02  7.927E-24  3.364E-14
1.585E+02  8.115E-24  3.412E-14
1.570E+02  8.308E-24  3.461E-14
1.556E+02  8.505E-24  3.510E-14
1.542E+02  8.707E-24  3.561E-14
1.528E+02  8.913E-24  3.612E-14
1.514E+02  9.125E-24  3.663E-14
1.500E+02  9.341E-24  3.716E-14
1.486E+02  9.561E-24  3.768E-14
1.472E+02  9.785E-24  3.822E-14
1.459E+02  1.001E-23  3.874E-14
1.445E+02  1.024E-23  3.926E-14
1.432E+02  1.046E-23  3.975E-14
1.419E+02  1.068E-23  4.021E-14
1.406E+02  1.089E-23  4.063E-14
1.393E+02  1.109E-23  4.098E-14
1.380E+02  1.127E-23  4.128E-14
1.368E+02  1.144E-23  4.152E-14
1.355E+02  1.160E-23  4.171E-14
1.343E+02  1.175E-23  4.186E-14
1.330E+02  1.190E-23  4.199E-14
1.318E+02  1.204E-23  4.211E-14
1.306E+02  1.219E-23  4.222E-14
1.294E+02  1.233E-23  4.234E-14
1.282E+02  1.248E-23  4.246E-14
1.271E+02  1.263E-23  4.258E-14
1.259E+02  1.279E-23  4.271E-14
1.247E+02  1.295E-23  4.285E-14
1.236E+02  1.311E-23  4.299E-14
1.225E+02  1.328E-23  4.314E-14
1.213E+02  1.345E-23  4.329E-14
1.202E+02  1.362E-23  4.345E-14
1.191E+02  1.380E-23  4.361E-14
1.180E+02  1.398E-23  4.377E-14
1.169E+02  1.416E-23  4.392E-14
1.159E+02  1.434E-23  4.408E-14
1.148E+02  1.452E-23  4.423E-14
1.138E+02  1.471E-23  4.439E-14
1.127E+02  1.490E-23  4.454E-14
1.117E+02  1.509E-23  4.470E-14
1.107E+02  1.528E-23  4.485E-14
1.096E+02  1.547E-23  4.500E-14
1.086E+02  1.567E-23  4.515E-14
1.076E+02  1.586E-23  4.529E-14
1.067E+02  1.606E-23  4.543E-14
1.057E+02  1.625E-23  4.557E-14
1.047E+02  1.645E-23  4.570E-14
1.038E+02  1.665E-23  4.583E-14
1.028E+02  1.685E-23  4.595E-14
1.019E+02  1.705E-23  4.606E-14
1.009E+02  1.724E-23  4.616E-14
1.000E+02  1.744E-23  4.626E-14
9.908E+01  1.764E-23  4.635E-14
9.817E+01  1.783E-23  4.644E-14
9.727E+01  1.803E-23  4.652E-14
9.638E+01  1.823E-23  4.660E-14
9.550E+01  1.842E-23  4.666E-14
9.462E+01  1.861E-23  4.672E-14
9.376E+01  1.881E-23  4.677E-14
9.290E+01  1.900E-23  4.682E-14
9.204E+01  1.919E-23  4.685E-14
9.120E+01  1.938E-23  4.688E-14
9.036E+01  1.957E-23  4.690E-14
8.954E+01  1.976E-23  4.692E-14
8.872E+01  1.994E-23  4.693E-14
8.790E+01  2.013E-23  4.694E-14
8.710E+01  2.031E-23  4.693E-14
8.630E+01  2.050E-23  4.693E-14
8.551E+01  2.069E-23  4.692E-14
8.472E+01  2.087E-23  4.689E-14
8.395E+01  2.105E-23  4.687E-14
8.318E+01  2.123E-23  4.684E-14
8.241E+01  2.141E-23  4.680E-14
8.166E+01  2.159E-23  4.676E-14
8.091E+01  2.177E-23  4.671E-14
8.017E+01  2.194E-23  4.666E-14
7.943E+01  2.212E-23  4.660E-14
7.870E+01  2.229E-23  4.654E-14
7.798E+01  2.246E-23  4.647E-14
7.727E+01  2.264E-23  4.639E-14
7.656E+01  2.281E-23  4.632E-14
7.586E+01  2.298E-23  4.623E-14
7.516E+01  2.314E-23  4.614E-14
7.447E+01  2.331E-23  4.605E-14
7.379E+01  2.347E-23  4.594E-14
7.311E+01  2.364E-23  4.584E-14
7.244E+01  2.379E-23  4.572E-14
7.178E+01  2.395E-23  4.561E-14
7.112E+01  2.411E-23  4.549E-14
7.047E+01  2.427E-23  4.537E-14
6.982E+01  2.443E-23  4.526E-14
6.918E+01  2.459E-23  4.513E-14
6.855E+01  2.475E-23  4.501E-14
6.792E+01  2.491E-23  4.487E-14
6.730E+01  2.506E-23  4.474E-14
6.668E+01  2.522E-23  4.460E-14
6.607E+01  2.537E-23  4.447E-14
6.546E+01  2.553E-23  4.433E-14
6.486E+01  2.568E-23  4.418E-14
6.427E+01  2.583E-23  4.404E-14
6.368E+01  2.599E-23  4.390E-14
6.310E+01  2.614E-23  4.375E-14
6.252E+01  2.630E-23  4.361E-14
6.194E+01  2.645E-23  4.346E-14
6.138E+01  2.661E-23  4.332E-14
6.081E+01  2.677E-23  4.318E-14
6.026E+01  2.692E-23  4.303E-14
5.970E+01  2.708E-23  4.288E-14
5.916E+01  2.724E-23  4.274E-14
5.861E+01  2.739E-23  4.259E-14
5.808E+01  2.755E-23  4.245E-14
5.754E+01  2.771E-23  4.230E-14
5.702E+01  2.788E-23  4.216E-14
5.649E+01  2.804E-23  4.202E-14
5.598E+01  2.821E-23  4.188E-14
5.546E+01  2.838E-23  4.175E-14
5.495E+01  2.855E-23  4.161E-14
5.445E+01  2.872E-23  4.148E-14
5.395E+01  2.890E-23  4.136E-14
5.346E+01  2.908E-23  4.123E-14
5.297E+01  2.926E-23  4.111E-14
5.248E+01  2.944E-23  4.099E-14
5.200E+01  2.963E-23  4.087E-14
5.152E+01  2.982E-23  4.076E-14
5.105E+01  3.002E-23  4.065E-14
5.058E+01  3.021E-23  4.054E-14
5.012E+01  3.041E-23  4.043E-14
4.966E+01  3.062E-23  4.033E-14
4.920E+01  3.083E-23  4.023E-14
4.875E+01  3.104E-23  4.014E-14
4.831E+01  3.125E-23  4.005E-14
4.786E+01  3.148E-23  3.996E-14
4.742E+01  3.170E-23  3.988E-14
4.699E+01  3.193E-23  3.980E-14
4.656E+01  3.217E-23  3.973E-14
4.613E+01  3.241E-23  3.966E-14
4.571E+01  3.266E-23  3.959E-14
4.529E+01  3.291E-23  3.953E-14
4.487E+01  3.316E-23  3.947E-14
4.446E+01  3.342E-23  3.942E-14
4.406E+01  3.368E-23  3.936E-14
4.365E+01  3.395E-23  3.931E-14
4.325E+01  3.422E-23  3.926E-14
4.285E+01  3.449E-23  3.921E-14
4.246E+01  3.477E-23  3.916E-14
4.207E+01  3.504E-23  3.911E-14
4.169E+01  3.532E-23  3.905E-14
4.130E+01  3.559E-23  3.899E-14
4.093E+01  3.586E-23  3.893E-14
4.055E+01  3.613E-23  3.886E-14
4.018E+01  3.639E-23  3.878E-14
3.981E+01  3.665E-23  3.870E-14
3.945E+01  3.690E-23  3.861E-14
3.908E+01  3.714E-23  3.850E-14
3.873E+01  3.736E-23  3.838E-14
3.837E+01  3.758E-23  3.824E-14
3.802E+01  3.777E-23  3.809E-14
3.767E+01  3.795E-23  3.792E-14
3.733E+01  3.810E-23  3.772E-14
3.698E+01  3.823E-23  3.750E-14
3.664E+01  3.833E-23  3.726E-14
3.631E+01  3.840E-23  3.699E-14
3.597E+01  3.844E-23  3.669E-14
3.565E+01  3.845E-23  3.636E-14
3.532E+01  3.842E-23  3.600E-14
3.499E+01  3.836E-23  3.561E-14
3.467E+01  3.825E-23  3.518E-14
3.436E+01  3.810E-23  3.472E-14
3.404E+01  3.790E-23  3.422E-14
3.373E+01  3.766E-23  3.370E-14
3.342E+01  3.738E-23  3.313E-14
3.311E+01  3.705E-23  3.254E-14
3.281E+01  3.667E-23  3.192E-14
3.251E+01  3.625E-23  3.126E-14
3.221E+01  3.579E-23  3.058E-14
3.192E+01  3.529E-23  2.987E-14
3.162E+01  3.474E-23  2.914E-14
3.133E+01  3.416E-23  2.839E-14
3.105E+01  3.355E-23  2.763E-14
3.076E+01  3.291E-23  2.685E-14
3.048E+01  3.224E-23  2.607E-14
3.020E+01  3.155E-23  2.528E-14
2.992E+01  3.084E-23  2.448E-14
2.965E+01  3.012E-23  2.369E-14
2.938E+01  2.939E-23  2.290E-14
2.911E+01  2.865E-23  2.212E-14
2.884E+01  2.791E-23  2.135E-14
2.858E+01  2.717E-23  2.059E-14
2.831E+01  2.643E-23  1.985E-14
2.805E+01  2.571E-23  1.913E-14
2.780E+01  2.499E-23  1.843E-14
2.754E+01  2.429E-23  1.774E-14
2.729E+01  2.360E-23  1.708E-14
2.704E+01  2.292E-23  1.644E-14
2.679E+01  2.227E-23  1.583E-14
2.655E+01  2.163E-23  1.523E-14
2.630E+01  2.101E-23  1.466E-14
2.606E+01  2.041E-23  1.411E-14
2.582E+01  1.984E-23  1.359E-14
2.559E+01  1.928E-23  1.308E-14
2.535E+01  1.874E-23  1.260E-14
2.512E+01  1.823E-23  1.214E-14
2.489E+01  1.773E-23  1.170E-14
2.466E+01  1.725E-23  1.128E-14
2.443E+01  1.679E-23  1.088E-14
2.421E+01  1.635E-23  1.050E-14
2.399E+01  1.592E-23  1.013E-14
2.377E+01  1.551E-23  9.779E-15
2.355E+01  1.512E-23  9.448E-15
2.333E+01  1.475E-23  9.131E-15
2.312E+01  1.439E-23  8.824E-15
2.291E+01  1.404E-23  8.532E-15
2.270E+01  1.372E-23  8.260E-15
2.249E+01  1.342E-23  8.004E-15
2.228E+01  1.313E-23  7.761E-15
2.208E+01  1.285E-23  7.528E-15
2.188E+01  1.258E-23  7.300E-15
2.168E+01  1.231E-23  7.081E-15
2.148E+01  1.206E-23  6.871E-15
2.128E+01  1.182E-23  6.674E-15
2.109E+01  1.160E-23  6.488E-15
2.089E+01  1.139E-23  6.310E-15
2.070E+01  1.118E-23  6.137E-15
2.051E+01  1.097E-23  5.971E-15
2.032E+01  1.079E-23  5.814E-15
2.014E+01  1.062E-23  5.673E-15
1.995E+01  1.046E-23  5.537E-15
1.977E+01  1.031E-23  5.405E-15
1.959E+01  1.015E-23  5.275E-15
1.941E+01  1.000E-23  5.149E-15
1.923E+01  9.852E-24  5.025E-15
1.905E+01  9.705E-24  4.905E-15
1.888E+01  9.565E-24  4.790E-15
1.871E+01  9.434E-24  4.681E-15
1.854E+01  9.319E-24  4.582E-15
1.837E+01  9.232E-24  4.497E-15
1.820E+01  9.201E-24  4.441E-15
1.803E+01  9.326E-24  4.460E-15
1.786E+01  9.654E-24  4.575E-15
1.770E+01  9.487E-24  4.454E-15
1.754E+01  9.810E-24  4.564E-15
1.738E+01  1.101E-23  5.077E-15
1.722E+01  1.032E-23  4.716E-15
1.706E+01  1.013E-23  4.583E-15
1.690E+01  9.792E-24  4.391E-15
1.675E+01  9.352E-24  4.155E-15
1.660E+01  9.405E-24  4.140E-15
1.644E+01  1.061E-23  4.628E-15
1.629E+01  8.429E-24  3.643E-15
1.614E+01  7.620E-24  3.263E-15
1.600E+01  7.679E-24  3.258E-15
1.585E+01  7.565E-24  3.180E-15
1.570E+01  6.700E-24  2.791E-15
1.556E+01  6.239E-24  2.575E-15
1.542E+01  5.971E-24  2.442E-15
1.528E+01  5.777E-24  2.341E-15
1.514E+01  5.622E-24  2.257E-15
1.500E+01  5.493E-24  2.185E-15
1.486E+01  5.384E-24  2.122E-15
1.472E+01  5.301E-24  2.070E-15
1.459E+01  5.253E-24  2.033E-15
1.445E+01  5.280E-24  2.024E-15
1.432E+01  5.462E-24  2.075E-15
1.419E+01  5.675E-24  2.136E-15
1.406E+01  5.379E-24  2.006E-15
1.393E+01  5.148E-24  1.902E-15
1.380E+01  5.168E-24  1.892E-15
1.368E+01  5.516E-24  2.001E-15
1.355E+01  5.644E-24  2.029E-15
1.343E+01  5.283E-24  1.882E-15
1.330E+01  5.264E-24  1.858E-15
1.318E+01  5.480E-24  1.916E-15
1.306E+01  5.934E-24  2.056E-15
1.294E+01  6.741E-24  2.314E-15
1.282E+01  8.055E-24  2.740E-15
1.271E+01  9.694E-24  3.267E-15
1.259E+01  1.039E-23  3.469E-15
1.247E+01  9.405E-24  3.112E-15
1.236E+01  8.200E-24  2.688E-15
1.225E+01  7.681E-24  2.495E-15
1.213E+01  7.790E-24  2.507E-15
1.202E+01  8.015E-24  2.556E-15
1.191E+01  7.738E-24  2.445E-15
1.180E+01  7.165E-24  2.243E-15
1.169E+01  6.964E-24  2.161E-15
1.159E+01  7.638E-24  2.348E-15
1.148E+01  9.995E-24  3.044E-15
1.138E+01  1.482E-23  4.472E-15
1.127E+01  2.033E-23  6.080E-15
1.117E+01  1.407E-23  4.167E-15
1.107E+01  7.717E-24  2.265E-15
1.096E+01  5.444E-24  1.583E-15
1.086E+01  4.359E-24  1.256E-15
1.076E+01  3.755E-24  1.072E-15
1.067E+01  3.379E-24  9.561E-16
1.057E+01  3.127E-24  8.767E-16
1.047E+01  2.948E-24  8.188E-16
1.038E+01  2.814E-24  7.745E-16
1.028E+01  2.711E-24  7.394E-16
1.019E+01  2.632E-24  7.110E-16
1.009E+01  2.570E-24  6.881E-16
1.000E+01  2.525E-24  6.698E-16
9.908E+00  2.495E-24  6.556E-16
9.817E+00  2.478E-24  6.454E-16
9.727E+00  2.476E-24  6.388E-16
9.638E+00  2.488E-24  6.360E-16
9.550E+00  2.516E-24  6.373E-16
9.462E+00  2.562E-24  6.431E-16
9.376E+00  2.632E-24  6.546E-16
9.290E+00  2.732E-24  6.732E-16
9.204E+00  2.874E-24  7.017E-16
9.120E+00  3.078E-24  7.447E-16
9.036E+00  3.378E-24  8.097E-16
8.954E+00  3.834E-24  9.106E-16
8.872E+00  4.560E-24  1.073E-15
8.790E+00  5.754E-24  1.342E-15
8.710E+00  7.574E-24  1.750E-15
8.630E+00  9.262E-24  2.120E-15
8.551E+00  9.023E-24  2.047E-15
8.472E+00  7.819E-24  1.757E-15
8.395E+00  7.201E-24  1.603E-15
8.318E+00  7.152E-24  1.578E-15
8.241E+00  7.455E-24  1.630E-15
8.166E+00  8.232E-24  1.783E-15
8.091E+00  9.718E-24  2.086E-15
8.017E+00  1.209E-23  2.571E-15
7.943E+00  1.521E-23  3.205E-15
7.870E+00  1.803E-23  3.765E-15
7.798E+00  1.932E-23  3.996E-15
7.727E+00  2.003E-23  4.105E-15
7.656E+00  2.134E-23  4.333E-15
7.586E+00  2.100E-23  4.225E-15
7.516E+00  1.728E-23  3.446E-15
7.447E+00  1.306E-23  2.579E-15
7.379E+00  1.001E-23  1.960E-15
7.311E+00  7.991E-24  1.550E-15
7.244E+00  6.594E-24  1.267E-15
7.178E+00  5.582E-24  1.063E-15
7.112E+00  4.834E-24  9.119E-16
7.047E+00  4.290E-24  8.020E-16
6.982E+00  3.918E-24  7.257E-16
6.918E+00  3.699E-24  6.787E-16
6.855E+00  3.613E-24  6.569E-16
6.792E+00  3.622E-24  6.525E-16
6.730E+00  3.644E-24  6.505E-16
6.668E+00  3.586E-24  6.343E-16
6.607E+00  3.452E-24  6.049E-16
6.546E+00  3.363E-24  5.840E-16
6.486E+00  3.480E-24  5.988E-16
6.427E+00  4.000E-24  6.820E-16
6.368E+00  5.318E-24  8.983E-16
6.310E+00  8.331E-24  1.394E-15
6.252E+00  1.351E-23  2.241E-15
6.194E+00  1.373E-23  2.256E-15
6.138E+00  8.223E-24  1.339E-15
6.081E+00  4.808E-24  7.756E-16
6.026E+00  3.218E-24  5.144E-16
5.970E+00  2.459E-24  3.894E-16
5.916E+00  2.114E-24  3.317E-16
5.861E+00  2.041E-24  3.174E-16
5.808E+00  2.224E-24  3.426E-16
5.754E+00  2.631E-24  4.016E-16
5.702E+00  2.865E-24  4.333E-16
5.649E+00  2.437E-24  3.652E-16
5.598E+00  1.811E-24  2.689E-16
5.546E+00  1.379E-24  2.028E-16
5.495E+00  1.126E-24  1.642E-16
5.445E+00  9.894E-25  1.429E-16
5.395E+00  9.381E-25  1.342E-16
5.346E+00  9.822E-25  1.393E-16
5.297E+00  1.155E-24  1.623E-16
5.248E+00  1.281E-24  1.784E-16
5.200E+00  1.034E-24  1.427E-16
5.152E+00  7.781E-25  1.063E-16
5.105E+00  6.374E-25  8.631E-17
5.058E+00  5.586E-25  7.495E-17
5.012E+00  5.091E-25  6.769E-17
4.966E+00  4.747E-25  6.253E-17
4.920E+00  4.489E-25  5.859E-17
4.875E+00  4.285E-25  5.542E-17
4.831E+00  4.118E-25  5.276E-17
4.786E+00  3.976E-25  5.049E-17
4.742E+00  3.855E-25  4.849E-17
4.699E+00  3.749E-25  4.673E-17
4.656E+00  3.655E-25  4.514E-17
4.613E+00  3.571E-25  4.370E-17
4.571E+00  3.496E-25  4.238E-17
4.529E+00  3.427E-25  4.117E-17
4.487E+00  3.365E-25  4.006E-17
4.446E+00  3.309E-25  3.903E-17
4.406E+00  3.257E-25  3.807E-17
4.365E+00  3.210E-25  3.717E-17
4.325E+00  3.167E-25  3.633E-17
4.285E+00  3.127E-25  3.555E-17
4.246E+00  3.091E-25  3.482E-17
4.207E+00  3.058E-25  3.413E-17
4.169E+00  3.028E-25  3.349E-17
4.130E+00  3.001E-25  3.288E-17
4.093E+00  2.977E-25  3.232E-17
4.055E+00  2.956E-25  3.179E-17
4.018E+00  2.938E-25  3.131E-17
3.981E+00  2.923E-25  3.086E-17
3.945E+00  2.911E-25  3.046E-17
3.908E+00  2.904E-25  3.010E-17
3.873E+00  2.901E-25  2.980E-17
3.837E+00  2.903E-25  2.955E-17
3.802E+00  2.912E-25  2.936E-17
3.767E+00  2.928E-25  2.926E-17
3.733E+00  2.954E-25  2.924E-17
3.698E+00  2.992E-25  2.935E-17
3.664E+00  3.048E-25  2.962E-17
3.631E+00  3.126E-25  3.011E-17
3.597E+00  3.237E-25  3.089E-17
3.565E+00  3.397E-25  3.212E-17
3.532E+00  3.633E-25  3.404E-17
3.499E+00  3.994E-25  3.707E-17
3.467E+00  4.578E-25  4.210E-17
3.436E+00  5.601E-25  5.104E-17
3.404E+00  7.622E-25  6.882E-17
3.373E+00  1.245E-24  1.114E-16
3.342E+00  2.844E-24  2.521E-16
3.311E+00  1.077E-23  9.463E-16
3.281E+00  7.354E-24  6.400E-16
3.251E+00  2.095E-24  1.807E-16
3.221E+00  9.970E-25  8.519E-17
3.192E+00  6.336E-25  5.364E-17
3.162E+00  4.731E-25  3.968E-17
3.133E+00  3.886E-25  3.230E-17
3.105E+00  3.386E-25  2.788E-17
3.076E+00  3.065E-25  2.501E-17
3.048E+00  2.844E-25  2.300E-17
3.020E+00  2.685E-25  2.151E-17
2.992E+00  2.565E-25  2.036E-17
2.965E+00  2.472E-25  1.944E-17
2.938E+00  2.397E-25  1.868E-17
2.911E+00  2.334E-25  1.802E-17
2.884E+00  2.282E-25  1.746E-17
2.858E+00  2.236E-25  1.695E-17
2.831E+00  2.196E-25  1.650E-17
2.805E+00  2.161E-25  1.608E-17
2.780E+00  2.128E-25  1.569E-17
2.754E+00  2.098E-25  1.533E-17
2.729E+00  2.071E-25  1.499E-17
2.704E+00  2.045E-25  1.466E-17
2.679E+00  2.020E-25  1.436E-17
2.655E+00  1.996E-25  1.406E-17
2.630E+00  1.974E-25  1.377E-17
2.606E+00  1.952E-25  1.349E-17
2.582E+00  1.931E-25  1.323E-17
2.559E+00  1.910E-25  1.296E-17
2.535E+00  1.890E-25  1.271E-17
2.512E+00  1.870E-25  1.246E-17
2.489E+00  1.850E-25  1.221E-17
2.466E+00  1.831E-25  1.197E-17
2.443E+00  1.811E-25  1.174E-17
2.421E+00  1.792E-25  1.151E-17
2.399E+00  1.773E-25  1.128E-17
2.377E+00  1.754E-25  1.106E-17
2.355E+00  1.735E-25  1.084E-17
2.333E+00  1.716E-25  1.062E-17
2.312E+00  1.698E-25  1.041E-17
2.291E+00  1.679E-25  1.020E-17
2.270E+00  1.661E-25  9.999E-18
2.249E+00  1.642E-25  9.796E-18
2.228E+00  1.623E-25  9.594E-18
2.208E+00  1.604E-25  9.394E-18
2.188E+00  1.584E-25  9.194E-18
2.168E+00  1.564E-25  8.995E-18
2.148E+00  1.544E-25  8.794E-18
2.128E+00  1.522E-25  8.592E-18
2.109E+00  1.499E-25  8.386E-18
2.089E+00  1.475E-25  8.175E-18
2.070E+00  1.449E-25  7.957E-18
2.051E+00  1.421E-25  7.730E-18
2.032E+00  1.390E-25  7.491E-18
2.014E+00  1.355E-25  7.237E-18
1.995E+00  1.316E-25  6.963E-18
1.977E+00  1.272E-25  6.672E-18
1.959E+00  1.226E-25  6.371E-18
1.941E+00  1.181E-25  6.082E-18
1.923E+00  1.146E-25  5.846E-18
1.905E+00  1.129E-25  5.707E-18
1.888E+00  1.133E-25  5.674E-18
1.871E+00  1.152E-25  5.716E-18
1.854E+00  1.176E-25  5.780E-18
1.837E+00  1.197E-25  5.829E-18
1.820E+00  1.212E-25  5.849E-18
1.803E+00  1.221E-25  5.840E-18
1.786E+00  1.225E-25  5.805E-18
1.770E+00  1.225E-25  5.753E-18
1.754E+00  1.223E-25  5.688E-18
1.738E+00  1.218E-25  5.613E-18
1.722E+00  1.211E-25  5.533E-18
1.706E+00  1.204E-25  5.449E-18
1.690E+00  1.196E-25  5.362E-18
1.675E+00  1.187E-25  5.276E-18
1.660E+00  1.179E-25  5.189E-18
1.644E+00  1.170E-25  5.103E-18
1.629E+00  1.161E-25  5.018E-18
1.614E+00  1.153E-25  4.935E-18
1.600E+00  1.144E-25  4.855E-18
1.585E+00  1.137E-25  4.778E-18
1.570E+00  1.130E-25  4.705E-18
1.556E+00  1.123E-25  4.636E-18
1.542E+00  1.118E-25  4.571E-18
1.528E+00  1.113E-25  4.512E-18
1.514E+00  1.110E-25  4.458E-18
1.500E+00  1.109E-25  4.411E-18
1.486E+00  1.109E-25  4.372E-18
1.472E+00  1.111E-25  4.340E-18
1.459E+00  1.116E-25  4.319E-18
1.445E+00  1.124E-25  4.308E-18
1.432E+00  1.135E-25  4.311E-18
1.419E+00  1.150E-25  4.329E-18
1.406E+00  1.170E-25  4.364E-18
1.393E+00  1.196E-25  4.420E-18
1.380E+00  1.229E-25  4.501E-18
1.368E+00  1.271E-25  4.611E-18
1.355E+00  1.322E-25  4.753E-18
1.343E+00  1.385E-25  4.933E-18
1.330E+00  1.459E-25  5.150E-18
1.318E+00  1.544E-25  5.398E-18
1.306E+00  1.634E-25  5.661E-18
1.294E+00  1.719E-25  5.900E-18
1.282E+00  1.781E-25  6.057E-18
1.271E+00  1.799E-25  6.064E-18
1.259E+00  1.759E-25  5.875E-18
1.247E+00  1.662E-25  5.498E-18
1.236E+00  1.526E-25  5.002E-18
1.225E+00  1.377E-25  4.472E-18
1.213E+00  1.236E-25  3.977E-18
1.202E+00  1.114E-25  3.552E-18
1.191E+00  1.015E-25  3.207E-18
1.180E+00  9.386E-26  2.939E-18
1.169E+00  8.822E-26  2.737E-18
1.159E+00  8.438E-26  2.593E-18
1.148E+00  8.220E-26  2.503E-18
1.138E+00  8.168E-26  2.465E-18
1.127E+00  8.298E-26  2.481E-18
1.117E+00  8.646E-26  2.561E-18
1.107E+00  9.281E-26  2.724E-18
1.096E+00  1.032E-25  3.000E-18
1.086E+00  1.191E-25  3.433E-18
1.076E+00  1.423E-25  4.064E-18
1.067E+00  1.714E-25  4.850E-18
1.057E+00  1.947E-25  5.459E-18
1.047E+00  1.908E-25  5.301E-18
1.038E+00  1.580E-25  4.347E-18
1.028E+00  1.192E-25  3.250E-18
1.019E+00  8.911E-26  2.408E-18
1.009E+00  6.876E-26  1.841E-18
1.000E+00  5.528E-26  1.466E-18
