Dust emission from Draine & Li (2007): ApJ 657, 810-837
================================================================
         4 = grain model
 4.000E-08 4.000E-01 2.250E-05 = a_01 (cm) , sigma_1 , b_C1/0.92
 2.500E-07 4.000E-01 7.500E-06 = a_02 (cm) , sigma_2 , b_C2/0.92
 1.000E+00 1.000E+04 2.000E+00 = Umin , Umax, beta (dN/dU propto U^{-beta})
 9.211E+00 = <U> 
     mmp83 = radfield
 4.105E-23 = power/H (erg s-1)
 band   nu*P_nu(band) j_nu(band)
 (um)   (erg s-1 H-1)(Jy cm2 sr-1 H-1)
1.270E+00  8.495E-26  2.862E-18 COBE-DIRBE
2.220E+00  1.074E-25  6.322E-18 COBE-DIRBE
3.530E+00  7.195E-25  6.737E-17 COBE-DIRBE
4.880E+00  3.342E-25  4.327E-17 COBE-DIRBE
1.229E+01  3.508E-24  1.144E-15 COBE-DIRBE
2.079E+01  5.038E-24  2.778E-15 COBE-DIRBE
5.599E+01  2.180E-23  3.237E-14 COBE-DIRBE
9.770E+01  1.529E-23  3.962E-14 COBE-DIRBE
1.479E+02  8.721E-24  3.421E-14 COBE-DIRBE
2.479E+02  2.389E-24  1.571E-14 COBE-DIRBE
1.200E+01  3.583E-24  1.140E-15 IRAS
2.500E+01  6.926E-24  4.593E-15 IRAS
6.000E+01  2.127E-23  3.385E-14 IRAS
1.000E+02  1.489E-23  3.950E-14 IRAS
3.550E+00  8.373E-25  7.885E-17 SST-IRAC
4.493E+00  2.325E-25  2.770E-17 SST-IRAC
5.731E+00  2.027E-24  3.081E-16 SST-IRAC
7.872E+00  4.959E-24  1.036E-15 SST-IRAC
2.368E+01  6.107E-24  3.836E-15 SST-MIPS
7.142E+01  1.793E-23  3.397E-14 SST-MIPS
1.559E+02  7.368E-24  3.047E-14 SST-MIPS
1.600E+01  3.387E-24  1.437E-15 SST-IRSPU
2.200E+01  5.809E-24  3.390E-15 SST-IRSPU











lambda    nu*dP/dnu     j_nu
 (um)   (erg s-1 H-1)(Jy cm2 sr-1 H-1)
1.000E+04  6.545E-31  1.736E-19
9.908E+03  6.784E-31  1.783E-19
9.817E+03  7.032E-31  1.831E-19
9.727E+03  7.290E-31  1.881E-19
9.638E+03  7.557E-31  1.932E-19
9.550E+03  7.833E-31  1.984E-19
9.462E+03  8.120E-31  2.038E-19
9.376E+03  8.417E-31  2.093E-19
9.290E+03  8.725E-31  2.150E-19
9.204E+03  9.045E-31  2.208E-19
9.120E+03  9.376E-31  2.268E-19
9.036E+03  9.719E-31  2.330E-19
8.954E+03  1.007E-30  2.393E-19
8.872E+03  1.044E-30  2.457E-19
8.790E+03  1.082E-30  2.523E-19
8.710E+03  1.122E-30  2.591E-19
8.630E+03  1.162E-30  2.661E-19
8.551E+03  1.205E-30  2.733E-19
8.472E+03  1.249E-30  2.807E-19
8.395E+03  1.295E-30  2.883E-19
8.318E+03  1.342E-30  2.961E-19
8.241E+03  1.391E-30  3.041E-19
8.166E+03  1.442E-30  3.123E-19
8.091E+03  1.495E-30  3.208E-19
8.017E+03  1.550E-30  3.295E-19
7.943E+03  1.606E-30  3.385E-19
7.870E+03  1.665E-30  3.477E-19
7.798E+03  1.726E-30  3.571E-19
7.727E+03  1.790E-30  3.669E-19
7.656E+03  1.856E-30  3.769E-19
7.586E+03  1.924E-30  3.872E-19
7.516E+03  1.995E-30  3.977E-19
7.447E+03  2.068E-30  4.086E-19
7.379E+03  2.145E-30  4.198E-19
7.311E+03  2.224E-30  4.313E-19
7.244E+03  2.306E-30  4.431E-19
7.178E+03  2.391E-30  4.552E-19
7.112E+03  2.479E-30  4.677E-19
7.047E+03  2.571E-30  4.806E-19
6.982E+03  2.666E-30  4.937E-19
6.918E+03  2.764E-30  5.073E-19
6.855E+03  2.866E-30  5.212E-19
6.792E+03  2.972E-30  5.355E-19
6.730E+03  3.082E-30  5.503E-19
6.668E+03  3.197E-30  5.654E-19
6.607E+03  3.315E-30  5.810E-19
6.546E+03  3.438E-30  5.970E-19
6.486E+03  3.566E-30  6.135E-19
6.427E+03  3.698E-30  6.304E-19
6.368E+03  3.835E-30  6.478E-19
6.310E+03  3.978E-30  6.658E-19
6.252E+03  4.126E-30  6.842E-19
6.194E+03  4.279E-30  7.032E-19
6.138E+03  4.439E-30  7.227E-19
6.081E+03  4.604E-30  7.427E-19
6.026E+03  4.776E-30  7.634E-19
5.970E+03  4.954E-30  7.846E-19
5.916E+03  5.139E-30  8.064E-19
5.861E+03  5.331E-30  8.289E-19
5.808E+03  5.531E-30  8.520E-19
5.754E+03  5.737E-30  8.758E-19
5.702E+03  5.952E-30  9.002E-19
5.649E+03  6.175E-30  9.254E-19
5.598E+03  6.407E-30  9.513E-19
5.546E+03  6.647E-30  9.779E-19
5.495E+03  6.896E-30  1.005E-18
5.445E+03  7.155E-30  1.033E-18
5.395E+03  7.424E-30  1.062E-18
5.346E+03  7.703E-30  1.092E-18
5.297E+03  7.993E-30  1.123E-18
5.248E+03  8.293E-30  1.155E-18
5.200E+03  8.605E-30  1.187E-18
5.152E+03  8.930E-30  1.220E-18
5.105E+03  9.266E-30  1.255E-18
5.058E+03  9.616E-30  1.290E-18
5.012E+03  9.978E-30  1.327E-18
4.966E+03  1.035E-29  1.364E-18
4.920E+03  1.075E-29  1.402E-18
4.875E+03  1.115E-29  1.442E-18
4.831E+03  1.157E-29  1.483E-18
4.786E+03  1.201E-29  1.525E-18
4.742E+03  1.247E-29  1.568E-18
4.699E+03  1.294E-29  1.613E-18
4.656E+03  1.343E-29  1.658E-18
4.613E+03  1.394E-29  1.705E-18
4.571E+03  1.447E-29  1.754E-18
4.529E+03  1.501E-29  1.804E-18
4.487E+03  1.559E-29  1.855E-18
4.446E+03  1.618E-29  1.908E-18
4.406E+03  1.679E-29  1.962E-18
4.365E+03  1.743E-29  2.018E-18
4.325E+03  1.810E-29  2.076E-18
4.285E+03  1.879E-29  2.136E-18
4.246E+03  1.950E-29  2.197E-18
4.207E+03  2.025E-29  2.260E-18
4.169E+03  2.102E-29  2.324E-18
4.130E+03  2.182E-29  2.391E-18
4.093E+03  2.266E-29  2.460E-18
4.055E+03  2.352E-29  2.530E-18
4.018E+03  2.442E-29  2.603E-18
3.981E+03  2.536E-29  2.678E-18
3.945E+03  2.633E-29  2.755E-18
3.908E+03  2.734E-29  2.834E-18
3.873E+03  2.838E-29  2.916E-18
3.837E+03  2.947E-29  3.000E-18
3.802E+03  3.060E-29  3.086E-18
3.767E+03  3.178E-29  3.175E-18
3.733E+03  3.300E-29  3.267E-18
3.698E+03  3.427E-29  3.362E-18
3.664E+03  3.559E-29  3.459E-18
3.631E+03  3.696E-29  3.559E-18
3.597E+03  3.838E-29  3.663E-18
3.565E+03  3.986E-29  3.769E-18
3.532E+03  4.140E-29  3.879E-18
3.499E+03  4.300E-29  3.991E-18
3.467E+03  4.466E-29  4.108E-18
3.436E+03  4.639E-29  4.227E-18
3.404E+03  4.818E-29  4.351E-18
3.373E+03  5.005E-29  4.478E-18
3.342E+03  5.199E-29  4.609E-18
3.311E+03  5.400E-29  4.743E-18
3.281E+03  5.610E-29  4.882E-18
3.251E+03  5.828E-29  5.025E-18
3.221E+03  6.054E-29  5.173E-18
3.192E+03  6.289E-29  5.324E-18
3.162E+03  6.534E-29  5.481E-18
3.133E+03  6.788E-29  5.642E-18
3.105E+03  7.053E-29  5.808E-18
3.076E+03  7.328E-29  5.979E-18
3.048E+03  7.613E-29  6.155E-18
3.020E+03  7.910E-29  6.337E-18
2.992E+03  8.219E-29  6.524E-18
2.965E+03  8.539E-29  6.715E-18
2.938E+03  8.872E-29  6.913E-18
2.911E+03  9.218E-29  7.117E-18
2.884E+03  9.577E-29  7.327E-18
2.858E+03  9.951E-29  7.543E-18
2.831E+03  1.034E-28  7.766E-18
2.805E+03  1.074E-28  7.996E-18
2.780E+03  1.116E-28  8.232E-18
2.754E+03  1.160E-28  8.476E-18
2.729E+03  1.206E-28  8.728E-18
2.704E+03  1.253E-28  8.987E-18
2.679E+03  1.302E-28  9.253E-18
2.655E+03  1.353E-28  9.529E-18
2.630E+03  1.406E-28  9.812E-18
2.606E+03  1.462E-28  1.010E-17
2.582E+03  1.519E-28  1.041E-17
2.559E+03  1.579E-28  1.072E-17
2.535E+03  1.641E-28  1.104E-17
2.512E+03  1.706E-28  1.136E-17
2.489E+03  1.773E-28  1.170E-17
2.466E+03  1.843E-28  1.205E-17
2.443E+03  1.916E-28  1.242E-17
2.421E+03  1.991E-28  1.279E-17
2.399E+03  2.070E-28  1.317E-17
2.377E+03  2.152E-28  1.357E-17
2.355E+03  2.237E-28  1.397E-17
2.333E+03  2.325E-28  1.439E-17
2.312E+03  2.417E-28  1.483E-17
2.291E+03  2.513E-28  1.527E-17
2.270E+03  2.613E-28  1.573E-17
2.249E+03  2.716E-28  1.620E-17
2.228E+03  2.824E-28  1.669E-17
2.208E+03  2.936E-28  1.720E-17
2.188E+03  3.053E-28  1.771E-17
2.168E+03  3.174E-28  1.825E-17
2.148E+03  3.300E-28  1.880E-17
2.128E+03  3.431E-28  1.937E-17
2.109E+03  3.567E-28  1.995E-17
2.089E+03  3.709E-28  2.056E-17
2.070E+03  3.857E-28  2.118E-17
2.051E+03  4.010E-28  2.182E-17
2.032E+03  4.170E-28  2.248E-17
2.014E+03  4.336E-28  2.316E-17
1.995E+03  4.509E-28  2.386E-17
1.977E+03  4.689E-28  2.459E-17
1.959E+03  4.875E-28  2.533E-17
1.941E+03  5.070E-28  2.610E-17
1.923E+03  5.272E-28  2.689E-17
1.905E+03  5.482E-28  2.771E-17
1.888E+03  5.701E-28  2.855E-17
1.871E+03  5.928E-28  2.942E-17
1.854E+03  6.165E-28  3.031E-17
1.837E+03  6.411E-28  3.123E-17
1.820E+03  6.667E-28  3.218E-17
1.803E+03  6.934E-28  3.316E-17
1.786E+03  7.211E-28  3.417E-17
1.770E+03  7.499E-28  3.521E-17
1.754E+03  7.799E-28  3.628E-17
1.738E+03  8.111E-28  3.739E-17
1.722E+03  8.436E-28  3.853E-17
1.706E+03  8.773E-28  3.970E-17
1.690E+03  9.124E-28  4.091E-17
1.675E+03  9.490E-28  4.216E-17
1.660E+03  9.870E-28  4.345E-17
1.644E+03  1.026E-27  4.477E-17
1.629E+03  1.068E-27  4.614E-17
1.614E+03  1.110E-27  4.755E-17
1.600E+03  1.155E-27  4.900E-17
1.585E+03  1.201E-27  5.049E-17
1.570E+03  1.249E-27  5.203E-17
1.556E+03  1.299E-27  5.362E-17
1.542E+03  1.351E-27  5.526E-17
1.528E+03  1.405E-27  5.694E-17
1.514E+03  1.462E-27  5.868E-17
1.500E+03  1.520E-27  6.047E-17
1.486E+03  1.581E-27  6.232E-17
1.472E+03  1.645E-27  6.423E-17
1.459E+03  1.710E-27  6.619E-17
1.445E+03  1.779E-27  6.821E-17
1.432E+03  1.850E-27  7.029E-17
1.419E+03  1.925E-27  7.244E-17
1.406E+03  2.002E-27  7.466E-17
1.393E+03  2.082E-27  7.694E-17
1.380E+03  2.165E-27  7.929E-17
1.368E+03  2.252E-27  8.171E-17
1.355E+03  2.343E-27  8.421E-17
1.343E+03  2.436E-27  8.678E-17
1.330E+03  2.534E-27  8.943E-17
1.318E+03  2.636E-27  9.216E-17
1.306E+03  2.741E-27  9.498E-17
1.294E+03  2.851E-27  9.787E-17
1.282E+03  2.965E-27  1.009E-16
1.271E+03  3.084E-27  1.039E-16
1.259E+03  3.207E-27  1.071E-16
1.247E+03  3.336E-27  1.104E-16
1.236E+03  3.469E-27  1.137E-16
1.225E+03  3.608E-27  1.172E-16
1.213E+03  3.752E-27  1.208E-16
1.202E+03  3.902E-27  1.244E-16
1.191E+03  4.058E-27  1.282E-16
1.180E+03  4.220E-27  1.321E-16
1.169E+03  4.389E-27  1.362E-16
1.159E+03  4.564E-27  1.403E-16
1.148E+03  4.746E-27  1.445E-16
1.138E+03  4.936E-27  1.489E-16
1.127E+03  5.132E-27  1.535E-16
1.117E+03  5.337E-27  1.581E-16
1.107E+03  5.550E-27  1.629E-16
1.096E+03  5.771E-27  1.678E-16
1.086E+03  6.000E-27  1.729E-16
1.076E+03  6.239E-27  1.782E-16
1.067E+03  6.487E-27  1.835E-16
1.057E+03  6.745E-27  1.891E-16
1.047E+03  7.013E-27  1.948E-16
1.038E+03  7.292E-27  2.007E-16
1.028E+03  7.581E-27  2.067E-16
1.019E+03  7.882E-27  2.130E-16
1.009E+03  8.194E-27  2.194E-16
1.000E+03  8.518E-27  2.260E-16
9.908E+02  8.856E-27  2.328E-16
9.817E+02  9.207E-27  2.398E-16
9.727E+02  9.572E-27  2.470E-16
9.638E+02  9.951E-27  2.544E-16
9.550E+02  1.034E-26  2.620E-16
9.462E+02  1.075E-26  2.699E-16
9.376E+02  1.118E-26  2.780E-16
9.290E+02  1.162E-26  2.863E-16
9.204E+02  1.208E-26  2.949E-16
9.120E+02  1.255E-26  3.037E-16
9.036E+02  1.305E-26  3.128E-16
8.954E+02  1.356E-26  3.221E-16
8.872E+02  1.409E-26  3.317E-16
8.790E+02  1.465E-26  3.415E-16
8.710E+02  1.522E-26  3.517E-16
8.630E+02  1.582E-26  3.621E-16
8.551E+02  1.644E-26  3.728E-16
8.472E+02  1.708E-26  3.838E-16
8.395E+02  1.775E-26  3.952E-16
8.318E+02  1.844E-26  4.068E-16
8.241E+02  1.916E-26  4.188E-16
8.166E+02  1.990E-26  4.311E-16
8.091E+02  2.068E-26  4.438E-16
8.017E+02  2.148E-26  4.568E-16
7.943E+02  2.232E-26  4.702E-16
7.870E+02  2.318E-26  4.840E-16
7.798E+02  2.408E-26  4.981E-16
7.727E+02  2.501E-26  5.126E-16
7.656E+02  2.598E-26  5.276E-16
7.586E+02  2.698E-26  5.429E-16
7.516E+02  2.802E-26  5.587E-16
7.447E+02  2.911E-26  5.750E-16
7.379E+02  3.023E-26  5.917E-16
7.311E+02  3.140E-26  6.089E-16
7.244E+02  3.261E-26  6.266E-16
7.178E+02  3.387E-26  6.448E-16
7.112E+02  3.517E-26  6.635E-16
7.047E+02  3.653E-26  6.828E-16
6.982E+02  3.793E-26  7.025E-16
6.918E+02  3.939E-26  7.229E-16
6.855E+02  4.090E-26  7.438E-16
6.792E+02  4.248E-26  7.653E-16
6.730E+02  4.410E-26  7.873E-16
6.668E+02  4.579E-26  8.099E-16
6.607E+02  4.754E-26  8.332E-16
6.546E+02  4.936E-26  8.572E-16
6.486E+02  5.126E-26  8.819E-16
6.427E+02  5.322E-26  9.073E-16
6.368E+02  5.526E-26  9.335E-16
6.310E+02  5.738E-26  9.603E-16
6.252E+02  5.958E-26  9.880E-16
6.194E+02  6.186E-26  1.016E-15
6.138E+02  6.422E-26  1.046E-15
6.081E+02  6.668E-26  1.076E-15
6.026E+02  6.923E-26  1.106E-15
5.970E+02  7.187E-26  1.138E-15
5.916E+02  7.461E-26  1.171E-15
5.861E+02  7.746E-26  1.204E-15
5.808E+02  8.041E-26  1.239E-15
5.754E+02  8.348E-26  1.274E-15
5.702E+02  8.665E-26  1.311E-15
5.649E+02  8.995E-26  1.348E-15
5.598E+02  9.337E-26  1.386E-15
5.546E+02  9.692E-26  1.426E-15
5.495E+02  1.006E-25  1.466E-15
5.445E+02  1.044E-25  1.508E-15
5.395E+02  1.084E-25  1.551E-15
5.346E+02  1.125E-25  1.595E-15
5.297E+02  1.168E-25  1.640E-15
5.248E+02  1.212E-25  1.687E-15
5.200E+02  1.258E-25  1.735E-15
5.152E+02  1.305E-25  1.784E-15
5.105E+02  1.354E-25  1.834E-15
5.058E+02  1.405E-25  1.886E-15
5.012E+02  1.458E-25  1.939E-15
4.966E+02  1.513E-25  1.994E-15
4.920E+02  1.570E-25  2.050E-15
4.875E+02  1.629E-25  2.107E-15
4.831E+02  1.691E-25  2.166E-15
4.786E+02  1.754E-25  2.227E-15
4.742E+02  1.820E-25  2.289E-15
4.699E+02  1.888E-25  2.353E-15
4.656E+02  1.958E-25  2.419E-15
4.613E+02  2.031E-25  2.486E-15
4.571E+02  2.107E-25  2.555E-15
4.529E+02  2.186E-25  2.626E-15
4.487E+02  2.267E-25  2.699E-15
4.446E+02  2.351E-25  2.773E-15
4.406E+02  2.439E-25  2.850E-15
4.365E+02  2.529E-25  2.928E-15
4.325E+02  2.623E-25  3.009E-15
4.285E+02  2.720E-25  3.092E-15
4.246E+02  2.820E-25  3.176E-15
4.207E+02  2.924E-25  3.263E-15
4.169E+02  3.032E-25  3.352E-15
4.130E+02  3.143E-25  3.444E-15
4.093E+02  3.259E-25  3.538E-15
4.055E+02  3.378E-25  3.634E-15
4.018E+02  3.502E-25  3.732E-15
3.981E+02  3.630E-25  3.833E-15
3.945E+02  3.763E-25  3.937E-15
3.908E+02  3.900E-25  4.043E-15
3.873E+02  4.042E-25  4.152E-15
3.837E+02  4.189E-25  4.264E-15
3.802E+02  4.341E-25  4.378E-15
3.767E+02  4.499E-25  4.495E-15
3.733E+02  4.662E-25  4.615E-15
3.698E+02  4.830E-25  4.738E-15
3.664E+02  5.004E-25  4.864E-15
3.631E+02  5.184E-25  4.993E-15
3.597E+02  5.370E-25  5.125E-15
3.565E+02  5.563E-25  5.260E-15
3.532E+02  5.762E-25  5.398E-15
3.499E+02  5.968E-25  5.540E-15
3.467E+02  6.181E-25  5.685E-15
3.436E+02  6.400E-25  5.833E-15
3.404E+02  6.628E-25  5.984E-15
3.373E+02  6.862E-25  6.140E-15
3.342E+02  7.105E-25  6.298E-15
3.311E+02  7.355E-25  6.460E-15
3.281E+02  7.614E-25  6.626E-15
3.251E+02  7.881E-25  6.796E-15
3.221E+02  8.157E-25  6.969E-15
3.192E+02  8.442E-25  7.146E-15
3.162E+02  8.736E-25  7.328E-15
3.133E+02  9.039E-25  7.513E-15
3.105E+02  9.352E-25  7.702E-15
3.076E+02  9.675E-25  7.895E-15
3.048E+02  1.001E-24  8.092E-15
3.020E+02  1.035E-24  8.293E-15
2.992E+02  1.071E-24  8.499E-15
2.965E+02  1.107E-24  8.709E-15
2.938E+02  1.145E-24  8.923E-15
2.911E+02  1.184E-24  9.141E-15
2.884E+02  1.224E-24  9.364E-15
2.858E+02  1.265E-24  9.592E-15
2.831E+02  1.308E-24  9.824E-15
2.805E+02  1.352E-24  1.006E-14
2.780E+02  1.397E-24  1.030E-14
2.754E+02  1.444E-24  1.055E-14
2.729E+02  1.492E-24  1.080E-14
2.704E+02  1.541E-24  1.106E-14
2.679E+02  1.592E-24  1.132E-14
2.655E+02  1.645E-24  1.158E-14
2.630E+02  1.699E-24  1.186E-14
2.606E+02  1.755E-24  1.213E-14
2.582E+02  1.813E-24  1.242E-14
2.559E+02  1.871E-24  1.270E-14
2.535E+02  1.932E-24  1.299E-14
2.512E+02  1.993E-24  1.328E-14
2.489E+02  2.056E-24  1.357E-14
2.466E+02  2.119E-24  1.386E-14
2.443E+02  2.183E-24  1.415E-14
2.421E+02  2.248E-24  1.444E-14
2.399E+02  2.315E-24  1.473E-14
2.377E+02  2.383E-24  1.502E-14
2.355E+02  2.451E-24  1.531E-14
2.333E+02  2.522E-24  1.561E-14
2.312E+02  2.594E-24  1.591E-14
2.291E+02  2.668E-24  1.621E-14
2.270E+02  2.743E-24  1.652E-14
2.249E+02  2.821E-24  1.683E-14
2.228E+02  2.899E-24  1.714E-14
2.208E+02  2.980E-24  1.745E-14
2.188E+02  3.063E-24  1.777E-14
2.168E+02  3.147E-24  1.809E-14
2.148E+02  3.233E-24  1.842E-14
2.128E+02  3.321E-24  1.875E-14
2.109E+02  3.410E-24  1.908E-14
2.089E+02  3.502E-24  1.941E-14
2.070E+02  3.595E-24  1.974E-14
2.051E+02  3.691E-24  2.008E-14
2.032E+02  3.788E-24  2.042E-14
2.014E+02  3.887E-24  2.076E-14
1.995E+02  3.988E-24  2.111E-14
1.977E+02  4.091E-24  2.145E-14
1.959E+02  4.196E-24  2.180E-14
1.941E+02  4.303E-24  2.215E-14
1.923E+02  4.412E-24  2.250E-14
1.905E+02  4.523E-24  2.286E-14
1.888E+02  4.636E-24  2.322E-14
1.871E+02  4.751E-24  2.358E-14
1.854E+02  4.868E-24  2.394E-14
1.837E+02  4.988E-24  2.430E-14
1.820E+02  5.110E-24  2.466E-14
1.803E+02  5.234E-24  2.503E-14
1.786E+02  5.360E-24  2.540E-14
1.770E+02  5.488E-24  2.577E-14
1.754E+02  5.619E-24  2.614E-14
1.738E+02  5.753E-24  2.652E-14
1.722E+02  5.888E-24  2.690E-14
1.706E+02  6.027E-24  2.727E-14
1.690E+02  6.168E-24  2.766E-14
1.675E+02  6.311E-24  2.804E-14
1.660E+02  6.458E-24  2.843E-14
1.644E+02  6.607E-24  2.882E-14
1.629E+02  6.760E-24  2.921E-14
1.614E+02  6.915E-24  2.961E-14
1.600E+02  7.074E-24  3.001E-14
1.585E+02  7.236E-24  3.042E-14
1.570E+02  7.402E-24  3.083E-14
1.556E+02  7.572E-24  3.125E-14
1.542E+02  7.745E-24  3.167E-14
1.528E+02  7.923E-24  3.210E-14
1.514E+02  8.104E-24  3.254E-14
1.500E+02  8.290E-24  3.298E-14
1.486E+02  8.478E-24  3.342E-14
1.472E+02  8.670E-24  3.386E-14
1.459E+02  8.864E-24  3.430E-14
1.445E+02  9.057E-24  3.473E-14
1.432E+02  9.249E-24  3.514E-14
1.419E+02  9.434E-24  3.551E-14
1.406E+02  9.612E-24  3.585E-14
1.393E+02  9.778E-24  3.613E-14
1.380E+02  9.931E-24  3.636E-14
1.368E+02  1.007E-23  3.654E-14
1.355E+02  1.020E-23  3.667E-14
1.343E+02  1.032E-23  3.678E-14
1.330E+02  1.044E-23  3.686E-14
1.318E+02  1.056E-23  3.693E-14
1.306E+02  1.068E-23  3.699E-14
1.294E+02  1.080E-23  3.706E-14
1.282E+02  1.092E-23  3.713E-14
1.271E+02  1.104E-23  3.720E-14
1.259E+02  1.116E-23  3.728E-14
1.247E+02  1.129E-23  3.736E-14
1.236E+02  1.142E-23  3.745E-14
1.225E+02  1.156E-23  3.755E-14
1.213E+02  1.170E-23  3.765E-14
1.202E+02  1.184E-23  3.775E-14
1.191E+02  1.198E-23  3.785E-14
1.180E+02  1.212E-23  3.795E-14
1.169E+02  1.227E-23  3.805E-14
1.159E+02  1.241E-23  3.815E-14
1.148E+02  1.256E-23  3.825E-14
1.138E+02  1.271E-23  3.835E-14
1.127E+02  1.286E-23  3.844E-14
1.117E+02  1.301E-23  3.854E-14
1.107E+02  1.316E-23  3.863E-14
1.096E+02  1.331E-23  3.873E-14
1.086E+02  1.347E-23  3.881E-14
1.076E+02  1.362E-23  3.890E-14
1.067E+02  1.378E-23  3.898E-14
1.057E+02  1.393E-23  3.906E-14
1.047E+02  1.409E-23  3.914E-14
1.038E+02  1.425E-23  3.921E-14
1.028E+02  1.440E-23  3.927E-14
1.019E+02  1.455E-23  3.933E-14
1.009E+02  1.471E-23  3.938E-14
1.000E+02  1.486E-23  3.942E-14
9.908E+01  1.501E-23  3.946E-14
9.817E+01  1.517E-23  3.949E-14
9.727E+01  1.532E-23  3.952E-14
9.638E+01  1.547E-23  3.954E-14
9.550E+01  1.562E-23  3.956E-14
9.462E+01  1.576E-23  3.957E-14
9.376E+01  1.591E-23  3.957E-14
9.290E+01  1.605E-23  3.956E-14
9.204E+01  1.620E-23  3.955E-14
9.120E+01  1.634E-23  3.953E-14
9.036E+01  1.648E-23  3.951E-14
8.954E+01  1.662E-23  3.948E-14
8.872E+01  1.676E-23  3.944E-14
8.790E+01  1.690E-23  3.940E-14
8.710E+01  1.703E-23  3.935E-14
8.630E+01  1.717E-23  3.930E-14
8.551E+01  1.730E-23  3.925E-14
8.472E+01  1.743E-23  3.918E-14
8.395E+01  1.757E-23  3.911E-14
8.318E+01  1.770E-23  3.904E-14
8.241E+01  1.782E-23  3.896E-14
8.166E+01  1.795E-23  3.888E-14
8.091E+01  1.808E-23  3.879E-14
8.017E+01  1.820E-23  3.870E-14
7.943E+01  1.832E-23  3.861E-14
7.870E+01  1.844E-23  3.850E-14
7.798E+01  1.856E-23  3.839E-14
7.727E+01  1.868E-23  3.828E-14
7.656E+01  1.879E-23  3.816E-14
7.586E+01  1.891E-23  3.804E-14
7.516E+01  1.902E-23  3.792E-14
7.447E+01  1.913E-23  3.778E-14
7.379E+01  1.923E-23  3.764E-14
7.311E+01  1.934E-23  3.750E-14
7.244E+01  1.944E-23  3.735E-14
7.178E+01  1.954E-23  3.720E-14
7.112E+01  1.964E-23  3.705E-14
7.047E+01  1.974E-23  3.689E-14
6.982E+01  1.984E-23  3.674E-14
6.918E+01  1.993E-23  3.658E-14
6.855E+01  2.003E-23  3.642E-14
6.792E+01  2.012E-23  3.625E-14
6.730E+01  2.021E-23  3.608E-14
6.668E+01  2.030E-23  3.590E-14
6.607E+01  2.039E-23  3.573E-14
6.546E+01  2.047E-23  3.555E-14
6.486E+01  2.056E-23  3.537E-14
6.427E+01  2.064E-23  3.519E-14
6.368E+01  2.072E-23  3.501E-14
6.310E+01  2.081E-23  3.482E-14
6.252E+01  2.089E-23  3.464E-14
6.194E+01  2.097E-23  3.445E-14
6.138E+01  2.105E-23  3.426E-14
6.081E+01  2.112E-23  3.408E-14
6.026E+01  2.120E-23  3.389E-14
5.970E+01  2.128E-23  3.370E-14
5.916E+01  2.135E-23  3.350E-14
5.861E+01  2.142E-23  3.331E-14
5.808E+01  2.150E-23  3.312E-14
5.754E+01  2.157E-23  3.292E-14
5.702E+01  2.164E-23  3.273E-14
5.649E+01  2.171E-23  3.254E-14
5.598E+01  2.178E-23  3.234E-14
5.546E+01  2.185E-23  3.215E-14
5.495E+01  2.193E-23  3.196E-14
5.445E+01  2.200E-23  3.177E-14
5.395E+01  2.207E-23  3.158E-14
5.346E+01  2.214E-23  3.139E-14
5.297E+01  2.221E-23  3.120E-14
5.248E+01  2.228E-23  3.102E-14
5.200E+01  2.235E-23  3.083E-14
5.152E+01  2.242E-23  3.065E-14
5.105E+01  2.249E-23  3.046E-14
5.058E+01  2.256E-23  3.028E-14
5.012E+01  2.263E-23  3.009E-14
4.966E+01  2.271E-23  2.991E-14
4.920E+01  2.278E-23  2.973E-14
4.875E+01  2.285E-23  2.955E-14
4.831E+01  2.292E-23  2.937E-14
4.786E+01  2.299E-23  2.919E-14
4.742E+01  2.306E-23  2.901E-14
4.699E+01  2.314E-23  2.884E-14
4.656E+01  2.321E-23  2.866E-14
4.613E+01  2.328E-23  2.849E-14
4.571E+01  2.336E-23  2.832E-14
4.529E+01  2.343E-23  2.815E-14
4.487E+01  2.350E-23  2.797E-14
4.446E+01  2.357E-23  2.780E-14
4.406E+01  2.364E-23  2.763E-14
4.365E+01  2.371E-23  2.746E-14
4.325E+01  2.378E-23  2.728E-14
4.285E+01  2.384E-23  2.710E-14
4.246E+01  2.390E-23  2.692E-14
4.207E+01  2.396E-23  2.674E-14
4.169E+01  2.401E-23  2.655E-14
4.130E+01  2.406E-23  2.636E-14
4.093E+01  2.410E-23  2.617E-14
4.055E+01  2.414E-23  2.596E-14
4.018E+01  2.416E-23  2.575E-14
3.981E+01  2.418E-23  2.554E-14
3.945E+01  2.419E-23  2.531E-14
3.908E+01  2.419E-23  2.507E-14
3.873E+01  2.417E-23  2.483E-14
3.837E+01  2.414E-23  2.457E-14
3.802E+01  2.410E-23  2.430E-14
3.767E+01  2.403E-23  2.402E-14
3.733E+01  2.395E-23  2.372E-14
3.698E+01  2.385E-23  2.340E-14
3.664E+01  2.373E-23  2.307E-14
3.631E+01  2.359E-23  2.272E-14
3.597E+01  2.343E-23  2.236E-14
3.565E+01  2.324E-23  2.197E-14
3.532E+01  2.303E-23  2.157E-14
3.499E+01  2.279E-23  2.116E-14
3.467E+01  2.253E-23  2.072E-14
3.436E+01  2.224E-23  2.027E-14
3.404E+01  2.193E-23  1.980E-14
3.373E+01  2.159E-23  1.932E-14
3.342E+01  2.123E-23  1.882E-14
3.311E+01  2.084E-23  1.831E-14
3.281E+01  2.043E-23  1.778E-14
3.251E+01  2.000E-23  1.725E-14
3.221E+01  1.955E-23  1.670E-14
3.192E+01  1.908E-23  1.615E-14
3.162E+01  1.859E-23  1.560E-14
3.133E+01  1.809E-23  1.504E-14
3.105E+01  1.758E-23  1.448E-14
3.076E+01  1.706E-23  1.392E-14
3.048E+01  1.654E-23  1.337E-14
3.020E+01  1.601E-23  1.283E-14
2.992E+01  1.549E-23  1.229E-14
2.965E+01  1.496E-23  1.176E-14
2.938E+01  1.443E-23  1.125E-14
2.911E+01  1.392E-23  1.075E-14
2.884E+01  1.341E-23  1.026E-14
2.858E+01  1.291E-23  9.786E-15
2.831E+01  1.242E-23  9.331E-15
2.805E+01  1.195E-23  8.893E-15
2.780E+01  1.149E-23  8.472E-15
2.754E+01  1.105E-23  8.069E-15
2.729E+01  1.061E-23  7.684E-15
2.704E+01  1.020E-23  7.317E-15
2.679E+01  9.805E-24  6.968E-15
2.655E+01  9.424E-24  6.636E-15
2.630E+01  9.060E-24  6.321E-15
2.606E+01  8.712E-24  6.022E-15
2.582E+01  8.380E-24  5.740E-15
2.559E+01  8.065E-24  5.474E-15
2.535E+01  7.765E-24  5.222E-15
2.512E+01  7.480E-24  4.984E-15
2.489E+01  7.209E-24  4.760E-15
2.466E+01  6.953E-24  4.548E-15
2.443E+01  6.709E-24  4.349E-15
2.421E+01  6.479E-24  4.161E-15
2.399E+01  6.259E-24  3.983E-15
2.377E+01  6.053E-24  3.816E-15
2.355E+01  5.859E-24  3.660E-15
2.333E+01  5.676E-24  3.513E-15
2.312E+01  5.501E-24  3.374E-15
2.291E+01  5.337E-24  3.243E-15
2.270E+01  5.184E-24  3.122E-15
2.249E+01  5.043E-24  3.009E-15
2.228E+01  4.911E-24  2.903E-15
2.208E+01  4.786E-24  2.803E-15
2.188E+01  4.666E-24  2.708E-15
2.168E+01  4.553E-24  2.618E-15
2.148E+01  4.447E-24  2.534E-15
2.128E+01  4.349E-24  2.455E-15
2.109E+01  4.259E-24  2.382E-15
2.089E+01  4.174E-24  2.313E-15
2.070E+01  4.095E-24  2.248E-15
2.051E+01  4.020E-24  2.187E-15
2.032E+01  3.952E-24  2.131E-15
2.014E+01  3.893E-24  2.080E-15
1.995E+01  3.839E-24  2.032E-15
1.977E+01  3.789E-24  1.987E-15
1.959E+01  3.742E-24  1.945E-15
1.941E+01  3.701E-24  1.905E-15
1.923E+01  3.665E-24  1.869E-15
1.905E+01  3.634E-24  1.837E-15
1.888E+01  3.611E-24  1.809E-15
1.871E+01  3.599E-24  1.786E-15
1.854E+01  3.601E-24  1.770E-15
1.837E+01  3.625E-24  1.766E-15
1.820E+01  3.692E-24  1.782E-15
1.803E+01  3.870E-24  1.851E-15
1.786E+01  4.193E-24  1.987E-15
1.770E+01  4.162E-24  1.954E-15
1.754E+01  4.479E-24  2.084E-15
1.738E+01  5.415E-24  2.496E-15
1.722E+01  5.012E-24  2.289E-15
1.706E+01  4.954E-24  2.242E-15
1.690E+01  4.797E-24  2.151E-15
1.675E+01  4.565E-24  2.028E-15
1.660E+01  4.676E-24  2.058E-15
1.644E+01  5.581E-24  2.434E-15
1.629E+01  4.137E-24  1.788E-15
1.614E+01  3.643E-24  1.560E-15
1.600E+01  3.745E-24  1.589E-15
1.585E+01  3.724E-24  1.565E-15
1.570E+01  3.186E-24  1.327E-15
1.556E+01  2.924E-24  1.207E-15
1.542E+01  2.790E-24  1.141E-15
1.528E+01  2.705E-24  1.096E-15
1.514E+01  2.643E-24  1.061E-15
1.500E+01  2.596E-24  1.033E-15
1.486E+01  2.561E-24  1.010E-15
1.472E+01  2.541E-24  9.923E-16
1.459E+01  2.542E-24  9.838E-16
1.445E+01  2.590E-24  9.930E-16
1.432E+01  2.738E-24  1.040E-15
1.419E+01  2.903E-24  1.093E-15
1.406E+01  2.727E-24  1.017E-15
1.393E+01  2.592E-24  9.578E-16
1.380E+01  2.621E-24  9.596E-16
1.368E+01  2.864E-24  1.039E-15
1.355E+01  2.959E-24  1.064E-15
1.343E+01  2.733E-24  9.736E-16
1.330E+01  2.732E-24  9.642E-16
1.318E+01  2.884E-24  1.009E-15
1.306E+01  3.192E-24  1.106E-15
1.294E+01  3.727E-24  1.279E-15
1.282E+01  4.590E-24  1.561E-15
1.271E+01  5.661E-24  1.908E-15
1.259E+01  6.115E-24  2.042E-15
1.247E+01  5.483E-24  1.814E-15
1.236E+01  4.710E-24  1.544E-15
1.225E+01  4.382E-24  1.424E-15
1.213E+01  4.461E-24  1.436E-15
1.202E+01  4.612E-24  1.471E-15
1.191E+01  4.442E-24  1.403E-15
1.180E+01  4.081E-24  1.278E-15
1.169E+01  3.961E-24  1.229E-15
1.159E+01  4.396E-24  1.351E-15
1.148E+01  5.874E-24  1.789E-15
1.138E+01  8.985E-24  2.711E-15
1.127E+01  1.250E-23  3.737E-15
1.117E+01  8.514E-24  2.522E-15
1.107E+01  4.485E-24  1.317E-15
1.096E+01  3.051E-24  8.873E-16
1.086E+01  2.372E-24  6.836E-16
1.076E+01  1.999E-24  5.707E-16
1.067E+01  1.770E-24  5.009E-16
1.057E+01  1.620E-24  4.541E-16
1.047E+01  1.516E-24  4.210E-16
1.038E+01  1.441E-24  3.966E-16
1.028E+01  1.386E-24  3.780E-16
1.019E+01  1.346E-24  3.636E-16
1.009E+01  1.317E-24  3.526E-16
1.000E+01  1.298E-24  3.443E-16
9.908E+00  1.288E-24  3.384E-16
9.817E+00  1.285E-24  3.348E-16
9.727E+00  1.292E-24  3.333E-16
9.638E+00  1.306E-24  3.340E-16
9.550E+00  1.331E-24  3.371E-16
9.462E+00  1.366E-24  3.429E-16
9.376E+00  1.416E-24  3.521E-16
9.290E+00  1.483E-24  3.655E-16
9.204E+00  1.576E-24  3.849E-16
9.120E+00  1.706E-24  4.127E-16
9.036E+00  1.893E-24  4.537E-16
8.954E+00  2.173E-24  5.162E-16
8.872E+00  2.616E-24  6.156E-16
8.790E+00  3.339E-24  7.785E-16
8.710E+00  4.439E-24  1.026E-15
8.630E+00  5.461E-24  1.250E-15
8.551E+00  5.322E-24  1.207E-15
8.472E+00  4.601E-24  1.034E-15
8.395E+00  4.231E-24  9.421E-16
8.318E+00  4.202E-24  9.271E-16
8.241E+00  4.383E-24  9.582E-16
8.166E+00  4.848E-24  1.050E-15
8.091E+00  5.736E-24  1.231E-15
8.017E+00  7.156E-24  1.522E-15
7.943E+00  9.028E-24  1.902E-15
7.870E+00  1.073E-23  2.239E-15
7.798E+00  1.151E-23  2.381E-15
7.727E+00  1.195E-23  2.450E-15
7.656E+00  1.276E-23  2.591E-15
7.586E+00  1.258E-23  2.531E-15
7.516E+00  1.036E-23  2.066E-15
7.447E+00  7.834E-24  1.548E-15
7.379E+00  6.013E-24  1.177E-15
7.311E+00  4.803E-24  9.315E-16
7.244E+00  3.967E-24  7.622E-16
7.178E+00  3.361E-24  6.400E-16
7.112E+00  2.915E-24  5.499E-16
7.047E+00  2.591E-24  4.843E-16
6.982E+00  2.370E-24  4.390E-16
6.918E+00  2.242E-24  4.114E-16
6.855E+00  2.195E-24  3.992E-16
6.792E+00  2.207E-24  3.976E-16
6.730E+00  2.226E-24  3.973E-16
6.668E+00  2.196E-24  3.884E-16
6.607E+00  2.118E-24  3.712E-16
6.546E+00  2.068E-24  3.592E-16
6.486E+00  2.146E-24  3.692E-16
6.427E+00  2.474E-24  4.218E-16
6.368E+00  3.301E-24  5.576E-16
6.310E+00  5.188E-24  8.683E-16
6.252E+00  8.437E-24  1.399E-15
6.194E+00  8.588E-24  1.411E-15
6.138E+00  5.151E-24  8.385E-16
6.081E+00  3.014E-24  4.862E-16
6.026E+00  2.019E-24  3.227E-16
5.970E+00  1.544E-24  2.446E-16
5.916E+00  1.329E-24  2.086E-16
5.861E+00  1.286E-24  2.000E-16
5.808E+00  1.405E-24  2.164E-16
5.754E+00  1.666E-24  2.542E-16
5.702E+00  1.817E-24  2.749E-16
5.649E+00  1.548E-24  2.320E-16
5.598E+00  1.152E-24  1.710E-16
5.546E+00  8.773E-25  1.291E-16
5.495E+00  7.175E-25  1.046E-16
5.445E+00  6.310E-25  9.114E-17
5.395E+00  5.992E-25  8.576E-17
5.346E+00  6.286E-25  8.913E-17
5.297E+00  7.411E-25  1.041E-16
5.248E+00  8.235E-25  1.146E-16
5.200E+00  6.652E-25  9.176E-17
5.152E+00  5.008E-25  6.844E-17
5.105E+00  4.105E-25  5.559E-17
5.058E+00  3.602E-25  4.832E-17
5.012E+00  3.286E-25  4.369E-17
4.966E+00  3.068E-25  4.041E-17
4.920E+00  2.904E-25  3.791E-17
4.875E+00  2.776E-25  3.589E-17
4.831E+00  2.670E-25  3.421E-17
4.786E+00  2.581E-25  3.277E-17
4.742E+00  2.505E-25  3.151E-17
4.699E+00  2.439E-25  3.040E-17
4.656E+00  2.380E-25  2.939E-17
4.613E+00  2.328E-25  2.848E-17
4.571E+00  2.281E-25  2.765E-17
4.529E+00  2.238E-25  2.689E-17
4.487E+00  2.200E-25  2.618E-17
4.446E+00  2.165E-25  2.553E-17
4.406E+00  2.132E-25  2.492E-17
4.365E+00  2.103E-25  2.435E-17
4.325E+00  2.076E-25  2.382E-17
4.285E+00  2.052E-25  2.332E-17
4.246E+00  2.029E-25  2.286E-17
4.207E+00  2.009E-25  2.242E-17
4.169E+00  1.991E-25  2.201E-17
4.130E+00  1.974E-25  2.163E-17
4.093E+00  1.959E-25  2.127E-17
4.055E+00  1.946E-25  2.093E-17
4.018E+00  1.935E-25  2.063E-17
3.981E+00  1.926E-25  2.034E-17
3.945E+00  1.920E-25  2.009E-17
3.908E+00  1.916E-25  1.986E-17
3.873E+00  1.915E-25  1.967E-17
3.837E+00  1.917E-25  1.951E-17
3.802E+00  1.924E-25  1.940E-17
3.767E+00  1.935E-25  1.934E-17
3.733E+00  1.953E-25  1.934E-17
3.698E+00  1.980E-25  1.942E-17
3.664E+00  2.017E-25  1.961E-17
3.631E+00  2.070E-25  1.994E-17
3.597E+00  2.145E-25  2.047E-17
3.565E+00  2.252E-25  2.129E-17
3.532E+00  2.409E-25  2.257E-17
3.499E+00  2.650E-25  2.460E-17
3.467E+00  3.039E-25  2.795E-17
3.436E+00  3.721E-25  3.391E-17
3.404E+00  5.067E-25  4.576E-17
3.373E+00  8.282E-25  7.410E-17
3.342E+00  1.893E-24  1.678E-16
3.311E+00  7.175E-24  6.302E-16
3.281E+00  4.898E-24  4.263E-16
3.251E+00  1.396E-24  1.204E-16
3.221E+00  6.639E-25  5.672E-17
3.192E+00  4.218E-25  3.571E-17
3.162E+00  3.149E-25  2.641E-17
3.133E+00  2.586E-25  2.149E-17
3.105E+00  2.253E-25  1.856E-17
3.076E+00  2.039E-25  1.664E-17
3.048E+00  1.893E-25  1.530E-17
3.020E+00  1.787E-25  1.432E-17
2.992E+00  1.707E-25  1.355E-17
2.965E+00  1.645E-25  1.294E-17
2.938E+00  1.596E-25  1.243E-17
2.911E+00  1.554E-25  1.200E-17
2.884E+00  1.520E-25  1.162E-17
2.858E+00  1.490E-25  1.129E-17
2.831E+00  1.463E-25  1.099E-17
2.805E+00  1.440E-25  1.071E-17
2.780E+00  1.418E-25  1.046E-17
2.754E+00  1.399E-25  1.022E-17
2.729E+00  1.380E-25  9.991E-18
2.704E+00  1.363E-25  9.777E-18
2.679E+00  1.347E-25  9.572E-18
2.655E+00  1.331E-25  9.375E-18
2.630E+00  1.317E-25  9.186E-18
2.606E+00  1.302E-25  9.002E-18
2.582E+00  1.288E-25  8.824E-18
2.559E+00  1.275E-25  8.651E-18
2.535E+00  1.261E-25  8.482E-18
2.512E+00  1.248E-25  8.317E-18
2.489E+00  1.235E-25  8.155E-18
2.466E+00  1.222E-25  7.996E-18
2.443E+00  1.209E-25  7.839E-18
2.421E+00  1.197E-25  7.685E-18
2.399E+00  1.184E-25  7.534E-18
2.377E+00  1.172E-25  7.387E-18
2.355E+00  1.159E-25  7.242E-18
2.333E+00  1.147E-25  7.100E-18
2.312E+00  1.135E-25  6.960E-18
2.291E+00  1.123E-25  6.822E-18
2.270E+00  1.110E-25  6.685E-18
2.249E+00  1.098E-25  6.550E-18
2.228E+00  1.085E-25  6.416E-18
2.208E+00  1.073E-25  6.283E-18
2.188E+00  1.060E-25  6.150E-18
2.168E+00  1.046E-25  6.017E-18
2.148E+00  1.033E-25  5.883E-18
2.128E+00  1.018E-25  5.749E-18
2.109E+00  1.003E-25  5.611E-18
2.089E+00  9.872E-26  5.471E-18
2.070E+00  9.699E-26  5.326E-18
2.051E+00  9.510E-26  5.175E-18
2.032E+00  9.302E-26  5.015E-18
2.014E+00  9.070E-26  4.845E-18
1.995E+00  8.808E-26  4.662E-18
1.977E+00  8.518E-26  4.467E-18
1.959E+00  8.209E-26  4.265E-18
1.941E+00  7.909E-26  4.072E-18
1.923E+00  7.674E-26  3.915E-18
1.905E+00  7.560E-26  3.821E-18
1.888E+00  7.588E-26  3.800E-18
1.871E+00  7.716E-26  3.829E-18
1.854E+00  7.877E-26  3.873E-18
1.837E+00  8.019E-26  3.907E-18
1.820E+00  8.122E-26  3.921E-18
1.803E+00  8.185E-26  3.915E-18
1.786E+00  8.214E-26  3.893E-18
1.770E+00  8.216E-26  3.858E-18
1.754E+00  8.199E-26  3.815E-18
1.738E+00  8.168E-26  3.765E-18
1.722E+00  8.126E-26  3.712E-18
1.706E+00  8.077E-26  3.655E-18
1.690E+00  8.024E-26  3.598E-18
1.675E+00  7.968E-26  3.540E-18
1.660E+00  7.910E-26  3.482E-18
1.644E+00  7.852E-26  3.425E-18
1.629E+00  7.793E-26  3.368E-18
1.614E+00  7.737E-26  3.313E-18
1.600E+00  7.682E-26  3.260E-18
1.585E+00  7.631E-26  3.208E-18
1.570E+00  7.585E-26  3.159E-18
1.556E+00  7.543E-26  3.113E-18
1.542E+00  7.507E-26  3.070E-18
1.528E+00  7.479E-26  3.030E-18
1.514E+00  7.459E-26  2.995E-18
1.500E+00  7.449E-26  2.963E-18
1.486E+00  7.452E-26  2.937E-18
1.472E+00  7.467E-26  2.916E-18
1.459E+00  7.500E-26  2.902E-18
1.445E+00  7.552E-26  2.896E-18
1.432E+00  7.627E-26  2.898E-18
1.419E+00  7.730E-26  2.910E-18
1.406E+00  7.866E-26  2.934E-18
1.393E+00  8.042E-26  2.972E-18
1.380E+00  8.266E-26  3.027E-18
1.368E+00  8.546E-26  3.101E-18
1.355E+00  8.893E-26  3.197E-18
1.343E+00  9.316E-26  3.318E-18
1.330E+00  9.816E-26  3.464E-18
1.318E+00  1.039E-25  3.632E-18
1.306E+00  1.099E-25  3.809E-18
1.294E+00  1.157E-25  3.970E-18
1.282E+00  1.198E-25  4.077E-18
1.271E+00  1.211E-25  4.081E-18
1.259E+00  1.184E-25  3.954E-18
1.247E+00  1.118E-25  3.701E-18
1.236E+00  1.027E-25  3.367E-18
1.225E+00  9.265E-26  3.010E-18
1.213E+00  8.316E-26  2.677E-18
1.202E+00  7.496E-26  2.391E-18
1.191E+00  6.831E-26  2.159E-18
1.180E+00  6.316E-26  1.978E-18
1.169E+00  5.937E-26  1.842E-18
1.159E+00  5.678E-26  1.745E-18
1.148E+00  5.532E-26  1.685E-18
1.138E+00  5.498E-26  1.659E-18
1.127E+00  5.585E-26  1.670E-18
1.117E+00  5.820E-26  1.724E-18
1.107E+00  6.248E-26  1.834E-18
1.096E+00  6.945E-26  2.020E-18
1.086E+00  8.021E-26  2.312E-18
1.076E+00  9.586E-26  2.737E-18
1.067E+00  1.155E-25  3.267E-18
1.057E+00  1.312E-25  3.677E-18
1.047E+00  1.285E-25  3.570E-18
1.038E+00  1.064E-25  2.928E-18
1.028E+00  8.027E-26  2.189E-18
1.019E+00  6.001E-26  1.621E-18
1.009E+00  4.630E-26  1.240E-18
1.000E+00  3.722E-26  9.873E-19
