Dust emission from Draine & Li (2007): ApJ 657, 810-837
================================================================
         4 = grain model
 4.000E-08 4.000E-01 2.250E-05 = a_01 (cm) , sigma_1 , b_C1/0.92
 2.500E-07 4.000E-01 7.500E-06 = a_02 (cm) , sigma_2 , b_C2/0.92
 4.000E+00 1.000E+05 2.000E+00 = Umin , Umax, beta (dN/dU propto U^{-beta})
 4.051E+01 = <U> 
     mmp83 = radfield
 1.804E-22 = power/H (erg s-1)
 band   nu*P_nu(band) j_nu(band)
 (um)   (erg s-1 H-1)(Jy cm2 sr-1 H-1)
1.270E+00  3.766E-25  1.269E-17 COBE-DIRBE
2.220E+00  4.793E-25  2.822E-17 COBE-DIRBE
3.530E+00  3.232E-24  3.026E-16 COBE-DIRBE
4.880E+00  1.550E-24  2.007E-16 COBE-DIRBE
1.229E+01  1.998E-23  6.514E-15 COBE-DIRBE
2.079E+01  4.041E-23  2.229E-14 COBE-DIRBE
5.599E+01  8.978E-23  1.333E-13 COBE-DIRBE
9.770E+01  4.634E-23  1.201E-13 COBE-DIRBE
1.479E+02  2.087E-23  8.186E-14 COBE-DIRBE
2.479E+02  4.494E-24  2.955E-14 COBE-DIRBE
1.200E+01  1.967E-23  6.261E-15 IRAS
2.500E+01  5.363E-23  3.557E-14 IRAS
6.000E+01  8.568E-23  1.364E-13 IRAS
1.000E+02  4.440E-23  1.178E-13 IRAS
3.550E+00  3.761E-24  3.541E-16 SST-IRAC
4.493E+00  1.068E-24  1.272E-16 SST-IRAC
5.731E+00  9.720E-24  1.478E-15 SST-IRAC
7.872E+00  2.549E-23  5.322E-15 SST-IRAC
2.368E+01  4.984E-23  3.130E-14 SST-MIPS
7.142E+01  6.445E-23  1.221E-13 SST-MIPS
1.559E+02  1.678E-23  6.938E-14 SST-MIPS
1.600E+01  2.273E-23  9.647E-15 SST-IRSPU
2.200E+01  4.766E-23  2.781E-14 SST-IRSPU











lambda    nu*dP/dnu     j_nu
 (um)   (erg s-1 H-1)(Jy cm2 sr-1 H-1)
1.000E+04  8.143E-31  2.160E-19
9.908E+03  8.442E-31  2.219E-19
9.817E+03  8.751E-31  2.279E-19
9.727E+03  9.072E-31  2.341E-19
9.638E+03  9.405E-31  2.404E-19
9.550E+03  9.750E-31  2.470E-19
9.462E+03  1.011E-30  2.537E-19
9.376E+03  1.048E-30  2.606E-19
9.290E+03  1.086E-30  2.677E-19
9.204E+03  1.126E-30  2.749E-19
9.120E+03  1.167E-30  2.824E-19
9.036E+03  1.210E-30  2.901E-19
8.954E+03  1.254E-30  2.979E-19
8.872E+03  1.300E-30  3.060E-19
8.790E+03  1.348E-30  3.142E-19
8.710E+03  1.397E-30  3.227E-19
8.630E+03  1.448E-30  3.315E-19
8.551E+03  1.501E-30  3.404E-19
8.472E+03  1.556E-30  3.497E-19
8.395E+03  1.613E-30  3.592E-19
8.318E+03  1.672E-30  3.689E-19
8.241E+03  1.733E-30  3.789E-19
8.166E+03  1.797E-30  3.892E-19
8.091E+03  1.863E-30  3.998E-19
8.017E+03  1.931E-30  4.107E-19
7.943E+03  2.002E-30  4.219E-19
7.870E+03  2.076E-30  4.334E-19
7.798E+03  2.152E-30  4.453E-19
7.727E+03  2.232E-30  4.574E-19
7.656E+03  2.314E-30  4.699E-19
7.586E+03  2.399E-30  4.828E-19
7.516E+03  2.488E-30  4.960E-19
7.447E+03  2.580E-30  5.096E-19
7.379E+03  2.675E-30  5.236E-19
7.311E+03  2.774E-30  5.380E-19
7.244E+03  2.877E-30  5.528E-19
7.178E+03  2.983E-30  5.680E-19
7.112E+03  3.094E-30  5.836E-19
7.047E+03  3.208E-30  5.997E-19
6.982E+03  3.327E-30  6.162E-19
6.918E+03  3.450E-30  6.332E-19
6.855E+03  3.578E-30  6.506E-19
6.792E+03  3.711E-30  6.686E-19
6.730E+03  3.849E-30  6.870E-19
6.668E+03  3.992E-30  7.060E-19
6.607E+03  4.140E-30  7.255E-19
6.546E+03  4.294E-30  7.456E-19
6.486E+03  4.454E-30  7.663E-19
6.427E+03  4.620E-30  7.875E-19
6.368E+03  4.792E-30  8.094E-19
6.310E+03  4.970E-30  8.319E-19
6.252E+03  5.156E-30  8.550E-19
6.194E+03  5.348E-30  8.788E-19
6.138E+03  5.548E-30  9.033E-19
6.081E+03  5.755E-30  9.284E-19
6.026E+03  5.971E-30  9.543E-19
5.970E+03  6.194E-30  9.810E-19
5.916E+03  6.426E-30  1.008E-18
5.861E+03  6.667E-30  1.037E-18
5.808E+03  6.917E-30  1.066E-18
5.754E+03  7.177E-30  1.095E-18
5.702E+03  7.446E-30  1.126E-18
5.649E+03  7.726E-30  1.158E-18
5.598E+03  8.017E-30  1.190E-18
5.546E+03  8.318E-30  1.224E-18
5.495E+03  8.631E-30  1.258E-18
5.445E+03  8.957E-30  1.294E-18
5.395E+03  9.294E-30  1.330E-18
5.346E+03  9.645E-30  1.368E-18
5.297E+03  1.001E-29  1.406E-18
5.248E+03  1.039E-29  1.446E-18
5.200E+03  1.078E-29  1.487E-18
5.152E+03  1.119E-29  1.529E-18
5.105E+03  1.161E-29  1.572E-18
5.058E+03  1.205E-29  1.617E-18
5.012E+03  1.251E-29  1.663E-18
4.966E+03  1.298E-29  1.710E-18
4.920E+03  1.347E-29  1.758E-18
4.875E+03  1.398E-29  1.808E-18
4.831E+03  1.451E-29  1.860E-18
4.786E+03  1.506E-29  1.912E-18
4.742E+03  1.564E-29  1.967E-18
4.699E+03  1.623E-29  2.023E-18
4.656E+03  1.685E-29  2.081E-18
4.613E+03  1.749E-29  2.140E-18
4.571E+03  1.816E-29  2.201E-18
4.529E+03  1.885E-29  2.264E-18
4.487E+03  1.957E-29  2.329E-18
4.446E+03  2.031E-29  2.396E-18
4.406E+03  2.109E-29  2.465E-18
4.365E+03  2.190E-29  2.535E-18
4.325E+03  2.273E-29  2.608E-18
4.285E+03  2.360E-29  2.683E-18
4.246E+03  2.451E-29  2.761E-18
4.207E+03  2.545E-29  2.840E-18
4.169E+03  2.642E-29  2.922E-18
4.130E+03  2.744E-29  3.006E-18
4.093E+03  2.849E-29  3.093E-18
4.055E+03  2.959E-29  3.183E-18
4.018E+03  3.073E-29  3.275E-18
3.981E+03  3.191E-29  3.369E-18
3.945E+03  3.313E-29  3.467E-18
3.908E+03  3.441E-29  3.567E-18
3.873E+03  3.573E-29  3.671E-18
3.837E+03  3.711E-29  3.777E-18
3.802E+03  3.854E-29  3.887E-18
3.767E+03  4.003E-29  4.000E-18
3.733E+03  4.157E-29  4.116E-18
3.698E+03  4.318E-29  4.236E-18
3.664E+03  4.485E-29  4.359E-18
3.631E+03  4.659E-29  4.487E-18
3.597E+03  4.839E-29  4.618E-18
3.565E+03  5.027E-29  4.753E-18
3.532E+03  5.222E-29  4.892E-18
3.499E+03  5.425E-29  5.035E-18
3.467E+03  5.635E-29  5.183E-18
3.436E+03  5.854E-29  5.335E-18
3.404E+03  6.082E-29  5.492E-18
3.373E+03  6.319E-29  5.654E-18
3.342E+03  6.565E-29  5.820E-18
3.311E+03  6.821E-29  5.992E-18
3.281E+03  7.088E-29  6.168E-18
3.251E+03  7.365E-29  6.351E-18
3.221E+03  7.652E-29  6.538E-18
3.192E+03  7.952E-29  6.732E-18
3.162E+03  8.263E-29  6.931E-18
3.133E+03  8.586E-29  7.136E-18
3.105E+03  8.923E-29  7.348E-18
3.076E+03  9.273E-29  7.566E-18
3.048E+03  9.637E-29  7.791E-18
3.020E+03  1.002E-28  8.023E-18
2.992E+03  1.041E-28  8.261E-18
2.965E+03  1.082E-28  8.506E-18
2.938E+03  1.124E-28  8.759E-18
2.911E+03  1.168E-28  9.019E-18
2.884E+03  1.214E-28  9.288E-18
2.858E+03  1.262E-28  9.564E-18
2.831E+03  1.311E-28  9.849E-18
2.805E+03  1.363E-28  1.014E-17
2.780E+03  1.417E-28  1.045E-17
2.754E+03  1.473E-28  1.076E-17
2.729E+03  1.531E-28  1.108E-17
2.704E+03  1.591E-28  1.141E-17
2.679E+03  1.654E-28  1.175E-17
2.655E+03  1.719E-28  1.211E-17
2.630E+03  1.787E-28  1.247E-17
2.606E+03  1.858E-28  1.285E-17
2.582E+03  1.932E-28  1.323E-17
2.559E+03  2.008E-28  1.363E-17
2.535E+03  2.088E-28  1.404E-17
2.512E+03  2.171E-28  1.447E-17
2.489E+03  2.257E-28  1.490E-17
2.466E+03  2.347E-28  1.535E-17
2.443E+03  2.440E-28  1.582E-17
2.421E+03  2.538E-28  1.630E-17
2.399E+03  2.639E-28  1.679E-17
2.377E+03  2.744E-28  1.730E-17
2.355E+03  2.853E-28  1.782E-17
2.333E+03  2.967E-28  1.836E-17
2.312E+03  3.085E-28  1.892E-17
2.291E+03  3.209E-28  1.950E-17
2.270E+03  3.337E-28  2.009E-17
2.249E+03  3.470E-28  2.070E-17
2.228E+03  3.609E-28  2.133E-17
2.208E+03  3.754E-28  2.198E-17
2.188E+03  3.904E-28  2.266E-17
2.168E+03  4.060E-28  2.335E-17
2.148E+03  4.223E-28  2.406E-17
2.128E+03  4.393E-28  2.480E-17
2.109E+03  4.569E-28  2.556E-17
2.089E+03  4.752E-28  2.634E-17
2.070E+03  4.943E-28  2.714E-17
2.051E+03  5.142E-28  2.798E-17
2.032E+03  5.349E-28  2.883E-17
2.014E+03  5.564E-28  2.972E-17
1.995E+03  5.787E-28  3.063E-17
1.977E+03  6.020E-28  3.157E-17
1.959E+03  6.263E-28  3.254E-17
1.941E+03  6.515E-28  3.354E-17
1.923E+03  6.777E-28  3.457E-17
1.905E+03  7.050E-28  3.563E-17
1.888E+03  7.334E-28  3.673E-17
1.871E+03  7.630E-28  3.786E-17
1.854E+03  7.938E-28  3.903E-17
1.837E+03  8.259E-28  4.023E-17
1.820E+03  8.592E-28  4.147E-17
1.803E+03  8.939E-28  4.275E-17
1.786E+03  9.301E-28  4.407E-17
1.770E+03  9.677E-28  4.544E-17
1.754E+03  1.007E-27  4.684E-17
1.738E+03  1.048E-27  4.829E-17
1.722E+03  1.090E-27  4.978E-17
1.706E+03  1.134E-27  5.132E-17
1.690E+03  1.180E-27  5.291E-17
1.675E+03  1.228E-27  5.455E-17
1.660E+03  1.277E-27  5.624E-17
1.644E+03  1.329E-27  5.798E-17
1.629E+03  1.383E-27  5.978E-17
1.614E+03  1.439E-27  6.163E-17
1.600E+03  1.498E-27  6.354E-17
1.585E+03  1.558E-27  6.551E-17
1.570E+03  1.621E-27  6.754E-17
1.556E+03  1.687E-27  6.964E-17
1.542E+03  1.756E-27  7.180E-17
1.528E+03  1.827E-27  7.403E-17
1.514E+03  1.901E-27  7.633E-17
1.500E+03  1.978E-27  7.870E-17
1.486E+03  2.059E-27  8.114E-17
1.472E+03  2.142E-27  8.367E-17
1.459E+03  2.229E-27  8.627E-17
1.445E+03  2.320E-27  8.895E-17
1.432E+03  2.414E-27  9.172E-17
1.419E+03  2.513E-27  9.458E-17
1.406E+03  2.615E-27  9.752E-17
1.393E+03  2.721E-27  1.006E-16
1.380E+03  2.832E-27  1.037E-16
1.368E+03  2.947E-27  1.069E-16
1.355E+03  3.067E-27  1.102E-16
1.343E+03  3.192E-27  1.137E-16
1.330E+03  3.321E-27  1.172E-16
1.318E+03  3.457E-27  1.209E-16
1.306E+03  3.597E-27  1.246E-16
1.294E+03  3.744E-27  1.285E-16
1.282E+03  3.896E-27  1.325E-16
1.271E+03  4.054E-27  1.366E-16
1.259E+03  4.219E-27  1.409E-16
1.247E+03  4.391E-27  1.453E-16
1.236E+03  4.570E-27  1.498E-16
1.225E+03  4.755E-27  1.545E-16
1.213E+03  4.949E-27  1.593E-16
1.202E+03  5.150E-27  1.642E-16
1.191E+03  5.359E-27  1.693E-16
1.180E+03  5.577E-27  1.746E-16
1.169E+03  5.804E-27  1.800E-16
1.159E+03  6.040E-27  1.856E-16
1.148E+03  6.285E-27  1.914E-16
1.138E+03  6.540E-27  1.974E-16
1.127E+03  6.806E-27  2.035E-16
1.117E+03  7.082E-27  2.098E-16
1.107E+03  7.370E-27  2.163E-16
1.096E+03  7.669E-27  2.230E-16
1.086E+03  7.980E-27  2.300E-16
1.076E+03  8.304E-27  2.371E-16
1.067E+03  8.640E-27  2.445E-16
1.057E+03  8.991E-27  2.520E-16
1.047E+03  9.355E-27  2.598E-16
1.038E+03  9.734E-27  2.679E-16
1.028E+03  1.013E-26  2.762E-16
1.019E+03  1.054E-26  2.847E-16
1.009E+03  1.096E-26  2.935E-16
1.000E+03  1.141E-26  3.026E-16
9.908E+02  1.187E-26  3.120E-16
9.817E+02  1.235E-26  3.216E-16
9.727E+02  1.285E-26  3.316E-16
9.638E+02  1.337E-26  3.418E-16
9.550E+02  1.391E-26  3.524E-16
9.462E+02  1.447E-26  3.632E-16
9.376E+02  1.506E-26  3.744E-16
9.290E+02  1.566E-26  3.860E-16
9.204E+02  1.630E-26  3.979E-16
9.120E+02  1.695E-26  4.101E-16
9.036E+02  1.764E-26  4.228E-16
8.954E+02  1.835E-26  4.358E-16
8.872E+02  1.909E-26  4.491E-16
8.790E+02  1.985E-26  4.629E-16
8.710E+02  2.065E-26  4.771E-16
8.630E+02  2.148E-26  4.917E-16
8.551E+02  2.234E-26  5.068E-16
8.472E+02  2.324E-26  5.223E-16
8.395E+02  2.417E-26  5.382E-16
8.318E+02  2.514E-26  5.546E-16
8.241E+02  2.614E-26  5.715E-16
8.166E+02  2.719E-26  5.889E-16
8.091E+02  2.828E-26  6.068E-16
8.017E+02  2.940E-26  6.253E-16
7.943E+02  3.058E-26  6.443E-16
7.870E+02  3.180E-26  6.638E-16
7.798E+02  3.306E-26  6.839E-16
7.727E+02  3.438E-26  7.046E-16
7.656E+02  3.575E-26  7.259E-16
7.586E+02  3.717E-26  7.479E-16
7.516E+02  3.864E-26  7.704E-16
7.447E+02  4.018E-26  7.937E-16
7.379E+02  4.178E-26  8.178E-16
7.311E+02  4.344E-26  8.425E-16
7.244E+02  4.517E-26  8.680E-16
7.178E+02  4.696E-26  8.942E-16
7.112E+02  4.883E-26  9.212E-16
7.047E+02  5.077E-26  9.490E-16
6.982E+02  5.279E-26  9.777E-16
6.918E+02  5.489E-26  1.007E-15
6.855E+02  5.706E-26  1.038E-15
6.792E+02  5.933E-26  1.069E-15
6.730E+02  6.168E-26  1.101E-15
6.668E+02  6.412E-26  1.134E-15
6.607E+02  6.665E-26  1.168E-15
6.546E+02  6.930E-26  1.203E-15
6.486E+02  7.205E-26  1.240E-15
6.427E+02  7.491E-26  1.277E-15
6.368E+02  7.789E-26  1.316E-15
6.310E+02  8.098E-26  1.355E-15
6.252E+02  8.419E-26  1.396E-15
6.194E+02  8.754E-26  1.438E-15
6.138E+02  9.101E-26  1.482E-15
6.081E+02  9.462E-26  1.526E-15
6.026E+02  9.838E-26  1.572E-15
5.970E+02  1.023E-25  1.620E-15
5.916E+02  1.063E-25  1.669E-15
5.861E+02  1.106E-25  1.719E-15
5.808E+02  1.149E-25  1.771E-15
5.754E+02  1.195E-25  1.824E-15
5.702E+02  1.242E-25  1.879E-15
5.649E+02  1.292E-25  1.935E-15
5.598E+02  1.343E-25  1.994E-15
5.546E+02  1.396E-25  2.054E-15
5.495E+02  1.451E-25  2.116E-15
5.445E+02  1.509E-25  2.179E-15
5.395E+02  1.569E-25  2.245E-15
5.346E+02  1.631E-25  2.312E-15
5.297E+02  1.695E-25  2.382E-15
5.248E+02  1.762E-25  2.453E-15
5.200E+02  1.832E-25  2.527E-15
5.152E+02  1.904E-25  2.603E-15
5.105E+02  1.980E-25  2.681E-15
5.058E+02  2.058E-25  2.761E-15
5.012E+02  2.139E-25  2.844E-15
4.966E+02  2.224E-25  2.929E-15
4.920E+02  2.312E-25  3.017E-15
4.875E+02  2.403E-25  3.107E-15
4.831E+02  2.498E-25  3.200E-15
4.786E+02  2.596E-25  3.296E-15
4.742E+02  2.698E-25  3.395E-15
4.699E+02  2.805E-25  3.496E-15
4.656E+02  2.915E-25  3.600E-15
4.613E+02  3.030E-25  3.708E-15
4.571E+02  3.149E-25  3.818E-15
4.529E+02  3.273E-25  3.932E-15
4.487E+02  3.402E-25  4.049E-15
4.446E+02  3.535E-25  4.169E-15
4.406E+02  3.674E-25  4.293E-15
4.365E+02  3.818E-25  4.420E-15
4.325E+02  3.967E-25  4.551E-15
4.285E+02  4.123E-25  4.686E-15
4.246E+02  4.284E-25  4.825E-15
4.207E+02  4.451E-25  4.968E-15
4.169E+02  4.625E-25  5.115E-15
4.130E+02  4.806E-25  5.266E-15
4.093E+02  4.994E-25  5.421E-15
4.055E+02  5.188E-25  5.581E-15
4.018E+02  5.391E-25  5.745E-15
3.981E+02  5.601E-25  5.914E-15
3.945E+02  5.819E-25  6.088E-15
3.908E+02  6.045E-25  6.267E-15
3.873E+02  6.280E-25  6.451E-15
3.837E+02  6.524E-25  6.641E-15
3.802E+02  6.778E-25  6.835E-15
3.767E+02  7.040E-25  7.035E-15
3.733E+02  7.313E-25  7.241E-15
3.698E+02  7.596E-25  7.452E-15
3.664E+02  7.890E-25  7.669E-15
3.631E+02  8.195E-25  7.892E-15
3.597E+02  8.511E-25  8.122E-15
3.565E+02  8.839E-25  8.358E-15
3.532E+02  9.179E-25  8.600E-15
3.499E+02  9.533E-25  8.849E-15
3.467E+02  9.899E-25  9.104E-15
3.436E+02  1.028E-24  9.367E-15
3.404E+02  1.067E-24  9.637E-15
3.373E+02  1.108E-24  9.914E-15
3.342E+02  1.150E-24  1.020E-14
3.311E+02  1.194E-24  1.049E-14
3.281E+02  1.240E-24  1.079E-14
3.251E+02  1.287E-24  1.110E-14
3.221E+02  1.336E-24  1.141E-14
3.192E+02  1.387E-24  1.174E-14
3.162E+02  1.439E-24  1.207E-14
3.133E+02  1.494E-24  1.241E-14
3.105E+02  1.550E-24  1.277E-14
3.076E+02  1.609E-24  1.313E-14
3.048E+02  1.669E-24  1.349E-14
3.020E+02  1.732E-24  1.387E-14
2.992E+02  1.797E-24  1.426E-14
2.965E+02  1.864E-24  1.466E-14
2.938E+02  1.934E-24  1.507E-14
2.911E+02  2.006E-24  1.549E-14
2.884E+02  2.081E-24  1.592E-14
2.858E+02  2.158E-24  1.636E-14
2.831E+02  2.238E-24  1.681E-14
2.805E+02  2.321E-24  1.727E-14
2.780E+02  2.407E-24  1.775E-14
2.754E+02  2.496E-24  1.823E-14
2.729E+02  2.588E-24  1.873E-14
2.704E+02  2.683E-24  1.925E-14
2.679E+02  2.782E-24  1.977E-14
2.655E+02  2.884E-24  2.031E-14
2.630E+02  2.990E-24  2.086E-14
2.606E+02  3.099E-24  2.143E-14
2.582E+02  3.212E-24  2.200E-14
2.559E+02  3.329E-24  2.259E-14
2.535E+02  3.449E-24  2.319E-14
2.512E+02  3.572E-24  2.380E-14
2.489E+02  3.698E-24  2.441E-14
2.466E+02  3.826E-24  2.503E-14
2.443E+02  3.957E-24  2.564E-14
2.421E+02  4.091E-24  2.627E-14
2.399E+02  4.229E-24  2.691E-14
2.377E+02  4.368E-24  2.754E-14
2.355E+02  4.512E-24  2.819E-14
2.333E+02  4.660E-24  2.884E-14
2.312E+02  4.812E-24  2.951E-14
2.291E+02  4.968E-24  3.019E-14
2.270E+02  5.129E-24  3.088E-14
2.249E+02  5.295E-24  3.159E-14
2.228E+02  5.465E-24  3.230E-14
2.208E+02  5.640E-24  3.303E-14
2.188E+02  5.820E-24  3.377E-14
2.168E+02  6.005E-24  3.453E-14
2.148E+02  6.195E-24  3.529E-14
2.128E+02  6.390E-24  3.607E-14
2.109E+02  6.590E-24  3.686E-14
2.089E+02  6.795E-24  3.766E-14
2.070E+02  7.007E-24  3.847E-14
2.051E+02  7.223E-24  3.930E-14
2.032E+02  7.445E-24  4.014E-14
2.014E+02  7.673E-24  4.099E-14
1.995E+02  7.907E-24  4.185E-14
1.977E+02  8.147E-24  4.272E-14
1.959E+02  8.393E-24  4.361E-14
1.941E+02  8.646E-24  4.451E-14
1.923E+02  8.904E-24  4.542E-14
1.905E+02  9.170E-24  4.635E-14
1.888E+02  9.442E-24  4.729E-14
1.871E+02  9.721E-24  4.824E-14
1.854E+02  1.001E-23  4.920E-14
1.837E+02  1.030E-23  5.017E-14
1.820E+02  1.060E-23  5.116E-14
1.803E+02  1.091E-23  5.216E-14
1.786E+02  1.122E-23  5.318E-14
1.770E+02  1.155E-23  5.421E-14
1.754E+02  1.188E-23  5.525E-14
1.738E+02  1.222E-23  5.631E-14
1.722E+02  1.256E-23  5.739E-14
1.706E+02  1.292E-23  5.847E-14
1.690E+02  1.329E-23  5.957E-14
1.675E+02  1.366E-23  6.069E-14
1.660E+02  1.405E-23  6.183E-14
1.644E+02  1.444E-23  6.298E-14
1.629E+02  1.484E-23  6.416E-14
1.614E+02  1.526E-23  6.535E-14
1.600E+02  1.569E-23  6.656E-14
1.585E+02  1.613E-23  6.779E-14
1.570E+02  1.658E-23  6.905E-14
1.556E+02  1.704E-23  7.033E-14
1.542E+02  1.752E-23  7.163E-14
1.528E+02  1.801E-23  7.297E-14
1.514E+02  1.851E-23  7.432E-14
1.500E+02  1.903E-23  7.570E-14
1.486E+02  1.956E-23  7.710E-14
1.472E+02  2.011E-23  7.852E-14
1.459E+02  2.066E-23  7.995E-14
1.445E+02  2.122E-23  8.136E-14
1.432E+02  2.178E-23  8.275E-14
1.419E+02  2.234E-23  8.408E-14
1.406E+02  2.288E-23  8.534E-14
1.393E+02  2.340E-23  8.649E-14
1.380E+02  2.390E-23  8.752E-14
1.368E+02  2.438E-23  8.845E-14
1.355E+02  2.484E-23  8.928E-14
1.343E+02  2.528E-23  9.004E-14
1.330E+02  2.572E-23  9.076E-14
1.318E+02  2.615E-23  9.146E-14
1.306E+02  2.660E-23  9.216E-14
1.294E+02  2.705E-23  9.286E-14
1.282E+02  2.751E-23  9.358E-14
1.271E+02  2.798E-23  9.431E-14
1.259E+02  2.847E-23  9.506E-14
1.247E+02  2.896E-23  9.583E-14
1.236E+02  2.947E-23  9.661E-14
1.225E+02  2.999E-23  9.741E-14
1.213E+02  3.052E-23  9.823E-14
1.202E+02  3.106E-23  9.906E-14
1.191E+02  3.161E-23  9.990E-14
1.180E+02  3.218E-23  1.007E-13
1.169E+02  3.275E-23  1.016E-13
1.159E+02  3.332E-23  1.024E-13
1.148E+02  3.391E-23  1.033E-13
1.138E+02  3.451E-23  1.041E-13
1.127E+02  3.511E-23  1.050E-13
1.117E+02  3.573E-23  1.058E-13
1.107E+02  3.635E-23  1.067E-13
1.096E+02  3.698E-23  1.076E-13
1.086E+02  3.762E-23  1.084E-13
1.076E+02  3.827E-23  1.093E-13
1.067E+02  3.892E-23  1.101E-13
1.057E+02  3.958E-23  1.110E-13
1.047E+02  4.025E-23  1.118E-13
1.038E+02  4.092E-23  1.126E-13
1.028E+02  4.160E-23  1.134E-13
1.019E+02  4.228E-23  1.142E-13
1.009E+02  4.296E-23  1.150E-13
1.000E+02  4.365E-23  1.158E-13
9.908E+01  4.434E-23  1.165E-13
9.817E+01  4.504E-23  1.173E-13
9.727E+01  4.574E-23  1.180E-13
9.638E+01  4.644E-23  1.187E-13
9.550E+01  4.714E-23  1.194E-13
9.462E+01  4.785E-23  1.201E-13
9.376E+01  4.856E-23  1.208E-13
9.290E+01  4.927E-23  1.214E-13
9.204E+01  4.998E-23  1.220E-13
9.120E+01  5.070E-23  1.226E-13
9.036E+01  5.141E-23  1.232E-13
8.954E+01  5.213E-23  1.238E-13
8.872E+01  5.285E-23  1.244E-13
8.790E+01  5.357E-23  1.249E-13
8.710E+01  5.429E-23  1.254E-13
8.630E+01  5.501E-23  1.259E-13
8.551E+01  5.574E-23  1.264E-13
8.472E+01  5.646E-23  1.269E-13
8.395E+01  5.718E-23  1.273E-13
8.318E+01  5.791E-23  1.278E-13
8.241E+01  5.863E-23  1.282E-13
8.166E+01  5.936E-23  1.286E-13
8.091E+01  6.009E-23  1.290E-13
8.017E+01  6.082E-23  1.293E-13
7.943E+01  6.154E-23  1.297E-13
7.870E+01  6.226E-23  1.300E-13
7.798E+01  6.298E-23  1.303E-13
7.727E+01  6.371E-23  1.306E-13
7.656E+01  6.443E-23  1.308E-13
7.586E+01  6.514E-23  1.311E-13
7.516E+01  6.586E-23  1.313E-13
7.447E+01  6.657E-23  1.315E-13
7.379E+01  6.728E-23  1.317E-13
7.311E+01  6.798E-23  1.318E-13
7.244E+01  6.868E-23  1.320E-13
7.178E+01  6.938E-23  1.321E-13
7.112E+01  7.008E-23  1.322E-13
7.047E+01  7.078E-23  1.323E-13
6.982E+01  7.149E-23  1.324E-13
6.918E+01  7.219E-23  1.325E-13
6.855E+01  7.288E-23  1.325E-13
6.792E+01  7.357E-23  1.326E-13
6.730E+01  7.426E-23  1.326E-13
6.668E+01  7.495E-23  1.326E-13
6.607E+01  7.564E-23  1.326E-13
6.546E+01  7.633E-23  1.325E-13
6.486E+01  7.701E-23  1.325E-13
6.427E+01  7.769E-23  1.325E-13
6.368E+01  7.838E-23  1.324E-13
6.310E+01  7.906E-23  1.323E-13
6.252E+01  7.975E-23  1.322E-13
6.194E+01  8.043E-23  1.322E-13
6.138E+01  8.112E-23  1.321E-13
6.081E+01  8.181E-23  1.320E-13
6.026E+01  8.249E-23  1.319E-13
5.970E+01  8.318E-23  1.317E-13
5.916E+01  8.386E-23  1.316E-13
5.861E+01  8.455E-23  1.315E-13
5.808E+01  8.523E-23  1.313E-13
5.754E+01  8.592E-23  1.312E-13
5.702E+01  8.662E-23  1.310E-13
5.649E+01  8.731E-23  1.308E-13
5.598E+01  8.802E-23  1.307E-13
5.546E+01  8.872E-23  1.305E-13
5.495E+01  8.944E-23  1.304E-13
5.445E+01  9.016E-23  1.302E-13
5.395E+01  9.089E-23  1.301E-13
5.346E+01  9.162E-23  1.299E-13
5.297E+01  9.236E-23  1.298E-13
5.248E+01  9.310E-23  1.296E-13
5.200E+01  9.386E-23  1.295E-13
5.152E+01  9.462E-23  1.293E-13
5.105E+01  9.538E-23  1.292E-13
5.058E+01  9.616E-23  1.290E-13
5.012E+01  9.695E-23  1.289E-13
4.966E+01  9.774E-23  1.287E-13
4.920E+01  9.854E-23  1.286E-13
4.875E+01  9.936E-23  1.285E-13
4.831E+01  1.002E-22  1.284E-13
4.786E+01  1.010E-22  1.283E-13
4.742E+01  1.019E-22  1.282E-13
4.699E+01  1.028E-22  1.281E-13
4.656E+01  1.036E-22  1.280E-13
4.613E+01  1.045E-22  1.279E-13
4.571E+01  1.054E-22  1.278E-13
4.529E+01  1.063E-22  1.278E-13
4.487E+01  1.073E-22  1.277E-13
4.446E+01  1.082E-22  1.277E-13
4.406E+01  1.092E-22  1.276E-13
4.365E+01  1.102E-22  1.275E-13
4.325E+01  1.111E-22  1.275E-13
4.285E+01  1.121E-22  1.274E-13
4.246E+01  1.131E-22  1.274E-13
4.207E+01  1.141E-22  1.273E-13
4.169E+01  1.151E-22  1.272E-13
4.130E+01  1.160E-22  1.271E-13
4.093E+01  1.170E-22  1.270E-13
4.055E+01  1.179E-22  1.269E-13
4.018E+01  1.189E-22  1.267E-13
3.981E+01  1.198E-22  1.265E-13
3.945E+01  1.207E-22  1.263E-13
3.908E+01  1.215E-22  1.260E-13
3.873E+01  1.223E-22  1.257E-13
3.837E+01  1.231E-22  1.253E-13
3.802E+01  1.238E-22  1.249E-13
3.767E+01  1.244E-22  1.244E-13
3.733E+01  1.250E-22  1.238E-13
3.698E+01  1.255E-22  1.231E-13
3.664E+01  1.259E-22  1.223E-13
3.631E+01  1.261E-22  1.215E-13
3.597E+01  1.263E-22  1.205E-13
3.565E+01  1.264E-22  1.195E-13
3.532E+01  1.263E-22  1.184E-13
3.499E+01  1.261E-22  1.171E-13
3.467E+01  1.258E-22  1.157E-13
3.436E+01  1.254E-22  1.142E-13
3.404E+01  1.247E-22  1.126E-13
3.373E+01  1.240E-22  1.109E-13
3.342E+01  1.231E-22  1.091E-13
3.311E+01  1.220E-22  1.072E-13
3.281E+01  1.208E-22  1.051E-13
3.251E+01  1.194E-22  1.030E-13
3.221E+01  1.179E-22  1.007E-13
3.192E+01  1.162E-22  9.841E-14
3.162E+01  1.145E-22  9.601E-14
3.133E+01  1.126E-22  9.355E-14
3.105E+01  1.105E-22  9.103E-14
3.076E+01  1.084E-22  8.847E-14
3.048E+01  1.062E-22  8.587E-14
3.020E+01  1.039E-22  8.326E-14
2.992E+01  1.016E-22  8.065E-14
2.965E+01  9.921E-23  7.803E-14
2.938E+01  9.679E-23  7.542E-14
2.911E+01  9.435E-23  7.284E-14
2.884E+01  9.189E-23  7.030E-14
2.858E+01  8.945E-23  6.780E-14
2.831E+01  8.701E-23  6.535E-14
2.805E+01  8.461E-23  6.296E-14
2.780E+01  8.223E-23  6.063E-14
2.754E+01  7.990E-23  5.837E-14
2.729E+01  7.761E-23  5.618E-14
2.704E+01  7.538E-23  5.406E-14
2.679E+01  7.320E-23  5.202E-14
2.655E+01  7.109E-23  5.006E-14
2.630E+01  6.904E-23  4.817E-14
2.606E+01  6.705E-23  4.635E-14
2.582E+01  6.513E-23  4.461E-14
2.559E+01  6.328E-23  4.295E-14
2.535E+01  6.150E-23  4.136E-14
2.512E+01  5.978E-23  3.983E-14
2.489E+01  5.813E-23  3.838E-14
2.466E+01  5.654E-23  3.699E-14
2.443E+01  5.501E-23  3.566E-14
2.421E+01  5.354E-23  3.438E-14
2.399E+01  5.212E-23  3.316E-14
2.377E+01  5.076E-23  3.200E-14
2.355E+01  4.947E-23  3.091E-14
2.333E+01  4.823E-23  2.986E-14
2.312E+01  4.702E-23  2.884E-14
2.291E+01  4.587E-23  2.787E-14
2.270E+01  4.479E-23  2.697E-14
2.249E+01  4.379E-23  2.612E-14
2.228E+01  4.283E-23  2.532E-14
2.208E+01  4.191E-23  2.455E-14
2.188E+01  4.100E-23  2.379E-14
2.168E+01  4.011E-23  2.306E-14
2.148E+01  3.926E-23  2.237E-14
2.128E+01  3.847E-23  2.171E-14
2.109E+01  3.772E-23  2.110E-14
2.089E+01  3.700E-23  2.051E-14
2.070E+01  3.630E-23  1.993E-14
2.051E+01  3.562E-23  1.938E-14
2.032E+01  3.499E-23  1.886E-14
2.014E+01  3.443E-23  1.839E-14
1.995E+01  3.390E-23  1.794E-14
1.977E+01  3.338E-23  1.750E-14
1.959E+01  3.286E-23  1.707E-14
1.941E+01  3.234E-23  1.665E-14
1.923E+01  3.183E-23  1.624E-14
1.905E+01  3.133E-23  1.584E-14
1.888E+01  3.085E-23  1.545E-14
1.871E+01  3.039E-23  1.508E-14
1.854E+01  2.999E-23  1.474E-14
1.837E+01  2.967E-23  1.445E-14
1.820E+01  2.952E-23  1.425E-14
1.803E+01  2.984E-23  1.427E-14
1.786E+01  3.079E-23  1.459E-14
1.770E+01  3.022E-23  1.419E-14
1.754E+01  3.116E-23  1.449E-14
1.738E+01  3.478E-23  1.603E-14
1.722E+01  3.263E-23  1.490E-14
1.706E+01  3.197E-23  1.447E-14
1.690E+01  3.091E-23  1.386E-14
1.675E+01  2.952E-23  1.311E-14
1.660E+01  2.964E-23  1.305E-14
1.644E+01  3.327E-23  1.451E-14
1.629E+01  2.657E-23  1.148E-14
1.614E+01  2.407E-23  1.031E-14
1.600E+01  2.421E-23  1.027E-14
1.585E+01  2.383E-23  1.002E-14
1.570E+01  2.115E-23  8.810E-15
1.556E+01  1.971E-23  8.135E-15
1.542E+01  1.886E-23  7.713E-15
1.528E+01  1.824E-23  7.392E-15
1.514E+01  1.774E-23  7.123E-15
1.500E+01  1.732E-23  6.891E-15
1.486E+01  1.697E-23  6.688E-15
1.472E+01  1.669E-23  6.519E-15
1.459E+01  1.653E-23  6.395E-15
1.445E+01  1.659E-23  6.360E-15
1.432E+01  1.713E-23  6.507E-15
1.419E+01  1.776E-23  6.686E-15
1.406E+01  1.684E-23  6.282E-15
1.393E+01  1.612E-23  5.958E-15
1.380E+01  1.617E-23  5.921E-15
1.368E+01  1.722E-23  6.249E-15
1.355E+01  1.760E-23  6.328E-15
1.343E+01  1.649E-23  5.873E-15
1.330E+01  1.642E-23  5.794E-15
1.318E+01  1.707E-23  5.967E-15
1.306E+01  1.844E-23  6.389E-15
1.294E+01  2.089E-23  7.171E-15
1.282E+01  2.488E-23  8.463E-15
1.271E+01  2.986E-23  1.006E-14
1.259E+01  3.197E-23  1.067E-14
1.247E+01  2.896E-23  9.581E-15
1.236E+01  2.527E-23  8.286E-15
1.225E+01  2.368E-23  7.692E-15
1.213E+01  2.400E-23  7.726E-15
1.202E+01  2.467E-23  7.869E-15
1.191E+01  2.382E-23  7.527E-15
1.180E+01  2.207E-23  6.909E-15
1.169E+01  2.145E-23  6.653E-15
1.159E+01  2.349E-23  7.219E-15
1.148E+01  3.066E-23  9.339E-15
1.138E+01  4.531E-23  1.367E-14
1.127E+01  6.205E-23  1.855E-14
1.117E+01  4.298E-23  1.273E-14
1.107E+01  2.368E-23  6.950E-15
1.096E+01  1.676E-23  4.874E-15
1.086E+01  1.345E-23  3.877E-15
1.076E+01  1.161E-23  3.315E-15
1.067E+01  1.046E-23  2.960E-15
1.057E+01  9.691E-24  2.717E-15
1.047E+01  9.140E-24  2.539E-15
1.038E+01  8.727E-24  2.402E-15
1.028E+01  8.409E-24  2.293E-15
1.019E+01  8.160E-24  2.205E-15
1.009E+01  7.968E-24  2.133E-15
1.000E+01  7.825E-24  2.076E-15
9.908E+00  7.727E-24  2.031E-15
9.817E+00  7.672E-24  1.998E-15
9.727E+00  7.660E-24  1.976E-15
9.638E+00  7.693E-24  1.967E-15
9.550E+00  7.774E-24  1.969E-15
9.462E+00  7.912E-24  1.986E-15
9.376E+00  8.120E-24  2.019E-15
9.290E+00  8.420E-24  2.075E-15
9.204E+00  8.850E-24  2.161E-15
9.120E+00  9.469E-24  2.291E-15
9.036E+00  1.038E-23  2.488E-15
8.954E+00  1.177E-23  2.795E-15
8.872E+00  1.398E-23  3.290E-15
8.790E+00  1.762E-23  4.108E-15
8.710E+00  2.316E-23  5.351E-15
8.630E+00  2.830E-23  6.479E-15
8.551E+00  2.756E-23  6.252E-15
8.472E+00  2.389E-23  5.368E-15
8.395E+00  2.200E-23  4.898E-15
8.318E+00  2.184E-23  4.819E-15
8.241E+00  2.276E-23  4.976E-15
8.166E+00  2.513E-23  5.443E-15
8.091E+00  2.965E-23  6.364E-15
8.017E+00  3.687E-23  7.840E-15
7.943E+00  4.637E-23  9.770E-15
7.870E+00  5.494E-23  1.147E-14
7.798E+00  5.883E-23  1.217E-14
7.727E+00  6.097E-23  1.250E-14
7.656E+00  6.493E-23  1.319E-14
7.586E+00  6.386E-23  1.285E-14
7.516E+00  5.254E-23  1.048E-14
7.447E+00  3.968E-23  7.838E-15
7.379E+00  3.042E-23  5.954E-15
7.311E+00  2.427E-23  4.707E-15
7.244E+00  2.002E-23  3.847E-15
7.178E+00  1.694E-23  3.225E-15
7.112E+00  1.466E-23  2.766E-15
7.047E+00  1.301E-23  2.432E-15
6.982E+00  1.188E-23  2.200E-15
6.918E+00  1.121E-23  2.057E-15
6.855E+00  1.094E-23  1.990E-15
6.792E+00  1.096E-23  1.975E-15
6.730E+00  1.103E-23  1.968E-15
6.668E+00  1.085E-23  1.919E-15
6.607E+00  1.044E-23  1.829E-15
6.546E+00  1.017E-23  1.765E-15
6.486E+00  1.052E-23  1.809E-15
6.427E+00  1.208E-23  2.060E-15
6.368E+00  1.605E-23  2.712E-15
6.310E+00  2.514E-23  4.207E-15
6.252E+00  4.076E-23  6.759E-15
6.194E+00  4.139E-23  6.801E-15
6.138E+00  2.479E-23  4.035E-15
6.081E+00  1.449E-23  2.337E-15
6.026E+00  9.696E-24  1.550E-15
5.970E+00  7.408E-24  1.173E-15
5.916E+00  6.366E-24  9.990E-16
5.861E+00  6.146E-24  9.556E-16
5.808E+00  6.694E-24  1.031E-15
5.754E+00  7.916E-24  1.208E-15
5.702E+00  8.617E-24  1.303E-15
5.649E+00  7.328E-24  1.098E-15
5.598E+00  5.446E-24  8.086E-16
5.546E+00  4.144E-24  6.097E-16
5.495E+00  3.385E-24  4.935E-16
5.445E+00  2.973E-24  4.294E-16
5.395E+00  2.818E-24  4.033E-16
5.346E+00  2.950E-24  4.183E-16
5.297E+00  3.469E-24  4.874E-16
5.248E+00  3.847E-24  5.356E-16
5.200E+00  3.104E-24  4.282E-16
5.152E+00  2.335E-24  3.192E-16
5.105E+00  1.913E-24  2.590E-16
5.058E+00  1.676E-24  2.249E-16
5.012E+00  1.527E-24  2.031E-16
4.966E+00  1.424E-24  1.876E-16
4.920E+00  1.346E-24  1.757E-16
4.875E+00  1.285E-24  1.662E-16
4.831E+00  1.235E-24  1.582E-16
4.786E+00  1.192E-24  1.513E-16
4.742E+00  1.155E-24  1.453E-16
4.699E+00  1.123E-24  1.400E-16
4.656E+00  1.095E-24  1.352E-16
4.613E+00  1.070E-24  1.309E-16
4.571E+00  1.047E-24  1.270E-16
4.529E+00  1.027E-24  1.233E-16
4.487E+00  1.008E-24  1.200E-16
4.446E+00  9.909E-25  1.169E-16
4.406E+00  9.753E-25  1.140E-16
4.365E+00  9.611E-25  1.113E-16
4.325E+00  9.481E-25  1.088E-16
4.285E+00  9.361E-25  1.064E-16
4.246E+00  9.252E-25  1.042E-16
4.207E+00  9.152E-25  1.021E-16
4.169E+00  9.062E-25  1.002E-16
4.130E+00  8.981E-25  9.839E-17
4.093E+00  8.907E-25  9.670E-17
4.055E+00  8.843E-25  9.512E-17
4.018E+00  8.788E-25  9.366E-17
3.981E+00  8.743E-25  9.232E-17
3.945E+00  8.708E-25  9.111E-17
3.908E+00  8.685E-25  9.004E-17
3.873E+00  8.675E-25  8.912E-17
3.837E+00  8.682E-25  8.836E-17
3.802E+00  8.707E-25  8.781E-17
3.767E+00  8.755E-25  8.748E-17
3.733E+00  8.832E-25  8.744E-17
3.698E+00  8.947E-25  8.777E-17
3.664E+00  9.111E-25  8.856E-17
3.631E+00  9.345E-25  9.000E-17
3.597E+00  9.677E-25  9.235E-17
3.565E+00  1.015E-24  9.601E-17
3.532E+00  1.086E-24  1.017E-16
3.499E+00  1.194E-24  1.108E-16
3.467E+00  1.368E-24  1.258E-16
3.436E+00  1.674E-24  1.525E-16
3.404E+00  2.277E-24  2.056E-16
3.373E+00  3.719E-24  3.327E-16
3.342E+00  8.496E-24  7.531E-16
3.311E+00  3.218E-23  2.827E-15
3.281E+00  2.196E-23  1.912E-15
3.251E+00  6.259E-24  5.397E-16
3.221E+00  2.978E-24  2.545E-16
3.192E+00  1.893E-24  1.602E-16
3.162E+00  1.413E-24  1.185E-16
3.133E+00  1.161E-24  9.648E-17
3.105E+00  1.012E-24  8.330E-17
3.076E+00  9.155E-25  7.470E-17
3.048E+00  8.497E-25  6.870E-17
3.020E+00  8.021E-25  6.426E-17
2.992E+00  7.663E-25  6.083E-17
2.965E+00  7.384E-25  5.807E-17
2.938E+00  7.159E-25  5.579E-17
2.911E+00  6.973E-25  5.384E-17
2.884E+00  6.816E-25  5.214E-17
2.858E+00  6.680E-25  5.063E-17
2.831E+00  6.560E-25  4.927E-17
2.805E+00  6.454E-25  4.802E-17
2.780E+00  6.356E-25  4.687E-17
2.754E+00  6.267E-25  4.579E-17
2.729E+00  6.184E-25  4.477E-17
2.704E+00  6.106E-25  4.380E-17
2.679E+00  6.033E-25  4.287E-17
2.655E+00  5.962E-25  4.198E-17
2.630E+00  5.895E-25  4.113E-17
2.606E+00  5.829E-25  4.030E-17
2.582E+00  5.766E-25  3.949E-17
2.559E+00  5.704E-25  3.871E-17
2.535E+00  5.643E-25  3.795E-17
2.512E+00  5.584E-25  3.720E-17
2.489E+00  5.525E-25  3.647E-17
2.466E+00  5.466E-25  3.576E-17
2.443E+00  5.407E-25  3.505E-17
2.421E+00  5.349E-25  3.435E-17
2.399E+00  5.292E-25  3.368E-17
2.377E+00  5.236E-25  3.301E-17
2.355E+00  5.180E-25  3.236E-17
2.333E+00  5.125E-25  3.172E-17
2.312E+00  5.069E-25  3.109E-17
2.291E+00  5.014E-25  3.047E-17
2.270E+00  4.958E-25  2.985E-17
2.249E+00  4.902E-25  2.924E-17
2.228E+00  4.845E-25  2.864E-17
2.208E+00  4.788E-25  2.804E-17
2.188E+00  4.730E-25  2.745E-17
2.168E+00  4.670E-25  2.685E-17
2.148E+00  4.608E-25  2.625E-17
2.128E+00  4.543E-25  2.565E-17
2.109E+00  4.475E-25  2.503E-17
2.089E+00  4.403E-25  2.440E-17
2.070E+00  4.326E-25  2.375E-17
2.051E+00  4.241E-25  2.307E-17
2.032E+00  4.148E-25  2.236E-17
2.014E+00  4.044E-25  2.160E-17
1.995E+00  3.927E-25  2.078E-17
1.977E+00  3.798E-25  1.992E-17
1.959E+00  3.660E-25  1.902E-17
1.941E+00  3.526E-25  1.815E-17
1.923E+00  3.421E-25  1.745E-17
1.905E+00  3.370E-25  1.703E-17
1.888E+00  3.382E-25  1.694E-17
1.871E+00  3.438E-25  1.706E-17
1.854E+00  3.509E-25  1.725E-17
1.837E+00  3.571E-25  1.740E-17
1.820E+00  3.616E-25  1.746E-17
1.803E+00  3.644E-25  1.743E-17
1.786E+00  3.656E-25  1.732E-17
1.770E+00  3.656E-25  1.717E-17
1.754E+00  3.648E-25  1.697E-17
1.738E+00  3.634E-25  1.675E-17
1.722E+00  3.615E-25  1.651E-17
1.706E+00  3.593E-25  1.626E-17
1.690E+00  3.569E-25  1.600E-17
1.675E+00  3.543E-25  1.574E-17
1.660E+00  3.517E-25  1.548E-17
1.644E+00  3.491E-25  1.523E-17
1.629E+00  3.464E-25  1.497E-17
1.614E+00  3.439E-25  1.473E-17
1.600E+00  3.414E-25  1.449E-17
1.585E+00  3.391E-25  1.426E-17
1.570E+00  3.370E-25  1.404E-17
1.556E+00  3.351E-25  1.383E-17
1.542E+00  3.335E-25  1.364E-17
1.528E+00  3.322E-25  1.346E-17
1.514E+00  3.313E-25  1.330E-17
1.500E+00  3.308E-25  1.316E-17
1.486E+00  3.309E-25  1.304E-17
1.472E+00  3.316E-25  1.295E-17
1.459E+00  3.330E-25  1.288E-17
1.445E+00  3.352E-25  1.285E-17
1.432E+00  3.385E-25  1.286E-17
1.419E+00  3.431E-25  1.291E-17
1.406E+00  3.491E-25  1.302E-17
1.393E+00  3.568E-25  1.319E-17
1.380E+00  3.667E-25  1.343E-17
1.368E+00  3.791E-25  1.375E-17
1.355E+00  3.945E-25  1.418E-17
1.343E+00  4.131E-25  1.471E-17
1.330E+00  4.353E-25  1.536E-17
1.318E+00  4.605E-25  1.610E-17
1.306E+00  4.874E-25  1.689E-17
1.294E+00  5.127E-25  1.760E-17
1.282E+00  5.312E-25  1.807E-17
1.271E+00  5.367E-25  1.809E-17
1.259E+00  5.248E-25  1.752E-17
1.247E+00  4.957E-25  1.640E-17
1.236E+00  4.551E-25  1.492E-17
1.225E+00  4.107E-25  1.334E-17
1.213E+00  3.686E-25  1.186E-17
1.202E+00  3.323E-25  1.060E-17
1.191E+00  3.028E-25  9.568E-18
1.180E+00  2.800E-25  8.766E-18
1.169E+00  2.632E-25  8.164E-18
1.159E+00  2.517E-25  7.737E-18
1.148E+00  2.452E-25  7.468E-18
1.138E+00  2.437E-25  7.353E-18
1.127E+00  2.475E-25  7.401E-18
1.117E+00  2.579E-25  7.641E-18
1.107E+00  2.768E-25  8.127E-18
1.096E+00  3.077E-25  8.949E-18
1.086E+00  3.553E-25  1.024E-17
1.076E+00  4.246E-25  1.212E-17
1.067E+00  5.114E-25  1.447E-17
1.057E+00  5.809E-25  1.628E-17
1.047E+00  5.693E-25  1.581E-17
1.038E+00  4.712E-25  1.297E-17
1.028E+00  3.555E-25  9.695E-18
1.019E+00  2.658E-25  7.182E-18
1.009E+00  2.051E-25  5.491E-18
1.000E+00  1.649E-25  4.375E-18
