Dust emission from Draine & Li (2007): ApJ 657, 810-837
================================================================
         7 = grain model
 4.000E-08 4.000E-01 4.500E-05 = a_01 (cm) , sigma_1 , b_C1/0.92
 2.500E-07 4.000E-01 1.500E-05 = a_02 (cm) , sigma_2 , b_C2/0.92
 4.000E+00 1.000E+03 2.000E+00 = Umin , Umax, beta (dN/dU propto U^{-beta})
 2.217E+01 = <U> 
     mmp83 = radfield
 1.014E-22 = power/H (erg s-1)
 band   nu*P_nu(band) j_nu(band)
 (um)   (erg s-1 H-1)(Jy cm2 sr-1 H-1)
1.270E+00  4.058E-25  1.367E-17 COBE-DIRBE
2.220E+00  5.185E-25  3.053E-17 COBE-DIRBE
3.530E+00  3.372E-24  3.157E-16 COBE-DIRBE
4.880E+00  1.568E-24  2.030E-16 COBE-DIRBE
1.229E+01  1.397E-23  4.555E-15 COBE-DIRBE
2.079E+01  1.194E-23  6.587E-15 COBE-DIRBE
5.599E+01  5.431E-23  8.066E-14 COBE-DIRBE
9.770E+01  3.857E-23  9.996E-14 COBE-DIRBE
1.479E+02  1.879E-23  7.369E-14 COBE-DIRBE
2.479E+02  4.199E-24  2.761E-14 COBE-DIRBE
1.200E+01  1.473E-23  4.689E-15 IRAS
2.500E+01  1.288E-23  8.542E-15 IRAS
6.000E+01  5.346E-23  8.508E-14 IRAS
1.000E+02  3.729E-23  9.890E-14 IRAS
3.550E+00  3.921E-24  3.692E-16 SST-IRAC
4.493E+00  1.099E-24  1.310E-16 SST-IRAC
5.731E+00  9.273E-24  1.410E-15 SST-IRAC
7.872E+00  2.150E-23  4.490E-15 SST-IRAC
2.368E+01  1.095E-23  6.878E-15 SST-MIPS
7.142E+01  4.759E-23  9.016E-14 SST-MIPS
1.559E+02  1.527E-23  6.314E-14 SST-MIPS
1.600E+01  1.157E-23  4.912E-15 SST-IRSPU
2.200E+01  1.127E-23  6.579E-15 SST-IRSPU











lambda    nu*dP/dnu     j_nu
 (um)   (erg s-1 H-1)(Jy cm2 sr-1 H-1)
1.000E+04  8.081E-31  2.144E-19
9.908E+03  8.377E-31  2.202E-19
9.817E+03  8.684E-31  2.261E-19
9.727E+03  9.001E-31  2.323E-19
9.638E+03  9.331E-31  2.386E-19
9.550E+03  9.672E-31  2.450E-19
9.462E+03  1.003E-30  2.517E-19
9.376E+03  1.039E-30  2.585E-19
9.290E+03  1.077E-30  2.655E-19
9.204E+03  1.117E-30  2.727E-19
9.120E+03  1.158E-30  2.801E-19
9.036E+03  1.200E-30  2.877E-19
8.954E+03  1.244E-30  2.954E-19
8.872E+03  1.289E-30  3.034E-19
8.790E+03  1.336E-30  3.115E-19
8.710E+03  1.385E-30  3.199E-19
8.630E+03  1.435E-30  3.286E-19
8.551E+03  1.488E-30  3.374E-19
8.472E+03  1.542E-30  3.466E-19
8.395E+03  1.598E-30  3.559E-19
8.318E+03  1.657E-30  3.656E-19
8.241E+03  1.718E-30  3.755E-19
8.166E+03  1.780E-30  3.857E-19
8.091E+03  1.846E-30  3.961E-19
8.017E+03  1.913E-30  4.069E-19
7.943E+03  1.984E-30  4.179E-19
7.870E+03  2.056E-30  4.293E-19
7.798E+03  2.132E-30  4.410E-19
7.727E+03  2.210E-30  4.530E-19
7.656E+03  2.292E-30  4.654E-19
7.586E+03  2.376E-30  4.781E-19
7.516E+03  2.463E-30  4.911E-19
7.447E+03  2.554E-30  5.046E-19
7.379E+03  2.648E-30  5.184E-19
7.311E+03  2.746E-30  5.326E-19
7.244E+03  2.847E-30  5.472E-19
7.178E+03  2.953E-30  5.622E-19
7.112E+03  3.062E-30  5.776E-19
7.047E+03  3.175E-30  5.935E-19
6.982E+03  3.292E-30  6.098E-19
6.918E+03  3.414E-30  6.265E-19
6.855E+03  3.540E-30  6.437E-19
6.792E+03  3.671E-30  6.614E-19
6.730E+03  3.807E-30  6.797E-19
6.668E+03  3.948E-30  6.984E-19
6.607E+03  4.095E-30  7.176E-19
6.546E+03  4.247E-30  7.374E-19
6.486E+03  4.404E-30  7.578E-19
6.427E+03  4.568E-30  7.788E-19
6.368E+03  4.738E-30  8.003E-19
6.310E+03  4.914E-30  8.225E-19
6.252E+03  5.097E-30  8.453E-19
6.194E+03  5.287E-30  8.687E-19
6.138E+03  5.484E-30  8.929E-19
6.081E+03  5.689E-30  9.177E-19
6.026E+03  5.901E-30  9.432E-19
5.970E+03  6.122E-30  9.695E-19
5.916E+03  6.351E-30  9.965E-19
5.861E+03  6.588E-30  1.024E-18
5.808E+03  6.835E-30  1.053E-18
5.754E+03  7.091E-30  1.082E-18
5.702E+03  7.356E-30  1.113E-18
5.649E+03  7.632E-30  1.144E-18
5.598E+03  7.919E-30  1.176E-18
5.546E+03  8.216E-30  1.209E-18
5.495E+03  8.525E-30  1.243E-18
5.445E+03  8.845E-30  1.278E-18
5.395E+03  9.178E-30  1.313E-18
5.346E+03  9.524E-30  1.350E-18
5.297E+03  9.882E-30  1.388E-18
5.248E+03  1.025E-29  1.428E-18
5.200E+03  1.064E-29  1.468E-18
5.152E+03  1.104E-29  1.509E-18
5.105E+03  1.146E-29  1.552E-18
5.058E+03  1.189E-29  1.596E-18
5.012E+03  1.234E-29  1.641E-18
4.966E+03  1.281E-29  1.687E-18
4.920E+03  1.329E-29  1.735E-18
4.875E+03  1.380E-29  1.784E-18
4.831E+03  1.432E-29  1.835E-18
4.786E+03  1.486E-29  1.887E-18
4.742E+03  1.542E-29  1.940E-18
4.699E+03  1.601E-29  1.996E-18
4.656E+03  1.662E-29  2.052E-18
4.613E+03  1.725E-29  2.111E-18
4.571E+03  1.791E-29  2.171E-18
4.529E+03  1.859E-29  2.233E-18
4.487E+03  1.930E-29  2.297E-18
4.446E+03  2.003E-29  2.362E-18
4.406E+03  2.079E-29  2.430E-18
4.365E+03  2.159E-29  2.500E-18
4.325E+03  2.241E-29  2.571E-18
4.285E+03  2.327E-29  2.645E-18
4.246E+03  2.416E-29  2.721E-18
4.207E+03  2.508E-29  2.799E-18
4.169E+03  2.604E-29  2.880E-18
4.130E+03  2.704E-29  2.963E-18
4.093E+03  2.808E-29  3.048E-18
4.055E+03  2.916E-29  3.136E-18
4.018E+03  3.027E-29  3.227E-18
3.981E+03  3.144E-29  3.320E-18
3.945E+03  3.264E-29  3.415E-18
3.908E+03  3.390E-29  3.514E-18
3.873E+03  3.520E-29  3.616E-18
3.837E+03  3.655E-29  3.720E-18
3.802E+03  3.796E-29  3.828E-18
3.767E+03  3.942E-29  3.939E-18
3.733E+03  4.094E-29  4.054E-18
3.698E+03  4.252E-29  4.171E-18
3.664E+03  4.416E-29  4.293E-18
3.631E+03  4.587E-29  4.418E-18
3.597E+03  4.764E-29  4.547E-18
3.565E+03  4.949E-29  4.679E-18
3.532E+03  5.141E-29  4.816E-18
3.499E+03  5.340E-29  4.957E-18
3.467E+03  5.547E-29  5.102E-18
3.436E+03  5.762E-29  5.251E-18
3.404E+03  5.986E-29  5.405E-18
3.373E+03  6.219E-29  5.564E-18
3.342E+03  6.461E-29  5.727E-18
3.311E+03  6.712E-29  5.896E-18
3.281E+03  6.974E-29  6.069E-18
3.251E+03  7.246E-29  6.248E-18
3.221E+03  7.529E-29  6.433E-18
3.192E+03  7.823E-29  6.622E-18
3.162E+03  8.128E-29  6.818E-18
3.133E+03  8.446E-29  7.020E-18
3.105E+03  8.777E-29  7.228E-18
3.076E+03  9.120E-29  7.442E-18
3.048E+03  9.478E-29  7.662E-18
3.020E+03  9.849E-29  7.890E-18
2.992E+03  1.024E-28  8.124E-18
2.965E+03  1.064E-28  8.364E-18
2.938E+03  1.105E-28  8.612E-18
2.911E+03  1.149E-28  8.868E-18
2.884E+03  1.194E-28  9.131E-18
2.858E+03  1.240E-28  9.402E-18
2.831E+03  1.289E-28  9.682E-18
2.805E+03  1.340E-28  9.970E-18
2.780E+03  1.393E-28  1.027E-17
2.754E+03  1.447E-28  1.057E-17
2.729E+03  1.504E-28  1.089E-17
2.704E+03  1.564E-28  1.122E-17
2.679E+03  1.625E-28  1.155E-17
2.655E+03  1.690E-28  1.190E-17
2.630E+03  1.756E-28  1.225E-17
2.606E+03  1.826E-28  1.262E-17
2.582E+03  1.898E-28  1.300E-17
2.559E+03  1.973E-28  1.339E-17
2.535E+03  2.051E-28  1.379E-17
2.512E+03  2.133E-28  1.421E-17
2.489E+03  2.217E-28  1.464E-17
2.466E+03  2.305E-28  1.508E-17
2.443E+03  2.397E-28  1.553E-17
2.421E+03  2.492E-28  1.600E-17
2.399E+03  2.591E-28  1.649E-17
2.377E+03  2.694E-28  1.699E-17
2.355E+03  2.801E-28  1.750E-17
2.333E+03  2.913E-28  1.803E-17
2.312E+03  3.029E-28  1.858E-17
2.291E+03  3.150E-28  1.914E-17
2.270E+03  3.276E-28  1.972E-17
2.249E+03  3.406E-28  2.032E-17
2.228E+03  3.542E-28  2.094E-17
2.208E+03  3.684E-28  2.158E-17
2.188E+03  3.831E-28  2.223E-17
2.168E+03  3.985E-28  2.291E-17
2.148E+03  4.144E-28  2.361E-17
2.128E+03  4.310E-28  2.433E-17
2.109E+03  4.483E-28  2.507E-17
2.089E+03  4.662E-28  2.584E-17
2.070E+03  4.849E-28  2.663E-17
2.051E+03  5.044E-28  2.744E-17
2.032E+03  5.246E-28  2.828E-17
2.014E+03  5.457E-28  2.915E-17
1.995E+03  5.676E-28  3.004E-17
1.977E+03  5.904E-28  3.096E-17
1.959E+03  6.141E-28  3.191E-17
1.941E+03  6.388E-28  3.289E-17
1.923E+03  6.645E-28  3.390E-17
1.905E+03  6.912E-28  3.494E-17
1.888E+03  7.190E-28  3.601E-17
1.871E+03  7.480E-28  3.711E-17
1.854E+03  7.781E-28  3.826E-17
1.837E+03  8.094E-28  3.943E-17
1.820E+03  8.421E-28  4.065E-17
1.803E+03  8.760E-28  4.190E-17
1.786E+03  9.114E-28  4.319E-17
1.770E+03  9.481E-28  4.452E-17
1.754E+03  9.864E-28  4.589E-17
1.738E+03  1.026E-27  4.731E-17
1.722E+03  1.068E-27  4.876E-17
1.706E+03  1.111E-27  5.027E-17
1.690E+03  1.156E-27  5.182E-17
1.675E+03  1.202E-27  5.342E-17
1.660E+03  1.251E-27  5.507E-17
1.644E+03  1.302E-27  5.677E-17
1.629E+03  1.354E-27  5.853E-17
1.614E+03  1.409E-27  6.034E-17
1.600E+03  1.466E-27  6.220E-17
1.585E+03  1.525E-27  6.413E-17
1.570E+03  1.587E-27  6.611E-17
1.556E+03  1.651E-27  6.815E-17
1.542E+03  1.718E-27  7.026E-17
1.528E+03  1.788E-27  7.244E-17
1.514E+03  1.860E-27  7.468E-17
1.500E+03  1.935E-27  7.699E-17
1.486E+03  2.014E-27  7.938E-17
1.472E+03  2.095E-27  8.184E-17
1.459E+03  2.180E-27  8.437E-17
1.445E+03  2.269E-27  8.699E-17
1.432E+03  2.361E-27  8.969E-17
1.419E+03  2.457E-27  9.247E-17
1.406E+03  2.556E-27  9.534E-17
1.393E+03  2.660E-27  9.830E-17
1.380E+03  2.768E-27  1.013E-16
1.368E+03  2.880E-27  1.045E-16
1.355E+03  2.997E-27  1.077E-16
1.343E+03  3.119E-27  1.111E-16
1.330E+03  3.245E-27  1.145E-16
1.318E+03  3.377E-27  1.181E-16
1.306E+03  3.514E-27  1.217E-16
1.294E+03  3.656E-27  1.255E-16
1.282E+03  3.805E-27  1.294E-16
1.271E+03  3.959E-27  1.334E-16
1.259E+03  4.119E-27  1.376E-16
1.247E+03  4.287E-27  1.418E-16
1.236E+03  4.460E-27  1.462E-16
1.225E+03  4.641E-27  1.508E-16
1.213E+03  4.829E-27  1.554E-16
1.202E+03  5.025E-27  1.602E-16
1.191E+03  5.228E-27  1.652E-16
1.180E+03  5.440E-27  1.703E-16
1.169E+03  5.661E-27  1.756E-16
1.159E+03  5.890E-27  1.810E-16
1.148E+03  6.128E-27  1.866E-16
1.138E+03  6.376E-27  1.924E-16
1.127E+03  6.634E-27  1.984E-16
1.117E+03  6.903E-27  2.045E-16
1.107E+03  7.182E-27  2.108E-16
1.096E+03  7.472E-27  2.173E-16
1.086E+03  7.775E-27  2.240E-16
1.076E+03  8.089E-27  2.310E-16
1.067E+03  8.415E-27  2.381E-16
1.057E+03  8.755E-27  2.454E-16
1.047E+03  9.109E-27  2.530E-16
1.038E+03  9.476E-27  2.608E-16
1.028E+03  9.858E-27  2.688E-16
1.019E+03  1.026E-26  2.771E-16
1.009E+03  1.067E-26  2.856E-16
1.000E+03  1.110E-26  2.944E-16
9.908E+02  1.155E-26  3.035E-16
9.817E+02  1.201E-26  3.128E-16
9.727E+02  1.250E-26  3.224E-16
9.638E+02  1.300E-26  3.323E-16
9.550E+02  1.352E-26  3.425E-16
9.462E+02  1.407E-26  3.531E-16
9.376E+02  1.463E-26  3.639E-16
9.290E+02  1.522E-26  3.750E-16
9.204E+02  1.583E-26  3.865E-16
9.120E+02  1.647E-26  3.984E-16
9.036E+02  1.713E-26  4.106E-16
8.954E+02  1.781E-26  4.231E-16
8.872E+02  1.853E-26  4.360E-16
8.790E+02  1.927E-26  4.493E-16
8.710E+02  2.004E-26  4.630E-16
8.630E+02  2.084E-26  4.771E-16
8.551E+02  2.167E-26  4.916E-16
8.472E+02  2.254E-26  5.065E-16
8.395E+02  2.344E-26  5.219E-16
8.318E+02  2.437E-26  5.377E-16
8.241E+02  2.534E-26  5.540E-16
8.166E+02  2.635E-26  5.707E-16
8.091E+02  2.740E-26  5.880E-16
8.017E+02  2.848E-26  6.057E-16
7.943E+02  2.961E-26  6.240E-16
7.870E+02  3.079E-26  6.427E-16
7.798E+02  3.201E-26  6.621E-16
7.727E+02  3.327E-26  6.820E-16
7.656E+02  3.459E-26  7.025E-16
7.586E+02  3.596E-26  7.235E-16
7.516E+02  3.738E-26  7.452E-16
7.447E+02  3.886E-26  7.676E-16
7.379E+02  4.039E-26  7.906E-16
7.311E+02  4.199E-26  8.144E-16
7.244E+02  4.365E-26  8.388E-16
7.178E+02  4.538E-26  8.640E-16
7.112E+02  4.717E-26  8.899E-16
7.047E+02  4.903E-26  9.166E-16
6.982E+02  5.097E-26  9.441E-16
6.918E+02  5.298E-26  9.723E-16
6.855E+02  5.508E-26  1.001E-15
6.792E+02  5.725E-26  1.031E-15
6.730E+02  5.950E-26  1.062E-15
6.668E+02  6.184E-26  1.094E-15
6.607E+02  6.427E-26  1.126E-15
6.546E+02  6.681E-26  1.160E-15
6.486E+02  6.944E-26  1.195E-15
6.427E+02  7.219E-26  1.231E-15
6.368E+02  7.504E-26  1.267E-15
6.310E+02  7.800E-26  1.305E-15
6.252E+02  8.108E-26  1.345E-15
6.194E+02  8.428E-26  1.385E-15
6.138E+02  8.760E-26  1.426E-15
6.081E+02  9.106E-26  1.469E-15
6.026E+02  9.465E-26  1.513E-15
5.970E+02  9.838E-26  1.558E-15
5.916E+02  1.023E-25  1.605E-15
5.861E+02  1.063E-25  1.653E-15
5.808E+02  1.105E-25  1.702E-15
5.754E+02  1.148E-25  1.753E-15
5.702E+02  1.194E-25  1.805E-15
5.649E+02  1.241E-25  1.859E-15
5.598E+02  1.290E-25  1.915E-15
5.546E+02  1.340E-25  1.972E-15
5.495E+02  1.393E-25  2.031E-15
5.445E+02  1.448E-25  2.091E-15
5.395E+02  1.505E-25  2.154E-15
5.346E+02  1.564E-25  2.218E-15
5.297E+02  1.626E-25  2.284E-15
5.248E+02  1.690E-25  2.352E-15
5.200E+02  1.756E-25  2.423E-15
5.152E+02  1.825E-25  2.495E-15
5.105E+02  1.897E-25  2.569E-15
5.058E+02  1.972E-25  2.646E-15
5.012E+02  2.049E-25  2.724E-15
4.966E+02  2.130E-25  2.805E-15
4.920E+02  2.213E-25  2.889E-15
4.875E+02  2.300E-25  2.974E-15
4.831E+02  2.390E-25  3.063E-15
4.786E+02  2.484E-25  3.154E-15
4.742E+02  2.581E-25  3.247E-15
4.699E+02  2.682E-25  3.343E-15
4.656E+02  2.787E-25  3.442E-15
4.613E+02  2.896E-25  3.544E-15
4.571E+02  3.010E-25  3.649E-15
4.529E+02  3.127E-25  3.757E-15
4.487E+02  3.249E-25  3.868E-15
4.446E+02  3.376E-25  3.982E-15
4.406E+02  3.508E-25  4.099E-15
4.365E+02  3.644E-25  4.220E-15
4.325E+02  3.786E-25  4.344E-15
4.285E+02  3.934E-25  4.472E-15
4.246E+02  4.087E-25  4.603E-15
4.207E+02  4.246E-25  4.738E-15
4.169E+02  4.411E-25  4.877E-15
4.130E+02  4.582E-25  5.020E-15
4.093E+02  4.760E-25  5.167E-15
4.055E+02  4.944E-25  5.318E-15
4.018E+02  5.136E-25  5.474E-15
3.981E+02  5.335E-25  5.633E-15
3.945E+02  5.541E-25  5.798E-15
3.908E+02  5.756E-25  5.967E-15
3.873E+02  5.978E-25  6.141E-15
3.837E+02  6.209E-25  6.319E-15
3.802E+02  6.448E-25  6.503E-15
3.767E+02  6.697E-25  6.692E-15
3.733E+02  6.955E-25  6.886E-15
3.698E+02  7.222E-25  7.085E-15
3.664E+02  7.500E-25  7.290E-15
3.631E+02  7.788E-25  7.501E-15
3.597E+02  8.087E-25  7.717E-15
3.565E+02  8.396E-25  7.939E-15
3.532E+02  8.718E-25  8.167E-15
3.499E+02  9.051E-25  8.401E-15
3.467E+02  9.396E-25  8.642E-15
3.436E+02  9.755E-25  8.890E-15
3.404E+02  1.013E-24  9.143E-15
3.373E+02  1.051E-24  9.404E-15
3.342E+02  1.091E-24  9.672E-15
3.311E+02  1.132E-24  9.947E-15
3.281E+02  1.175E-24  1.023E-14
3.251E+02  1.220E-24  1.052E-14
3.221E+02  1.266E-24  1.082E-14
3.192E+02  1.314E-24  1.112E-14
3.162E+02  1.363E-24  1.143E-14
3.133E+02  1.414E-24  1.175E-14
3.105E+02  1.467E-24  1.208E-14
3.076E+02  1.522E-24  1.242E-14
3.048E+02  1.579E-24  1.277E-14
3.020E+02  1.638E-24  1.312E-14
2.992E+02  1.699E-24  1.349E-14
2.965E+02  1.762E-24  1.386E-14
2.938E+02  1.828E-24  1.424E-14
2.911E+02  1.895E-24  1.463E-14
2.884E+02  1.965E-24  1.504E-14
2.858E+02  2.038E-24  1.545E-14
2.831E+02  2.113E-24  1.587E-14
2.805E+02  2.191E-24  1.630E-14
2.780E+02  2.271E-24  1.675E-14
2.754E+02  2.354E-24  1.720E-14
2.729E+02  2.440E-24  1.767E-14
2.704E+02  2.530E-24  1.814E-14
2.679E+02  2.622E-24  1.863E-14
2.655E+02  2.718E-24  1.914E-14
2.630E+02  2.817E-24  1.965E-14
2.606E+02  2.919E-24  2.018E-14
2.582E+02  3.024E-24  2.072E-14
2.559E+02  3.133E-24  2.126E-14
2.535E+02  3.245E-24  2.182E-14
2.512E+02  3.360E-24  2.239E-14
2.489E+02  3.477E-24  2.296E-14
2.466E+02  3.596E-24  2.352E-14
2.443E+02  3.717E-24  2.409E-14
2.421E+02  3.842E-24  2.467E-14
2.399E+02  3.969E-24  2.526E-14
2.377E+02  4.099E-24  2.584E-14
2.355E+02  4.231E-24  2.643E-14
2.333E+02  4.368E-24  2.704E-14
2.312E+02  4.508E-24  2.765E-14
2.291E+02  4.653E-24  2.827E-14
2.270E+02  4.801E-24  2.891E-14
2.249E+02  4.953E-24  2.955E-14
2.228E+02  5.110E-24  3.020E-14
2.208E+02  5.271E-24  3.087E-14
2.188E+02  5.436E-24  3.155E-14
2.168E+02  5.606E-24  3.223E-14
2.148E+02  5.780E-24  3.293E-14
2.128E+02  5.958E-24  3.364E-14
2.109E+02  6.142E-24  3.435E-14
2.089E+02  6.330E-24  3.508E-14
2.070E+02  6.523E-24  3.582E-14
2.051E+02  6.720E-24  3.656E-14
2.032E+02  6.922E-24  3.732E-14
2.014E+02  7.130E-24  3.809E-14
1.995E+02  7.343E-24  3.887E-14
1.977E+02  7.562E-24  3.965E-14
1.959E+02  7.785E-24  4.045E-14
1.941E+02  8.014E-24  4.126E-14
1.923E+02  8.248E-24  4.208E-14
1.905E+02  8.489E-24  4.290E-14
1.888E+02  8.735E-24  4.374E-14
1.871E+02  8.987E-24  4.459E-14
1.854E+02  9.245E-24  4.545E-14
1.837E+02  9.509E-24  4.632E-14
1.820E+02  9.780E-24  4.721E-14
1.803E+02  1.006E-23  4.809E-14
1.786E+02  1.034E-23  4.900E-14
1.770E+02  1.063E-23  4.991E-14
1.754E+02  1.093E-23  5.083E-14
1.738E+02  1.123E-23  5.177E-14
1.722E+02  1.154E-23  5.272E-14
1.706E+02  1.186E-23  5.368E-14
1.690E+02  1.219E-23  5.465E-14
1.675E+02  1.252E-23  5.564E-14
1.660E+02  1.287E-23  5.664E-14
1.644E+02  1.322E-23  5.765E-14
1.629E+02  1.358E-23  5.869E-14
1.614E+02  1.395E-23  5.973E-14
1.600E+02  1.433E-23  6.079E-14
1.585E+02  1.472E-23  6.188E-14
1.570E+02  1.512E-23  6.298E-14
1.556E+02  1.553E-23  6.411E-14
1.542E+02  1.596E-23  6.526E-14
1.528E+02  1.640E-23  6.643E-14
1.514E+02  1.684E-23  6.763E-14
1.500E+02  1.731E-23  6.885E-14
1.486E+02  1.778E-23  7.008E-14
1.472E+02  1.827E-23  7.133E-14
1.459E+02  1.876E-23  7.258E-14
1.445E+02  1.926E-23  7.383E-14
1.432E+02  1.975E-23  7.504E-14
1.419E+02  2.024E-23  7.619E-14
1.406E+02  2.072E-23  7.726E-14
1.393E+02  2.117E-23  7.823E-14
1.380E+02  2.160E-23  7.908E-14
1.368E+02  2.200E-23  7.981E-14
1.355E+02  2.238E-23  8.045E-14
1.343E+02  2.274E-23  8.101E-14
1.330E+02  2.310E-23  8.153E-14
1.318E+02  2.346E-23  8.203E-14
1.306E+02  2.382E-23  8.253E-14
1.294E+02  2.419E-23  8.303E-14
1.282E+02  2.456E-23  8.354E-14
1.271E+02  2.494E-23  8.404E-14
1.259E+02  2.533E-23  8.458E-14
1.247E+02  2.573E-23  8.513E-14
1.236E+02  2.614E-23  8.569E-14
1.225E+02  2.655E-23  8.626E-14
1.213E+02  2.698E-23  8.685E-14
1.202E+02  2.742E-23  8.744E-14
1.191E+02  2.786E-23  8.804E-14
1.180E+02  2.831E-23  8.864E-14
1.169E+02  2.876E-23  8.923E-14
1.159E+02  2.922E-23  8.981E-14
1.148E+02  2.968E-23  9.040E-14
1.138E+02  3.015E-23  9.099E-14
1.127E+02  3.063E-23  9.157E-14
1.117E+02  3.111E-23  9.216E-14
1.107E+02  3.159E-23  9.274E-14
1.096E+02  3.208E-23  9.332E-14
1.086E+02  3.258E-23  9.389E-14
1.076E+02  3.308E-23  9.444E-14
1.067E+02  3.358E-23  9.499E-14
1.057E+02  3.408E-23  9.553E-14
1.047E+02  3.458E-23  9.606E-14
1.038E+02  3.509E-23  9.657E-14
1.028E+02  3.559E-23  9.706E-14
1.019E+02  3.610E-23  9.753E-14
1.009E+02  3.660E-23  9.799E-14
1.000E+02  3.711E-23  9.843E-14
9.908E+01  3.760E-23  9.883E-14
9.817E+01  3.811E-23  9.924E-14
9.727E+01  3.861E-23  9.961E-14
9.638E+01  3.911E-23  9.998E-14
9.550E+01  3.960E-23  1.003E-13
9.462E+01  4.010E-23  1.006E-13
9.376E+01  4.059E-23  1.009E-13
9.290E+01  4.107E-23  1.012E-13
9.204E+01  4.156E-23  1.015E-13
9.120E+01  4.204E-23  1.017E-13
9.036E+01  4.251E-23  1.019E-13
8.954E+01  4.299E-23  1.021E-13
8.872E+01  4.345E-23  1.023E-13
8.790E+01  4.392E-23  1.024E-13
8.710E+01  4.437E-23  1.025E-13
8.630E+01  4.483E-23  1.026E-13
8.551E+01  4.528E-23  1.027E-13
8.472E+01  4.571E-23  1.027E-13
8.395E+01  4.615E-23  1.028E-13
8.318E+01  4.658E-23  1.028E-13
8.241E+01  4.700E-23  1.028E-13
8.166E+01  4.742E-23  1.027E-13
8.091E+01  4.783E-23  1.027E-13
8.017E+01  4.824E-23  1.026E-13
7.943E+01  4.864E-23  1.025E-13
7.870E+01  4.902E-23  1.023E-13
7.798E+01  4.940E-23  1.022E-13
7.727E+01  4.977E-23  1.020E-13
7.656E+01  5.013E-23  1.018E-13
7.586E+01  5.048E-23  1.016E-13
7.516E+01  5.083E-23  1.013E-13
7.447E+01  5.116E-23  1.011E-13
7.379E+01  5.147E-23  1.007E-13
7.311E+01  5.178E-23  1.004E-13
7.244E+01  5.206E-23  1.000E-13
7.178E+01  5.235E-23  9.967E-14
7.112E+01  5.262E-23  9.927E-14
7.047E+01  5.289E-23  9.887E-14
6.982E+01  5.315E-23  9.845E-14
6.918E+01  5.340E-23  9.800E-14
6.855E+01  5.364E-23  9.753E-14
6.792E+01  5.386E-23  9.704E-14
6.730E+01  5.407E-23  9.652E-14
6.668E+01  5.427E-23  9.600E-14
6.607E+01  5.447E-23  9.545E-14
6.546E+01  5.464E-23  9.488E-14
6.486E+01  5.481E-23  9.430E-14
6.427E+01  5.496E-23  9.370E-14
6.368E+01  5.510E-23  9.308E-14
6.310E+01  5.523E-23  9.244E-14
6.252E+01  5.536E-23  9.180E-14
6.194E+01  5.547E-23  9.115E-14
6.138E+01  5.557E-23  9.048E-14
6.081E+01  5.566E-23  8.979E-14
6.026E+01  5.574E-23  8.909E-14
5.970E+01  5.580E-23  8.837E-14
5.916E+01  5.586E-23  8.765E-14
5.861E+01  5.589E-23  8.690E-14
5.808E+01  5.592E-23  8.615E-14
5.754E+01  5.594E-23  8.539E-14
5.702E+01  5.595E-23  8.462E-14
5.649E+01  5.595E-23  8.384E-14
5.598E+01  5.594E-23  8.306E-14
5.546E+01  5.592E-23  8.227E-14
5.495E+01  5.589E-23  8.148E-14
5.445E+01  5.586E-23  8.068E-14
5.395E+01  5.581E-23  7.987E-14
5.346E+01  5.575E-23  7.906E-14
5.297E+01  5.568E-23  7.824E-14
5.248E+01  5.561E-23  7.741E-14
5.200E+01  5.552E-23  7.659E-14
5.152E+01  5.543E-23  7.576E-14
5.105E+01  5.532E-23  7.491E-14
5.058E+01  5.521E-23  7.408E-14
5.012E+01  5.509E-23  7.324E-14
4.966E+01  5.496E-23  7.239E-14
4.920E+01  5.482E-23  7.155E-14
4.875E+01  5.467E-23  7.070E-14
4.831E+01  5.452E-23  6.985E-14
4.786E+01  5.435E-23  6.901E-14
4.742E+01  5.419E-23  6.816E-14
4.699E+01  5.401E-23  6.732E-14
4.656E+01  5.382E-23  6.647E-14
4.613E+01  5.363E-23  6.563E-14
4.571E+01  5.343E-23  6.478E-14
4.529E+01  5.322E-23  6.393E-14
4.487E+01  5.300E-23  6.309E-14
4.446E+01  5.277E-23  6.224E-14
4.406E+01  5.253E-23  6.139E-14
4.365E+01  5.228E-23  6.054E-14
4.325E+01  5.203E-23  5.969E-14
4.285E+01  5.175E-23  5.883E-14
4.246E+01  5.146E-23  5.796E-14
4.207E+01  5.116E-23  5.710E-14
4.169E+01  5.085E-23  5.622E-14
4.130E+01  5.051E-23  5.534E-14
4.093E+01  5.016E-23  5.445E-14
4.055E+01  4.979E-23  5.356E-14
4.018E+01  4.940E-23  5.265E-14
3.981E+01  4.899E-23  5.173E-14
3.945E+01  4.855E-23  5.080E-14
3.908E+01  4.809E-23  4.986E-14
3.873E+01  4.761E-23  4.890E-14
3.837E+01  4.709E-23  4.793E-14
3.802E+01  4.655E-23  4.694E-14
3.767E+01  4.598E-23  4.594E-14
3.733E+01  4.537E-23  4.491E-14
3.698E+01  4.472E-23  4.387E-14
3.664E+01  4.405E-23  4.282E-14
3.631E+01  4.335E-23  4.175E-14
3.597E+01  4.260E-23  4.065E-14
3.565E+01  4.183E-23  3.955E-14
3.532E+01  4.103E-23  3.844E-14
3.499E+01  4.019E-23  3.731E-14
3.467E+01  3.932E-23  3.616E-14
3.436E+01  3.842E-23  3.501E-14
3.404E+01  3.749E-23  3.385E-14
3.373E+01  3.654E-23  3.269E-14
3.342E+01  3.557E-23  3.153E-14
3.311E+01  3.458E-23  3.037E-14
3.281E+01  3.357E-23  2.922E-14
3.251E+01  3.255E-23  2.807E-14
3.221E+01  3.152E-23  2.693E-14
3.192E+01  3.049E-23  2.581E-14
3.162E+01  2.946E-23  2.471E-14
3.133E+01  2.844E-23  2.364E-14
3.105E+01  2.742E-23  2.258E-14
3.076E+01  2.642E-23  2.156E-14
3.048E+01  2.544E-23  2.056E-14
3.020E+01  2.447E-23  1.960E-14
2.992E+01  2.354E-23  1.868E-14
2.965E+01  2.263E-23  1.779E-14
2.938E+01  2.175E-23  1.695E-14
2.911E+01  2.090E-23  1.613E-14
2.884E+01  2.008E-23  1.536E-14
2.858E+01  1.931E-23  1.463E-14
2.831E+01  1.857E-23  1.394E-14
2.805E+01  1.786E-23  1.329E-14
2.780E+01  1.720E-23  1.268E-14
2.754E+01  1.657E-23  1.210E-14
2.729E+01  1.597E-23  1.156E-14
2.704E+01  1.542E-23  1.106E-14
2.679E+01  1.490E-23  1.059E-14
2.655E+01  1.441E-23  1.015E-14
2.630E+01  1.396E-23  9.739E-15
2.606E+01  1.354E-23  9.357E-15
2.582E+01  1.315E-23  9.004E-15
2.559E+01  1.279E-23  8.677E-15
2.535E+01  1.245E-23  8.374E-15
2.512E+01  1.215E-23  8.093E-15
2.489E+01  1.186E-23  7.832E-15
2.466E+01  1.161E-23  7.592E-15
2.443E+01  1.137E-23  7.368E-15
2.421E+01  1.115E-23  7.163E-15
2.399E+01  1.096E-23  6.973E-15
2.377E+01  1.078E-23  6.797E-15
2.355E+01  1.062E-23  6.635E-15
2.333E+01  1.048E-23  6.487E-15
2.312E+01  1.035E-23  6.350E-15
2.291E+01  1.024E-23  6.222E-15
2.270E+01  1.014E-23  6.106E-15
2.249E+01  1.006E-23  6.002E-15
2.228E+01  9.991E-24  5.906E-15
2.208E+01  9.933E-24  5.817E-15
2.188E+01  9.881E-24  5.734E-15
2.168E+01  9.839E-24  5.658E-15
2.148E+01  9.810E-24  5.589E-15
2.128E+01  9.788E-24  5.525E-15
2.109E+01  9.777E-24  5.469E-15
2.089E+01  9.774E-24  5.417E-15
2.070E+01  9.778E-24  5.370E-15
2.051E+01  9.791E-24  5.327E-15
2.032E+01  9.812E-24  5.290E-15
2.014E+01  9.845E-24  5.259E-15
1.995E+01  9.887E-24  5.233E-15
1.977E+01  9.938E-24  5.212E-15
1.959E+01  9.995E-24  5.193E-15
1.941E+01  1.007E-23  5.182E-15
1.923E+01  1.015E-23  5.177E-15
1.905E+01  1.025E-23  5.181E-15
1.888E+01  1.037E-23  5.195E-15
1.871E+01  1.053E-23  5.225E-15
1.854E+01  1.073E-23  5.278E-15
1.837E+01  1.102E-23  5.367E-15
1.820E+01  1.145E-23  5.529E-15
1.803E+01  1.231E-23  5.887E-15
1.786E+01  1.370E-23  6.494E-15
1.770E+01  1.375E-23  6.455E-15
1.754E+01  1.511E-23  7.029E-15
1.738E+01  1.881E-23  8.672E-15
1.722E+01  1.742E-23  7.956E-15
1.706E+01  1.732E-23  7.840E-15
1.690E+01  1.685E-23  7.556E-15
1.675E+01  1.608E-23  7.144E-15
1.660E+01  1.661E-23  7.312E-15
1.644E+01  2.016E-23  8.795E-15
1.629E+01  1.475E-23  6.375E-15
1.614E+01  1.295E-23  5.547E-15
1.600E+01  1.343E-23  5.697E-15
1.585E+01  1.342E-23  5.643E-15
1.570E+01  1.144E-23  4.765E-15
1.556E+01  1.050E-23  4.334E-15
1.542E+01  1.005E-23  4.111E-15
1.528E+01  9.785E-24  3.965E-15
1.514E+01  9.602E-24  3.855E-15
1.500E+01  9.474E-24  3.769E-15
1.486E+01  9.388E-24  3.700E-15
1.472E+01  9.355E-24  3.654E-15
1.459E+01  9.405E-24  3.639E-15
1.445E+01  9.632E-24  3.693E-15
1.432E+01  1.025E-23  3.893E-15
1.419E+01  1.093E-23  4.113E-15
1.406E+01  1.029E-23  3.837E-15
1.393E+01  9.804E-24  3.623E-15
1.380E+01  9.957E-24  3.646E-15
1.368E+01  1.095E-23  3.972E-15
1.355E+01  1.137E-23  4.086E-15
1.343E+01  1.053E-23  3.751E-15
1.330E+01  1.057E-23  3.732E-15
1.318E+01  1.123E-23  3.926E-15
1.306E+01  1.250E-23  4.332E-15
1.294E+01  1.470E-23  5.046E-15
1.282E+01  1.822E-23  6.198E-15
1.271E+01  2.260E-23  7.616E-15
1.259E+01  2.451E-23  8.184E-15
1.247E+01  2.202E-23  7.286E-15
1.236E+01  1.895E-23  6.213E-15
1.225E+01  1.768E-23  5.744E-15
1.213E+01  1.807E-23  5.815E-15
1.202E+01  1.875E-23  5.979E-15
1.191E+01  1.811E-23  5.721E-15
1.180E+01  1.668E-23  5.221E-15
1.169E+01  1.623E-23  5.034E-15
1.159E+01  1.807E-23  5.554E-15
1.148E+01  2.422E-23  7.377E-15
1.138E+01  3.719E-23  1.122E-14
1.127E+01  5.190E-23  1.552E-14
1.117E+01  3.544E-23  1.050E-14
1.107E+01  1.872E-23  5.496E-15
1.096E+01  1.278E-23  3.716E-15
1.086E+01  9.973E-24  2.874E-15
1.076E+01  8.438E-24  2.409E-15
1.067E+01  7.507E-24  2.124E-15
1.057E+01  6.903E-24  1.935E-15
1.047E+01  6.490E-24  1.803E-15
1.038E+01  6.197E-24  1.705E-15
1.028E+01  5.985E-24  1.632E-15
1.019E+01  5.830E-24  1.575E-15
1.009E+01  5.723E-24  1.532E-15
1.000E+01  5.655E-24  1.500E-15
9.908E+00  5.625E-24  1.478E-15
9.817E+00  5.629E-24  1.466E-15
9.727E+00  5.667E-24  1.462E-15
9.638E+00  5.740E-24  1.468E-15
9.550E+00  5.852E-24  1.482E-15
9.462E+00  6.006E-24  1.507E-15
9.376E+00  6.214E-24  1.545E-15
9.290E+00  6.492E-24  1.600E-15
9.204E+00  6.872E-24  1.678E-15
9.120E+00  7.403E-24  1.791E-15
9.036E+00  8.171E-24  1.959E-15
8.954E+00  9.333E-24  2.217E-15
8.872E+00  1.118E-23  2.631E-15
8.790E+00  1.422E-23  3.314E-15
8.710E+00  1.886E-23  4.357E-15
8.630E+00  2.321E-23  5.312E-15
8.551E+00  2.267E-23  5.142E-15
8.472E+00  1.966E-23  4.417E-15
8.395E+00  1.811E-23  4.032E-15
8.318E+00  1.800E-23  3.972E-15
8.241E+00  1.878E-23  4.106E-15
8.166E+00  2.077E-23  4.500E-15
8.091E+00  2.459E-23  5.277E-15
8.017E+00  3.070E-23  6.529E-15
7.943E+00  3.879E-23  8.174E-15
7.870E+00  4.619E-23  9.643E-15
7.798E+00  4.970E-23  1.028E-14
7.727E+00  5.176E-23  1.061E-14
7.656E+00  5.540E-23  1.125E-14
7.586E+00  5.475E-23  1.102E-14
7.516E+00  4.526E-23  9.023E-15
7.447E+00  3.432E-23  6.780E-15
7.379E+00  2.642E-23  5.172E-15
7.311E+00  2.117E-23  4.106E-15
7.244E+00  1.754E-23  3.370E-15
7.178E+00  1.490E-23  2.838E-15
7.112E+00  1.296E-23  2.445E-15
7.047E+00  1.155E-23  2.159E-15
6.982E+00  1.059E-23  1.962E-15
6.918E+00  1.004E-23  1.843E-15
6.855E+00  9.853E-24  1.792E-15
6.792E+00  9.922E-24  1.788E-15
6.730E+00  1.003E-23  1.790E-15
6.668E+00  9.907E-24  1.752E-15
6.607E+00  9.573E-24  1.678E-15
6.546E+00  9.364E-24  1.626E-15
6.486E+00  9.728E-24  1.674E-15
6.427E+00  1.123E-23  1.914E-15
6.368E+00  1.499E-23  2.531E-15
6.310E+00  2.357E-23  3.944E-15
6.252E+00  3.836E-23  6.361E-15
6.194E+00  3.909E-23  6.423E-15
6.138E+00  2.348E-23  3.823E-15
6.081E+00  1.377E-23  2.221E-15
6.026E+00  9.242E-24  1.477E-15
5.970E+00  7.082E-24  1.122E-15
5.916E+00  6.106E-24  9.582E-16
5.861E+00  5.914E-24  9.195E-16
5.808E+00  6.461E-24  9.953E-16
5.754E+00  7.663E-24  1.170E-15
5.702E+00  8.365E-24  1.265E-15
5.649E+00  7.134E-24  1.069E-15
5.598E+00  5.317E-24  7.895E-16
5.546E+00  4.059E-24  5.972E-16
5.495E+00  3.326E-24  4.848E-16
5.445E+00  2.929E-24  4.231E-16
5.395E+00  2.784E-24  3.985E-16
5.346E+00  2.921E-24  4.142E-16
5.297E+00  3.441E-24  4.835E-16
5.248E+00  3.823E-24  5.322E-16
5.200E+00  3.094E-24  4.268E-16
5.152E+00  2.336E-24  3.192E-16
5.105E+00  1.919E-24  2.599E-16
5.058E+00  1.687E-24  2.264E-16
5.012E+00  1.542E-24  2.050E-16
4.966E+00  1.441E-24  1.898E-16
4.920E+00  1.366E-24  1.783E-16
4.875E+00  1.307E-24  1.690E-16
4.831E+00  1.258E-24  1.612E-16
4.786E+00  1.217E-24  1.545E-16
4.742E+00  1.182E-24  1.487E-16
4.699E+00  1.152E-24  1.435E-16
4.656E+00  1.125E-24  1.389E-16
4.613E+00  1.101E-24  1.347E-16
4.571E+00  1.079E-24  1.308E-16
4.529E+00  1.060E-24  1.273E-16
4.487E+00  1.042E-24  1.240E-16
4.446E+00  1.026E-24  1.210E-16
4.406E+00  1.011E-24  1.181E-16
4.365E+00  9.976E-25  1.155E-16
4.325E+00  9.853E-25  1.130E-16
4.285E+00  9.741E-25  1.107E-16
4.246E+00  9.638E-25  1.086E-16
4.207E+00  9.545E-25  1.065E-16
4.169E+00  9.461E-25  1.046E-16
4.130E+00  9.385E-25  1.028E-16
4.093E+00  9.318E-25  1.012E-16
4.055E+00  9.259E-25  9.959E-17
4.018E+00  9.209E-25  9.815E-17
3.981E+00  9.169E-25  9.682E-17
3.945E+00  9.139E-25  9.563E-17
3.908E+00  9.122E-25  9.457E-17
3.873E+00  9.117E-25  9.366E-17
3.837E+00  9.129E-25  9.292E-17
3.802E+00  9.161E-25  9.238E-17
3.767E+00  9.216E-25  9.208E-17
3.733E+00  9.300E-25  9.208E-17
3.698E+00  9.424E-25  9.245E-17
3.664E+00  9.599E-25  9.330E-17
3.631E+00  9.846E-25  9.482E-17
3.597E+00  1.019E-24  9.728E-17
3.565E+00  1.069E-24  1.011E-16
3.532E+00  1.143E-24  1.071E-16
3.499E+00  1.255E-24  1.165E-16
3.467E+00  1.436E-24  1.321E-16
3.436E+00  1.754E-24  1.598E-16
3.404E+00  2.381E-24  2.150E-16
3.373E+00  3.878E-24  3.470E-16
3.342E+00  8.840E-24  7.836E-16
3.311E+00  3.344E-23  2.937E-15
3.281E+00  2.284E-23  1.987E-15
3.251E+00  6.522E-24  5.624E-16
3.221E+00  3.113E-24  2.660E-16
3.192E+00  1.985E-24  1.681E-16
3.162E+00  1.487E-24  1.248E-16
3.133E+00  1.225E-24  1.018E-16
3.105E+00  1.070E-24  8.813E-17
3.076E+00  9.706E-25  7.920E-17
3.048E+00  9.023E-25  7.295E-17
3.020E+00  8.530E-25  6.833E-17
2.992E+00  8.159E-25  6.476E-17
2.965E+00  7.870E-25  6.189E-17
2.938E+00  7.637E-25  5.951E-17
2.911E+00  7.445E-25  5.748E-17
2.884E+00  7.283E-25  5.571E-17
2.858E+00  7.142E-25  5.414E-17
2.831E+00  7.019E-25  5.272E-17
2.805E+00  6.909E-25  5.141E-17
2.780E+00  6.809E-25  5.020E-17
2.754E+00  6.717E-25  4.907E-17
2.729E+00  6.631E-25  4.800E-17
2.704E+00  6.551E-25  4.698E-17
2.679E+00  6.475E-25  4.601E-17
2.655E+00  6.402E-25  4.508E-17
2.630E+00  6.332E-25  4.418E-17
2.606E+00  6.265E-25  4.331E-17
2.582E+00  6.199E-25  4.246E-17
2.559E+00  6.135E-25  4.164E-17
2.535E+00  6.072E-25  4.083E-17
2.512E+00  6.010E-25  4.005E-17
2.489E+00  5.949E-25  3.928E-17
2.466E+00  5.888E-25  3.852E-17
2.443E+00  5.827E-25  3.777E-17
2.421E+00  5.767E-25  3.704E-17
2.399E+00  5.708E-25  3.632E-17
2.377E+00  5.649E-25  3.562E-17
2.355E+00  5.591E-25  3.493E-17
2.333E+00  5.533E-25  3.425E-17
2.312E+00  5.475E-25  3.358E-17
2.291E+00  5.417E-25  3.292E-17
2.270E+00  5.359E-25  3.226E-17
2.249E+00  5.300E-25  3.162E-17
2.228E+00  5.241E-25  3.098E-17
2.208E+00  5.180E-25  3.034E-17
2.188E+00  5.119E-25  2.971E-17
2.168E+00  5.056E-25  2.907E-17
2.148E+00  4.991E-25  2.844E-17
2.128E+00  4.923E-25  2.779E-17
2.109E+00  4.852E-25  2.714E-17
2.089E+00  4.776E-25  2.647E-17
2.070E+00  4.694E-25  2.578E-17
2.051E+00  4.605E-25  2.505E-17
2.032E+00  4.507E-25  2.430E-17
2.014E+00  4.397E-25  2.349E-17
1.995E+00  4.274E-25  2.262E-17
1.977E+00  4.138E-25  2.170E-17
1.959E+00  3.992E-25  2.074E-17
1.941E+00  3.851E-25  1.983E-17
1.923E+00  3.740E-25  1.908E-17
1.905E+00  3.686E-25  1.863E-17
1.888E+00  3.698E-25  1.852E-17
1.871E+00  3.756E-25  1.864E-17
1.854E+00  3.830E-25  1.883E-17
1.837E+00  3.895E-25  1.897E-17
1.820E+00  3.942E-25  1.903E-17
1.803E+00  3.970E-25  1.899E-17
1.786E+00  3.982E-25  1.887E-17
1.770E+00  3.982E-25  1.870E-17
1.754E+00  3.973E-25  1.848E-17
1.738E+00  3.957E-25  1.824E-17
1.722E+00  3.936E-25  1.798E-17
1.706E+00  3.912E-25  1.770E-17
1.690E+00  3.886E-25  1.742E-17
1.675E+00  3.858E-25  1.714E-17
1.660E+00  3.830E-25  1.686E-17
1.644E+00  3.801E-25  1.658E-17
1.629E+00  3.773E-25  1.631E-17
1.614E+00  3.745E-25  1.604E-17
1.600E+00  3.718E-25  1.578E-17
1.585E+00  3.693E-25  1.553E-17
1.570E+00  3.670E-25  1.529E-17
1.556E+00  3.649E-25  1.506E-17
1.542E+00  3.631E-25  1.485E-17
1.528E+00  3.616E-25  1.465E-17
1.514E+00  3.605E-25  1.448E-17
1.500E+00  3.599E-25  1.432E-17
1.486E+00  3.599E-25  1.419E-17
1.472E+00  3.605E-25  1.408E-17
1.459E+00  3.618E-25  1.400E-17
1.445E+00  3.641E-25  1.396E-17
1.432E+00  3.675E-25  1.396E-17
1.419E+00  3.721E-25  1.401E-17
1.406E+00  3.783E-25  1.411E-17
1.393E+00  3.863E-25  1.428E-17
1.380E+00  3.966E-25  1.452E-17
1.368E+00  4.095E-25  1.486E-17
1.355E+00  4.255E-25  1.530E-17
1.343E+00  4.450E-25  1.585E-17
1.330E+00  4.682E-25  1.652E-17
1.318E+00  4.946E-25  1.730E-17
1.306E+00  5.227E-25  1.811E-17
1.294E+00  5.492E-25  1.885E-17
1.282E+00  5.686E-25  1.934E-17
1.271E+00  5.742E-25  1.935E-17
1.259E+00  5.615E-25  1.875E-17
1.247E+00  5.308E-25  1.756E-17
1.236E+00  4.880E-25  1.600E-17
1.225E+00  4.411E-25  1.433E-17
1.213E+00  3.967E-25  1.277E-17
1.202E+00  3.583E-25  1.143E-17
1.191E+00  3.272E-25  1.034E-17
1.180E+00  3.031E-25  9.489E-18
1.169E+00  2.852E-25  8.849E-18
1.159E+00  2.731E-25  8.393E-18
1.148E+00  2.661E-25  8.104E-18
1.138E+00  2.643E-25  7.977E-18
1.127E+00  2.683E-25  8.021E-18
1.117E+00  2.790E-25  8.267E-18
1.107E+00  2.988E-25  8.771E-18
1.096E+00  3.311E-25  9.630E-18
1.086E+00  3.811E-25  1.098E-17
1.076E+00  4.537E-25  1.296E-17
1.067E+00  5.448E-25  1.541E-17
1.057E+00  6.177E-25  1.732E-17
1.047E+00  6.053E-25  1.681E-17
1.038E+00  5.021E-25  1.382E-17
1.028E+00  3.804E-25  1.037E-17
1.019E+00  2.860E-25  7.726E-18
1.009E+00  2.220E-25  5.944E-18
1.000E+00  1.796E-25  4.765E-18
