Dust emission from Draine & Li (2007): ApJ 657, 810-837
==========================================================
         1 = grain model
 4.000E-08 4.000E-01 0.000E+00 = a_01 (cm) , sigma_1 , b_C1/0.92
 2.000E-07 5.500E-01 0.000E+00 = a_02 (cm) , sigma_2 , b_C2/0.92
 1.200E+00 1.000E+06 2.000E+00 = Umin , Umax, beta (dN/dU propto U^{-beta})
 1.636E+01 = <U> 
     mmp83 = radfield
 7.301E-23 = power/H (erg s-1)
 band   nu*P_nu(band) j_nu(band)
 (um)   (erg s-1 H-1)(Jy cm2 sr-1 H-1)
1.270E+00  2.855E-26  9.617E-19 COBE-DIRBE
2.220E+00  3.627E-26  2.136E-18 COBE-DIRBE
3.530E+00  3.191E-25  2.988E-17 COBE-DIRBE
4.880E+00  6.722E-25  8.701E-17 COBE-DIRBE
1.229E+01  8.930E-24  2.911E-15 COBE-DIRBE
2.079E+01  2.017E-23  1.112E-14 COBE-DIRBE
5.599E+01  3.286E-23  4.880E-14 COBE-DIRBE
9.770E+01  1.945E-23  5.040E-14 COBE-DIRBE
1.479E+02  1.040E-23  4.079E-14 COBE-DIRBE
2.479E+02  2.703E-24  1.777E-14 COBE-DIRBE
1.200E+01  8.304E-24  2.643E-15 IRAS
2.500E+01  2.549E-23  1.690E-14 IRAS
6.000E+01  3.165E-23  5.037E-14 IRAS
1.000E+02  1.884E-23  4.997E-14 IRAS
3.550E+00  3.588E-25  3.379E-17 SST-IRAC
4.493E+00  4.487E-25  5.347E-17 SST-IRAC
5.731E+00  2.284E-24  3.472E-16 SST-IRAC
7.872E+00  7.291E-24  1.523E-15 SST-IRAC
2.368E+01  2.406E-23  1.512E-14 SST-MIPS
7.142E+01  2.437E-23  4.618E-14 SST-MIPS
1.559E+02  8.687E-24  3.592E-14 SST-MIPS
1.600E+01  1.232E-23  5.228E-15 SST-IRSPU
2.200E+01  2.336E-23  1.364E-14 SST-IRSPU
7.500E+01  2.107E-23  4.191E-14 Herschel-PACS
1.100E+02  1.351E-23  3.942E-14 Herschel-PACS
1.700E+02  6.605E-24  2.978E-14 Herschel-PACS
2.500E+02  2.272E-24  1.506E-14 Herschel-SPIRE
3.600E+02  6.067E-25  5.793E-15 Herschel-SPIRE
5.200E+02  1.444E-25  1.991E-15 Herschel-SPIRE
2.400E+00  4.724E-26  3.008E-18 Akari IRC NIR N2
3.200E+00  2.303E-25  1.955E-17 Akari IRC NIR N3
4.100E+00  4.298E-25  4.674E-17 Akari IRC NIR N4
7.000E+00  7.101E-24  1.319E-15 Akari IRC MIR-S S7
9.000E+00  7.307E-24  1.744E-15 Akari IRC MIR-S S9W
1.100E+01  7.836E-24  2.286E-15 Akari IRC MIR-S S11
1.500E+01  1.301E-23  5.178E-15 Akari IRC MIR-L L15
1.800E+01  1.779E-23  8.494E-15 Akari IRC MIR-L L18W
2.400E+01  2.351E-23  1.497E-14 Akari IRC MIR-L L24
6.500E+01  2.835E-23  4.888E-14 Akari FIS N60
8.000E+01  2.241E-23  4.755E-14 Akari FIS WIDE-S
1.400E+02  1.037E-23  3.850E-14 Akari FIS WIDE-L
1.600E+02  8.205E-24  3.482E-14 Akari FIS N160
 
 
 
 


lambda    nu*dP/dnu     j_nu
 (um)   (erg s-1 H-1)(Jy cm2 sr-1 H-1)
1.000E+04  6.748E-31  1.790E-19
9.908E+03  6.996E-31  1.839E-19
9.817E+03  7.253E-31  1.889E-19
9.727E+03  7.519E-31  1.940E-19
9.638E+03  7.795E-31  1.993E-19
9.550E+03  8.081E-31  2.047E-19
9.462E+03  8.378E-31  2.103E-19
9.376E+03  8.685E-31  2.160E-19
9.290E+03  9.004E-31  2.219E-19
9.204E+03  9.335E-31  2.279E-19
9.120E+03  9.677E-31  2.341E-19
9.036E+03  1.003E-30  2.405E-19
8.954E+03  1.040E-30  2.470E-19
8.872E+03  1.078E-30  2.537E-19
8.790E+03  1.117E-30  2.605E-19
8.710E+03  1.158E-30  2.676E-19
8.630E+03  1.201E-30  2.748E-19
8.551E+03  1.245E-30  2.823E-19
8.472E+03  1.290E-30  2.899E-19
8.395E+03  1.337E-30  2.978E-19
8.318E+03  1.387E-30  3.059E-19
8.241E+03  1.437E-30  3.142E-19
8.166E+03  1.490E-30  3.228E-19
8.091E+03  1.545E-30  3.316E-19
8.017E+03  1.602E-30  3.406E-19
7.943E+03  1.661E-30  3.499E-19
7.870E+03  1.722E-30  3.595E-19
7.798E+03  1.785E-30  3.693E-19
7.727E+03  1.851E-30  3.794E-19
7.656E+03  1.919E-30  3.898E-19
7.586E+03  1.990E-30  4.005E-19
7.516E+03  2.064E-30  4.114E-19
7.447E+03  2.140E-30  4.227E-19
7.379E+03  2.219E-30  4.343E-19
7.311E+03  2.301E-30  4.463E-19
7.244E+03  2.386E-30  4.585E-19
7.178E+03  2.475E-30  4.712E-19
7.112E+03  2.566E-30  4.841E-19
7.047E+03  2.661E-30  4.975E-19
6.982E+03  2.760E-30  5.112E-19
6.918E+03  2.862E-30  5.253E-19
6.855E+03  2.968E-30  5.397E-19
6.792E+03  3.078E-30  5.546E-19
6.730E+03  3.193E-30  5.699E-19
6.668E+03  3.311E-30  5.857E-19
6.607E+03  3.434E-30  6.019E-19
6.546E+03  3.562E-30  6.185E-19
6.486E+03  3.694E-30  6.356E-19
6.427E+03  3.832E-30  6.533E-19
6.368E+03  3.975E-30  6.714E-19
6.310E+03  4.123E-30  6.900E-19
6.252E+03  4.277E-30  7.092E-19
6.194E+03  4.436E-30  7.289E-19
6.138E+03  4.602E-30  7.492E-19
6.081E+03  4.774E-30  7.701E-19
6.026E+03  4.952E-30  7.916E-19
5.970E+03  5.138E-30  8.136E-19
5.916E+03  5.330E-30  8.364E-19
5.861E+03  5.530E-30  8.597E-19
5.808E+03  5.737E-30  8.838E-19
5.754E+03  5.952E-30  9.085E-19
5.702E+03  6.175E-30  9.340E-19
5.649E+03  6.407E-30  9.602E-19
5.598E+03  6.648E-30  9.871E-19
5.546E+03  6.898E-30  1.015E-18
5.495E+03  7.157E-30  1.043E-18
5.445E+03  7.427E-30  1.073E-18
5.395E+03  7.706E-30  1.103E-18
5.346E+03  7.997E-30  1.134E-18
5.297E+03  8.298E-30  1.166E-18
5.248E+03  8.611E-30  1.199E-18
5.200E+03  8.936E-30  1.233E-18
5.152E+03  9.273E-30  1.267E-18
5.105E+03  9.623E-30  1.303E-18
5.058E+03  9.987E-30  1.340E-18
5.012E+03  1.036E-29  1.378E-18
4.966E+03  1.076E-29  1.417E-18
4.920E+03  1.116E-29  1.457E-18
4.875E+03  1.159E-29  1.498E-18
4.831E+03  1.202E-29  1.541E-18
4.786E+03  1.248E-29  1.585E-18
4.742E+03  1.295E-29  1.630E-18
4.699E+03  1.345E-29  1.676E-18
4.656E+03  1.396E-29  1.724E-18
4.613E+03  1.449E-29  1.773E-18
4.571E+03  1.504E-29  1.823E-18
4.529E+03  1.561E-29  1.875E-18
4.487E+03  1.620E-29  1.929E-18
4.446E+03  1.682E-29  1.984E-18
4.406E+03  1.746E-29  2.041E-18
4.365E+03  1.813E-29  2.099E-18
4.325E+03  1.882E-29  2.159E-18
4.285E+03  1.954E-29  2.221E-18
4.246E+03  2.028E-29  2.285E-18
4.207E+03  2.106E-29  2.350E-18
4.169E+03  2.187E-29  2.418E-18
4.130E+03  2.270E-29  2.487E-18
4.093E+03  2.357E-29  2.559E-18
4.055E+03  2.448E-29  2.633E-18
4.018E+03  2.541E-29  2.709E-18
3.981E+03  2.639E-29  2.787E-18
3.945E+03  2.740E-29  2.867E-18
3.908E+03  2.845E-29  2.950E-18
3.873E+03  2.954E-29  3.035E-18
3.837E+03  3.068E-29  3.122E-18
3.802E+03  3.185E-29  3.213E-18
3.767E+03  3.308E-29  3.305E-18
3.733E+03  3.435E-29  3.401E-18
3.698E+03  3.568E-29  3.500E-18
3.664E+03  3.705E-29  3.601E-18
3.631E+03  3.848E-29  3.706E-18
3.597E+03  3.996E-29  3.814E-18
3.565E+03  4.151E-29  3.925E-18
3.532E+03  4.311E-29  4.039E-18
3.499E+03  4.478E-29  4.157E-18
3.467E+03  4.651E-29  4.278E-18
3.436E+03  4.831E-29  4.403E-18
3.404E+03  5.019E-29  4.532E-18
3.373E+03  5.213E-29  4.664E-18
3.342E+03  5.415E-29  4.801E-18
3.311E+03  5.626E-29  4.941E-18
3.281E+03  5.844E-29  5.086E-18
3.251E+03  6.071E-29  5.235E-18
3.221E+03  6.308E-29  5.389E-18
3.192E+03  6.553E-29  5.548E-18
3.162E+03  6.808E-29  5.711E-18
3.133E+03  7.073E-29  5.879E-18
3.105E+03  7.349E-29  6.052E-18
3.076E+03  7.636E-29  6.231E-18
3.048E+03  7.934E-29  6.415E-18
3.020E+03  8.244E-29  6.604E-18
2.992E+03  8.566E-29  6.799E-18
2.965E+03  8.900E-29  6.999E-18
2.938E+03  9.247E-29  7.206E-18
2.911E+03  9.608E-29  7.418E-18
2.884E+03  9.983E-29  7.637E-18
2.858E+03  1.037E-28  7.863E-18
2.831E+03  1.078E-28  8.096E-18
2.805E+03  1.120E-28  8.336E-18
2.780E+03  1.164E-28  8.583E-18
2.754E+03  1.210E-28  8.837E-18
2.729E+03  1.257E-28  9.100E-18
2.704E+03  1.306E-28  9.370E-18
2.679E+03  1.358E-28  9.649E-18
2.655E+03  1.411E-28  9.936E-18
2.630E+03  1.467E-28  1.023E-17
2.606E+03  1.524E-28  1.054E-17
2.582E+03  1.584E-28  1.085E-17
2.559E+03  1.647E-28  1.118E-17
2.535E+03  1.712E-28  1.151E-17
2.512E+03  1.779E-28  1.185E-17
2.489E+03  1.849E-28  1.221E-17
2.466E+03  1.922E-28  1.257E-17
2.443E+03  1.998E-28  1.295E-17
2.421E+03  2.077E-28  1.334E-17
2.399E+03  2.159E-28  1.374E-17
2.377E+03  2.245E-28  1.415E-17
2.355E+03  2.334E-28  1.458E-17
2.333E+03  2.426E-28  1.502E-17
2.312E+03  2.522E-28  1.547E-17
2.291E+03  2.622E-28  1.593E-17
2.270E+03  2.726E-28  1.641E-17
2.249E+03  2.834E-28  1.691E-17
2.228E+03  2.947E-28  1.742E-17
2.208E+03  3.064E-28  1.794E-17
2.188E+03  3.185E-28  1.849E-17
2.168E+03  3.312E-28  1.904E-17
2.148E+03  3.444E-28  1.962E-17
2.128E+03  3.581E-28  2.021E-17
2.109E+03  3.723E-28  2.083E-17
2.089E+03  3.872E-28  2.146E-17
2.070E+03  4.026E-28  2.211E-17
2.051E+03  4.186E-28  2.278E-17
2.032E+03  4.353E-28  2.347E-17
2.014E+03  4.527E-28  2.418E-17
1.995E+03  4.707E-28  2.491E-17
1.977E+03  4.895E-28  2.567E-17
1.959E+03  5.090E-28  2.645E-17
1.941E+03  5.293E-28  2.725E-17
1.923E+03  5.505E-28  2.808E-17
1.905E+03  5.724E-28  2.893E-17
1.888E+03  5.953E-28  2.981E-17
1.871E+03  6.191E-28  3.072E-17
1.854E+03  6.438E-28  3.166E-17
1.837E+03  6.696E-28  3.262E-17
1.820E+03  6.964E-28  3.361E-17
1.803E+03  7.243E-28  3.464E-17
1.786E+03  7.532E-28  3.569E-17
1.770E+03  7.834E-28  3.678E-17
1.754E+03  8.148E-28  3.791E-17
1.738E+03  8.474E-28  3.906E-17
1.722E+03  8.814E-28  4.026E-17
1.706E+03  9.167E-28  4.149E-17
1.690E+03  9.534E-28  4.275E-17
1.675E+03  9.917E-28  4.406E-17
1.660E+03  1.031E-27  4.541E-17
1.644E+03  1.073E-27  4.679E-17
1.629E+03  1.116E-27  4.822E-17
1.614E+03  1.161E-27  4.970E-17
1.600E+03  1.207E-27  5.122E-17
1.585E+03  1.256E-27  5.279E-17
1.570E+03  1.306E-27  5.440E-17
1.556E+03  1.358E-27  5.607E-17
1.542E+03  1.413E-27  5.778E-17
1.528E+03  1.470E-27  5.955E-17
1.514E+03  1.529E-27  6.137E-17
1.500E+03  1.590E-27  6.325E-17
1.486E+03  1.654E-27  6.519E-17
1.472E+03  1.720E-27  6.719E-17
1.459E+03  1.789E-27  6.925E-17
1.445E+03  1.861E-27  7.137E-17
1.432E+03  1.936E-27  7.356E-17
1.419E+03  2.014E-27  7.581E-17
1.406E+03  2.095E-27  7.814E-17
1.393E+03  2.179E-27  8.053E-17
1.380E+03  2.267E-27  8.300E-17
1.368E+03  2.358E-27  8.555E-17
1.355E+03  2.453E-27  8.817E-17
1.343E+03  2.551E-27  9.087E-17
1.330E+03  2.654E-27  9.366E-17
1.318E+03  2.760E-27  9.653E-17
1.306E+03  2.871E-27  9.948E-17
1.294E+03  2.987E-27  1.025E-16
1.282E+03  3.107E-27  1.057E-16
1.271E+03  3.232E-27  1.089E-16
1.259E+03  3.361E-27  1.122E-16
1.247E+03  3.496E-27  1.157E-16
1.236E+03  3.637E-27  1.192E-16
1.225E+03  3.783E-27  1.229E-16
1.213E+03  3.934E-27  1.266E-16
1.202E+03  4.092E-27  1.305E-16
1.191E+03  4.256E-27  1.345E-16
1.180E+03  4.427E-27  1.386E-16
1.169E+03  4.604E-27  1.428E-16
1.159E+03  4.789E-27  1.472E-16
1.148E+03  4.981E-27  1.517E-16
1.138E+03  5.180E-27  1.563E-16
1.127E+03  5.388E-27  1.611E-16
1.117E+03  5.603E-27  1.660E-16
1.107E+03  5.828E-27  1.711E-16
1.096E+03  6.061E-27  1.763E-16
1.086E+03  6.303E-27  1.816E-16
1.076E+03  6.555E-27  1.872E-16
1.067E+03  6.817E-27  1.929E-16
1.057E+03  7.089E-27  1.987E-16
1.047E+03  7.372E-27  2.048E-16
1.038E+03  7.666E-27  2.110E-16
1.028E+03  7.972E-27  2.174E-16
1.019E+03  8.289E-27  2.240E-16
1.009E+03  8.620E-27  2.308E-16
1.000E+03  8.963E-27  2.377E-16
9.908E+02  9.320E-27  2.449E-16
9.817E+02  9.691E-27  2.524E-16
9.727E+02  1.008E-26  2.600E-16
9.638E+02  1.048E-26  2.679E-16
9.550E+02  1.089E-26  2.760E-16
9.462E+02  1.133E-26  2.843E-16
9.376E+02  1.178E-26  2.929E-16
9.290E+02  1.225E-26  3.017E-16
9.204E+02  1.273E-26  3.108E-16
9.120E+02  1.324E-26  3.202E-16
9.036E+02  1.376E-26  3.298E-16
8.954E+02  1.430E-26  3.397E-16
8.872E+02  1.487E-26  3.499E-16
8.790E+02  1.546E-26  3.604E-16
8.710E+02  1.607E-26  3.712E-16
8.630E+02  1.670E-26  3.823E-16
8.551E+02  1.736E-26  3.937E-16
8.472E+02  1.804E-26  4.055E-16
8.395E+02  1.875E-26  4.176E-16
8.318E+02  1.949E-26  4.300E-16
8.241E+02  2.025E-26  4.428E-16
8.166E+02  2.105E-26  4.559E-16
8.091E+02  2.187E-26  4.694E-16
8.017E+02  2.273E-26  4.833E-16
7.943E+02  2.362E-26  4.976E-16
7.870E+02  2.454E-26  5.123E-16
7.798E+02  2.550E-26  5.274E-16
7.727E+02  2.649E-26  5.430E-16
7.656E+02  2.752E-26  5.590E-16
7.586E+02  2.860E-26  5.754E-16
7.516E+02  2.971E-26  5.923E-16
7.447E+02  3.087E-26  6.097E-16
7.379E+02  3.207E-26  6.277E-16
7.311E+02  3.331E-26  6.461E-16
7.244E+02  3.461E-26  6.651E-16
7.178E+02  3.596E-26  6.846E-16
7.112E+02  3.735E-26  7.047E-16
7.047E+02  3.880E-26  7.253E-16
6.982E+02  4.031E-26  7.466E-16
6.918E+02  4.187E-26  7.684E-16
6.855E+02  4.350E-26  7.909E-16
6.792E+02  4.518E-26  8.140E-16
6.730E+02  4.693E-26  8.377E-16
6.668E+02  4.874E-26  8.621E-16
6.607E+02  5.062E-26  8.872E-16
6.546E+02  5.258E-26  9.130E-16
6.486E+02  5.461E-26  9.397E-16
6.427E+02  5.673E-26  9.671E-16
6.368E+02  5.892E-26  9.953E-16
6.310E+02  6.120E-26  1.024E-15
6.252E+02  6.357E-26  1.054E-15
6.194E+02  6.602E-26  1.085E-15
6.138E+02  6.857E-26  1.116E-15
6.081E+02  7.122E-26  1.149E-15
6.026E+02  7.396E-26  1.182E-15
5.970E+02  7.682E-26  1.217E-15
5.916E+02  7.977E-26  1.252E-15
5.861E+02  8.285E-26  1.288E-15
5.808E+02  8.604E-26  1.325E-15
5.754E+02  8.935E-26  1.364E-15
5.702E+02  9.278E-26  1.403E-15
5.649E+02  9.635E-26  1.444E-15
5.598E+02  1.000E-25  1.486E-15
5.546E+02  1.039E-25  1.528E-15
5.495E+02  1.079E-25  1.573E-15
5.445E+02  1.120E-25  1.618E-15
5.395E+02  1.163E-25  1.664E-15
5.346E+02  1.208E-25  1.712E-15
5.297E+02  1.254E-25  1.762E-15
5.248E+02  1.302E-25  1.812E-15
5.200E+02  1.352E-25  1.864E-15
5.152E+02  1.403E-25  1.918E-15
5.105E+02  1.457E-25  1.973E-15
5.058E+02  1.512E-25  2.029E-15
5.012E+02  1.570E-25  2.087E-15
4.966E+02  1.630E-25  2.147E-15
4.920E+02  1.692E-25  2.208E-15
4.875E+02  1.756E-25  2.271E-15
4.831E+02  1.823E-25  2.335E-15
4.786E+02  1.892E-25  2.402E-15
4.742E+02  1.963E-25  2.470E-15
4.699E+02  2.038E-25  2.540E-15
4.656E+02  2.115E-25  2.612E-15
4.613E+02  2.195E-25  2.686E-15
4.571E+02  2.278E-25  2.762E-15
4.529E+02  2.364E-25  2.839E-15
4.487E+02  2.453E-25  2.919E-15
4.446E+02  2.545E-25  3.001E-15
4.406E+02  2.640E-25  3.086E-15
4.365E+02  2.739E-25  3.172E-15
4.325E+02  2.842E-25  3.261E-15
4.285E+02  2.948E-25  3.352E-15
4.246E+02  3.059E-25  3.445E-15
4.207E+02  3.173E-25  3.541E-15
4.169E+02  3.291E-25  3.639E-15
4.130E+02  3.414E-25  3.740E-15
4.093E+02  3.541E-25  3.844E-15
4.055E+02  3.673E-25  3.950E-15
4.018E+02  3.809E-25  4.059E-15
3.981E+02  3.950E-25  4.171E-15
3.945E+02  4.096E-25  4.286E-15
3.908E+02  4.248E-25  4.404E-15
3.873E+02  4.405E-25  4.525E-15
3.837E+02  4.567E-25  4.648E-15
3.802E+02  4.735E-25  4.775E-15
3.767E+02  4.909E-25  4.905E-15
3.733E+02  5.089E-25  5.039E-15
3.698E+02  5.276E-25  5.176E-15
3.664E+02  5.469E-25  5.316E-15
3.631E+02  5.669E-25  5.459E-15
3.597E+02  5.875E-25  5.606E-15
3.565E+02  6.089E-25  5.757E-15
3.532E+02  6.310E-25  5.911E-15
3.499E+02  6.539E-25  6.070E-15
3.467E+02  6.775E-25  6.232E-15
3.436E+02  7.020E-25  6.397E-15
3.404E+02  7.273E-25  6.567E-15
3.373E+02  7.534E-25  6.741E-15
3.342E+02  7.805E-25  6.919E-15
3.311E+02  8.084E-25  7.101E-15
3.281E+02  8.373E-25  7.287E-15
3.251E+02  8.672E-25  7.478E-15
3.221E+02  8.980E-25  7.673E-15
3.192E+02  9.299E-25  7.872E-15
3.162E+02  9.628E-25  8.076E-15
3.133E+02  9.968E-25  8.285E-15
3.105E+02  1.032E-24  8.498E-15
3.076E+02  1.068E-24  8.716E-15
3.048E+02  1.106E-24  8.939E-15
3.020E+02  1.144E-24  9.167E-15
2.992E+02  1.184E-24  9.400E-15
2.965E+02  1.225E-24  9.638E-15
2.938E+02  1.268E-24  9.881E-15
2.911E+02  1.312E-24  1.013E-14
2.884E+02  1.357E-24  1.038E-14
2.858E+02  1.404E-24  1.064E-14
2.831E+02  1.452E-24  1.090E-14
2.805E+02  1.502E-24  1.117E-14
2.780E+02  1.553E-24  1.145E-14
2.754E+02  1.606E-24  1.173E-14
2.729E+02  1.660E-24  1.202E-14
2.704E+02  1.716E-24  1.231E-14
2.679E+02  1.775E-24  1.261E-14
2.655E+02  1.834E-24  1.292E-14
2.630E+02  1.896E-24  1.323E-14
2.606E+02  1.960E-24  1.355E-14
2.582E+02  2.025E-24  1.387E-14
2.559E+02  2.092E-24  1.420E-14
2.535E+02  2.161E-24  1.453E-14
2.512E+02  2.232E-24  1.487E-14
2.489E+02  2.303E-24  1.520E-14
2.466E+02  2.375E-24  1.554E-14
2.443E+02  2.449E-24  1.588E-14
2.421E+02  2.525E-24  1.622E-14
2.399E+02  2.602E-24  1.656E-14
2.377E+02  2.680E-24  1.690E-14
2.355E+02  2.760E-24  1.724E-14
2.333E+02  2.842E-24  1.759E-14
2.312E+02  2.926E-24  1.794E-14
2.291E+02  3.011E-24  1.830E-14
2.270E+02  3.099E-24  1.866E-14
2.249E+02  3.189E-24  1.903E-14
2.228E+02  3.282E-24  1.940E-14
2.208E+02  3.376E-24  1.977E-14
2.188E+02  3.473E-24  2.015E-14
2.168E+02  3.571E-24  2.053E-14
2.148E+02  3.672E-24  2.092E-14
2.128E+02  3.776E-24  2.131E-14
2.109E+02  3.881E-24  2.171E-14
2.089E+02  3.989E-24  2.211E-14
2.070E+02  4.099E-24  2.251E-14
2.051E+02  4.212E-24  2.292E-14
2.032E+02  4.327E-24  2.333E-14
2.014E+02  4.445E-24  2.374E-14
1.995E+02  4.565E-24  2.416E-14
1.977E+02  4.687E-24  2.458E-14
1.959E+02  4.812E-24  2.500E-14
1.941E+02  4.940E-24  2.543E-14
1.923E+02  5.070E-24  2.586E-14
1.905E+02  5.203E-24  2.630E-14
1.888E+02  5.338E-24  2.673E-14
1.871E+02  5.476E-24  2.717E-14
1.854E+02  5.617E-24  2.762E-14
1.837E+02  5.761E-24  2.807E-14
1.820E+02  5.908E-24  2.852E-14
1.803E+02  6.057E-24  2.897E-14
1.786E+02  6.210E-24  2.943E-14
1.770E+02  6.366E-24  2.989E-14
1.754E+02  6.524E-24  3.035E-14
1.738E+02  6.686E-24  3.082E-14
1.722E+02  6.851E-24  3.129E-14
1.706E+02  7.019E-24  3.176E-14
1.690E+02  7.191E-24  3.224E-14
1.675E+02  7.366E-24  3.272E-14
1.660E+02  7.544E-24  3.321E-14
1.644E+02  7.727E-24  3.370E-14
1.629E+02  7.913E-24  3.420E-14
1.614E+02  8.103E-24  3.470E-14
1.600E+02  8.298E-24  3.521E-14
1.585E+02  8.497E-24  3.572E-14
1.570E+02  8.700E-24  3.624E-14
1.556E+02  8.908E-24  3.677E-14
1.542E+02  9.121E-24  3.730E-14
1.528E+02  9.338E-24  3.784E-14
1.514E+02  9.561E-24  3.839E-14
1.500E+02  9.789E-24  3.894E-14
1.486E+02  1.002E-23  3.950E-14
1.472E+02  1.026E-23  4.006E-14
1.459E+02  1.050E-23  4.062E-14
1.445E+02  1.074E-23  4.116E-14
1.432E+02  1.097E-23  4.169E-14
1.419E+02  1.121E-23  4.219E-14
1.406E+02  1.143E-23  4.263E-14
1.393E+02  1.164E-23  4.303E-14
1.380E+02  1.184E-23  4.336E-14
1.368E+02  1.203E-23  4.363E-14
1.355E+02  1.220E-23  4.385E-14
1.343E+02  1.236E-23  4.404E-14
1.330E+02  1.253E-23  4.420E-14
1.318E+02  1.268E-23  4.436E-14
1.306E+02  1.285E-23  4.451E-14
1.294E+02  1.301E-23  4.466E-14
1.282E+02  1.317E-23  4.481E-14
1.271E+02  1.334E-23  4.497E-14
1.259E+02  1.352E-23  4.514E-14
1.247E+02  1.369E-23  4.531E-14
1.236E+02  1.388E-23  4.549E-14
1.225E+02  1.406E-23  4.568E-14
1.213E+02  1.425E-23  4.587E-14
1.202E+02  1.444E-23  4.606E-14
1.191E+02  1.464E-23  4.625E-14
1.180E+02  1.484E-23  4.645E-14
1.169E+02  1.503E-23  4.664E-14
1.159E+02  1.524E-23  4.683E-14
1.148E+02  1.544E-23  4.703E-14
1.138E+02  1.565E-23  4.722E-14
1.127E+02  1.586E-23  4.741E-14
1.117E+02  1.607E-23  4.760E-14
1.107E+02  1.628E-23  4.779E-14
1.096E+02  1.650E-23  4.798E-14
1.086E+02  1.671E-23  4.816E-14
1.076E+02  1.693E-23  4.835E-14
1.067E+02  1.715E-23  4.852E-14
1.057E+02  1.737E-23  4.870E-14
1.047E+02  1.759E-23  4.886E-14
1.038E+02  1.781E-23  4.903E-14
1.028E+02  1.804E-23  4.919E-14
1.019E+02  1.826E-23  4.934E-14
1.009E+02  1.848E-23  4.948E-14
1.000E+02  1.871E-23  4.962E-14
9.908E+01  1.893E-23  4.975E-14
9.817E+01  1.915E-23  4.987E-14
9.727E+01  1.937E-23  4.999E-14
9.638E+01  1.960E-23  5.010E-14
9.550E+01  1.982E-23  5.020E-14
9.462E+01  2.004E-23  5.029E-14
9.376E+01  2.026E-23  5.038E-14
9.290E+01  2.048E-23  5.046E-14
9.204E+01  2.069E-23  5.053E-14
9.120E+01  2.091E-23  5.059E-14
9.036E+01  2.113E-23  5.065E-14
8.954E+01  2.134E-23  5.069E-14
8.872E+01  2.156E-23  5.074E-14
8.790E+01  2.178E-23  5.078E-14
8.710E+01  2.199E-23  5.081E-14
8.630E+01  2.221E-23  5.083E-14
8.551E+01  2.242E-23  5.085E-14
8.472E+01  2.263E-23  5.086E-14
8.395E+01  2.285E-23  5.087E-14
8.318E+01  2.306E-23  5.087E-14
8.241E+01  2.327E-23  5.086E-14
8.166E+01  2.348E-23  5.085E-14
8.091E+01  2.369E-23  5.084E-14
8.017E+01  2.390E-23  5.082E-14
7.943E+01  2.410E-23  5.079E-14
7.870E+01  2.431E-23  5.075E-14
7.798E+01  2.451E-23  5.071E-14
7.727E+01  2.472E-23  5.066E-14
7.656E+01  2.492E-23  5.061E-14
7.586E+01  2.513E-23  5.056E-14
7.516E+01  2.533E-23  5.050E-14
7.447E+01  2.553E-23  5.043E-14
7.379E+01  2.573E-23  5.036E-14
7.311E+01  2.592E-23  5.028E-14
7.244E+01  2.612E-23  5.019E-14
7.178E+01  2.632E-23  5.011E-14
7.112E+01  2.651E-23  5.002E-14
7.047E+01  2.671E-23  4.993E-14
6.982E+01  2.691E-23  4.984E-14
6.918E+01  2.711E-23  4.974E-14
6.855E+01  2.730E-23  4.964E-14
6.792E+01  2.749E-23  4.954E-14
6.730E+01  2.769E-23  4.943E-14
6.668E+01  2.788E-23  4.932E-14
6.607E+01  2.808E-23  4.921E-14
6.546E+01  2.828E-23  4.910E-14
6.486E+01  2.847E-23  4.899E-14
6.427E+01  2.867E-23  4.888E-14
6.368E+01  2.887E-23  4.876E-14
6.310E+01  2.907E-23  4.865E-14
6.252E+01  2.927E-23  4.854E-14
6.194E+01  2.947E-23  4.843E-14
6.138E+01  2.968E-23  4.832E-14
6.081E+01  2.988E-23  4.821E-14
6.026E+01  3.009E-23  4.810E-14
5.970E+01  3.030E-23  4.799E-14
5.916E+01  3.051E-23  4.788E-14
5.861E+01  3.073E-23  4.777E-14
5.808E+01  3.094E-23  4.767E-14
5.754E+01  3.116E-23  4.756E-14
5.702E+01  3.138E-23  4.746E-14
5.649E+01  3.161E-23  4.736E-14
5.598E+01  3.184E-23  4.727E-14
5.546E+01  3.207E-23  4.718E-14
5.495E+01  3.231E-23  4.710E-14
5.445E+01  3.255E-23  4.701E-14
5.395E+01  3.280E-23  4.694E-14
5.346E+01  3.305E-23  4.687E-14
5.297E+01  3.331E-23  4.680E-14
5.248E+01  3.357E-23  4.674E-14
5.200E+01  3.384E-23  4.668E-14
5.152E+01  3.412E-23  4.662E-14
5.105E+01  3.439E-23  4.658E-14
5.058E+01  3.468E-23  4.653E-14
5.012E+01  3.497E-23  4.650E-14
4.966E+01  3.527E-23  4.646E-14
4.920E+01  3.558E-23  4.644E-14
4.875E+01  3.589E-23  4.642E-14
4.831E+01  3.622E-23  4.641E-14
4.786E+01  3.655E-23  4.640E-14
4.742E+01  3.689E-23  4.640E-14
4.699E+01  3.724E-23  4.641E-14
4.656E+01  3.759E-23  4.643E-14
4.613E+01  3.796E-23  4.645E-14
4.571E+01  3.833E-23  4.648E-14
4.529E+01  3.872E-23  4.651E-14
4.487E+01  3.911E-23  4.656E-14
4.446E+01  3.951E-23  4.660E-14
4.406E+01  3.993E-23  4.666E-14
4.365E+01  4.035E-23  4.672E-14
4.325E+01  4.077E-23  4.678E-14
4.285E+01  4.121E-23  4.684E-14
4.246E+01  4.165E-23  4.691E-14
4.207E+01  4.210E-23  4.698E-14
4.169E+01  4.255E-23  4.705E-14
4.130E+01  4.301E-23  4.712E-14
4.093E+01  4.346E-23  4.718E-14
4.055E+01  4.392E-23  4.724E-14
4.018E+01  4.438E-23  4.730E-14
3.981E+01  4.484E-23  4.735E-14
3.945E+01  4.529E-23  4.739E-14
3.908E+01  4.573E-23  4.741E-14
3.873E+01  4.617E-23  4.743E-14
3.837E+01  4.659E-23  4.742E-14
3.802E+01  4.700E-23  4.740E-14
3.767E+01  4.739E-23  4.736E-14
3.733E+01  4.776E-23  4.729E-14
3.698E+01  4.810E-23  4.718E-14
3.664E+01  4.841E-23  4.706E-14
3.631E+01  4.869E-23  4.689E-14
3.597E+01  4.894E-23  4.670E-14
3.565E+01  4.914E-23  4.647E-14
3.532E+01  4.931E-23  4.619E-14
3.499E+01  4.943E-23  4.588E-14
3.467E+01  4.949E-23  4.552E-14
3.436E+01  4.951E-23  4.512E-14
3.404E+01  4.947E-23  4.467E-14
3.373E+01  4.937E-23  4.417E-14
3.342E+01  4.921E-23  4.363E-14
3.311E+01  4.900E-23  4.304E-14
3.281E+01  4.873E-23  4.241E-14
3.251E+01  4.839E-23  4.173E-14
3.221E+01  4.800E-23  4.101E-14
3.192E+01  4.754E-23  4.025E-14
3.162E+01  4.703E-23  3.945E-14
3.133E+01  4.647E-23  3.862E-14
3.105E+01  4.586E-23  3.777E-14
3.076E+01  4.520E-23  3.688E-14
3.048E+01  4.450E-23  3.598E-14
3.020E+01  4.377E-23  3.506E-14
2.992E+01  4.300E-23  3.413E-14
2.965E+01  4.220E-23  3.319E-14
2.938E+01  4.139E-23  3.225E-14
2.911E+01  4.055E-23  3.131E-14
2.884E+01  3.970E-23  3.037E-14
2.858E+01  3.885E-23  2.945E-14
2.831E+01  3.800E-23  2.854E-14
2.805E+01  3.714E-23  2.764E-14
2.780E+01  3.630E-23  2.676E-14
2.754E+01  3.546E-23  2.590E-14
2.729E+01  3.463E-23  2.507E-14
2.704E+01  3.382E-23  2.426E-14
2.679E+01  3.303E-23  2.347E-14
2.655E+01  3.225E-23  2.271E-14
2.630E+01  3.149E-23  2.197E-14
2.606E+01  3.076E-23  2.127E-14
2.582E+01  3.005E-23  2.058E-14
2.559E+01  2.936E-23  1.993E-14
2.535E+01  2.870E-23  1.930E-14
2.512E+01  2.806E-23  1.869E-14
2.489E+01  2.744E-23  1.811E-14
2.466E+01  2.684E-23  1.756E-14
2.443E+01  2.627E-23  1.703E-14
2.421E+01  2.571E-23  1.651E-14
2.399E+01  2.517E-23  1.602E-14
2.377E+01  2.466E-23  1.555E-14
2.355E+01  2.418E-23  1.510E-14
2.333E+01  2.371E-23  1.467E-14
2.312E+01  2.325E-23  1.426E-14
2.291E+01  2.281E-23  1.386E-14
2.270E+01  2.240E-23  1.349E-14
2.249E+01  2.203E-23  1.314E-14
2.228E+01  2.167E-23  1.281E-14
2.208E+01  2.133E-23  1.249E-14
2.188E+01  2.099E-23  1.218E-14
2.168E+01  2.065E-23  1.187E-14
2.148E+01  2.033E-23  1.158E-14
2.128E+01  2.003E-23  1.131E-14
2.109E+01  1.975E-23  1.105E-14
2.089E+01  1.948E-23  1.080E-14
2.070E+01  1.922E-23  1.055E-14
2.051E+01  1.896E-23  1.032E-14
2.032E+01  1.872E-23  1.009E-14
2.014E+01  1.852E-23  9.893E-15
1.995E+01  1.833E-23  9.701E-15
1.977E+01  1.814E-23  9.512E-15
1.959E+01  1.794E-23  9.323E-15
1.941E+01  1.775E-23  9.138E-15
1.923E+01  1.757E-23  8.960E-15
1.905E+01  1.745E-23  8.818E-15
1.888E+01  1.729E-23  8.660E-15
1.871E+01  1.689E-23  8.381E-15
1.854E+01  1.657E-23  8.147E-15
1.837E+01  1.630E-23  7.938E-15
1.820E+01  1.605E-23  7.745E-15
1.803E+01  1.585E-23  7.582E-15
1.786E+01  1.574E-23  7.458E-15
1.770E+01  1.545E-23  7.254E-15
1.754E+01  1.532E-23  7.129E-15
1.738E+01  1.548E-23  7.136E-15
1.722E+01  1.509E-23  6.892E-15
1.706E+01  1.479E-23  6.693E-15
1.690E+01  1.437E-23  6.443E-15
1.675E+01  1.388E-23  6.166E-15
1.660E+01  1.362E-23  5.996E-15
1.644E+01  1.390E-23  6.064E-15
1.629E+01  1.259E-23  5.439E-15
1.614E+01  1.188E-23  5.088E-15
1.600E+01  1.146E-23  4.863E-15
1.585E+01  1.111E-23  4.669E-15
1.570E+01  1.075E-23  4.477E-15
1.556E+01  1.044E-23  4.309E-15
1.542E+01  1.016E-23  4.157E-15
1.528E+01  9.912E-24  4.016E-15
1.514E+01  9.680E-24  3.886E-15
1.500E+01  9.468E-24  3.767E-15
1.486E+01  9.273E-24  3.655E-15
1.472E+01  9.099E-24  3.554E-15
1.459E+01  8.956E-24  3.466E-15
1.445E+01  8.871E-24  3.401E-15
1.432E+01  8.893E-24  3.379E-15
1.419E+01  8.954E-24  3.370E-15
1.406E+01  8.748E-24  3.263E-15
1.393E+01  8.617E-24  3.184E-15
1.380E+01  8.657E-24  3.170E-15
1.368E+01  8.857E-24  3.213E-15
1.355E+01  9.133E-24  3.283E-15
1.343E+01  9.174E-24  3.267E-15
1.330E+01  8.955E-24  3.160E-15
1.318E+01  8.828E-24  3.087E-15
1.306E+01  8.923E-24  3.092E-15
1.294E+01  9.291E-24  3.190E-15
1.282E+01  1.000E-23  3.402E-15
1.271E+01  1.091E-23  3.675E-15
1.259E+01  1.116E-23  3.728E-15
1.247E+01  1.045E-23  3.457E-15
1.236E+01  9.718E-24  3.186E-15
1.225E+01  9.430E-24  3.063E-15
1.213E+01  9.541E-24  3.071E-15
1.202E+01  9.732E-24  3.104E-15
1.191E+01  9.538E-24  3.014E-15
1.180E+01  9.136E-24  2.860E-15
1.169E+01  8.998E-24  2.791E-15
1.159E+01  9.415E-24  2.894E-15
1.148E+01  1.104E-23  3.361E-15
1.138E+01  1.278E-23  3.856E-15
1.127E+01  1.500E-23  4.484E-15
1.117E+01  1.213E-23  3.593E-15
1.107E+01  8.860E-24  2.601E-15
1.096E+01  7.748E-24  2.254E-15
1.086E+01  7.216E-24  2.079E-15
1.076E+01  6.919E-24  1.976E-15
1.067E+01  6.731E-24  1.904E-15
1.057E+01  6.568E-24  1.841E-15
1.047E+01  6.445E-24  1.790E-15
1.038E+01  6.339E-24  1.745E-15
1.028E+01  6.238E-24  1.701E-15
1.019E+01  6.138E-24  1.659E-15
1.009E+01  6.044E-24  1.618E-15
1.000E+01  5.958E-24  1.580E-15
9.908E+00  5.883E-24  1.546E-15
9.817E+00  5.817E-24  1.515E-15
9.727E+00  5.759E-24  1.486E-15
9.638E+00  5.709E-24  1.460E-15
9.550E+00  5.660E-24  1.434E-15
9.462E+00  5.613E-24  1.409E-15
9.376E+00  5.568E-24  1.385E-15
9.290E+00  5.529E-24  1.363E-15
9.204E+00  5.508E-24  1.345E-15
9.120E+00  5.518E-24  1.335E-15
9.036E+00  5.584E-24  1.339E-15
8.954E+00  5.746E-24  1.365E-15
8.872E+00  6.071E-24  1.429E-15
8.790E+00  6.673E-24  1.556E-15
8.710E+00  7.639E-24  1.765E-15
8.630E+00  8.521E-24  1.951E-15
8.551E+00  8.292E-24  1.881E-15
8.472E+00  7.527E-24  1.692E-15
8.395E+00  7.110E-24  1.583E-15
8.318E+00  7.027E-24  1.550E-15
8.241E+00  7.154E-24  1.564E-15
8.166E+00  7.559E-24  1.637E-15
8.091E+00  8.376E-24  1.798E-15
8.017E+00  9.695E-24  2.062E-15
7.943E+00  1.141E-23  2.404E-15
7.870E+00  1.285E-23  2.682E-15
7.798E+00  1.324E-23  2.739E-15
7.727E+00  1.313E-23  2.690E-15
7.656E+00  1.328E-23  2.698E-15
7.586E+00  1.281E-23  2.578E-15
7.516E+00  1.097E-23  2.187E-15
7.447E+00  8.965E-24  1.771E-15
7.379E+00  7.496E-24  1.467E-15
7.311E+00  6.468E-24  1.254E-15
7.244E+00  5.709E-24  1.097E-15
7.178E+00  5.121E-24  9.750E-16
7.112E+00  4.660E-24  8.792E-16
7.047E+00  4.306E-24  8.049E-16
6.982E+00  4.046E-24  7.494E-16
6.918E+00  3.873E-24  7.108E-16
6.855E+00  3.777E-24  6.867E-16
6.792E+00  3.732E-24  6.724E-16
6.730E+00  3.689E-24  6.585E-16
6.668E+00  3.591E-24  6.351E-16
6.607E+00  3.439E-24  6.028E-16
6.546E+00  3.306E-24  5.741E-16
6.486E+00  3.274E-24  5.634E-16
6.427E+00  3.437E-24  5.859E-16
6.368E+00  3.959E-24  6.688E-16
6.310E+00  5.177E-24  8.665E-16
6.252E+00  7.187E-24  1.192E-15
6.194E+00  7.137E-24  1.173E-15
6.138E+00  4.850E-24  7.896E-16
6.081E+00  3.334E-24  5.379E-16
6.026E+00  2.575E-24  4.116E-16
5.970E+00  2.173E-24  3.441E-16
5.916E+00  1.944E-24  3.050E-16
5.861E+00  1.819E-24  2.828E-16
5.808E+00  1.779E-24  2.741E-16
5.754E+00  1.822E-24  2.781E-16
5.702E+00  1.837E-24  2.778E-16
5.649E+00  1.659E-24  2.486E-16
5.598E+00  1.449E-24  2.151E-16
5.546E+00  1.307E-24  1.923E-16
5.495E+00  1.217E-24  1.773E-16
5.445E+00  1.158E-24  1.672E-16
5.395E+00  1.126E-24  1.612E-16
5.346E+00  1.128E-24  1.599E-16
5.297E+00  1.152E-24  1.618E-16
5.248E+00  1.108E-24  1.542E-16
5.200E+00  9.920E-25  1.368E-16
5.152E+00  8.971E-25  1.226E-16
5.105E+00  8.309E-25  1.125E-16
5.058E+00  7.807E-25  1.047E-16
5.012E+00  7.389E-25  9.824E-17
4.966E+00  7.021E-25  9.248E-17
4.920E+00  6.685E-25  8.725E-17
4.875E+00  6.373E-25  8.242E-17
4.831E+00  6.081E-25  7.792E-17
4.786E+00  5.805E-25  7.370E-17
4.742E+00  5.543E-25  6.972E-17
4.699E+00  5.293E-25  6.598E-17
4.656E+00  5.055E-25  6.243E-17
4.613E+00  4.827E-25  5.907E-17
4.571E+00  4.609E-25  5.589E-17
4.529E+00  4.401E-25  5.287E-17
4.487E+00  4.201E-25  5.001E-17
4.446E+00  4.010E-25  4.730E-17
4.406E+00  3.827E-25  4.473E-17
4.365E+00  3.652E-25  4.229E-17
4.325E+00  3.485E-25  3.998E-17
4.285E+00  3.325E-25  3.780E-17
4.246E+00  3.172E-25  3.573E-17
4.207E+00  3.026E-25  3.377E-17
4.169E+00  2.887E-25  3.192E-17
4.130E+00  2.754E-25  3.018E-17
4.093E+00  2.628E-25  2.853E-17
4.055E+00  2.507E-25  2.697E-17
4.018E+00  2.393E-25  2.551E-17
3.981E+00  2.285E-25  2.413E-17
3.945E+00  2.183E-25  2.284E-17
3.908E+00  2.086E-25  2.163E-17
3.873E+00  1.995E-25  2.050E-17
3.837E+00  1.910E-25  1.944E-17
3.802E+00  1.831E-25  1.847E-17
3.767E+00  1.758E-25  1.757E-17
3.733E+00  1.692E-25  1.675E-17
3.698E+00  1.632E-25  1.601E-17
3.664E+00  1.579E-25  1.535E-17
3.631E+00  1.536E-25  1.479E-17
3.597E+00  1.503E-25  1.434E-17
3.565E+00  1.485E-25  1.404E-17
3.532E+00  1.487E-25  1.393E-17
3.499E+00  1.520E-25  1.411E-17
3.467E+00  1.606E-25  1.477E-17
3.436E+00  1.793E-25  1.634E-17
3.404E+00  2.206E-25  1.992E-17
3.373E+00  3.249E-25  2.907E-17
3.342E+00  6.791E-25  6.020E-17
3.311E+00  2.446E-24  2.149E-16
3.281E+00  1.676E-24  1.459E-16
3.251E+00  4.996E-25  4.309E-17
3.221E+00  2.522E-25  2.155E-17
3.192E+00  1.688E-25  1.429E-17
3.162E+00  1.308E-25  1.097E-17
3.133E+00  1.099E-25  9.134E-18
3.105E+00  9.682E-26  7.973E-18
3.076E+00  8.786E-26  7.169E-18
3.048E+00  8.127E-26  6.570E-18
3.020E+00  7.617E-26  6.101E-18
2.992E+00  7.206E-26  5.719E-18
2.965E+00  6.864E-26  5.398E-18
2.938E+00  6.574E-26  5.122E-18
2.911E+00  6.322E-26  4.881E-18
2.884E+00  6.100E-26  4.667E-18
2.858E+00  5.903E-26  4.474E-18
2.831E+00  5.725E-26  4.300E-18
2.805E+00  5.565E-26  4.141E-18
2.780E+00  5.418E-26  3.995E-18
2.754E+00  5.284E-26  3.860E-18
2.729E+00  5.160E-26  3.735E-18
2.704E+00  5.046E-26  3.619E-18
2.679E+00  4.939E-26  3.510E-18
2.655E+00  4.840E-26  3.408E-18
2.630E+00  4.747E-26  3.312E-18
2.606E+00  4.660E-26  3.221E-18
2.582E+00  4.578E-26  3.136E-18
2.559E+00  4.500E-26  3.054E-18
2.535E+00  4.427E-26  2.977E-18
2.512E+00  4.357E-26  2.903E-18
2.489E+00  4.290E-26  2.832E-18
2.466E+00  4.226E-26  2.765E-18
2.443E+00  4.165E-26  2.699E-18
2.421E+00  4.105E-26  2.636E-18
2.399E+00  4.049E-26  2.576E-18
2.377E+00  3.994E-26  2.518E-18
2.355E+00  3.942E-26  2.463E-18
2.333E+00  3.891E-26  2.408E-18
2.312E+00  3.842E-26  2.356E-18
2.291E+00  3.793E-26  2.305E-18
2.270E+00  3.746E-26  2.256E-18
2.249E+00  3.700E-26  2.207E-18
2.228E+00  3.654E-26  2.160E-18
2.208E+00  3.608E-26  2.113E-18
2.188E+00  3.562E-26  2.067E-18
2.168E+00  3.517E-26  2.022E-18
2.148E+00  3.470E-26  1.977E-18
2.128E+00  3.422E-26  1.932E-18
2.109E+00  3.373E-26  1.886E-18
2.089E+00  3.321E-26  1.840E-18
2.070E+00  3.266E-26  1.793E-18
2.051E+00  3.207E-26  1.745E-18
2.032E+00  3.142E-26  1.694E-18
2.014E+00  3.071E-26  1.640E-18
1.995E+00  2.992E-26  1.583E-18
1.977E+00  2.904E-26  1.523E-18
1.959E+00  2.811E-26  1.461E-18
1.941E+00  2.721E-26  1.401E-18
1.923E+00  2.650E-26  1.352E-18
1.905E+00  2.614E-26  1.321E-18
1.888E+00  2.619E-26  1.311E-18
1.871E+00  2.653E-26  1.316E-18
1.854E+00  2.697E-26  1.326E-18
1.837E+00  2.735E-26  1.333E-18
1.820E+00  2.763E-26  1.334E-18
1.803E+00  2.780E-26  1.329E-18
1.786E+00  2.786E-26  1.320E-18
1.770E+00  2.785E-26  1.308E-18
1.754E+00  2.778E-26  1.292E-18
1.738E+00  2.767E-26  1.276E-18
1.722E+00  2.753E-26  1.258E-18
1.706E+00  2.738E-26  1.239E-18
1.690E+00  2.721E-26  1.220E-18
1.675E+00  2.703E-26  1.201E-18
1.660E+00  2.685E-26  1.182E-18
1.644E+00  2.666E-26  1.163E-18
1.629E+00  2.648E-26  1.144E-18
1.614E+00  2.630E-26  1.126E-18
1.600E+00  2.612E-26  1.108E-18
1.585E+00  2.596E-26  1.091E-18
1.570E+00  2.581E-26  1.075E-18
1.556E+00  2.568E-26  1.060E-18
1.542E+00  2.556E-26  1.045E-18
1.528E+00  2.546E-26  1.032E-18
1.514E+00  2.540E-26  1.020E-18
1.500E+00  2.536E-26  1.009E-18
1.486E+00  2.536E-26  9.995E-19
1.472E+00  2.540E-26  9.920E-19
1.459E+00  2.549E-26  9.864E-19
1.445E+00  2.564E-26  9.832E-19
1.432E+00  2.587E-26  9.827E-19
1.419E+00  2.618E-26  9.853E-19
1.406E+00  2.659E-26  9.917E-19
1.393E+00  2.712E-26  1.002E-18
1.380E+00  2.781E-26  1.018E-18
1.368E+00  2.867E-26  1.040E-18
1.355E+00  2.974E-26  1.069E-18
1.343E+00  3.104E-26  1.106E-18
1.330E+00  3.259E-26  1.150E-18
1.318E+00  3.437E-26  1.202E-18
1.306E+00  3.626E-26  1.256E-18
1.294E+00  3.805E-26  1.306E-18
1.282E+00  3.938E-26  1.339E-18
1.271E+00  3.980E-26  1.341E-18
1.259E+00  3.899E-26  1.302E-18
1.247E+00  3.698E-26  1.223E-18
1.236E+00  3.414E-26  1.119E-18
1.225E+00  3.102E-26  1.008E-18
1.213E+00  2.806E-26  9.031E-19
1.202E+00  2.549E-26  8.130E-19
1.191E+00  2.341E-26  7.396E-19
1.180E+00  2.178E-26  6.820E-19
1.169E+00  2.059E-26  6.386E-19
1.159E+00  1.977E-26  6.076E-19
1.148E+00  1.930E-26  5.878E-19
1.138E+00  1.919E-26  5.791E-19
1.127E+00  1.947E-26  5.821E-19
1.117E+00  2.022E-26  5.990E-19
1.107E+00  2.159E-26  6.339E-19
1.096E+00  2.384E-26  6.934E-19
1.086E+00  2.732E-26  7.873E-19
1.076E+00  3.239E-26  9.248E-19
1.067E+00  3.876E-26  1.097E-18
1.057E+00  4.390E-26  1.231E-18
1.047E+00  4.311E-26  1.197E-18
1.038E+00  3.596E-26  9.895E-19
1.028E+00  2.748E-26  7.493E-19
1.019E+00  2.088E-26  5.641E-19
1.009E+00  1.640E-26  4.390E-19
1.000E+00  1.342E-26  3.559E-19
