Dust emission from Draine & Li (2007): ApJ 657, 810-837
================================================================
        11 = grain model
 4.000E-08 4.000E-01 0.000E+00 = a_01 (cm) , sigma_1 , b_C1/0.92
 2.500E-07 4.000E-01 0.000E+00 = a_02 (cm) , sigma_2 , b_C2/0.92
 1.200E+00 1.200E+00 1.000E+00 = Umin , Umax, beta (dN/dU propto U^{-beta})
 1.200E+00 = <U> 
     mmp83 = radfield
 6.640E-25 = power/H (erg s-1)
 band   nu*P_nu(band) j_nu(band)
 (um)   (erg s-1 H-1)(Jy cm2 sr-1 H-1)
1.270E+00  6.594E-28  2.221E-20 COBE-DIRBE
2.220E+00  1.127E-27  6.638E-20 COBE-DIRBE
3.530E+00  1.929E-27  1.807E-19 COBE-DIRBE
4.880E+00  1.454E-27  1.882E-19 COBE-DIRBE
1.229E+01  1.717E-26  5.596E-18 COBE-DIRBE
2.079E+01  2.714E-26  1.497E-17 COBE-DIRBE
5.599E+01  1.129E-25  1.676E-16 COBE-DIRBE
9.770E+01  4.102E-25  1.063E-15 COBE-DIRBE
1.479E+02  4.886E-25  1.917E-15 COBE-DIRBE
2.479E+02  2.239E-25  1.472E-15 COBE-DIRBE
1.200E+01  1.697E-26  5.401E-18 IRAS
2.500E+01  2.878E-26  1.909E-17 IRAS
6.000E+01  1.369E-25  2.179E-16 IRAS
1.000E+02  4.247E-25  1.127E-15 IRAS
3.550E+00  2.060E-27  1.940E-19 SST-IRAC
4.493E+00  1.367E-27  1.630E-19 SST-IRAC
5.731E+00  3.091E-27  4.699E-19 SST-IRAC
7.872E+00  1.227E-26  2.561E-18 SST-IRAC
2.368E+01  2.759E-26  1.733E-17 SST-MIPS
7.142E+01  1.985E-25  3.761E-16 SST-MIPS
1.559E+02  4.610E-25  1.906E-15 SST-MIPS
1.600E+01  1.681E-26  7.132E-18 SST-IRSPU
2.200E+01  2.859E-26  1.668E-17 SST-IRSPU











lambda    nu*dP/dnu     j_nu
 (um)   (erg s-1 H-1)(Jy cm2 sr-1 H-1)
1.000E+04  1.194E-31  3.168E-20
9.908E+03  1.238E-31  3.253E-20
9.817E+03  1.282E-31  3.340E-20
9.727E+03  1.329E-31  3.429E-20
9.638E+03  1.377E-31  3.520E-20
9.550E+03  1.427E-31  3.614E-20
9.462E+03  1.478E-31  3.711E-20
9.376E+03  1.532E-31  3.810E-20
9.290E+03  1.587E-31  3.911E-20
9.204E+03  1.645E-31  4.016E-20
9.120E+03  1.704E-31  4.123E-20
9.036E+03  1.766E-31  4.233E-20
8.954E+03  1.829E-31  4.345E-20
8.872E+03  1.895E-31  4.460E-20
8.790E+03  1.963E-31  4.578E-20
8.710E+03  2.034E-31  4.699E-20
8.630E+03  2.107E-31  4.824E-20
8.551E+03  2.183E-31  4.952E-20
8.472E+03  2.262E-31  5.083E-20
8.395E+03  2.343E-31  5.218E-20
8.318E+03  2.428E-31  5.357E-20
8.241E+03  2.516E-31  5.499E-20
8.166E+03  2.606E-31  5.646E-20
8.091E+03  2.701E-31  5.796E-20
8.017E+03  2.798E-31  5.951E-20
7.943E+03  2.900E-31  6.110E-20
7.870E+03  3.005E-31  6.273E-20
7.798E+03  3.114E-31  6.441E-20
7.727E+03  3.226E-31  6.613E-20
7.656E+03  3.343E-31  6.790E-20
7.586E+03  3.465E-31  6.972E-20
7.516E+03  3.591E-31  7.159E-20
7.447E+03  3.721E-31  7.351E-20
7.379E+03  3.856E-31  7.548E-20
7.311E+03  3.997E-31  7.751E-20
7.244E+03  4.142E-31  7.960E-20
7.178E+03  4.293E-31  8.174E-20
7.112E+03  4.449E-31  8.394E-20
7.047E+03  4.612E-31  8.620E-20
6.982E+03  4.780E-31  8.852E-20
6.918E+03  4.954E-31  9.091E-20
6.855E+03  5.134E-31  9.335E-20
6.792E+03  5.321E-31  9.587E-20
6.730E+03  5.515E-31  9.846E-20
6.668E+03  5.717E-31  1.011E-19
6.607E+03  5.925E-31  1.038E-19
6.546E+03  6.142E-31  1.067E-19
6.486E+03  6.367E-31  1.095E-19
6.427E+03  6.600E-31  1.125E-19
6.368E+03  6.841E-31  1.156E-19
6.310E+03  7.092E-31  1.187E-19
6.252E+03  7.352E-31  1.219E-19
6.194E+03  7.621E-31  1.252E-19
6.138E+03  7.901E-31  1.286E-19
6.081E+03  8.191E-31  1.321E-19
6.026E+03  8.492E-31  1.357E-19
5.970E+03  8.805E-31  1.394E-19
5.916E+03  9.128E-31  1.432E-19
5.861E+03  9.464E-31  1.472E-19
5.808E+03  9.813E-31  1.512E-19
5.754E+03  1.017E-30  1.553E-19
5.702E+03  1.055E-30  1.596E-19
5.649E+03  1.094E-30  1.639E-19
5.598E+03  1.134E-30  1.684E-19
5.546E+03  1.176E-30  1.730E-19
5.495E+03  1.220E-30  1.778E-19
5.445E+03  1.265E-30  1.827E-19
5.395E+03  1.311E-30  1.877E-19
5.346E+03  1.360E-30  1.928E-19
5.297E+03  1.410E-30  1.982E-19
5.248E+03  1.463E-30  2.036E-19
5.200E+03  1.517E-30  2.092E-19
5.152E+03  1.573E-30  2.150E-19
5.105E+03  1.631E-30  2.209E-19
5.058E+03  1.692E-30  2.270E-19
5.012E+03  1.755E-30  2.333E-19
4.966E+03  1.820E-30  2.397E-19
4.920E+03  1.888E-30  2.464E-19
4.875E+03  1.958E-30  2.532E-19
4.831E+03  2.030E-30  2.602E-19
4.786E+03  2.106E-30  2.674E-19
4.742E+03  2.184E-30  2.748E-19
4.699E+03  2.266E-30  2.824E-19
4.656E+03  2.350E-30  2.903E-19
4.613E+03  2.438E-30  2.983E-19
4.571E+03  2.529E-30  3.066E-19
4.529E+03  2.623E-30  3.151E-19
4.487E+03  2.721E-30  3.239E-19
4.446E+03  2.823E-30  3.330E-19
4.406E+03  2.929E-30  3.422E-19
4.365E+03  3.038E-30  3.518E-19
4.325E+03  3.152E-30  3.616E-19
4.285E+03  3.270E-30  3.717E-19
4.246E+03  3.393E-30  3.821E-19
4.207E+03  3.520E-30  3.928E-19
4.169E+03  3.652E-30  4.039E-19
4.130E+03  3.789E-30  4.152E-19
4.093E+03  3.932E-30  4.268E-19
4.055E+03  4.080E-30  4.388E-19
4.018E+03  4.233E-30  4.512E-19
3.981E+03  4.392E-30  4.638E-19
3.945E+03  4.557E-30  4.768E-19
3.908E+03  4.729E-30  4.902E-19
3.873E+03  4.907E-30  5.040E-19
3.837E+03  5.091E-30  5.182E-19
3.802E+03  5.283E-30  5.328E-19
3.767E+03  5.482E-30  5.478E-19
3.733E+03  5.689E-30  5.633E-19
3.698E+03  5.904E-30  5.792E-19
3.664E+03  6.127E-30  5.956E-19
3.631E+03  6.359E-30  6.124E-19
3.597E+03  6.600E-30  6.298E-19
3.565E+03  6.849E-30  6.476E-19
3.532E+03  7.109E-30  6.660E-19
3.499E+03  7.378E-30  6.849E-19
3.467E+03  7.658E-30  7.044E-19
3.436E+03  7.949E-30  7.244E-19
3.404E+03  8.251E-30  7.450E-19
3.373E+03  8.565E-30  7.663E-19
3.342E+03  8.890E-30  7.881E-19
3.311E+03  9.229E-30  8.106E-19
3.281E+03  9.580E-30  8.338E-19
3.251E+03  9.945E-30  8.576E-19
3.221E+03  1.032E-29  8.821E-19
3.192E+03  1.072E-29  9.074E-19
3.162E+03  1.113E-29  9.334E-19
3.133E+03  1.155E-29  9.601E-19
3.105E+03  1.199E-29  9.877E-19
3.076E+03  1.245E-29  1.016E-18
3.048E+03  1.293E-29  1.045E-18
3.020E+03  1.342E-29  1.075E-18
2.992E+03  1.394E-29  1.106E-18
2.965E+03  1.447E-29  1.138E-18
2.938E+03  1.502E-29  1.170E-18
2.911E+03  1.560E-29  1.204E-18
2.884E+03  1.619E-29  1.239E-18
2.858E+03  1.681E-29  1.274E-18
2.831E+03  1.745E-29  1.311E-18
2.805E+03  1.812E-29  1.349E-18
2.780E+03  1.882E-29  1.388E-18
2.754E+03  1.954E-29  1.428E-18
2.729E+03  2.029E-29  1.469E-18
2.704E+03  2.107E-29  1.511E-18
2.679E+03  2.188E-29  1.555E-18
2.655E+03  2.272E-29  1.600E-18
2.630E+03  2.359E-29  1.646E-18
2.606E+03  2.450E-29  1.694E-18
2.582E+03  2.545E-29  1.743E-18
2.559E+03  2.643E-29  1.794E-18
2.535E+03  2.745E-29  1.846E-18
2.512E+03  2.850E-29  1.899E-18
2.489E+03  2.960E-29  1.954E-18
2.466E+03  3.075E-29  2.011E-18
2.443E+03  3.193E-29  2.070E-18
2.421E+03  3.317E-29  2.130E-18
2.399E+03  3.445E-29  2.192E-18
2.377E+03  3.578E-29  2.256E-18
2.355E+03  3.717E-29  2.322E-18
2.333E+03  3.861E-29  2.390E-18
2.312E+03  4.010E-29  2.460E-18
2.291E+03  4.166E-29  2.531E-18
2.270E+03  4.327E-29  2.605E-18
2.249E+03  4.495E-29  2.682E-18
2.228E+03  4.670E-29  2.760E-18
2.208E+03  4.851E-29  2.841E-18
2.188E+03  5.039E-29  2.924E-18
2.168E+03  5.235E-29  3.010E-18
2.148E+03  5.438E-29  3.098E-18
2.128E+03  5.649E-29  3.189E-18
2.109E+03  5.869E-29  3.283E-18
2.089E+03  6.097E-29  3.379E-18
2.070E+03  6.334E-29  3.478E-18
2.051E+03  6.581E-29  3.580E-18
2.032E+03  6.837E-29  3.686E-18
2.014E+03  7.103E-29  3.794E-18
1.995E+03  7.379E-29  3.906E-18
1.977E+03  7.666E-29  4.020E-18
1.959E+03  7.965E-29  4.138E-18
1.941E+03  8.275E-29  4.260E-18
1.923E+03  8.597E-29  4.385E-18
1.905E+03  8.932E-29  4.514E-18
1.888E+03  9.280E-29  4.647E-18
1.871E+03  9.641E-29  4.784E-18
1.854E+03  1.002E-28  4.925E-18
1.837E+03  1.041E-28  5.070E-18
1.820E+03  1.081E-28  5.219E-18
1.803E+03  1.123E-28  5.373E-18
1.786E+03  1.167E-28  5.531E-18
1.770E+03  1.213E-28  5.694E-18
1.754E+03  1.260E-28  5.862E-18
1.738E+03  1.309E-28  6.035E-18
1.722E+03  1.360E-28  6.213E-18
1.706E+03  1.413E-28  6.396E-18
1.690E+03  1.469E-28  6.585E-18
1.675E+03  1.526E-28  6.779E-18
1.660E+03  1.585E-28  6.979E-18
1.644E+03  1.647E-28  7.185E-18
1.629E+03  1.711E-28  7.397E-18
1.614E+03  1.778E-28  7.615E-18
1.600E+03  1.848E-28  7.839E-18
1.585E+03  1.920E-28  8.070E-18
1.570E+03  1.994E-28  8.308E-18
1.556E+03  2.072E-28  8.553E-18
1.542E+03  2.153E-28  8.805E-18
1.528E+03  2.237E-28  9.064E-18
1.514E+03  2.324E-28  9.331E-18
1.500E+03  2.415E-28  9.606E-18
1.486E+03  2.509E-28  9.889E-18
1.472E+03  2.607E-28  1.018E-17
1.459E+03  2.708E-28  1.048E-17
1.445E+03  2.814E-28  1.079E-17
1.432E+03  2.924E-28  1.111E-17
1.419E+03  3.038E-28  1.143E-17
1.406E+03  3.156E-28  1.177E-17
1.393E+03  3.279E-28  1.212E-17
1.380E+03  3.407E-28  1.247E-17
1.368E+03  3.539E-28  1.284E-17
1.355E+03  3.677E-28  1.322E-17
1.343E+03  3.820E-28  1.361E-17
1.330E+03  3.969E-28  1.401E-17
1.318E+03  4.123E-28  1.442E-17
1.306E+03  4.283E-28  1.484E-17
1.294E+03  4.450E-28  1.528E-17
1.282E+03  4.623E-28  1.572E-17
1.271E+03  4.802E-28  1.618E-17
1.259E+03  4.988E-28  1.666E-17
1.247E+03  5.182E-28  1.715E-17
1.236E+03  5.383E-28  1.765E-17
1.225E+03  5.592E-28  1.816E-17
1.213E+03  5.808E-28  1.869E-17
1.202E+03  6.033E-28  1.924E-17
1.191E+03  6.266E-28  1.980E-17
1.180E+03  6.509E-28  2.038E-17
1.169E+03  6.760E-28  2.097E-17
1.159E+03  7.021E-28  2.158E-17
1.148E+03  7.292E-28  2.221E-17
1.138E+03  7.573E-28  2.285E-17
1.127E+03  7.865E-28  2.352E-17
1.117E+03  8.168E-28  2.420E-17
1.107E+03  8.483E-28  2.490E-17
1.096E+03  8.809E-28  2.562E-17
1.086E+03  9.148E-28  2.636E-17
1.076E+03  9.499E-28  2.712E-17
1.067E+03  9.864E-28  2.791E-17
1.057E+03  1.024E-27  2.871E-17
1.047E+03  1.063E-27  2.954E-17
1.038E+03  1.104E-27  3.039E-17
1.028E+03  1.146E-27  3.126E-17
1.019E+03  1.190E-27  3.216E-17
1.009E+03  1.236E-27  3.308E-17
1.000E+03  1.283E-27  3.402E-17
9.908E+02  1.332E-27  3.500E-17
9.817E+02  1.382E-27  3.600E-17
9.727E+02  1.435E-27  3.703E-17
9.638E+02  1.490E-27  3.809E-17
9.550E+02  1.546E-27  3.917E-17
9.462E+02  1.605E-27  4.029E-17
9.376E+02  1.666E-27  4.143E-17
9.290E+02  1.729E-27  4.261E-17
9.204E+02  1.795E-27  4.382E-17
9.120E+02  1.863E-27  4.506E-17
9.036E+02  1.933E-27  4.633E-17
8.954E+02  2.006E-27  4.764E-17
8.872E+02  2.081E-27  4.898E-17
8.790E+02  2.160E-27  5.035E-17
8.710E+02  2.241E-27  5.176E-17
8.630E+02  2.325E-27  5.321E-17
8.551E+02  2.412E-27  5.470E-17
8.472E+02  2.502E-27  5.622E-17
8.395E+02  2.595E-27  5.779E-17
8.318E+02  2.692E-27  5.939E-17
8.241E+02  2.792E-27  6.104E-17
8.166E+02  2.896E-27  6.272E-17
8.091E+02  3.003E-27  6.445E-17
8.017E+02  3.114E-27  6.623E-17
7.943E+02  3.229E-27  6.805E-17
7.870E+02  3.349E-27  6.991E-17
7.798E+02  3.472E-27  7.182E-17
7.727E+02  3.600E-27  7.378E-17
7.656E+02  3.732E-27  7.579E-17
7.586E+02  3.869E-27  7.786E-17
7.516E+02  4.011E-27  7.997E-17
7.447E+02  4.158E-27  8.214E-17
7.379E+02  4.311E-27  8.437E-17
7.311E+02  4.469E-27  8.666E-17
7.244E+02  4.632E-27  8.901E-17
7.178E+02  4.802E-27  9.142E-17
7.112E+02  4.977E-27  9.389E-17
7.047E+02  5.159E-27  9.643E-17
6.982E+02  5.347E-27  9.903E-17
6.918E+02  5.542E-27  1.017E-16
6.855E+02  5.743E-27  1.044E-16
6.792E+02  5.952E-27  1.072E-16
6.730E+02  6.167E-27  1.101E-16
6.668E+02  6.390E-27  1.130E-16
6.607E+02  6.621E-27  1.160E-16
6.546E+02  6.861E-27  1.191E-16
6.486E+02  7.110E-27  1.223E-16
6.427E+02  7.367E-27  1.256E-16
6.368E+02  7.634E-27  1.290E-16
6.310E+02  7.910E-27  1.324E-16
6.252E+02  8.196E-27  1.359E-16
6.194E+02  8.492E-27  1.395E-16
6.138E+02  8.798E-27  1.432E-16
6.081E+02  9.115E-27  1.470E-16
6.026E+02  9.444E-27  1.509E-16
5.970E+02  9.784E-27  1.549E-16
5.916E+02  1.014E-26  1.590E-16
5.861E+02  1.050E-26  1.632E-16
5.808E+02  1.088E-26  1.676E-16
5.754E+02  1.127E-26  1.720E-16
5.702E+02  1.167E-26  1.765E-16
5.649E+02  1.209E-26  1.811E-16
5.598E+02  1.252E-26  1.859E-16
5.546E+02  1.297E-26  1.908E-16
5.495E+02  1.343E-26  1.958E-16
5.445E+02  1.391E-26  2.009E-16
5.395E+02  1.440E-26  2.061E-16
5.346E+02  1.491E-26  2.115E-16
5.297E+02  1.544E-26  2.170E-16
5.248E+02  1.599E-26  2.226E-16
5.200E+02  1.656E-26  2.284E-16
5.152E+02  1.715E-26  2.343E-16
5.105E+02  1.775E-26  2.404E-16
5.058E+02  1.838E-26  2.466E-16
5.012E+02  1.902E-26  2.529E-16
4.966E+02  1.969E-26  2.594E-16
4.920E+02  2.039E-26  2.661E-16
4.875E+02  2.110E-26  2.729E-16
4.831E+02  2.184E-26  2.799E-16
4.786E+02  2.261E-26  2.870E-16
4.742E+02  2.339E-26  2.943E-16
4.699E+02  2.421E-26  3.017E-16
4.656E+02  2.505E-26  3.094E-16
4.613E+02  2.592E-26  3.172E-16
4.571E+02  2.682E-26  3.252E-16
4.529E+02  2.775E-26  3.334E-16
4.487E+02  2.871E-26  3.417E-16
4.446E+02  2.970E-26  3.502E-16
4.406E+02  3.072E-26  3.590E-16
4.365E+02  3.177E-26  3.679E-16
4.325E+02  3.286E-26  3.770E-16
4.285E+02  3.398E-26  3.863E-16
4.246E+02  3.515E-26  3.959E-16
4.207E+02  3.634E-26  4.056E-16
4.169E+02  3.758E-26  4.155E-16
4.130E+02  3.885E-26  4.256E-16
4.093E+02  4.016E-26  4.360E-16
4.055E+02  4.152E-26  4.466E-16
4.018E+02  4.292E-26  4.574E-16
3.981E+02  4.436E-26  4.685E-16
3.945E+02  4.585E-26  4.798E-16
3.908E+02  4.739E-26  4.913E-16
3.873E+02  4.897E-26  5.031E-16
3.837E+02  5.061E-26  5.151E-16
3.802E+02  5.229E-26  5.273E-16
3.767E+02  5.402E-26  5.398E-16
3.733E+02  5.580E-26  5.525E-16
3.698E+02  5.765E-26  5.655E-16
3.664E+02  5.954E-26  5.788E-16
3.631E+02  6.149E-26  5.923E-16
3.597E+02  6.350E-26  6.059E-16
3.565E+02  6.557E-26  6.199E-16
3.532E+02  6.769E-26  6.342E-16
3.499E+02  6.989E-26  6.487E-16
3.467E+02  7.214E-26  6.635E-16
3.436E+02  7.446E-26  6.786E-16
3.404E+02  7.685E-26  6.939E-16
3.373E+02  7.931E-26  7.095E-16
3.342E+02  8.183E-26  7.254E-16
3.311E+02  8.443E-26  7.416E-16
3.281E+02  8.709E-26  7.579E-16
3.251E+02  8.982E-26  7.746E-16
3.221E+02  9.264E-26  7.915E-16
3.192E+02  9.553E-26  8.087E-16
3.162E+02  9.850E-26  8.262E-16
3.133E+02  1.015E-25  8.439E-16
3.105E+02  1.047E-25  8.619E-16
3.076E+02  1.079E-25  8.803E-16
3.048E+02  1.112E-25  8.988E-16
3.020E+02  1.146E-25  9.177E-16
2.992E+02  1.180E-25  9.367E-16
2.965E+02  1.216E-25  9.561E-16
2.938E+02  1.252E-25  9.757E-16
2.911E+02  1.289E-25  9.956E-16
2.884E+02  1.328E-25  1.016E-15
2.858E+02  1.367E-25  1.036E-15
2.831E+02  1.407E-25  1.057E-15
2.805E+02  1.448E-25  1.078E-15
2.780E+02  1.490E-25  1.099E-15
2.754E+02  1.533E-25  1.120E-15
2.729E+02  1.577E-25  1.142E-15
2.704E+02  1.622E-25  1.164E-15
2.679E+02  1.669E-25  1.186E-15
2.655E+02  1.716E-25  1.208E-15
2.630E+02  1.764E-25  1.231E-15
2.606E+02  1.814E-25  1.254E-15
2.582E+02  1.865E-25  1.277E-15
2.559E+02  1.916E-25  1.300E-15
2.535E+02  1.968E-25  1.323E-15
2.512E+02  2.020E-25  1.346E-15
2.489E+02  2.073E-25  1.368E-15
2.466E+02  2.124E-25  1.389E-15
2.443E+02  2.176E-25  1.410E-15
2.421E+02  2.228E-25  1.431E-15
2.399E+02  2.281E-25  1.451E-15
2.377E+02  2.332E-25  1.470E-15
2.355E+02  2.384E-25  1.489E-15
2.333E+02  2.437E-25  1.508E-15
2.312E+02  2.490E-25  1.527E-15
2.291E+02  2.544E-25  1.546E-15
2.270E+02  2.598E-25  1.564E-15
2.249E+02  2.653E-25  1.583E-15
2.228E+02  2.708E-25  1.601E-15
2.208E+02  2.764E-25  1.619E-15
2.188E+02  2.820E-25  1.637E-15
2.168E+02  2.877E-25  1.654E-15
2.148E+02  2.934E-25  1.671E-15
2.128E+02  2.991E-25  1.688E-15
2.109E+02  3.048E-25  1.705E-15
2.089E+02  3.106E-25  1.721E-15
2.070E+02  3.164E-25  1.737E-15
2.051E+02  3.222E-25  1.753E-15
2.032E+02  3.280E-25  1.768E-15
2.014E+02  3.338E-25  1.783E-15
1.995E+02  3.396E-25  1.798E-15
1.977E+02  3.455E-25  1.812E-15
1.959E+02  3.513E-25  1.825E-15
1.941E+02  3.571E-25  1.838E-15
1.923E+02  3.629E-25  1.851E-15
1.905E+02  3.687E-25  1.863E-15
1.888E+02  3.744E-25  1.875E-15
1.871E+02  3.802E-25  1.886E-15
1.854E+02  3.859E-25  1.897E-15
1.837E+02  3.916E-25  1.908E-15
1.820E+02  3.972E-25  1.917E-15
1.803E+02  4.028E-25  1.927E-15
1.786E+02  4.084E-25  1.935E-15
1.770E+02  4.139E-25  1.943E-15
1.754E+02  4.194E-25  1.951E-15
1.738E+02  4.248E-25  1.958E-15
1.722E+02  4.301E-25  1.965E-15
1.706E+02  4.354E-25  1.970E-15
1.690E+02  4.406E-25  1.976E-15
1.675E+02  4.458E-25  1.981E-15
1.660E+02  4.509E-25  1.985E-15
1.644E+02  4.560E-25  1.989E-15
1.629E+02  4.609E-25  1.992E-15
1.614E+02  4.658E-25  1.995E-15
1.600E+02  4.707E-25  1.997E-15
1.585E+02  4.755E-25  1.999E-15
1.570E+02  4.802E-25  2.000E-15
1.556E+02  4.848E-25  2.001E-15
1.542E+02  4.894E-25  2.002E-15
1.528E+02  4.940E-25  2.002E-15
1.514E+02  4.985E-25  2.001E-15
1.500E+02  5.029E-25  2.001E-15
1.486E+02  5.073E-25  2.000E-15
1.472E+02  5.116E-25  1.998E-15
1.459E+02  5.158E-25  1.996E-15
1.445E+02  5.198E-25  1.993E-15
1.432E+02  5.235E-25  1.989E-15
1.419E+02  5.267E-25  1.983E-15
1.406E+02  5.294E-25  1.975E-15
1.393E+02  5.315E-25  1.964E-15
1.380E+02  5.328E-25  1.951E-15
1.368E+02  5.334E-25  1.935E-15
1.355E+02  5.334E-25  1.917E-15
1.343E+02  5.329E-25  1.898E-15
1.330E+02  5.321E-25  1.878E-15
1.318E+02  5.311E-25  1.857E-15
1.306E+02  5.298E-25  1.836E-15
1.294E+02  5.285E-25  1.814E-15
1.282E+02  5.271E-25  1.793E-15
1.271E+02  5.256E-25  1.771E-15
1.259E+02  5.239E-25  1.750E-15
1.247E+02  5.222E-25  1.728E-15
1.236E+02  5.204E-25  1.706E-15
1.225E+02  5.184E-25  1.684E-15
1.213E+02  5.163E-25  1.662E-15
1.202E+02  5.141E-25  1.640E-15
1.191E+02  5.118E-25  1.617E-15
1.180E+02  5.093E-25  1.594E-15
1.169E+02  5.066E-25  1.571E-15
1.159E+02  5.037E-25  1.548E-15
1.148E+02  5.007E-25  1.525E-15
1.138E+02  4.975E-25  1.501E-15
1.127E+02  4.942E-25  1.478E-15
1.117E+02  4.908E-25  1.454E-15
1.107E+02  4.872E-25  1.430E-15
1.096E+02  4.835E-25  1.406E-15
1.086E+02  4.796E-25  1.382E-15
1.076E+02  4.755E-25  1.358E-15
1.067E+02  4.713E-25  1.334E-15
1.057E+02  4.670E-25  1.309E-15
1.047E+02  4.625E-25  1.285E-15
1.038E+02  4.579E-25  1.260E-15
1.028E+02  4.531E-25  1.236E-15
1.019E+02  4.482E-25  1.211E-15
1.009E+02  4.431E-25  1.186E-15
1.000E+02  4.379E-25  1.162E-15
9.908E+01  4.326E-25  1.137E-15
9.817E+01  4.271E-25  1.112E-15
9.727E+01  4.216E-25  1.088E-15
9.638E+01  4.159E-25  1.063E-15
9.550E+01  4.101E-25  1.039E-15
9.462E+01  4.043E-25  1.015E-15
9.376E+01  3.983E-25  9.905E-16
9.290E+01  3.923E-25  9.666E-16
9.204E+01  3.861E-25  9.428E-16
9.120E+01  3.799E-25  9.191E-16
9.036E+01  3.737E-25  8.957E-16
8.954E+01  3.674E-25  8.725E-16
8.872E+01  3.610E-25  8.496E-16
8.790E+01  3.547E-25  8.270E-16
8.710E+01  3.483E-25  8.046E-16
8.630E+01  3.419E-25  7.826E-16
8.551E+01  3.354E-25  7.608E-16
8.472E+01  3.290E-25  7.393E-16
8.395E+01  3.225E-25  7.181E-16
8.318E+01  3.160E-25  6.972E-16
8.241E+01  3.095E-25  6.767E-16
8.166E+01  3.031E-25  6.566E-16
8.091E+01  2.967E-25  6.368E-16
8.017E+01  2.903E-25  6.174E-16
7.943E+01  2.839E-25  5.983E-16
7.870E+01  2.776E-25  5.796E-16
7.798E+01  2.713E-25  5.612E-16
7.727E+01  2.651E-25  5.433E-16
7.656E+01  2.589E-25  5.257E-16
7.586E+01  2.528E-25  5.086E-16
7.516E+01  2.467E-25  4.919E-16
7.447E+01  2.407E-25  4.755E-16
7.379E+01  2.348E-25  4.595E-16
7.311E+01  2.289E-25  4.439E-16
7.244E+01  2.231E-25  4.287E-16
7.178E+01  2.174E-25  4.139E-16
7.112E+01  2.118E-25  3.995E-16
7.047E+01  2.062E-25  3.855E-16
6.982E+01  2.009E-25  3.720E-16
6.918E+01  1.956E-25  3.589E-16
6.855E+01  1.903E-25  3.461E-16
6.792E+01  1.852E-25  3.336E-16
6.730E+01  1.801E-25  3.216E-16
6.668E+01  1.752E-25  3.099E-16
6.607E+01  1.704E-25  2.987E-16
6.546E+01  1.657E-25  2.878E-16
6.486E+01  1.611E-25  2.772E-16
6.427E+01  1.566E-25  2.670E-16
6.368E+01  1.523E-25  2.572E-16
6.310E+01  1.480E-25  2.477E-16
6.252E+01  1.439E-25  2.386E-16
6.194E+01  1.398E-25  2.298E-16
6.138E+01  1.359E-25  2.213E-16
6.081E+01  1.321E-25  2.131E-16
6.026E+01  1.284E-25  2.053E-16
5.970E+01  1.248E-25  1.977E-16
5.916E+01  1.213E-25  1.904E-16
5.861E+01  1.180E-25  1.834E-16
5.808E+01  1.147E-25  1.766E-16
5.754E+01  1.115E-25  1.702E-16
5.702E+01  1.084E-25  1.640E-16
5.649E+01  1.054E-25  1.580E-16
5.598E+01  1.026E-25  1.523E-16
5.546E+01  9.981E-26  1.468E-16
5.495E+01  9.715E-26  1.416E-16
5.445E+01  9.457E-26  1.366E-16
5.395E+01  9.210E-26  1.318E-16
5.346E+01  8.971E-26  1.272E-16
5.297E+01  8.741E-26  1.228E-16
5.248E+01  8.519E-26  1.186E-16
5.200E+01  8.306E-26  1.146E-16
5.152E+01  8.100E-26  1.107E-16
5.105E+01  7.902E-26  1.070E-16
5.058E+01  7.712E-26  1.035E-16
5.012E+01  7.529E-26  1.001E-16
4.966E+01  7.353E-26  9.686E-17
4.920E+01  7.184E-26  9.377E-17
4.875E+01  7.022E-26  9.081E-17
4.831E+01  6.867E-26  8.798E-17
4.786E+01  6.717E-26  8.528E-17
4.742E+01  6.574E-26  8.270E-17
4.699E+01  6.437E-26  8.023E-17
4.656E+01  6.305E-26  7.787E-17
4.613E+01  6.179E-26  7.561E-17
4.571E+01  6.058E-26  7.345E-17
4.529E+01  5.942E-26  7.138E-17
4.487E+01  5.830E-26  6.940E-17
4.446E+01  5.724E-26  6.751E-17
4.406E+01  5.622E-26  6.570E-17
4.365E+01  5.524E-26  6.396E-17
4.325E+01  5.430E-26  6.229E-17
4.285E+01  5.339E-26  6.069E-17
4.246E+01  5.252E-26  5.915E-17
4.207E+01  5.168E-26  5.767E-17
4.169E+01  5.087E-26  5.625E-17
4.130E+01  5.010E-26  5.489E-17
4.093E+01  4.934E-26  5.356E-17
4.055E+01  4.861E-26  5.229E-17
4.018E+01  4.791E-26  5.106E-17
3.981E+01  4.723E-26  4.988E-17
3.945E+01  4.658E-26  4.873E-17
3.908E+01  4.594E-26  4.763E-17
3.873E+01  4.532E-26  4.656E-17
3.837E+01  4.472E-26  4.552E-17
3.802E+01  4.414E-26  4.452E-17
3.767E+01  4.358E-26  4.354E-17
3.733E+01  4.301E-26  4.258E-17
3.698E+01  4.245E-26  4.164E-17
3.664E+01  4.191E-26  4.074E-17
3.631E+01  4.139E-26  3.986E-17
3.597E+01  4.088E-26  3.901E-17
3.565E+01  4.038E-26  3.818E-17
3.532E+01  3.990E-26  3.738E-17
3.499E+01  3.944E-26  3.661E-17
3.467E+01  3.898E-26  3.586E-17
3.436E+01  3.854E-26  3.513E-17
3.404E+01  3.812E-26  3.442E-17
3.373E+01  3.770E-26  3.373E-17
3.342E+01  3.730E-26  3.306E-17
3.311E+01  3.692E-26  3.243E-17
3.281E+01  3.655E-26  3.181E-17
3.251E+01  3.619E-26  3.121E-17
3.221E+01  3.584E-26  3.062E-17
3.192E+01  3.550E-26  3.006E-17
3.162E+01  3.518E-26  2.951E-17
3.133E+01  3.486E-26  2.897E-17
3.105E+01  3.455E-26  2.845E-17
3.076E+01  3.425E-26  2.794E-17
3.048E+01  3.396E-26  2.745E-17
3.020E+01  3.368E-26  2.698E-17
2.992E+01  3.340E-26  2.651E-17
2.965E+01  3.313E-26  2.605E-17
2.938E+01  3.286E-26  2.560E-17
2.911E+01  3.260E-26  2.517E-17
2.884E+01  3.234E-26  2.474E-17
2.858E+01  3.210E-26  2.433E-17
2.831E+01  3.186E-26  2.393E-17
2.805E+01  3.163E-26  2.354E-17
2.780E+01  3.141E-26  2.316E-17
2.754E+01  3.119E-26  2.279E-17
2.729E+01  3.099E-26  2.243E-17
2.704E+01  3.079E-26  2.208E-17
2.679E+01  3.060E-26  2.175E-17
2.655E+01  3.041E-26  2.142E-17
2.630E+01  3.024E-26  2.110E-17
2.606E+01  3.006E-26  2.078E-17
2.582E+01  2.990E-26  2.048E-17
2.559E+01  2.974E-26  2.018E-17
2.535E+01  2.959E-26  1.990E-17
2.512E+01  2.944E-26  1.962E-17
2.489E+01  2.930E-26  1.934E-17
2.466E+01  2.916E-26  1.907E-17
2.443E+01  2.902E-26  1.881E-17
2.421E+01  2.888E-26  1.855E-17
2.399E+01  2.873E-26  1.828E-17
2.377E+01  2.859E-26  1.803E-17
2.355E+01  2.849E-26  1.780E-17
2.333E+01  2.838E-26  1.757E-17
2.312E+01  2.824E-26  1.732E-17
2.291E+01  2.811E-26  1.708E-17
2.270E+01  2.803E-26  1.688E-17
2.249E+01  2.799E-26  1.670E-17
2.228E+01  2.796E-26  1.653E-17
2.208E+01  2.792E-26  1.636E-17
2.188E+01  2.785E-26  1.616E-17
2.168E+01  2.776E-26  1.596E-17
2.148E+01  2.767E-26  1.576E-17
2.128E+01  2.761E-26  1.559E-17
2.109E+01  2.758E-26  1.543E-17
2.089E+01  2.755E-26  1.527E-17
2.070E+01  2.750E-26  1.510E-17
2.051E+01  2.744E-26  1.493E-17
2.032E+01  2.740E-26  1.477E-17
2.014E+01  2.746E-26  1.467E-17
1.995E+01  2.751E-26  1.456E-17
1.977E+01  2.754E-26  1.444E-17
1.959E+01  2.754E-26  1.431E-17
1.941E+01  2.749E-26  1.415E-17
1.923E+01  2.740E-26  1.398E-17
1.905E+01  2.726E-26  1.378E-17
1.888E+01  2.708E-26  1.356E-17
1.871E+01  2.685E-26  1.333E-17
1.854E+01  2.659E-26  1.307E-17
1.837E+01  2.631E-26  1.282E-17
1.820E+01  2.604E-26  1.257E-17
1.803E+01  2.591E-26  1.239E-17
1.786E+01  2.597E-26  1.231E-17
1.770E+01  2.540E-26  1.193E-17
1.754E+01  2.534E-26  1.179E-17
1.738E+01  2.623E-26  1.209E-17
1.722E+01  2.495E-26  1.139E-17
1.706E+01  2.422E-26  1.096E-17
1.690E+01  2.334E-26  1.046E-17
1.675E+01  2.234E-26  9.924E-18
1.660E+01  2.185E-26  9.618E-18
1.644E+01  2.256E-26  9.840E-18
1.629E+01  1.973E-26  8.529E-18
1.614E+01  1.838E-26  7.871E-18
1.600E+01  1.794E-26  7.610E-18
1.585E+01  1.733E-26  7.285E-18
1.570E+01  1.599E-26  6.662E-18
1.556E+01  1.509E-26  6.228E-18
1.542E+01  1.440E-26  5.889E-18
1.528E+01  1.381E-26  5.595E-18
1.514E+01  1.328E-26  5.330E-18
1.500E+01  1.280E-26  5.092E-18
1.486E+01  1.235E-26  4.869E-18
1.472E+01  1.195E-26  4.666E-18
1.459E+01  1.159E-26  4.486E-18
1.445E+01  1.135E-26  4.354E-18
1.432E+01  1.130E-26  4.293E-18
1.419E+01  1.133E-26  4.264E-18
1.406E+01  1.097E-26  4.092E-18
1.393E+01  1.076E-26  3.975E-18
1.380E+01  1.082E-26  3.962E-18
1.368E+01  1.124E-26  4.077E-18
1.355E+01  1.150E-26  4.136E-18
1.343E+01  1.140E-26  4.060E-18
1.330E+01  1.159E-26  4.091E-18
1.318E+01  1.199E-26  4.193E-18
1.306E+01  1.258E-26  4.359E-18
1.294E+01  1.346E-26  4.622E-18
1.282E+01  1.477E-26  5.024E-18
1.271E+01  1.634E-26  5.507E-18
1.259E+01  1.716E-26  5.732E-18
1.247E+01  1.669E-26  5.523E-18
1.236E+01  1.607E-26  5.267E-18
1.225E+01  1.596E-26  5.185E-18
1.213E+01  1.637E-26  5.269E-18
1.202E+01  1.691E-26  5.394E-18
1.191E+01  1.709E-26  5.400E-18
1.180E+01  1.706E-26  5.341E-18
1.169E+01  1.730E-26  5.367E-18
1.159E+01  1.814E-26  5.574E-18
1.148E+01  2.014E-26  6.134E-18
1.138E+01  2.401E-26  7.245E-18
1.127E+01  2.832E-26  8.467E-18
1.117E+01  2.428E-26  7.192E-18
1.107E+01  2.025E-26  5.944E-18
1.096E+01  1.911E-26  5.559E-18
1.086E+01  1.885E-26  5.433E-18
1.076E+01  1.900E-26  5.426E-18
1.067E+01  1.938E-26  5.484E-18
1.057E+01  1.992E-26  5.584E-18
1.047E+01  2.048E-26  5.689E-18
1.038E+01  2.097E-26  5.771E-18
1.028E+01  2.133E-26  5.817E-18
1.019E+01  2.158E-26  5.830E-18
1.009E+01  2.178E-26  5.830E-18
1.000E+01  2.198E-26  5.831E-18
9.908E+00  2.224E-26  5.846E-18
9.817E+00  2.255E-26  5.871E-18
9.727E+00  2.287E-26  5.901E-18
9.638E+00  2.319E-26  5.929E-18
9.550E+00  2.338E-26  5.921E-18
9.462E+00  2.336E-26  5.862E-18
9.376E+00  2.308E-26  5.739E-18
9.290E+00  2.251E-26  5.547E-18
9.204E+00  2.168E-26  5.292E-18
9.120E+00  2.065E-26  4.995E-18
9.036E+00  1.952E-26  4.680E-18
8.954E+00  1.846E-26  4.384E-18
8.872E+00  1.762E-26  4.146E-18
8.790E+00  1.717E-26  4.003E-18
8.710E+00  1.724E-26  3.984E-18
8.630E+00  1.737E-26  3.976E-18
8.551E+00  1.641E-26  3.721E-18
8.472E+00  1.489E-26  3.347E-18
8.395E+00  1.372E-26  3.056E-18
8.318E+00  1.283E-26  2.830E-18
8.241E+00  1.207E-26  2.639E-18
8.166E+00  1.156E-26  2.503E-18
8.091E+00  1.154E-26  2.478E-18
8.017E+00  1.214E-26  2.582E-18
7.943E+00  1.328E-26  2.798E-18
7.870E+00  1.433E-26  2.991E-18
7.798E+00  1.455E-26  3.010E-18
7.727E+00  1.452E-26  2.976E-18
7.656E+00  1.492E-26  3.030E-18
7.586E+00  1.442E-26  2.902E-18
7.516E+00  1.200E-26  2.393E-18
7.447E+00  9.353E-27  1.848E-18
7.379E+00  7.444E-27  1.457E-18
7.311E+00  6.177E-27  1.198E-18
7.244E+00  5.300E-27  1.018E-18
7.178E+00  4.663E-27  8.879E-19
7.112E+00  4.200E-27  7.924E-19
7.047E+00  3.867E-27  7.228E-19
6.982E+00  3.636E-27  6.735E-19
6.918E+00  3.499E-27  6.422E-19
6.855E+00  3.443E-27  6.260E-19
6.792E+00  3.442E-27  6.202E-19
6.730E+00  3.450E-27  6.159E-19
6.668E+00  3.412E-27  6.035E-19
6.607E+00  3.328E-27  5.833E-19
6.546E+00  3.272E-27  5.681E-19
6.486E+00  3.335E-27  5.737E-19
6.427E+00  3.632E-27  6.192E-19
6.368E+00  4.395E-27  7.425E-19
6.310E+00  6.148E-27  1.029E-18
6.252E+00  9.168E-27  1.520E-18
6.194E+00  9.289E-27  1.526E-18
6.138E+00  6.065E-27  9.874E-19
6.081E+00  4.061E-27  6.550E-19
6.026E+00  3.123E-27  4.991E-19
5.970E+00  2.670E-27  4.229E-19
5.916E+00  2.460E-27  3.860E-19
5.861E+00  2.410E-27  3.748E-19
5.808E+00  2.511E-27  3.868E-19
5.754E+00  2.744E-27  4.188E-19
5.702E+00  2.876E-27  4.349E-19
5.649E+00  2.619E-27  3.925E-19
5.598E+00  2.246E-27  3.335E-19
5.546E+00  1.987E-27  2.923E-19
5.495E+00  1.834E-27  2.673E-19
5.445E+00  1.749E-27  2.526E-19
5.395E+00  1.715E-27  2.455E-19
5.346E+00  1.739E-27  2.465E-19
5.297E+00  1.839E-27  2.584E-19
5.248E+00  1.912E-27  2.662E-19
5.200E+00  1.764E-27  2.432E-19
5.152E+00  1.610E-27  2.200E-19
5.105E+00  1.525E-27  2.065E-19
5.058E+00  1.477E-27  1.982E-19
5.012E+00  1.447E-27  1.923E-19
4.966E+00  1.426E-27  1.879E-19
4.920E+00  1.411E-27  1.842E-19
4.875E+00  1.399E-27  1.809E-19
4.831E+00  1.389E-27  1.780E-19
4.786E+00  1.382E-27  1.754E-19
4.742E+00  1.375E-27  1.730E-19
4.699E+00  1.370E-27  1.707E-19
4.656E+00  1.365E-27  1.686E-19
4.613E+00  1.362E-27  1.666E-19
4.571E+00  1.358E-27  1.647E-19
4.529E+00  1.356E-27  1.629E-19
4.487E+00  1.354E-27  1.611E-19
4.446E+00  1.352E-27  1.594E-19
4.406E+00  1.351E-27  1.579E-19
4.365E+00  1.350E-27  1.563E-19
4.325E+00  1.350E-27  1.548E-19
4.285E+00  1.349E-27  1.534E-19
4.246E+00  1.349E-27  1.520E-19
4.207E+00  1.349E-27  1.506E-19
4.169E+00  1.350E-27  1.492E-19
4.130E+00  1.350E-27  1.479E-19
4.093E+00  1.350E-27  1.465E-19
4.055E+00  1.350E-27  1.452E-19
4.018E+00  1.350E-27  1.438E-19
3.981E+00  1.350E-27  1.425E-19
3.945E+00  1.350E-27  1.413E-19
3.908E+00  1.350E-27  1.400E-19
3.873E+00  1.351E-27  1.388E-19
3.837E+00  1.352E-27  1.376E-19
3.802E+00  1.354E-27  1.365E-19
3.767E+00  1.356E-27  1.355E-19
3.733E+00  1.359E-27  1.345E-19
3.698E+00  1.362E-27  1.336E-19
3.664E+00  1.367E-27  1.328E-19
3.631E+00  1.373E-27  1.322E-19
3.597E+00  1.381E-27  1.318E-19
3.565E+00  1.393E-27  1.317E-19
3.532E+00  1.410E-27  1.321E-19
3.499E+00  1.436E-27  1.333E-19
3.467E+00  1.479E-27  1.360E-19
3.436E+00  1.553E-27  1.415E-19
3.404E+00  1.699E-27  1.534E-19
3.373E+00  2.049E-27  1.833E-19
3.342E+00  3.211E-27  2.846E-19
3.311E+00  8.986E-27  7.893E-19
3.281E+00  6.510E-27  5.666E-19
3.251E+00  2.675E-27  2.307E-19
3.221E+00  1.870E-27  1.598E-19
3.192E+00  1.602E-27  1.357E-19
3.162E+00  1.482E-27  1.244E-19
3.133E+00  1.418E-27  1.179E-19
3.105E+00  1.379E-27  1.136E-19
3.076E+00  1.354E-27  1.105E-19
3.048E+00  1.336E-27  1.080E-19
3.020E+00  1.322E-27  1.059E-19
2.992E+00  1.312E-27  1.041E-19
2.965E+00  1.303E-27  1.025E-19
2.938E+00  1.295E-27  1.009E-19
2.911E+00  1.288E-27  9.948E-20
2.884E+00  1.282E-27  9.809E-20
2.858E+00  1.277E-27  9.676E-20
2.831E+00  1.271E-27  9.547E-20
2.805E+00  1.266E-27  9.421E-20
2.780E+00  1.261E-27  9.297E-20
2.754E+00  1.256E-27  9.176E-20
2.729E+00  1.251E-27  9.056E-20
2.704E+00  1.246E-27  8.938E-20
2.679E+00  1.241E-27  8.822E-20
2.655E+00  1.236E-27  8.707E-20
2.630E+00  1.232E-27  8.593E-20
2.606E+00  1.227E-27  8.480E-20
2.582E+00  1.222E-27  8.369E-20
2.559E+00  1.217E-27  8.258E-20
2.535E+00  1.212E-27  8.148E-20
2.512E+00  1.207E-27  8.040E-20
2.489E+00  1.201E-27  7.932E-20
2.466E+00  1.196E-27  7.826E-20
2.443E+00  1.191E-27  7.720E-20
2.421E+00  1.186E-27  7.616E-20
2.399E+00  1.181E-27  7.512E-20
2.377E+00  1.175E-27  7.408E-20
2.355E+00  1.169E-27  7.305E-20
2.333E+00  1.164E-27  7.202E-20
2.312E+00  1.158E-27  7.100E-20
2.291E+00  1.152E-27  6.999E-20
2.270E+00  1.146E-27  6.897E-20
2.249E+00  1.139E-27  6.797E-20
2.228E+00  1.133E-27  6.697E-20
2.208E+00  1.126E-27  6.597E-20
2.188E+00  1.120E-27  6.498E-20
2.168E+00  1.113E-27  6.400E-20
2.148E+00  1.106E-27  6.302E-20
2.128E+00  1.099E-27  6.205E-20
2.109E+00  1.092E-27  6.108E-20
2.089E+00  1.085E-27  6.011E-20
2.070E+00  1.077E-27  5.914E-20
2.051E+00  1.069E-27  5.817E-20
2.032E+00  1.061E-27  5.719E-20
2.014E+00  1.052E-27  5.621E-20
1.995E+00  1.043E-27  5.521E-20
1.977E+00  1.034E-27  5.421E-20
1.959E+00  1.024E-27  5.321E-20
1.941E+00  1.014E-27  5.222E-20
1.923E+00  1.005E-27  5.127E-20
1.905E+00  9.972E-28  5.040E-20
1.888E+00  9.908E-28  4.962E-20
1.871E+00  9.854E-28  4.889E-20
1.854E+00  9.802E-28  4.819E-20
1.837E+00  9.749E-28  4.749E-20
1.820E+00  9.690E-28  4.677E-20
1.803E+00  9.627E-28  4.604E-20
1.786E+00  9.559E-28  4.530E-20
1.770E+00  9.488E-28  4.455E-20
1.754E+00  9.415E-28  4.380E-20
1.738E+00  9.340E-28  4.306E-20
1.722E+00  9.264E-28  4.231E-20
1.706E+00  9.186E-28  4.157E-20
1.690E+00  9.107E-28  4.084E-20
1.675E+00  9.028E-28  4.011E-20
1.660E+00  8.947E-28  3.939E-20
1.644E+00  8.866E-28  3.867E-20
1.629E+00  8.784E-28  3.796E-20
1.614E+00  8.701E-28  3.726E-20
1.600E+00  8.618E-28  3.656E-20
1.585E+00  8.534E-28  3.588E-20
1.570E+00  8.450E-28  3.520E-20
1.556E+00  8.366E-28  3.453E-20
1.542E+00  8.282E-28  3.387E-20
1.528E+00  8.198E-28  3.322E-20
1.514E+00  8.115E-28  3.258E-20
1.500E+00  8.032E-28  3.195E-20
1.486E+00  7.950E-28  3.133E-20
1.472E+00  7.869E-28  3.073E-20
1.459E+00  7.790E-28  3.014E-20
1.445E+00  7.713E-28  2.957E-20
1.432E+00  7.639E-28  2.902E-20
1.419E+00  7.568E-28  2.849E-20
1.406E+00  7.500E-28  2.797E-20
1.393E+00  7.438E-28  2.749E-20
1.380E+00  7.380E-28  2.702E-20
1.368E+00  7.329E-28  2.659E-20
1.355E+00  7.286E-28  2.619E-20
1.343E+00  7.252E-28  2.583E-20
1.330E+00  7.228E-28  2.551E-20
1.318E+00  7.212E-28  2.522E-20
1.306E+00  7.201E-28  2.495E-20
1.294E+00  7.187E-28  2.467E-20
1.282E+00  7.155E-28  2.434E-20
1.271E+00  7.087E-28  2.389E-20
1.259E+00  6.971E-28  2.328E-20
1.247E+00  6.807E-28  2.252E-20
1.236E+00  6.612E-28  2.168E-20
1.225E+00  6.405E-28  2.081E-20
1.213E+00  6.205E-28  1.997E-20
1.202E+00  6.020E-28  1.920E-20
1.191E+00  5.854E-28  1.850E-20
1.180E+00  5.707E-28  1.787E-20
1.169E+00  5.577E-28  1.730E-20
1.159E+00  5.462E-28  1.679E-20
1.148E+00  5.362E-28  1.633E-20
1.138E+00  5.276E-28  1.592E-20
1.127E+00  5.206E-28  1.556E-20
1.117E+00  5.155E-28  1.527E-20
1.107E+00  5.129E-28  1.506E-20
1.096E+00  5.139E-28  1.495E-20
1.086E+00  5.199E-28  1.498E-20
1.076E+00  5.323E-28  1.520E-20
1.067E+00  5.501E-28  1.556E-20
1.057E+00  5.629E-28  1.578E-20
1.047E+00  5.520E-28  1.533E-20
1.038E+00  5.154E-28  1.419E-20
1.028E+00  4.736E-28  1.291E-20
1.019E+00  4.393E-28  1.187E-20
1.009E+00  4.136E-28  1.107E-20
1.000E+00  3.940E-28  1.045E-20
