Dust emission from Draine & Li (2007): ApJ 657, 810-837
================================================================
         7 = grain model
 4.000E-08 4.000E-01 4.500E-05 = a_01 (cm) , sigma_1 , b_C1/0.92
 2.500E-07 4.000E-01 1.500E-05 = a_02 (cm) , sigma_2 , b_C2/0.92
 1.200E+00 1.000E+04 2.000E+00 = Umin , Umax, beta (dN/dU propto U^{-beta})
 1.083E+01 = <U> 
     mmp83 = radfield
 4.953E-23 = power/H (erg s-1)
 band   nu*P_nu(band) j_nu(band)
 (um)   (erg s-1 H-1)(Jy cm2 sr-1 H-1)
1.270E+00  1.985E-25  6.689E-18 COBE-DIRBE
2.220E+00  2.539E-25  1.495E-17 COBE-DIRBE
3.530E+00  1.653E-24  1.548E-16 COBE-DIRBE
4.880E+00  7.719E-25  9.992E-17 COBE-DIRBE
1.229E+01  7.231E-24  2.357E-15 COBE-DIRBE
2.079E+01  7.431E-24  4.098E-15 COBE-DIRBE
5.599E+01  2.315E-23  3.438E-14 COBE-DIRBE
9.770E+01  1.621E-23  4.201E-14 COBE-DIRBE
1.479E+02  9.157E-24  3.592E-14 COBE-DIRBE
2.479E+02  2.464E-24  1.620E-14 COBE-DIRBE
1.200E+01  7.599E-24  2.419E-15 IRAS
2.500E+01  8.869E-24  5.882E-15 IRAS
6.000E+01  2.259E-23  3.596E-14 IRAS
1.000E+02  1.578E-23  4.186E-14 IRAS
3.550E+00  1.922E-24  1.810E-16 SST-IRAC
4.493E+00  5.405E-25  6.442E-17 SST-IRAC
5.731E+00  4.598E-24  6.990E-16 SST-IRAC
7.872E+00  1.095E-23  2.287E-15 SST-IRAC
2.368E+01  7.820E-24  4.912E-15 SST-MIPS
7.142E+01  1.909E-23  3.617E-14 SST-MIPS
1.559E+02  7.713E-24  3.190E-14 SST-MIPS
1.600E+01  6.155E-24  2.612E-15 SST-IRSPU
2.200E+01  7.719E-24  4.505E-15 SST-IRSPU











lambda    nu*dP/dnu     j_nu
 (um)   (erg s-1 H-1)(Jy cm2 sr-1 H-1)
1.000E+04  6.665E-31  1.768E-19
9.908E+03  6.909E-31  1.816E-19
9.817E+03  7.161E-31  1.865E-19
9.727E+03  7.423E-31  1.915E-19
9.638E+03  7.694E-31  1.967E-19
9.550E+03  7.976E-31  2.020E-19
9.462E+03  8.267E-31  2.075E-19
9.376E+03  8.569E-31  2.131E-19
9.290E+03  8.882E-31  2.189E-19
9.204E+03  9.207E-31  2.248E-19
9.120E+03  9.543E-31  2.309E-19
9.036E+03  9.892E-31  2.371E-19
8.954E+03  1.025E-30  2.435E-19
8.872E+03  1.063E-30  2.500E-19
8.790E+03  1.101E-30  2.568E-19
8.710E+03  1.141E-30  2.637E-19
8.630E+03  1.183E-30  2.708E-19
8.551E+03  1.226E-30  2.780E-19
8.472E+03  1.271E-30  2.855E-19
8.395E+03  1.317E-30  2.932E-19
8.318E+03  1.365E-30  3.012E-19
8.241E+03  1.415E-30  3.093E-19
8.166E+03  1.467E-30  3.177E-19
8.091E+03  1.520E-30  3.263E-19
8.017E+03  1.576E-30  3.351E-19
7.943E+03  1.634E-30  3.442E-19
7.870E+03  1.693E-30  3.535E-19
7.798E+03  1.755E-30  3.631E-19
7.727E+03  1.820E-30  3.730E-19
7.656E+03  1.887E-30  3.832E-19
7.586E+03  1.956E-30  3.936E-19
7.516E+03  2.028E-30  4.043E-19
7.447E+03  2.102E-30  4.153E-19
7.379E+03  2.180E-30  4.267E-19
7.311E+03  2.260E-30  4.383E-19
7.244E+03  2.343E-30  4.503E-19
7.178E+03  2.430E-30  4.626E-19
7.112E+03  2.519E-30  4.753E-19
7.047E+03  2.612E-30  4.883E-19
6.982E+03  2.709E-30  5.017E-19
6.918E+03  2.809E-30  5.154E-19
6.855E+03  2.912E-30  5.295E-19
6.792E+03  3.020E-30  5.440E-19
6.730E+03  3.131E-30  5.590E-19
6.668E+03  3.247E-30  5.743E-19
6.607E+03  3.367E-30  5.901E-19
6.546E+03  3.492E-30  6.063E-19
6.486E+03  3.621E-30  6.230E-19
6.427E+03  3.755E-30  6.402E-19
6.368E+03  3.895E-30  6.579E-19
6.310E+03  4.039E-30  6.760E-19
6.252E+03  4.189E-30  6.947E-19
6.194E+03  4.345E-30  7.139E-19
6.138E+03  4.507E-30  7.337E-19
6.081E+03  4.674E-30  7.540E-19
6.026E+03  4.848E-30  7.749E-19
5.970E+03  5.029E-30  7.964E-19
5.916E+03  5.216E-30  8.185E-19
5.861E+03  5.411E-30  8.413E-19
5.808E+03  5.613E-30  8.647E-19
5.754E+03  5.823E-30  8.888E-19
5.702E+03  6.040E-30  9.135E-19
5.649E+03  6.266E-30  9.390E-19
5.598E+03  6.501E-30  9.652E-19
5.546E+03  6.744E-30  9.922E-19
5.495E+03  6.997E-30  1.020E-18
5.445E+03  7.259E-30  1.048E-18
5.395E+03  7.531E-30  1.078E-18
5.346E+03  7.814E-30  1.108E-18
5.297E+03  8.108E-30  1.139E-18
5.248E+03  8.412E-30  1.171E-18
5.200E+03  8.729E-30  1.204E-18
5.152E+03  9.057E-30  1.238E-18
5.105E+03  9.398E-30  1.273E-18
5.058E+03  9.752E-30  1.308E-18
5.012E+03  1.012E-29  1.345E-18
4.966E+03  1.050E-29  1.383E-18
4.920E+03  1.090E-29  1.422E-18
4.875E+03  1.131E-29  1.462E-18
4.831E+03  1.173E-29  1.504E-18
4.786E+03  1.218E-29  1.546E-18
4.742E+03  1.264E-29  1.590E-18
4.699E+03  1.312E-29  1.635E-18
4.656E+03  1.361E-29  1.681E-18
4.613E+03  1.413E-29  1.729E-18
4.571E+03  1.466E-29  1.778E-18
4.529E+03  1.522E-29  1.828E-18
4.487E+03  1.580E-29  1.880E-18
4.446E+03  1.640E-29  1.934E-18
4.406E+03  1.702E-29  1.989E-18
4.365E+03  1.767E-29  2.046E-18
4.325E+03  1.834E-29  2.104E-18
4.285E+03  1.904E-29  2.164E-18
4.246E+03  1.976E-29  2.226E-18
4.207E+03  2.052E-29  2.290E-18
4.169E+03  2.130E-29  2.355E-18
4.130E+03  2.211E-29  2.423E-18
4.093E+03  2.296E-29  2.492E-18
4.055E+03  2.383E-29  2.564E-18
4.018E+03  2.474E-29  2.637E-18
3.981E+03  2.569E-29  2.713E-18
3.945E+03  2.667E-29  2.791E-18
3.908E+03  2.769E-29  2.871E-18
3.873E+03  2.875E-29  2.953E-18
3.837E+03  2.985E-29  3.039E-18
3.802E+03  3.100E-29  3.126E-18
3.767E+03  3.219E-29  3.216E-18
3.733E+03  3.342E-29  3.309E-18
3.698E+03  3.471E-29  3.405E-18
3.664E+03  3.604E-29  3.503E-18
3.631E+03  3.743E-29  3.605E-18
3.597E+03  3.887E-29  3.709E-18
3.565E+03  4.037E-29  3.817E-18
3.532E+03  4.192E-29  3.928E-18
3.499E+03  4.354E-29  4.042E-18
3.467E+03  4.522E-29  4.159E-18
3.436E+03  4.697E-29  4.280E-18
3.404E+03  4.879E-29  4.405E-18
3.373E+03  5.067E-29  4.534E-18
3.342E+03  5.264E-29  4.666E-18
3.311E+03  5.468E-29  4.802E-18
3.281E+03  5.680E-29  4.943E-18
3.251E+03  5.900E-29  5.088E-18
3.221E+03  6.129E-29  5.237E-18
3.192E+03  6.367E-29  5.390E-18
3.162E+03  6.615E-29  5.549E-18
3.133E+03  6.872E-29  5.712E-18
3.105E+03  7.140E-29  5.880E-18
3.076E+03  7.418E-29  6.053E-18
3.048E+03  7.707E-29  6.231E-18
3.020E+03  8.007E-29  6.415E-18
2.992E+03  8.320E-29  6.603E-18
2.965E+03  8.643E-29  6.798E-18
2.938E+03  8.980E-29  6.998E-18
2.911E+03  9.330E-29  7.204E-18
2.884E+03  9.694E-29  7.416E-18
2.858E+03  1.007E-28  7.635E-18
2.831E+03  1.047E-28  7.860E-18
2.805E+03  1.087E-28  8.093E-18
2.780E+03  1.130E-28  8.332E-18
2.754E+03  1.174E-28  8.579E-18
2.729E+03  1.220E-28  8.833E-18
2.704E+03  1.268E-28  9.095E-18
2.679E+03  1.318E-28  9.365E-18
2.655E+03  1.369E-28  9.643E-18
2.630E+03  1.423E-28  9.930E-18
2.606E+03  1.479E-28  1.023E-17
2.582E+03  1.537E-28  1.053E-17
2.559E+03  1.598E-28  1.084E-17
2.535E+03  1.661E-28  1.117E-17
2.512E+03  1.726E-28  1.150E-17
2.489E+03  1.794E-28  1.184E-17
2.466E+03  1.865E-28  1.220E-17
2.443E+03  1.938E-28  1.256E-17
2.421E+03  2.015E-28  1.294E-17
2.399E+03  2.095E-28  1.333E-17
2.377E+03  2.177E-28  1.373E-17
2.355E+03  2.263E-28  1.414E-17
2.333E+03  2.353E-28  1.456E-17
2.312E+03  2.446E-28  1.500E-17
2.291E+03  2.543E-28  1.545E-17
2.270E+03  2.644E-28  1.592E-17
2.249E+03  2.749E-28  1.640E-17
2.228E+03  2.858E-28  1.689E-17
2.208E+03  2.971E-28  1.740E-17
2.188E+03  3.089E-28  1.792E-17
2.168E+03  3.211E-28  1.847E-17
2.148E+03  3.339E-28  1.902E-17
2.128E+03  3.472E-28  1.960E-17
2.109E+03  3.610E-28  2.019E-17
2.089E+03  3.753E-28  2.080E-17
2.070E+03  3.903E-28  2.143E-17
2.051E+03  4.058E-28  2.208E-17
2.032E+03  4.219E-28  2.275E-17
2.014E+03  4.388E-28  2.344E-17
1.995E+03  4.562E-28  2.415E-17
1.977E+03  4.744E-28  2.488E-17
1.959E+03  4.933E-28  2.563E-17
1.941E+03  5.130E-28  2.641E-17
1.923E+03  5.334E-28  2.721E-17
1.905E+03  5.547E-28  2.804E-17
1.888E+03  5.768E-28  2.889E-17
1.871E+03  5.998E-28  2.976E-17
1.854E+03  6.238E-28  3.067E-17
1.837E+03  6.487E-28  3.160E-17
1.820E+03  6.746E-28  3.256E-17
1.803E+03  7.016E-28  3.355E-17
1.786E+03  7.296E-28  3.457E-17
1.770E+03  7.588E-28  3.563E-17
1.754E+03  7.891E-28  3.671E-17
1.738E+03  8.207E-28  3.783E-17
1.722E+03  8.535E-28  3.898E-17
1.706E+03  8.876E-28  4.017E-17
1.690E+03  9.232E-28  4.140E-17
1.675E+03  9.601E-28  4.266E-17
1.660E+03  9.985E-28  4.396E-17
1.644E+03  1.039E-27  4.530E-17
1.629E+03  1.080E-27  4.668E-17
1.614E+03  1.123E-27  4.810E-17
1.600E+03  1.168E-27  4.957E-17
1.585E+03  1.215E-27  5.108E-17
1.570E+03  1.264E-27  5.264E-17
1.556E+03  1.314E-27  5.425E-17
1.542E+03  1.367E-27  5.590E-17
1.528E+03  1.422E-27  5.761E-17
1.514E+03  1.479E-27  5.937E-17
1.500E+03  1.538E-27  6.118E-17
1.486E+03  1.600E-27  6.305E-17
1.472E+03  1.664E-27  6.497E-17
1.459E+03  1.730E-27  6.696E-17
1.445E+03  1.800E-27  6.900E-17
1.432E+03  1.872E-27  7.111E-17
1.419E+03  1.947E-27  7.328E-17
1.406E+03  2.025E-27  7.552E-17
1.393E+03  2.106E-27  7.783E-17
1.380E+03  2.191E-27  8.021E-17
1.368E+03  2.278E-27  8.266E-17
1.355E+03  2.370E-27  8.518E-17
1.343E+03  2.465E-27  8.778E-17
1.330E+03  2.563E-27  9.046E-17
1.318E+03  2.666E-27  9.322E-17
1.306E+03  2.773E-27  9.607E-17
1.294E+03  2.884E-27  9.900E-17
1.282E+03  2.999E-27  1.020E-16
1.271E+03  3.119E-27  1.051E-16
1.259E+03  3.244E-27  1.083E-16
1.247E+03  3.374E-27  1.116E-16
1.236E+03  3.509E-27  1.150E-16
1.225E+03  3.649E-27  1.185E-16
1.213E+03  3.795E-27  1.221E-16
1.202E+03  3.947E-27  1.259E-16
1.191E+03  4.104E-27  1.297E-16
1.180E+03  4.268E-27  1.336E-16
1.169E+03  4.438E-27  1.377E-16
1.159E+03  4.616E-27  1.419E-16
1.148E+03  4.800E-27  1.462E-16
1.138E+03  4.991E-27  1.506E-16
1.127E+03  5.190E-27  1.552E-16
1.117E+03  5.397E-27  1.599E-16
1.107E+03  5.612E-27  1.647E-16
1.096E+03  5.835E-27  1.697E-16
1.086E+03  6.067E-27  1.748E-16
1.076E+03  6.309E-27  1.801E-16
1.067E+03  6.559E-27  1.856E-16
1.057E+03  6.820E-27  1.912E-16
1.047E+03  7.091E-27  1.969E-16
1.038E+03  7.372E-27  2.029E-16
1.028E+03  7.664E-27  2.090E-16
1.019E+03  7.968E-27  2.153E-16
1.009E+03  8.283E-27  2.218E-16
1.000E+03  8.611E-27  2.284E-16
9.908E+02  8.952E-27  2.353E-16
9.817E+02  9.307E-27  2.424E-16
9.727E+02  9.675E-27  2.497E-16
9.638E+02  1.006E-26  2.571E-16
9.550E+02  1.046E-26  2.649E-16
9.462E+02  1.087E-26  2.728E-16
9.376E+02  1.130E-26  2.810E-16
9.290E+02  1.174E-26  2.894E-16
9.204E+02  1.221E-26  2.980E-16
9.120E+02  1.269E-26  3.069E-16
9.036E+02  1.319E-26  3.161E-16
8.954E+02  1.370E-26  3.255E-16
8.872E+02  1.424E-26  3.352E-16
8.790E+02  1.480E-26  3.451E-16
8.710E+02  1.538E-26  3.554E-16
8.630E+02  1.598E-26  3.659E-16
8.551E+02  1.661E-26  3.767E-16
8.472E+02  1.726E-26  3.878E-16
8.395E+02  1.793E-26  3.993E-16
8.318E+02  1.863E-26  4.110E-16
8.241E+02  1.936E-26  4.231E-16
8.166E+02  2.011E-26  4.356E-16
8.091E+02  2.089E-26  4.483E-16
8.017E+02  2.170E-26  4.615E-16
7.943E+02  2.254E-26  4.750E-16
7.870E+02  2.342E-26  4.889E-16
7.798E+02  2.432E-26  5.031E-16
7.727E+02  2.526E-26  5.178E-16
7.656E+02  2.624E-26  5.329E-16
7.586E+02  2.725E-26  5.484E-16
7.516E+02  2.830E-26  5.643E-16
7.447E+02  2.939E-26  5.807E-16
7.379E+02  3.053E-26  5.976E-16
7.311E+02  3.171E-26  6.149E-16
7.244E+02  3.293E-26  6.328E-16
7.178E+02  3.420E-26  6.511E-16
7.112E+02  3.551E-26  6.700E-16
7.047E+02  3.688E-26  6.894E-16
6.982E+02  3.830E-26  7.094E-16
6.918E+02  3.977E-26  7.299E-16
6.855E+02  4.130E-26  7.510E-16
6.792E+02  4.289E-26  7.727E-16
6.730E+02  4.453E-26  7.949E-16
6.668E+02  4.623E-26  8.177E-16
6.607E+02  4.800E-26  8.412E-16
6.546E+02  4.984E-26  8.654E-16
6.486E+02  5.175E-26  8.904E-16
6.427E+02  5.373E-26  9.160E-16
6.368E+02  5.579E-26  9.424E-16
6.310E+02  5.793E-26  9.696E-16
6.252E+02  6.015E-26  9.975E-16
6.194E+02  6.245E-26  1.026E-15
6.138E+02  6.484E-26  1.056E-15
6.081E+02  6.732E-26  1.086E-15
6.026E+02  6.989E-26  1.117E-15
5.970E+02  7.256E-26  1.149E-15
5.916E+02  7.534E-26  1.182E-15
5.861E+02  7.821E-26  1.216E-15
5.808E+02  8.119E-26  1.251E-15
5.754E+02  8.429E-26  1.287E-15
5.702E+02  8.750E-26  1.323E-15
5.649E+02  9.083E-26  1.361E-15
5.598E+02  9.429E-26  1.400E-15
5.546E+02  9.788E-26  1.440E-15
5.495E+02  1.016E-25  1.481E-15
5.445E+02  1.055E-25  1.523E-15
5.395E+02  1.095E-25  1.567E-15
5.346E+02  1.136E-25  1.611E-15
5.297E+02  1.179E-25  1.657E-15
5.248E+02  1.224E-25  1.704E-15
5.200E+02  1.270E-25  1.752E-15
5.152E+02  1.319E-25  1.802E-15
5.105E+02  1.368E-25  1.853E-15
5.058E+02  1.420E-25  1.906E-15
5.012E+02  1.474E-25  1.959E-15
4.966E+02  1.529E-25  2.015E-15
4.920E+02  1.587E-25  2.071E-15
4.875E+02  1.647E-25  2.130E-15
4.831E+02  1.709E-25  2.190E-15
4.786E+02  1.773E-25  2.251E-15
4.742E+02  1.840E-25  2.314E-15
4.699E+02  1.909E-25  2.379E-15
4.656E+02  1.980E-25  2.446E-15
4.613E+02  2.055E-25  2.514E-15
4.571E+02  2.131E-25  2.584E-15
4.529E+02  2.211E-25  2.656E-15
4.487E+02  2.294E-25  2.730E-15
4.446E+02  2.379E-25  2.806E-15
4.406E+02  2.468E-25  2.884E-15
4.365E+02  2.560E-25  2.964E-15
4.325E+02  2.655E-25  3.046E-15
4.285E+02  2.753E-25  3.130E-15
4.246E+02  2.855E-25  3.216E-15
4.207E+02  2.961E-25  3.305E-15
4.169E+02  3.071E-25  3.395E-15
4.130E+02  3.184E-25  3.489E-15
4.093E+02  3.301E-25  3.584E-15
4.055E+02  3.423E-25  3.682E-15
4.018E+02  3.549E-25  3.783E-15
3.981E+02  3.680E-25  3.886E-15
3.945E+02  3.815E-25  3.991E-15
3.908E+02  3.955E-25  4.100E-15
3.873E+02  4.100E-25  4.211E-15
3.837E+02  4.250E-25  4.325E-15
3.802E+02  4.405E-25  4.442E-15
3.767E+02  4.565E-25  4.562E-15
3.733E+02  4.731E-25  4.684E-15
3.698E+02  4.903E-25  4.810E-15
3.664E+02  5.081E-25  4.939E-15
3.631E+02  5.265E-25  5.071E-15
3.597E+02  5.456E-25  5.206E-15
3.565E+02  5.652E-25  5.345E-15
3.532E+02  5.856E-25  5.486E-15
3.499E+02  6.067E-25  5.631E-15
3.467E+02  6.284E-25  5.780E-15
3.436E+02  6.510E-25  5.932E-15
3.404E+02  6.742E-25  6.088E-15
3.373E+02  6.983E-25  6.247E-15
3.342E+02  7.231E-25  6.411E-15
3.311E+02  7.488E-25  6.577E-15
3.281E+02  7.754E-25  6.748E-15
3.251E+02  8.028E-25  6.923E-15
3.221E+02  8.311E-25  7.101E-15
3.192E+02  8.604E-25  7.284E-15
3.162E+02  8.906E-25  7.471E-15
3.133E+02  9.218E-25  7.661E-15
3.105E+02  9.540E-25  7.856E-15
3.076E+02  9.873E-25  8.056E-15
3.048E+02  1.022E-24  8.260E-15
3.020E+02  1.057E-24  8.468E-15
2.992E+02  1.094E-24  8.680E-15
2.965E+02  1.131E-24  8.897E-15
2.938E+02  1.170E-24  9.119E-15
2.911E+02  1.210E-24  9.345E-15
2.884E+02  1.252E-24  9.577E-15
2.858E+02  1.295E-24  9.812E-15
2.831E+02  1.339E-24  1.005E-14
2.805E+02  1.384E-24  1.030E-14
2.780E+02  1.431E-24  1.055E-14
2.754E+02  1.479E-24  1.081E-14
2.729E+02  1.529E-24  1.107E-14
2.704E+02  1.580E-24  1.133E-14
2.679E+02  1.633E-24  1.161E-14
2.655E+02  1.688E-24  1.189E-14
2.630E+02  1.744E-24  1.217E-14
2.606E+02  1.802E-24  1.246E-14
2.582E+02  1.862E-24  1.275E-14
2.559E+02  1.923E-24  1.305E-14
2.535E+02  1.986E-24  1.335E-14
2.512E+02  2.050E-24  1.366E-14
2.489E+02  2.115E-24  1.396E-14
2.466E+02  2.180E-24  1.426E-14
2.443E+02  2.247E-24  1.456E-14
2.421E+02  2.315E-24  1.487E-14
2.399E+02  2.385E-24  1.517E-14
2.377E+02  2.455E-24  1.548E-14
2.355E+02  2.526E-24  1.578E-14
2.333E+02  2.600E-24  1.609E-14
2.312E+02  2.675E-24  1.640E-14
2.291E+02  2.751E-24  1.672E-14
2.270E+02  2.830E-24  1.704E-14
2.249E+02  2.910E-24  1.736E-14
2.228E+02  2.992E-24  1.769E-14
2.208E+02  3.077E-24  1.802E-14
2.188E+02  3.163E-24  1.835E-14
2.168E+02  3.250E-24  1.869E-14
2.148E+02  3.340E-24  1.903E-14
2.128E+02  3.432E-24  1.937E-14
2.109E+02  3.526E-24  1.972E-14
2.089E+02  3.621E-24  2.007E-14
2.070E+02  3.719E-24  2.042E-14
2.051E+02  3.818E-24  2.077E-14
2.032E+02  3.920E-24  2.113E-14
2.014E+02  4.023E-24  2.149E-14
1.995E+02  4.129E-24  2.185E-14
1.977E+02  4.237E-24  2.222E-14
1.959E+02  4.347E-24  2.259E-14
1.941E+02  4.459E-24  2.295E-14
1.923E+02  4.573E-24  2.333E-14
1.905E+02  4.689E-24  2.370E-14
1.888E+02  4.808E-24  2.408E-14
1.871E+02  4.929E-24  2.446E-14
1.854E+02  5.052E-24  2.484E-14
1.837E+02  5.178E-24  2.522E-14
1.820E+02  5.306E-24  2.561E-14
1.803E+02  5.435E-24  2.600E-14
1.786E+02  5.568E-24  2.639E-14
1.770E+02  5.704E-24  2.678E-14
1.754E+02  5.842E-24  2.718E-14
1.738E+02  5.982E-24  2.758E-14
1.722E+02  6.125E-24  2.798E-14
1.706E+02  6.271E-24  2.838E-14
1.690E+02  6.420E-24  2.879E-14
1.675E+02  6.572E-24  2.920E-14
1.660E+02  6.727E-24  2.961E-14
1.644E+02  6.885E-24  3.003E-14
1.629E+02  7.047E-24  3.046E-14
1.614E+02  7.213E-24  3.089E-14
1.600E+02  7.381E-24  3.132E-14
1.585E+02  7.554E-24  3.176E-14
1.570E+02  7.731E-24  3.220E-14
1.556E+02  7.913E-24  3.266E-14
1.542E+02  8.099E-24  3.312E-14
1.528E+02  8.290E-24  3.359E-14
1.514E+02  8.486E-24  3.407E-14
1.500E+02  8.687E-24  3.456E-14
1.486E+02  8.891E-24  3.504E-14
1.472E+02  9.100E-24  3.554E-14
1.459E+02  9.309E-24  3.602E-14
1.445E+02  9.521E-24  3.650E-14
1.432E+02  9.729E-24  3.696E-14
1.419E+02  9.931E-24  3.738E-14
1.406E+02  1.012E-23  3.776E-14
1.393E+02  1.030E-23  3.807E-14
1.380E+02  1.047E-23  3.833E-14
1.368E+02  1.062E-23  3.853E-14
1.355E+02  1.076E-23  3.867E-14
1.343E+02  1.089E-23  3.877E-14
1.330E+02  1.101E-23  3.886E-14
1.318E+02  1.113E-23  3.893E-14
1.306E+02  1.126E-23  3.900E-14
1.294E+02  1.138E-23  3.907E-14
1.282E+02  1.151E-23  3.914E-14
1.271E+02  1.164E-23  3.922E-14
1.259E+02  1.177E-23  3.930E-14
1.247E+02  1.191E-23  3.940E-14
1.236E+02  1.205E-23  3.950E-14
1.225E+02  1.219E-23  3.960E-14
1.213E+02  1.234E-23  3.971E-14
1.202E+02  1.249E-23  3.982E-14
1.191E+02  1.264E-23  3.994E-14
1.180E+02  1.279E-23  4.006E-14
1.169E+02  1.295E-23  4.017E-14
1.159E+02  1.310E-23  4.028E-14
1.148E+02  1.326E-23  4.039E-14
1.138E+02  1.342E-23  4.050E-14
1.127E+02  1.358E-23  4.061E-14
1.117E+02  1.374E-23  4.072E-14
1.107E+02  1.391E-23  4.083E-14
1.096E+02  1.407E-23  4.094E-14
1.086E+02  1.424E-23  4.104E-14
1.076E+02  1.441E-23  4.114E-14
1.067E+02  1.458E-23  4.124E-14
1.057E+02  1.474E-23  4.133E-14
1.047E+02  1.491E-23  4.142E-14
1.038E+02  1.508E-23  4.150E-14
1.028E+02  1.525E-23  4.158E-14
1.019E+02  1.541E-23  4.165E-14
1.009E+02  1.558E-23  4.171E-14
1.000E+02  1.575E-23  4.177E-14
9.908E+01  1.591E-23  4.181E-14
9.817E+01  1.607E-23  4.186E-14
9.727E+01  1.623E-23  4.189E-14
9.638E+01  1.640E-23  4.192E-14
9.550E+01  1.656E-23  4.195E-14
9.462E+01  1.672E-23  4.196E-14
9.376E+01  1.688E-23  4.197E-14
9.290E+01  1.703E-23  4.197E-14
9.204E+01  1.719E-23  4.197E-14
9.120E+01  1.734E-23  4.196E-14
9.036E+01  1.750E-23  4.194E-14
8.954E+01  1.765E-23  4.192E-14
8.872E+01  1.780E-23  4.189E-14
8.790E+01  1.795E-23  4.185E-14
8.710E+01  1.810E-23  4.181E-14
8.630E+01  1.824E-23  4.176E-14
8.551E+01  1.839E-23  4.171E-14
8.472E+01  1.853E-23  4.164E-14
8.395E+01  1.867E-23  4.158E-14
8.318E+01  1.881E-23  4.151E-14
8.241E+01  1.895E-23  4.143E-14
8.166E+01  1.909E-23  4.135E-14
8.091E+01  1.923E-23  4.126E-14
8.017E+01  1.936E-23  4.117E-14
7.943E+01  1.949E-23  4.108E-14
7.870E+01  1.963E-23  4.097E-14
7.798E+01  1.975E-23  4.086E-14
7.727E+01  1.988E-23  4.075E-14
7.656E+01  2.001E-23  4.063E-14
7.586E+01  2.013E-23  4.050E-14
7.516E+01  2.025E-23  4.037E-14
7.447E+01  2.037E-23  4.024E-14
7.379E+01  2.048E-23  4.009E-14
7.311E+01  2.059E-23  3.994E-14
7.244E+01  2.070E-23  3.978E-14
7.178E+01  2.081E-23  3.962E-14
7.112E+01  2.092E-23  3.946E-14
7.047E+01  2.103E-23  3.930E-14
6.982E+01  2.113E-23  3.914E-14
6.918E+01  2.124E-23  3.897E-14
6.855E+01  2.134E-23  3.880E-14
6.792E+01  2.144E-23  3.862E-14
6.730E+01  2.153E-23  3.844E-14
6.668E+01  2.163E-23  3.826E-14
6.607E+01  2.173E-23  3.808E-14
6.546E+01  2.182E-23  3.788E-14
6.486E+01  2.191E-23  3.769E-14
6.427E+01  2.200E-23  3.750E-14
6.368E+01  2.208E-23  3.730E-14
6.310E+01  2.217E-23  3.710E-14
6.252E+01  2.226E-23  3.691E-14
6.194E+01  2.234E-23  3.671E-14
6.138E+01  2.242E-23  3.651E-14
6.081E+01  2.251E-23  3.631E-14
6.026E+01  2.259E-23  3.610E-14
5.970E+01  2.266E-23  3.589E-14
5.916E+01  2.274E-23  3.569E-14
5.861E+01  2.282E-23  3.547E-14
5.808E+01  2.289E-23  3.526E-14
5.754E+01  2.296E-23  3.505E-14
5.702E+01  2.304E-23  3.484E-14
5.649E+01  2.311E-23  3.463E-14
5.598E+01  2.318E-23  3.442E-14
5.546E+01  2.325E-23  3.421E-14
5.495E+01  2.333E-23  3.400E-14
5.445E+01  2.340E-23  3.379E-14
5.395E+01  2.347E-23  3.358E-14
5.346E+01  2.354E-23  3.338E-14
5.297E+01  2.361E-23  3.317E-14
5.248E+01  2.368E-23  3.296E-14
5.200E+01  2.375E-23  3.275E-14
5.152E+01  2.382E-23  3.255E-14
5.105E+01  2.388E-23  3.234E-14
5.058E+01  2.395E-23  3.213E-14
5.012E+01  2.402E-23  3.193E-14
4.966E+01  2.408E-23  3.172E-14
4.920E+01  2.415E-23  3.152E-14
4.875E+01  2.422E-23  3.132E-14
4.831E+01  2.428E-23  3.112E-14
4.786E+01  2.435E-23  3.092E-14
4.742E+01  2.442E-23  3.072E-14
4.699E+01  2.449E-23  3.052E-14
4.656E+01  2.455E-23  3.032E-14
4.613E+01  2.462E-23  3.013E-14
4.571E+01  2.469E-23  2.993E-14
4.529E+01  2.476E-23  2.974E-14
4.487E+01  2.482E-23  2.955E-14
4.446E+01  2.489E-23  2.935E-14
4.406E+01  2.495E-23  2.916E-14
4.365E+01  2.501E-23  2.896E-14
4.325E+01  2.507E-23  2.877E-14
4.285E+01  2.513E-23  2.857E-14
4.246E+01  2.519E-23  2.837E-14
4.207E+01  2.524E-23  2.816E-14
4.169E+01  2.528E-23  2.796E-14
4.130E+01  2.532E-23  2.775E-14
4.093E+01  2.536E-23  2.753E-14
4.055E+01  2.538E-23  2.731E-14
4.018E+01  2.540E-23  2.708E-14
3.981E+01  2.542E-23  2.684E-14
3.945E+01  2.542E-23  2.660E-14
3.908E+01  2.541E-23  2.634E-14
3.873E+01  2.539E-23  2.608E-14
3.837E+01  2.535E-23  2.580E-14
3.802E+01  2.530E-23  2.552E-14
3.767E+01  2.524E-23  2.522E-14
3.733E+01  2.515E-23  2.490E-14
3.698E+01  2.505E-23  2.457E-14
3.664E+01  2.492E-23  2.422E-14
3.631E+01  2.478E-23  2.386E-14
3.597E+01  2.461E-23  2.348E-14
3.565E+01  2.442E-23  2.309E-14
3.532E+01  2.421E-23  2.268E-14
3.499E+01  2.398E-23  2.226E-14
3.467E+01  2.372E-23  2.181E-14
3.436E+01  2.343E-23  2.135E-14
3.404E+01  2.312E-23  2.088E-14
3.373E+01  2.279E-23  2.039E-14
3.342E+01  2.243E-23  1.988E-14
3.311E+01  2.205E-23  1.937E-14
3.281E+01  2.165E-23  1.884E-14
3.251E+01  2.123E-23  1.831E-14
3.221E+01  2.079E-23  1.776E-14
3.192E+01  2.033E-23  1.721E-14
3.162E+01  1.986E-23  1.666E-14
3.133E+01  1.937E-23  1.610E-14
3.105E+01  1.887E-23  1.554E-14
3.076E+01  1.837E-23  1.499E-14
3.048E+01  1.786E-23  1.444E-14
3.020E+01  1.735E-23  1.390E-14
2.992E+01  1.684E-23  1.337E-14
2.965E+01  1.633E-23  1.284E-14
2.938E+01  1.582E-23  1.233E-14
2.911E+01  1.532E-23  1.183E-14
2.884E+01  1.483E-23  1.135E-14
2.858E+01  1.435E-23  1.088E-14
2.831E+01  1.388E-23  1.042E-14
2.805E+01  1.342E-23  9.990E-15
2.780E+01  1.298E-23  9.572E-15
2.754E+01  1.255E-23  9.171E-15
2.729E+01  1.214E-23  8.788E-15
2.704E+01  1.174E-23  8.423E-15
2.679E+01  1.136E-23  8.076E-15
2.655E+01  1.100E-23  7.745E-15
2.630E+01  1.065E-23  7.432E-15
2.606E+01  1.032E-23  7.134E-15
2.582E+01  1.000E-23  6.852E-15
2.559E+01  9.705E-24  6.586E-15
2.535E+01  9.420E-24  6.335E-15
2.512E+01  9.152E-24  6.098E-15
2.489E+01  8.897E-24  5.873E-15
2.466E+01  8.655E-24  5.662E-15
2.443E+01  8.427E-24  5.462E-15
2.421E+01  8.212E-24  5.274E-15
2.399E+01  8.009E-24  5.096E-15
2.377E+01  7.817E-24  4.928E-15
2.355E+01  7.639E-24  4.772E-15
2.333E+01  7.473E-24  4.625E-15
2.312E+01  7.314E-24  4.486E-15
2.291E+01  7.166E-24  4.354E-15
2.270E+01  7.030E-24  4.233E-15
2.249E+01  6.908E-24  4.121E-15
2.228E+01  6.794E-24  4.016E-15
2.208E+01  6.688E-24  3.917E-15
2.188E+01  6.587E-24  3.822E-15
2.168E+01  6.491E-24  3.733E-15
2.148E+01  6.405E-24  3.649E-15
2.128E+01  6.327E-24  3.572E-15
2.109E+01  6.258E-24  3.500E-15
2.089E+01  6.195E-24  3.433E-15
2.070E+01  6.137E-24  3.370E-15
2.051E+01  6.085E-24  3.311E-15
2.032E+01  6.041E-24  3.257E-15
2.014E+01  6.008E-24  3.209E-15
1.995E+01  5.981E-24  3.165E-15
1.977E+01  5.960E-24  3.125E-15
1.959E+01  5.942E-24  3.087E-15
1.941E+01  5.932E-24  3.054E-15
1.923E+01  5.929E-24  3.024E-15
1.905E+01  5.935E-24  3.000E-15
1.888E+01  5.953E-24  2.981E-15
1.871E+01  5.988E-24  2.971E-15
1.854E+01  6.048E-24  2.973E-15
1.837E+01  6.147E-24  2.995E-15
1.820E+01  6.324E-24  3.052E-15
1.803E+01  6.706E-24  3.207E-15
1.786E+01  7.355E-24  3.485E-15
1.770E+01  7.349E-24  3.451E-15
1.754E+01  7.990E-24  3.717E-15
1.738E+01  9.789E-24  4.512E-15
1.722E+01  9.086E-24  4.150E-15
1.706E+01  9.024E-24  4.084E-15
1.690E+01  8.775E-24  3.935E-15
1.675E+01  8.380E-24  3.723E-15
1.660E+01  8.632E-24  3.800E-15
1.644E+01  1.039E-23  4.534E-15
1.629E+01  7.685E-24  3.322E-15
1.614E+01  6.777E-24  2.902E-15
1.600E+01  7.006E-24  2.973E-15
1.585E+01  6.997E-24  2.941E-15
1.570E+01  5.992E-24  2.496E-15
1.556E+01  5.512E-24  2.275E-15
1.542E+01  5.279E-24  2.159E-15
1.528E+01  5.137E-24  2.082E-15
1.514E+01  5.039E-24  2.023E-15
1.500E+01  4.969E-24  1.977E-15
1.486E+01  4.922E-24  1.940E-15
1.472E+01  4.902E-24  1.914E-15
1.459E+01  4.924E-24  1.906E-15
1.445E+01  5.038E-24  1.931E-15
1.432E+01  5.351E-24  2.033E-15
1.419E+01  5.698E-24  2.145E-15
1.406E+01  5.370E-24  2.003E-15
1.393E+01  5.121E-24  1.892E-15
1.380E+01  5.199E-24  1.903E-15
1.368E+01  5.707E-24  2.070E-15
1.355E+01  5.921E-24  2.129E-15
1.343E+01  5.490E-24  1.955E-15
1.330E+01  5.511E-24  1.945E-15
1.318E+01  5.844E-24  2.043E-15
1.306E+01  6.496E-24  2.251E-15
1.294E+01  7.622E-24  2.616E-15
1.282E+01  9.428E-24  3.207E-15
1.271E+01  1.167E-23  3.934E-15
1.259E+01  1.265E-23  4.225E-15
1.247E+01  1.137E-23  3.763E-15
1.236E+01  9.794E-24  3.211E-15
1.225E+01  9.141E-24  2.969E-15
1.213E+01  9.333E-24  3.004E-15
1.202E+01  9.679E-24  3.087E-15
1.191E+01  9.346E-24  2.953E-15
1.180E+01  8.611E-24  2.696E-15
1.169E+01  8.378E-24  2.599E-15
1.159E+01  9.320E-24  2.865E-15
1.148E+01  1.247E-23  3.798E-15
1.138E+01  1.911E-23  5.767E-15
1.127E+01  2.663E-23  7.963E-15
1.117E+01  1.819E-23  5.390E-15
1.107E+01  9.630E-24  2.827E-15
1.096E+01  6.583E-24  1.915E-15
1.086E+01  5.145E-24  1.483E-15
1.076E+01  4.358E-24  1.244E-15
1.067E+01  3.880E-24  1.098E-15
1.057E+01  3.569E-24  1.001E-15
1.047E+01  3.356E-24  9.321E-16
1.038E+01  3.205E-24  8.819E-16
1.028E+01  3.095E-24  8.439E-16
1.019E+01  3.014E-24  8.145E-16
1.009E+01  2.959E-24  7.920E-16
1.000E+01  2.923E-24  7.754E-16
9.908E+00  2.907E-24  7.639E-16
9.817E+00  2.908E-24  7.573E-16
9.727E+00  2.927E-24  7.552E-16
9.638E+00  2.964E-24  7.579E-16
9.550E+00  3.021E-24  7.653E-16
9.462E+00  3.100E-24  7.781E-16
9.376E+00  3.207E-24  7.976E-16
9.290E+00  3.351E-24  8.257E-16
9.204E+00  3.547E-24  8.659E-16
9.120E+00  3.820E-24  9.242E-16
9.036E+00  4.217E-24  1.011E-15
8.954E+00  4.816E-24  1.144E-15
8.872E+00  5.767E-24  1.357E-15
8.790E+00  7.329E-24  1.709E-15
8.710E+00  9.715E-24  2.244E-15
8.630E+00  1.194E-23  2.733E-15
8.551E+00  1.165E-23  2.643E-15
8.472E+00  1.009E-23  2.268E-15
8.395E+00  9.291E-24  2.069E-15
8.318E+00  9.231E-24  2.037E-15
8.241E+00  9.627E-24  2.105E-15
8.166E+00  1.064E-23  2.305E-15
8.091E+00  1.259E-23  2.702E-15
8.017E+00  1.571E-23  3.340E-15
7.943E+00  1.982E-23  4.177E-15
7.870E+00  2.357E-23  4.922E-15
7.798E+00  2.533E-23  5.240E-15
7.727E+00  2.635E-23  5.400E-15
7.656E+00  2.816E-23  5.718E-15
7.586E+00  2.779E-23  5.592E-15
7.516E+00  2.294E-23  4.573E-15
7.447E+00  1.737E-23  3.431E-15
7.379E+00  1.335E-23  2.614E-15
7.311E+00  1.068E-23  2.072E-15
7.244E+00  8.839E-24  1.698E-15
7.178E+00  7.502E-24  1.428E-15
7.112E+00  6.515E-24  1.229E-15
7.047E+00  5.799E-24  1.084E-15
6.982E+00  5.312E-24  9.839E-16
6.918E+00  5.031E-24  9.233E-16
6.855E+00  4.932E-24  8.967E-16
6.792E+00  4.962E-24  8.939E-16
6.730E+00  5.009E-24  8.942E-16
6.668E+00  4.946E-24  8.748E-16
6.607E+00  4.775E-24  8.369E-16
6.546E+00  4.667E-24  8.105E-16
6.486E+00  4.845E-24  8.337E-16
6.427E+00  5.589E-24  9.528E-16
6.368E+00  7.456E-24  1.259E-15
6.310E+00  1.172E-23  1.961E-15
6.252E+00  1.906E-23  3.161E-15
6.194E+00  1.942E-23  3.190E-15
6.138E+00  1.166E-23  1.898E-15
6.081E+00  6.830E-24  1.102E-15
6.026E+00  4.581E-24  7.323E-16
5.970E+00  3.509E-24  5.557E-16
5.916E+00  3.023E-24  4.744E-16
5.861E+00  2.927E-24  4.551E-16
5.808E+00  3.197E-24  4.924E-16
5.754E+00  3.790E-24  5.785E-16
5.702E+00  4.136E-24  6.255E-16
5.649E+00  3.526E-24  5.284E-16
5.598E+00  2.627E-24  3.900E-16
5.546E+00  2.004E-24  2.949E-16
5.495E+00  1.642E-24  2.393E-16
5.445E+00  1.445E-24  2.088E-16
5.395E+00  1.373E-24  1.966E-16
5.346E+00  1.441E-24  2.043E-16
5.297E+00  1.697E-24  2.384E-16
5.248E+00  1.885E-24  2.624E-16
5.200E+00  1.525E-24  2.103E-16
5.152E+00  1.151E-24  1.573E-16
5.105E+00  9.454E-25  1.280E-16
5.058E+00  8.307E-25  1.115E-16
5.012E+00  7.590E-25  1.009E-16
4.966E+00  7.093E-25  9.344E-17
4.920E+00  6.722E-25  8.773E-17
4.875E+00  6.429E-25  8.314E-17
4.831E+00  6.190E-25  7.931E-17
4.786E+00  5.988E-25  7.602E-17
4.742E+00  5.815E-25  7.315E-17
4.699E+00  5.664E-25  7.060E-17
4.656E+00  5.531E-25  6.830E-17
4.613E+00  5.412E-25  6.622E-17
4.571E+00  5.305E-25  6.432E-17
4.529E+00  5.209E-25  6.257E-17
4.487E+00  5.121E-25  6.096E-17
4.446E+00  5.041E-25  5.946E-17
4.406E+00  4.969E-25  5.806E-17
4.365E+00  4.902E-25  5.676E-17
4.325E+00  4.841E-25  5.554E-17
4.285E+00  4.786E-25  5.440E-17
4.246E+00  4.735E-25  5.333E-17
4.207E+00  4.689E-25  5.233E-17
4.169E+00  4.647E-25  5.139E-17
4.130E+00  4.610E-25  5.051E-17
4.093E+00  4.576E-25  4.968E-17
4.055E+00  4.547E-25  4.891E-17
4.018E+00  4.522E-25  4.820E-17
3.981E+00  4.502E-25  4.754E-17
3.945E+00  4.487E-25  4.695E-17
3.908E+00  4.478E-25  4.643E-17
3.873E+00  4.476E-25  4.598E-17
3.837E+00  4.481E-25  4.561E-17
3.802E+00  4.496E-25  4.535E-17
3.767E+00  4.523E-25  4.520E-17
3.733E+00  4.564E-25  4.519E-17
3.698E+00  4.625E-25  4.537E-17
3.664E+00  4.710E-25  4.578E-17
3.631E+00  4.831E-25  4.653E-17
3.597E+00  5.002E-25  4.773E-17
3.565E+00  5.246E-25  4.960E-17
3.532E+00  5.606E-25  5.252E-17
3.499E+00  6.156E-25  5.714E-17
3.467E+00  7.044E-25  6.479E-17
3.436E+00  8.601E-25  7.838E-17
3.404E+00  1.167E-24  1.054E-16
3.373E+00  1.902E-24  1.701E-16
3.342E+00  4.334E-24  3.842E-16
3.311E+00  1.639E-23  1.440E-15
3.281E+00  1.119E-23  9.743E-16
3.251E+00  3.197E-24  2.757E-16
3.221E+00  1.526E-24  1.304E-16
3.192E+00  9.734E-25  8.240E-17
3.162E+00  7.292E-25  6.117E-17
3.133E+00  6.007E-25  4.992E-17
3.105E+00  5.247E-25  4.321E-17
3.076E+00  4.758E-25  3.883E-17
3.048E+00  4.423E-25  3.576E-17
3.020E+00  4.182E-25  3.350E-17
2.992E+00  4.000E-25  3.175E-17
2.965E+00  3.858E-25  3.034E-17
2.938E+00  3.744E-25  2.917E-17
2.911E+00  3.650E-25  2.818E-17
2.884E+00  3.570E-25  2.731E-17
2.858E+00  3.501E-25  2.654E-17
2.831E+00  3.440E-25  2.584E-17
2.805E+00  3.386E-25  2.520E-17
2.780E+00  3.337E-25  2.461E-17
2.754E+00  3.292E-25  2.405E-17
2.729E+00  3.250E-25  2.352E-17
2.704E+00  3.210E-25  2.303E-17
2.679E+00  3.173E-25  2.255E-17
2.655E+00  3.137E-25  2.209E-17
2.630E+00  3.103E-25  2.165E-17
2.606E+00  3.070E-25  2.122E-17
2.582E+00  3.038E-25  2.081E-17
2.559E+00  3.006E-25  2.040E-17
2.535E+00  2.975E-25  2.001E-17
2.512E+00  2.945E-25  1.962E-17
2.489E+00  2.915E-25  1.924E-17
2.466E+00  2.885E-25  1.887E-17
2.443E+00  2.855E-25  1.850E-17
2.421E+00  2.825E-25  1.814E-17
2.399E+00  2.796E-25  1.779E-17
2.377E+00  2.767E-25  1.745E-17
2.355E+00  2.739E-25  1.711E-17
2.333E+00  2.710E-25  1.678E-17
2.312E+00  2.682E-25  1.645E-17
2.291E+00  2.653E-25  1.612E-17
2.270E+00  2.625E-25  1.580E-17
2.249E+00  2.596E-25  1.549E-17
2.228E+00  2.567E-25  1.517E-17
2.208E+00  2.537E-25  1.486E-17
2.188E+00  2.507E-25  1.455E-17
2.168E+00  2.476E-25  1.424E-17
2.148E+00  2.444E-25  1.393E-17
2.128E+00  2.411E-25  1.361E-17
2.109E+00  2.376E-25  1.329E-17
2.089E+00  2.339E-25  1.296E-17
2.070E+00  2.299E-25  1.262E-17
2.051E+00  2.255E-25  1.227E-17
2.032E+00  2.207E-25  1.190E-17
2.014E+00  2.153E-25  1.150E-17
1.995E+00  2.093E-25  1.108E-17
1.977E+00  2.026E-25  1.063E-17
1.959E+00  1.955E-25  1.016E-17
1.941E+00  1.886E-25  9.709E-18
1.923E+00  1.831E-25  9.342E-18
1.905E+00  1.805E-25  9.122E-18
1.888E+00  1.811E-25  9.068E-18
1.871E+00  1.839E-25  9.126E-18
1.854E+00  1.875E-25  9.220E-18
1.837E+00  1.907E-25  9.290E-18
1.820E+00  1.930E-25  9.316E-18
1.803E+00  1.944E-25  9.296E-18
1.786E+00  1.950E-25  9.239E-18
1.770E+00  1.949E-25  9.154E-18
1.754E+00  1.945E-25  9.048E-18
1.738E+00  1.937E-25  8.929E-18
1.722E+00  1.927E-25  8.801E-18
1.706E+00  1.915E-25  8.667E-18
1.690E+00  1.902E-25  8.530E-18
1.675E+00  1.889E-25  8.391E-18
1.660E+00  1.875E-25  8.253E-18
1.644E+00  1.861E-25  8.116E-18
1.629E+00  1.847E-25  7.981E-18
1.614E+00  1.833E-25  7.850E-18
1.600E+00  1.820E-25  7.722E-18
1.585E+00  1.808E-25  7.599E-18
1.570E+00  1.796E-25  7.482E-18
1.556E+00  1.786E-25  7.371E-18
1.542E+00  1.777E-25  7.267E-18
1.528E+00  1.770E-25  7.171E-18
1.514E+00  1.765E-25  7.085E-18
1.500E+00  1.762E-25  7.008E-18
1.486E+00  1.761E-25  6.943E-18
1.472E+00  1.764E-25  6.890E-18
1.459E+00  1.771E-25  6.852E-18
1.445E+00  1.782E-25  6.832E-18
1.432E+00  1.798E-25  6.832E-18
1.419E+00  1.821E-25  6.855E-18
1.406E+00  1.851E-25  6.905E-18
1.393E+00  1.891E-25  6.987E-18
1.380E+00  1.941E-25  7.107E-18
1.368E+00  2.004E-25  7.271E-18
1.355E+00  2.082E-25  7.486E-18
1.343E+00  2.178E-25  7.757E-18
1.330E+00  2.291E-25  8.086E-18
1.318E+00  2.420E-25  8.464E-18
1.306E+00  2.558E-25  8.863E-18
1.294E+00  2.687E-25  9.226E-18
1.282E+00  2.782E-25  9.464E-18
1.271E+00  2.810E-25  9.470E-18
1.259E+00  2.748E-25  9.176E-18
1.247E+00  2.597E-25  8.594E-18
1.236E+00  2.388E-25  7.828E-18
1.225E+00  2.158E-25  7.011E-18
1.213E+00  1.941E-25  6.247E-18
1.202E+00  1.753E-25  5.592E-18
1.191E+00  1.601E-25  5.059E-18
1.180E+00  1.483E-25  4.643E-18
1.169E+00  1.396E-25  4.330E-18
1.159E+00  1.336E-25  4.107E-18
1.148E+00  1.302E-25  3.965E-18
1.138E+00  1.293E-25  3.903E-18
1.127E+00  1.312E-25  3.924E-18
1.117E+00  1.365E-25  4.045E-18
1.107E+00  1.462E-25  4.291E-18
1.096E+00  1.620E-25  4.712E-18
1.086E+00  1.864E-25  5.373E-18
1.076E+00  2.220E-25  6.338E-18
1.067E+00  2.665E-25  7.541E-18
1.057E+00  3.022E-25  8.472E-18
1.047E+00  2.962E-25  8.226E-18
1.038E+00  2.456E-25  6.760E-18
1.028E+00  1.861E-25  5.074E-18
1.019E+00  1.399E-25  3.780E-18
1.009E+00  1.086E-25  2.908E-18
1.000E+00  8.787E-26  2.331E-18
