Dust emission from Draine & Li (2007): ApJ 657, 810-837
================================================================
         4 = grain model
 4.000E-08 4.000E-01 2.250E-05 = a_01 (cm) , sigma_1 , b_C1/0.92
 2.500E-07 4.000E-01 7.500E-06 = a_02 (cm) , sigma_2 , b_C2/0.92
 1.200E+01 1.000E+04 2.000E+00 = Umin , Umax, beta (dN/dU propto U^{-beta})
 8.080E+01 = <U> 
     mmp83 = radfield
 3.600E-22 = power/H (erg s-1)
 band   nu*P_nu(band) j_nu(band)
 (um)   (erg s-1 H-1)(Jy cm2 sr-1 H-1)
1.270E+00  7.462E-25  2.514E-17 COBE-DIRBE
2.220E+00  9.431E-25  5.554E-17 COBE-DIRBE
3.530E+00  6.324E-24  5.921E-16 COBE-DIRBE
4.880E+00  2.944E-24  3.811E-16 COBE-DIRBE
1.229E+01  3.279E-23  1.069E-14 COBE-DIRBE
2.079E+01  5.329E-23  2.939E-14 COBE-DIRBE
5.599E+01  2.149E-22  3.191E-13 COBE-DIRBE
9.770E+01  9.832E-23  2.548E-13 COBE-DIRBE
1.479E+02  3.780E-23  1.483E-13 COBE-DIRBE
2.479E+02  6.967E-24  4.581E-14 COBE-DIRBE
1.200E+01  3.309E-23  1.053E-14 IRAS
2.500E+01  7.641E-23  5.067E-14 IRAS
6.000E+01  2.032E-22  3.234E-13 IRAS
1.000E+02  9.316E-23  2.471E-13 IRAS
3.550E+00  7.360E-24  6.930E-16 SST-IRAC
4.493E+00  2.046E-24  2.439E-16 SST-IRAC
5.731E+00  1.794E-23  2.727E-15 SST-IRAC
7.872E+00  4.473E-23  9.341E-15 SST-IRAC
2.368E+01  6.738E-23  4.233E-14 SST-MIPS
7.142E+01  1.510E-22  2.860E-13 SST-MIPS
1.559E+02  2.934E-23  1.213E-13 SST-MIPS
1.600E+01  3.322E-23  1.410E-14 SST-IRSPU
2.200E+01  6.345E-23  3.703E-14 SST-IRSPU











lambda    nu*dP/dnu     j_nu
 (um)   (erg s-1 H-1)(Jy cm2 sr-1 H-1)
1.000E+04  9.849E-31  2.612E-19
9.908E+03  1.021E-30  2.684E-19
9.817E+03  1.059E-30  2.757E-19
9.727E+03  1.097E-30  2.832E-19
9.638E+03  1.138E-30  2.909E-19
9.550E+03  1.179E-30  2.988E-19
9.462E+03  1.223E-30  3.069E-19
9.376E+03  1.268E-30  3.153E-19
9.290E+03  1.314E-30  3.238E-19
9.204E+03  1.362E-30  3.326E-19
9.120E+03  1.412E-30  3.417E-19
9.036E+03  1.464E-30  3.510E-19
8.954E+03  1.518E-30  3.605E-19
8.872E+03  1.573E-30  3.703E-19
8.790E+03  1.631E-30  3.803E-19
8.710E+03  1.691E-30  3.906E-19
8.630E+03  1.752E-30  4.012E-19
8.551E+03  1.817E-30  4.120E-19
8.472E+03  1.883E-30  4.232E-19
8.395E+03  1.952E-30  4.347E-19
8.318E+03  2.024E-30  4.465E-19
8.241E+03  2.098E-30  4.587E-19
8.166E+03  2.175E-30  4.712E-19
8.091E+03  2.255E-30  4.840E-19
8.017E+03  2.338E-30  4.972E-19
7.943E+03  2.424E-30  5.108E-19
7.870E+03  2.514E-30  5.248E-19
7.798E+03  2.606E-30  5.391E-19
7.727E+03  2.702E-30  5.539E-19
7.656E+03  2.802E-30  5.691E-19
7.586E+03  2.906E-30  5.847E-19
7.516E+03  3.013E-30  6.007E-19
7.447E+03  3.125E-30  6.172E-19
7.379E+03  3.240E-30  6.342E-19
7.311E+03  3.360E-30  6.517E-19
7.244E+03  3.485E-30  6.696E-19
7.178E+03  3.614E-30  6.881E-19
7.112E+03  3.748E-30  7.071E-19
7.047E+03  3.887E-30  7.266E-19
6.982E+03  4.031E-30  7.466E-19
6.918E+03  4.181E-30  7.672E-19
6.855E+03  4.336E-30  7.884E-19
6.792E+03  4.497E-30  8.102E-19
6.730E+03  4.664E-30  8.326E-19
6.668E+03  4.838E-30  8.557E-19
6.607E+03  5.018E-30  8.794E-19
6.546E+03  5.205E-30  9.038E-19
6.486E+03  5.399E-30  9.288E-19
6.427E+03  5.600E-30  9.547E-19
6.368E+03  5.809E-30  9.812E-19
6.310E+03  6.026E-30  1.009E-18
6.252E+03  6.251E-30  1.037E-18
6.194E+03  6.485E-30  1.066E-18
6.138E+03  6.728E-30  1.095E-18
6.081E+03  6.979E-30  1.126E-18
6.026E+03  7.241E-30  1.157E-18
5.970E+03  7.513E-30  1.190E-18
5.916E+03  7.795E-30  1.223E-18
5.861E+03  8.087E-30  1.257E-18
5.808E+03  8.391E-30  1.293E-18
5.754E+03  8.707E-30  1.329E-18
5.702E+03  9.034E-30  1.366E-18
5.649E+03  9.374E-30  1.405E-18
5.598E+03  9.728E-30  1.444E-18
5.546E+03  1.009E-29  1.485E-18
5.495E+03  1.048E-29  1.527E-18
5.445E+03  1.087E-29  1.570E-18
5.395E+03  1.128E-29  1.614E-18
5.346E+03  1.171E-29  1.660E-18
5.297E+03  1.215E-29  1.707E-18
5.248E+03  1.261E-29  1.755E-18
5.200E+03  1.309E-29  1.805E-18
5.152E+03  1.358E-29  1.856E-18
5.105E+03  1.410E-29  1.909E-18
5.058E+03  1.463E-29  1.963E-18
5.012E+03  1.519E-29  2.019E-18
4.966E+03  1.576E-29  2.077E-18
4.920E+03  1.636E-29  2.136E-18
4.875E+03  1.698E-29  2.197E-18
4.831E+03  1.763E-29  2.259E-18
4.786E+03  1.830E-29  2.324E-18
4.742E+03  1.900E-29  2.390E-18
4.699E+03  1.972E-29  2.458E-18
4.656E+03  2.048E-29  2.529E-18
4.613E+03  2.126E-29  2.601E-18
4.571E+03  2.207E-29  2.676E-18
4.529E+03  2.291E-29  2.753E-18
4.487E+03  2.379E-29  2.832E-18
4.446E+03  2.470E-29  2.913E-18
4.406E+03  2.564E-29  2.997E-18
4.365E+03  2.663E-29  3.083E-18
4.325E+03  2.765E-29  3.172E-18
4.285E+03  2.871E-29  3.264E-18
4.246E+03  2.981E-29  3.358E-18
4.207E+03  3.096E-29  3.455E-18
4.169E+03  3.215E-29  3.555E-18
4.130E+03  3.339E-29  3.658E-18
4.093E+03  3.467E-29  3.764E-18
4.055E+03  3.601E-29  3.873E-18
4.018E+03  3.740E-29  3.986E-18
3.981E+03  3.884E-29  4.101E-18
3.945E+03  4.034E-29  4.221E-18
3.908E+03  4.189E-29  4.343E-18
3.873E+03  4.351E-29  4.469E-18
3.837E+03  4.519E-29  4.600E-18
3.802E+03  4.694E-29  4.734E-18
3.767E+03  4.876E-29  4.872E-18
3.733E+03  5.064E-29  5.014E-18
3.698E+03  5.261E-29  5.161E-18
3.664E+03  5.465E-29  5.312E-18
3.631E+03  5.677E-29  5.468E-18
3.597E+03  5.898E-29  5.628E-18
3.565E+03  6.127E-29  5.793E-18
3.532E+03  6.366E-29  5.964E-18
3.499E+03  6.614E-29  6.139E-18
3.467E+03  6.871E-29  6.320E-18
3.436E+03  7.139E-29  6.506E-18
3.404E+03  7.418E-29  6.698E-18
3.373E+03  7.708E-29  6.896E-18
3.342E+03  8.009E-29  7.100E-18
3.311E+03  8.323E-29  7.310E-18
3.281E+03  8.649E-29  7.527E-18
3.251E+03  8.988E-29  7.750E-18
3.221E+03  9.340E-29  7.980E-18
3.192E+03  9.707E-29  8.218E-18
3.162E+03  1.009E-28  8.462E-18
3.133E+03  1.048E-28  8.714E-18
3.105E+03  1.090E-28  8.974E-18
3.076E+03  1.133E-28  9.241E-18
3.048E+03  1.177E-28  9.517E-18
3.020E+03  1.224E-28  9.802E-18
2.992E+03  1.272E-28  1.009E-17
2.965E+03  1.322E-28  1.040E-17
2.938E+03  1.374E-28  1.071E-17
2.911E+03  1.428E-28  1.103E-17
2.884E+03  1.484E-28  1.136E-17
2.858E+03  1.543E-28  1.170E-17
2.831E+03  1.604E-28  1.205E-17
2.805E+03  1.667E-28  1.241E-17
2.780E+03  1.733E-28  1.278E-17
2.754E+03  1.802E-28  1.316E-17
2.729E+03  1.873E-28  1.356E-17
2.704E+03  1.947E-28  1.397E-17
2.679E+03  2.025E-28  1.439E-17
2.655E+03  2.105E-28  1.482E-17
2.630E+03  2.189E-28  1.527E-17
2.606E+03  2.276E-28  1.573E-17
2.582E+03  2.366E-28  1.621E-17
2.559E+03  2.461E-28  1.670E-17
2.535E+03  2.559E-28  1.721E-17
2.512E+03  2.661E-28  1.773E-17
2.489E+03  2.767E-28  1.827E-17
2.466E+03  2.877E-28  1.882E-17
2.443E+03  2.992E-28  1.940E-17
2.421E+03  3.112E-28  1.999E-17
2.399E+03  3.237E-28  2.060E-17
2.377E+03  3.366E-28  2.122E-17
2.355E+03  3.501E-28  2.187E-17
2.333E+03  3.642E-28  2.254E-17
2.312E+03  3.788E-28  2.323E-17
2.291E+03  3.940E-28  2.394E-17
2.270E+03  4.098E-28  2.467E-17
2.249E+03  4.263E-28  2.543E-17
2.228E+03  4.434E-28  2.621E-17
2.208E+03  4.612E-28  2.701E-17
2.188E+03  4.798E-28  2.784E-17
2.168E+03  4.991E-28  2.870E-17
2.148E+03  5.193E-28  2.958E-17
2.128E+03  5.402E-28  3.049E-17
2.109E+03  5.620E-28  3.143E-17
2.089E+03  5.847E-28  3.240E-17
2.070E+03  6.083E-28  3.340E-17
2.051E+03  6.329E-28  3.443E-17
2.032E+03  6.585E-28  3.550E-17
2.014E+03  6.851E-28  3.659E-17
1.995E+03  7.128E-28  3.773E-17
1.977E+03  7.416E-28  3.889E-17
1.959E+03  7.717E-28  4.010E-17
1.941E+03  8.029E-28  4.134E-17
1.923E+03  8.355E-28  4.262E-17
1.905E+03  8.693E-28  4.394E-17
1.888E+03  9.046E-28  4.530E-17
1.871E+03  9.413E-28  4.671E-17
1.854E+03  9.795E-28  4.816E-17
1.837E+03  1.019E-27  4.966E-17
1.820E+03  1.061E-27  5.120E-17
1.803E+03  1.104E-27  5.279E-17
1.786E+03  1.149E-27  5.444E-17
1.770E+03  1.196E-27  5.613E-17
1.754E+03  1.244E-27  5.788E-17
1.738E+03  1.295E-27  5.969E-17
1.722E+03  1.348E-27  6.155E-17
1.706E+03  1.403E-27  6.347E-17
1.690E+03  1.460E-27  6.545E-17
1.675E+03  1.519E-27  6.750E-17
1.660E+03  1.581E-27  6.961E-17
1.644E+03  1.646E-27  7.178E-17
1.629E+03  1.713E-27  7.403E-17
1.614E+03  1.783E-27  7.635E-17
1.600E+03  1.856E-27  7.874E-17
1.585E+03  1.931E-27  8.120E-17
1.570E+03  2.010E-27  8.374E-17
1.556E+03  2.093E-27  8.637E-17
1.542E+03  2.178E-27  8.907E-17
1.528E+03  2.267E-27  9.187E-17
1.514E+03  2.360E-27  9.475E-17
1.500E+03  2.456E-27  9.772E-17
1.486E+03  2.557E-27  1.008E-16
1.472E+03  2.662E-27  1.040E-16
1.459E+03  2.771E-27  1.072E-16
1.445E+03  2.884E-27  1.106E-16
1.432E+03  3.003E-27  1.141E-16
1.419E+03  3.126E-27  1.177E-16
1.406E+03  3.254E-27  1.214E-16
1.393E+03  3.387E-27  1.252E-16
1.380E+03  3.526E-27  1.291E-16
1.368E+03  3.671E-27  1.332E-16
1.355E+03  3.822E-27  1.374E-16
1.343E+03  3.978E-27  1.417E-16
1.330E+03  4.142E-27  1.462E-16
1.318E+03  4.312E-27  1.508E-16
1.306E+03  4.489E-27  1.555E-16
1.294E+03  4.673E-27  1.604E-16
1.282E+03  4.865E-27  1.655E-16
1.271E+03  5.065E-27  1.707E-16
1.259E+03  5.273E-27  1.761E-16
1.247E+03  5.489E-27  1.816E-16
1.236E+03  5.715E-27  1.873E-16
1.225E+03  5.949E-27  1.933E-16
1.213E+03  6.193E-27  1.993E-16
1.202E+03  6.448E-27  2.056E-16
1.191E+03  6.712E-27  2.121E-16
1.180E+03  6.988E-27  2.188E-16
1.169E+03  7.275E-27  2.257E-16
1.159E+03  7.573E-27  2.328E-16
1.148E+03  7.884E-27  2.401E-16
1.138E+03  8.208E-27  2.477E-16
1.127E+03  8.545E-27  2.555E-16
1.117E+03  8.896E-27  2.635E-16
1.107E+03  9.261E-27  2.718E-16
1.096E+03  9.640E-27  2.804E-16
1.086E+03  1.004E-26  2.892E-16
1.076E+03  1.045E-26  2.983E-16
1.067E+03  1.088E-26  3.077E-16
1.057E+03  1.132E-26  3.174E-16
1.047E+03  1.179E-26  3.274E-16
1.038E+03  1.227E-26  3.376E-16
1.028E+03  1.277E-26  3.483E-16
1.019E+03  1.329E-26  3.592E-16
1.009E+03  1.384E-26  3.705E-16
1.000E+03  1.440E-26  3.821E-16
9.908E+02  1.500E-26  3.941E-16
9.817E+02  1.561E-26  4.065E-16
9.727E+02  1.625E-26  4.193E-16
9.638E+02  1.691E-26  4.324E-16
9.550E+02  1.761E-26  4.460E-16
9.462E+02  1.833E-26  4.600E-16
9.376E+02  1.908E-26  4.745E-16
9.290E+02  1.986E-26  4.893E-16
9.204E+02  2.067E-26  5.047E-16
9.120E+02  2.152E-26  5.205E-16
9.036E+02  2.239E-26  5.368E-16
8.954E+02  2.331E-26  5.536E-16
8.872E+02  2.426E-26  5.709E-16
8.790E+02  2.525E-26  5.887E-16
8.710E+02  2.628E-26  6.071E-16
8.630E+02  2.735E-26  6.260E-16
8.551E+02  2.846E-26  6.456E-16
8.472E+02  2.962E-26  6.657E-16
8.395E+02  3.082E-26  6.864E-16
8.318E+02  3.208E-26  7.077E-16
8.241E+02  3.338E-26  7.297E-16
8.166E+02  3.473E-26  7.524E-16
8.091E+02  3.614E-26  7.757E-16
8.017E+02  3.761E-26  7.998E-16
7.943E+02  3.913E-26  8.245E-16
7.870E+02  4.072E-26  8.500E-16
7.798E+02  4.236E-26  8.763E-16
7.727E+02  4.408E-26  9.034E-16
7.656E+02  4.586E-26  9.314E-16
7.586E+02  4.771E-26  9.601E-16
7.516E+02  4.964E-26  9.897E-16
7.447E+02  5.165E-26  1.020E-15
7.379E+02  5.374E-26  1.052E-15
7.311E+02  5.591E-26  1.084E-15
7.244E+02  5.818E-26  1.118E-15
7.178E+02  6.053E-26  1.153E-15
7.112E+02  6.298E-26  1.188E-15
7.047E+02  6.553E-26  1.225E-15
6.982E+02  6.818E-26  1.263E-15
6.918E+02  7.094E-26  1.302E-15
6.855E+02  7.381E-26  1.342E-15
6.792E+02  7.679E-26  1.384E-15
6.730E+02  7.989E-26  1.426E-15
6.668E+02  8.311E-26  1.470E-15
6.607E+02  8.646E-26  1.515E-15
6.546E+02  8.996E-26  1.562E-15
6.486E+02  9.360E-26  1.610E-15
6.427E+02  9.740E-26  1.660E-15
6.368E+02  1.013E-25  1.712E-15
6.310E+02  1.054E-25  1.765E-15
6.252E+02  1.097E-25  1.820E-15
6.194E+02  1.142E-25  1.876E-15
6.138E+02  1.188E-25  1.934E-15
6.081E+02  1.236E-25  1.994E-15
6.026E+02  1.286E-25  2.056E-15
5.970E+02  1.338E-25  2.120E-15
5.916E+02  1.393E-25  2.185E-15
5.861E+02  1.449E-25  2.253E-15
5.808E+02  1.508E-25  2.323E-15
5.754E+02  1.569E-25  2.395E-15
5.702E+02  1.633E-25  2.469E-15
5.649E+02  1.699E-25  2.546E-15
5.598E+02  1.768E-25  2.625E-15
5.546E+02  1.840E-25  2.706E-15
5.495E+02  1.914E-25  2.790E-15
5.445E+02  1.992E-25  2.877E-15
5.395E+02  2.073E-25  2.966E-15
5.346E+02  2.157E-25  3.059E-15
5.297E+02  2.245E-25  3.154E-15
5.248E+02  2.336E-25  3.251E-15
5.200E+02  2.430E-25  3.352E-15
5.152E+02  2.529E-25  3.457E-15
5.105E+02  2.632E-25  3.564E-15
5.058E+02  2.739E-25  3.675E-15
5.012E+02  2.850E-25  3.789E-15
4.966E+02  2.965E-25  3.906E-15
4.920E+02  3.086E-25  4.027E-15
4.875E+02  3.211E-25  4.152E-15
4.831E+02  3.341E-25  4.281E-15
4.786E+02  3.477E-25  4.414E-15
4.742E+02  3.618E-25  4.551E-15
4.699E+02  3.764E-25  4.692E-15
4.656E+02  3.917E-25  4.838E-15
4.613E+02  4.076E-25  4.988E-15
4.571E+02  4.241E-25  5.142E-15
4.529E+02  4.413E-25  5.301E-15
4.487E+02  4.592E-25  5.466E-15
4.446E+02  4.777E-25  5.635E-15
4.406E+02  4.971E-25  5.809E-15
4.365E+02  5.172E-25  5.989E-15
4.325E+02  5.381E-25  6.174E-15
4.285E+02  5.599E-25  6.364E-15
4.246E+02  5.825E-25  6.561E-15
4.207E+02  6.061E-25  6.764E-15
4.169E+02  6.306E-25  6.973E-15
4.130E+02  6.560E-25  7.188E-15
4.093E+02  6.825E-25  7.410E-15
4.055E+02  7.101E-25  7.638E-15
4.018E+02  7.388E-25  7.874E-15
3.981E+02  7.686E-25  8.116E-15
3.945E+02  7.996E-25  8.367E-15
3.908E+02  8.319E-25  8.625E-15
3.873E+02  8.654E-25  8.890E-15
3.837E+02  9.003E-25  9.164E-15
3.802E+02  9.366E-25  9.446E-15
3.767E+02  9.744E-25  9.736E-15
3.733E+02  1.014E-24  1.004E-14
3.698E+02  1.054E-24  1.034E-14
3.664E+02  1.097E-24  1.066E-14
3.631E+02  1.141E-24  1.099E-14
3.597E+02  1.187E-24  1.132E-14
3.565E+02  1.234E-24  1.167E-14
3.532E+02  1.284E-24  1.203E-14
3.499E+02  1.335E-24  1.240E-14
3.467E+02  1.389E-24  1.277E-14
3.436E+02  1.444E-24  1.316E-14
3.404E+02  1.502E-24  1.357E-14
3.373E+02  1.562E-24  1.398E-14
3.342E+02  1.625E-24  1.440E-14
3.311E+02  1.690E-24  1.484E-14
3.281E+02  1.757E-24  1.529E-14
3.251E+02  1.827E-24  1.575E-14
3.221E+02  1.900E-24  1.623E-14
3.192E+02  1.975E-24  1.672E-14
3.162E+02  2.054E-24  1.723E-14
3.133E+02  2.135E-24  1.775E-14
3.105E+02  2.220E-24  1.828E-14
3.076E+02  2.308E-24  1.883E-14
3.048E+02  2.399E-24  1.940E-14
3.020E+02  2.494E-24  1.998E-14
2.992E+02  2.593E-24  2.058E-14
2.965E+02  2.695E-24  2.119E-14
2.938E+02  2.801E-24  2.183E-14
2.911E+02  2.911E-24  2.248E-14
2.884E+02  3.026E-24  2.315E-14
2.858E+02  3.144E-24  2.383E-14
2.831E+02  3.268E-24  2.454E-14
2.805E+02  3.395E-24  2.527E-14
2.780E+02  3.528E-24  2.601E-14
2.754E+02  3.666E-24  2.678E-14
2.729E+02  3.809E-24  2.757E-14
2.704E+02  3.958E-24  2.839E-14
2.679E+02  4.112E-24  2.923E-14
2.655E+02  4.273E-24  3.009E-14
2.630E+02  4.439E-24  3.097E-14
2.606E+02  4.612E-24  3.188E-14
2.582E+02  4.791E-24  3.281E-14
2.559E+02  4.975E-24  3.377E-14
2.535E+02  5.166E-24  3.474E-14
2.512E+02  5.364E-24  3.574E-14
2.489E+02  5.565E-24  3.674E-14
2.466E+02  5.770E-24  3.775E-14
2.443E+02  5.982E-24  3.877E-14
2.421E+02  6.199E-24  3.981E-14
2.399E+02  6.423E-24  4.087E-14
2.377E+02  6.650E-24  4.193E-14
2.355E+02  6.886E-24  4.301E-14
2.333E+02  7.128E-24  4.412E-14
2.312E+02  7.379E-24  4.525E-14
2.291E+02  7.637E-24  4.641E-14
2.270E+02  7.904E-24  4.759E-14
2.249E+02  8.179E-24  4.879E-14
2.228E+02  8.463E-24  5.003E-14
2.208E+02  8.756E-24  5.128E-14
2.188E+02  9.058E-24  5.257E-14
2.168E+02  9.370E-24  5.388E-14
2.148E+02  9.691E-24  5.521E-14
2.128E+02  1.002E-23  5.658E-14
2.109E+02  1.036E-23  5.797E-14
2.089E+02  1.072E-23  5.938E-14
2.070E+02  1.108E-23  6.083E-14
2.051E+02  1.145E-23  6.230E-14
2.032E+02  1.183E-23  6.380E-14
2.014E+02  1.223E-23  6.533E-14
1.995E+02  1.264E-23  6.689E-14
1.977E+02  1.306E-23  6.848E-14
1.959E+02  1.349E-23  7.009E-14
1.941E+02  1.393E-23  7.174E-14
1.923E+02  1.439E-23  7.341E-14
1.905E+02  1.486E-23  7.512E-14
1.888E+02  1.535E-23  7.686E-14
1.871E+02  1.585E-23  7.863E-14
1.854E+02  1.636E-23  8.044E-14
1.837E+02  1.689E-23  8.227E-14
1.820E+02  1.743E-23  8.414E-14
1.803E+02  1.799E-23  8.604E-14
1.786E+02  1.857E-23  8.798E-14
1.770E+02  1.916E-23  8.995E-14
1.754E+02  1.977E-23  9.196E-14
1.738E+02  2.039E-23  9.401E-14
1.722E+02  2.104E-23  9.609E-14
1.706E+02  2.170E-23  9.821E-14
1.690E+02  2.238E-23  1.004E-13
1.675E+02  2.309E-23  1.026E-13
1.660E+02  2.381E-23  1.048E-13
1.644E+02  2.456E-23  1.071E-13
1.629E+02  2.532E-23  1.094E-13
1.614E+02  2.611E-23  1.118E-13
1.600E+02  2.693E-23  1.143E-13
1.585E+02  2.777E-23  1.167E-13
1.570E+02  2.864E-23  1.193E-13
1.556E+02  2.953E-23  1.219E-13
1.542E+02  3.046E-23  1.246E-13
1.528E+02  3.141E-23  1.273E-13
1.514E+02  3.240E-23  1.301E-13
1.500E+02  3.341E-23  1.329E-13
1.486E+02  3.446E-23  1.358E-13
1.472E+02  3.553E-23  1.388E-13
1.459E+02  3.663E-23  1.418E-13
1.445E+02  3.776E-23  1.448E-13
1.432E+02  3.889E-23  1.477E-13
1.419E+02  4.002E-23  1.506E-13
1.406E+02  4.114E-23  1.534E-13
1.393E+02  4.223E-23  1.561E-13
1.380E+02  4.329E-23  1.585E-13
1.368E+02  4.432E-23  1.608E-13
1.355E+02  4.532E-23  1.629E-13
1.343E+02  4.631E-23  1.649E-13
1.330E+02  4.729E-23  1.669E-13
1.318E+02  4.828E-23  1.688E-13
1.306E+02  4.929E-23  1.708E-13
1.294E+02  5.033E-23  1.728E-13
1.282E+02  5.139E-23  1.748E-13
1.271E+02  5.247E-23  1.768E-13
1.259E+02  5.359E-23  1.789E-13
1.247E+02  5.473E-23  1.811E-13
1.236E+02  5.591E-23  1.833E-13
1.225E+02  5.712E-23  1.855E-13
1.213E+02  5.836E-23  1.878E-13
1.202E+02  5.962E-23  1.901E-13
1.191E+02  6.092E-23  1.925E-13
1.180E+02  6.225E-23  1.949E-13
1.169E+02  6.359E-23  1.973E-13
1.159E+02  6.496E-23  1.997E-13
1.148E+02  6.636E-23  2.021E-13
1.138E+02  6.779E-23  2.046E-13
1.127E+02  6.924E-23  2.070E-13
1.117E+02  7.073E-23  2.095E-13
1.107E+02  7.224E-23  2.121E-13
1.096E+02  7.378E-23  2.146E-13
1.086E+02  7.534E-23  2.171E-13
1.076E+02  7.693E-23  2.197E-13
1.067E+02  7.854E-23  2.222E-13
1.057E+02  8.018E-23  2.248E-13
1.047E+02  8.184E-23  2.273E-13
1.038E+02  8.353E-23  2.299E-13
1.028E+02  8.523E-23  2.324E-13
1.019E+02  8.694E-23  2.349E-13
1.009E+02  8.869E-23  2.374E-13
1.000E+02  9.045E-23  2.399E-13
9.908E+01  9.222E-23  2.424E-13
9.817E+01  9.402E-23  2.448E-13
9.727E+01  9.583E-23  2.473E-13
9.638E+01  9.767E-23  2.497E-13
9.550E+01  9.952E-23  2.521E-13
9.462E+01  1.014E-22  2.545E-13
9.376E+01  1.033E-22  2.568E-13
9.290E+01  1.052E-22  2.591E-13
9.204E+01  1.071E-22  2.614E-13
9.120E+01  1.090E-22  2.636E-13
9.036E+01  1.109E-22  2.659E-13
8.954E+01  1.129E-22  2.680E-13
8.872E+01  1.148E-22  2.702E-13
8.790E+01  1.168E-22  2.723E-13
8.710E+01  1.188E-22  2.744E-13
8.630E+01  1.208E-22  2.765E-13
8.551E+01  1.228E-22  2.785E-13
8.472E+01  1.248E-22  2.805E-13
8.395E+01  1.268E-22  2.824E-13
8.318E+01  1.289E-22  2.843E-13
8.241E+01  1.309E-22  2.862E-13
8.166E+01  1.330E-22  2.880E-13
8.091E+01  1.350E-22  2.898E-13
8.017E+01  1.371E-22  2.916E-13
7.943E+01  1.392E-22  2.933E-13
7.870E+01  1.413E-22  2.949E-13
7.798E+01  1.433E-22  2.965E-13
7.727E+01  1.454E-22  2.980E-13
7.656E+01  1.475E-22  2.995E-13
7.586E+01  1.496E-22  3.010E-13
7.516E+01  1.517E-22  3.024E-13
7.447E+01  1.537E-22  3.037E-13
7.379E+01  1.558E-22  3.050E-13
7.311E+01  1.579E-22  3.062E-13
7.244E+01  1.599E-22  3.073E-13
7.178E+01  1.620E-22  3.084E-13
7.112E+01  1.640E-22  3.094E-13
7.047E+01  1.661E-22  3.104E-13
6.982E+01  1.681E-22  3.114E-13
6.918E+01  1.702E-22  3.123E-13
6.855E+01  1.722E-22  3.132E-13
6.792E+01  1.742E-22  3.139E-13
6.730E+01  1.763E-22  3.147E-13
6.668E+01  1.783E-22  3.153E-13
6.607E+01  1.803E-22  3.160E-13
6.546E+01  1.823E-22  3.165E-13
6.486E+01  1.843E-22  3.170E-13
6.427E+01  1.862E-22  3.175E-13
6.368E+01  1.882E-22  3.179E-13
6.310E+01  1.901E-22  3.182E-13
6.252E+01  1.921E-22  3.185E-13
6.194E+01  1.940E-22  3.188E-13
6.138E+01  1.960E-22  3.190E-13
6.081E+01  1.979E-22  3.192E-13
6.026E+01  1.998E-22  3.193E-13
5.970E+01  2.017E-22  3.194E-13
5.916E+01  2.035E-22  3.194E-13
5.861E+01  2.054E-22  3.193E-13
5.808E+01  2.072E-22  3.192E-13
5.754E+01  2.091E-22  3.191E-13
5.702E+01  2.109E-22  3.189E-13
5.649E+01  2.127E-22  3.187E-13
5.598E+01  2.145E-22  3.185E-13
5.546E+01  2.163E-22  3.182E-13
5.495E+01  2.181E-22  3.179E-13
5.445E+01  2.199E-22  3.175E-13
5.395E+01  2.216E-22  3.172E-13
5.346E+01  2.234E-22  3.168E-13
5.297E+01  2.251E-22  3.163E-13
5.248E+01  2.269E-22  3.158E-13
5.200E+01  2.286E-22  3.153E-13
5.152E+01  2.303E-22  3.148E-13
5.105E+01  2.320E-22  3.142E-13
5.058E+01  2.337E-22  3.136E-13
5.012E+01  2.354E-22  3.129E-13
4.966E+01  2.370E-22  3.122E-13
4.920E+01  2.387E-22  3.115E-13
4.875E+01  2.403E-22  3.108E-13
4.831E+01  2.420E-22  3.100E-13
4.786E+01  2.436E-22  3.093E-13
4.742E+01  2.452E-22  3.085E-13
4.699E+01  2.468E-22  3.077E-13
4.656E+01  2.484E-22  3.068E-13
4.613E+01  2.500E-22  3.059E-13
4.571E+01  2.516E-22  3.050E-13
4.529E+01  2.531E-22  3.041E-13
4.487E+01  2.547E-22  3.032E-13
4.446E+01  2.562E-22  3.022E-13
4.406E+01  2.577E-22  3.012E-13
4.365E+01  2.592E-22  3.001E-13
4.325E+01  2.606E-22  2.990E-13
4.285E+01  2.620E-22  2.978E-13
4.246E+01  2.633E-22  2.966E-13
4.207E+01  2.646E-22  2.953E-13
4.169E+01  2.658E-22  2.939E-13
4.130E+01  2.669E-22  2.925E-13
4.093E+01  2.680E-22  2.909E-13
4.055E+01  2.689E-22  2.893E-13
4.018E+01  2.698E-22  2.875E-13
3.981E+01  2.705E-22  2.857E-13
3.945E+01  2.711E-22  2.837E-13
3.908E+01  2.716E-22  2.816E-13
3.873E+01  2.719E-22  2.793E-13
3.837E+01  2.721E-22  2.769E-13
3.802E+01  2.720E-22  2.743E-13
3.767E+01  2.717E-22  2.715E-13
3.733E+01  2.712E-22  2.685E-13
3.698E+01  2.705E-22  2.653E-13
3.664E+01  2.695E-22  2.619E-13
3.631E+01  2.682E-22  2.583E-13
3.597E+01  2.667E-22  2.545E-13
3.565E+01  2.649E-22  2.504E-13
3.532E+01  2.627E-22  2.461E-13
3.499E+01  2.603E-22  2.416E-13
3.467E+01  2.576E-22  2.369E-13
3.436E+01  2.545E-22  2.319E-13
3.404E+01  2.511E-22  2.267E-13
3.373E+01  2.474E-22  2.213E-13
3.342E+01  2.434E-22  2.157E-13
3.311E+01  2.390E-22  2.100E-13
3.281E+01  2.345E-22  2.040E-13
3.251E+01  2.296E-22  1.980E-13
3.221E+01  2.245E-22  1.918E-13
3.192E+01  2.191E-22  1.855E-13
3.162E+01  2.135E-22  1.791E-13
3.133E+01  2.078E-22  1.727E-13
3.105E+01  2.019E-22  1.663E-13
3.076E+01  1.959E-22  1.599E-13
3.048E+01  1.899E-22  1.535E-13
3.020E+01  1.838E-22  1.472E-13
2.992E+01  1.776E-22  1.410E-13
2.965E+01  1.715E-22  1.348E-13
2.938E+01  1.654E-22  1.289E-13
2.911E+01  1.593E-22  1.230E-13
2.884E+01  1.534E-22  1.173E-13
2.858E+01  1.475E-22  1.118E-13
2.831E+01  1.418E-22  1.065E-13
2.805E+01  1.363E-22  1.014E-13
2.780E+01  1.309E-22  9.649E-14
2.754E+01  1.256E-22  9.178E-14
2.729E+01  1.206E-22  8.727E-14
2.704E+01  1.157E-22  8.298E-14
2.679E+01  1.110E-22  7.890E-14
2.655E+01  1.065E-22  7.501E-14
2.630E+01  1.022E-22  7.132E-14
2.606E+01  9.812E-23  6.783E-14
2.582E+01  9.420E-23  6.452E-14
2.559E+01  9.047E-23  6.140E-14
2.535E+01  8.692E-23  5.845E-14
2.512E+01  8.355E-23  5.567E-14
2.489E+01  8.034E-23  5.304E-14
2.466E+01  7.730E-23  5.056E-14
2.443E+01  7.441E-23  4.823E-14
2.421E+01  7.167E-23  4.603E-14
2.399E+01  6.907E-23  4.395E-14
2.377E+01  6.661E-23  4.200E-14
2.355E+01  6.431E-23  4.017E-14
2.333E+01  6.212E-23  3.845E-14
2.312E+01  6.004E-23  3.682E-14
2.291E+01  5.808E-23  3.529E-14
2.270E+01  5.626E-23  3.387E-14
2.249E+01  5.457E-23  3.255E-14
2.228E+01  5.298E-23  3.132E-14
2.208E+01  5.148E-23  3.015E-14
2.188E+01  5.004E-23  2.904E-14
2.168E+01  4.867E-23  2.799E-14
2.148E+01  4.739E-23  2.700E-14
2.128E+01  4.620E-23  2.608E-14
2.109E+01  4.511E-23  2.523E-14
2.089E+01  4.407E-23  2.443E-14
2.070E+01  4.310E-23  2.366E-14
2.051E+01  4.218E-23  2.295E-14
2.032E+01  4.134E-23  2.228E-14
2.014E+01  4.059E-23  2.168E-14
1.995E+01  3.990E-23  2.112E-14
1.977E+01  3.926E-23  2.059E-14
1.959E+01  3.866E-23  2.009E-14
1.941E+01  3.811E-23  1.962E-14
1.923E+01  3.761E-23  1.919E-14
1.905E+01  3.717E-23  1.879E-14
1.888E+01  3.681E-23  1.844E-14
1.871E+01  3.655E-23  1.814E-14
1.854E+01  3.643E-23  1.791E-14
1.837E+01  3.653E-23  1.780E-14
1.820E+01  3.704E-23  1.788E-14
1.803E+01  3.861E-23  1.846E-14
1.786E+01  4.155E-23  1.969E-14
1.770E+01  4.115E-23  1.932E-14
1.754E+01  4.405E-23  2.049E-14
1.738E+01  5.283E-23  2.435E-14
1.722E+01  4.892E-23  2.234E-14
1.706E+01  4.827E-23  2.184E-14
1.690E+01  4.669E-23  2.094E-14
1.675E+01  4.441E-23  1.973E-14
1.660E+01  4.538E-23  1.998E-14
1.644E+01  5.390E-23  2.351E-14
1.629E+01  4.012E-23  1.734E-14
1.614E+01  3.536E-23  1.514E-14
1.600E+01  3.627E-23  1.539E-14
1.585E+01  3.600E-23  1.514E-14
1.570E+01  3.085E-23  1.285E-14
1.556E+01  2.830E-23  1.168E-14
1.542E+01  2.699E-23  1.104E-14
1.528E+01  2.613E-23  1.059E-14
1.514E+01  2.550E-23  1.024E-14
1.500E+01  2.501E-23  9.951E-15
1.486E+01  2.464E-23  9.713E-15
1.472E+01  2.441E-23  9.532E-15
1.459E+01  2.438E-23  9.434E-15
1.445E+01  2.479E-23  9.505E-15
1.432E+01  2.615E-23  9.935E-15
1.419E+01  2.767E-23  1.041E-14
1.406E+01  2.597E-23  9.687E-15
1.393E+01  2.466E-23  9.114E-15
1.380E+01  2.490E-23  9.117E-15
1.368E+01  2.714E-23  9.848E-15
1.355E+01  2.800E-23  1.007E-14
1.343E+01  2.584E-23  9.205E-15
1.330E+01  2.579E-23  9.101E-15
1.318E+01  2.717E-23  9.500E-15
1.306E+01  2.998E-23  1.039E-14
1.294E+01  3.492E-23  1.199E-14
1.282E+01  4.288E-23  1.458E-14
1.271E+01  5.275E-23  1.778E-14
1.259E+01  5.690E-23  1.900E-14
1.247E+01  5.098E-23  1.687E-14
1.236E+01  4.378E-23  1.435E-14
1.225E+01  4.070E-23  1.322E-14
1.213E+01  4.137E-23  1.332E-14
1.202E+01  4.272E-23  1.362E-14
1.191E+01  4.110E-23  1.299E-14
1.180E+01  3.774E-23  1.182E-14
1.169E+01  3.660E-23  1.135E-14
1.159E+01  4.056E-23  1.247E-14
1.148E+01  5.408E-23  1.647E-14
1.138E+01  8.252E-23  2.490E-14
1.127E+01  1.146E-22  3.427E-14
1.117E+01  7.804E-23  2.312E-14
1.107E+01  4.116E-23  1.208E-14
1.096E+01  2.803E-23  8.151E-15
1.086E+01  2.181E-23  6.285E-15
1.076E+01  1.839E-23  5.250E-15
1.067E+01  1.629E-23  4.608E-15
1.057E+01  1.491E-23  4.178E-15
1.047E+01  1.394E-23  3.873E-15
1.038E+01  1.325E-23  3.647E-15
1.028E+01  1.274E-23  3.475E-15
1.019E+01  1.237E-23  3.341E-15
1.009E+01  1.210E-23  3.239E-15
1.000E+01  1.192E-23  3.161E-15
9.908E+00  1.182E-23  3.105E-15
9.817E+00  1.179E-23  3.070E-15
9.727E+00  1.184E-23  3.055E-15
9.638E+00  1.197E-23  3.060E-15
9.550E+00  1.219E-23  3.087E-15
9.462E+00  1.251E-23  3.139E-15
9.376E+00  1.295E-23  3.221E-15
9.290E+00  1.356E-23  3.342E-15
9.204E+00  1.441E-23  3.517E-15
9.120E+00  1.558E-23  3.770E-15
9.036E+00  1.728E-23  4.142E-15
8.954E+00  1.983E-23  4.710E-15
8.872E+00  2.385E-23  5.613E-15
8.790E+00  3.042E-23  7.092E-15
8.710E+00  4.040E-23  9.334E-15
8.630E+00  4.965E-23  1.137E-14
8.551E+00  4.834E-23  1.097E-14
8.472E+00  4.176E-23  9.384E-15
8.395E+00  3.837E-23  8.544E-15
8.318E+00  3.809E-23  8.403E-15
8.241E+00  3.971E-23  8.680E-15
8.166E+00  4.389E-23  9.507E-15
8.091E+00  5.190E-23  1.114E-14
8.017E+00  6.470E-23  1.376E-14
7.943E+00  8.156E-23  1.719E-14
7.870E+00  9.681E-23  2.021E-14
7.798E+00  1.038E-22  2.147E-14
7.727E+00  1.077E-22  2.207E-14
7.656E+00  1.148E-22  2.332E-14
7.586E+00  1.131E-22  2.275E-14
7.516E+00  9.307E-23  1.856E-14
7.447E+00  7.029E-23  1.388E-14
7.379E+00  5.389E-23  1.055E-14
7.311E+00  4.300E-23  8.340E-15
7.244E+00  3.548E-23  6.819E-15
7.178E+00  3.004E-23  5.720E-15
7.112E+00  2.603E-23  4.910E-15
7.047E+00  2.312E-23  4.321E-15
6.982E+00  2.113E-23  3.914E-15
6.918E+00  1.998E-23  3.666E-15
6.855E+00  1.955E-23  3.554E-15
6.792E+00  1.964E-23  3.538E-15
6.730E+00  1.979E-23  3.534E-15
6.668E+00  1.952E-23  3.452E-15
6.607E+00  1.881E-23  3.297E-15
6.546E+00  1.837E-23  3.189E-15
6.486E+00  1.905E-23  3.277E-15
6.427E+00  2.195E-23  3.742E-15
6.368E+00  2.927E-23  4.944E-15
6.310E+00  4.599E-23  7.697E-15
6.252E+00  7.477E-23  1.240E-14
6.194E+00  7.608E-23  1.250E-14
6.138E+00  4.561E-23  7.425E-15
6.081E+00  2.668E-23  4.303E-15
6.026E+00  1.786E-23  2.855E-15
5.970E+00  1.366E-23  2.163E-15
5.916E+00  1.175E-23  1.844E-15
5.861E+00  1.137E-23  1.767E-15
5.808E+00  1.241E-23  1.912E-15
5.754E+00  1.471E-23  2.246E-15
5.702E+00  1.605E-23  2.428E-15
5.649E+00  1.367E-23  2.048E-15
5.598E+00  1.017E-23  1.510E-15
5.546E+00  7.743E-24  1.139E-15
5.495E+00  6.330E-24  9.228E-16
5.445E+00  5.566E-24  8.040E-16
5.395E+00  5.285E-24  7.564E-16
5.346E+00  5.543E-24  7.860E-16
5.297E+00  6.535E-24  9.181E-16
5.248E+00  7.260E-24  1.011E-15
5.200E+00  5.864E-24  8.088E-16
5.152E+00  4.414E-24  6.032E-16
5.105E+00  3.618E-24  4.899E-16
5.058E+00  3.173E-24  4.258E-16
5.012E+00  2.895E-24  3.849E-16
4.966E+00  2.702E-24  3.559E-16
4.920E+00  2.558E-24  3.339E-16
4.875E+00  2.444E-24  3.161E-16
4.831E+00  2.351E-24  3.013E-16
4.786E+00  2.273E-24  2.886E-16
4.742E+00  2.206E-24  2.775E-16
4.699E+00  2.147E-24  2.676E-16
4.656E+00  2.095E-24  2.588E-16
4.613E+00  2.049E-24  2.507E-16
4.571E+00  2.008E-24  2.434E-16
4.529E+00  1.970E-24  2.367E-16
4.487E+00  1.936E-24  2.304E-16
4.446E+00  1.905E-24  2.247E-16
4.406E+00  1.877E-24  2.193E-16
4.365E+00  1.851E-24  2.143E-16
4.325E+00  1.827E-24  2.096E-16
4.285E+00  1.805E-24  2.052E-16
4.246E+00  1.786E-24  2.011E-16
4.207E+00  1.768E-24  1.973E-16
4.169E+00  1.751E-24  1.937E-16
4.130E+00  1.737E-24  1.903E-16
4.093E+00  1.724E-24  1.871E-16
4.055E+00  1.712E-24  1.842E-16
4.018E+00  1.702E-24  1.814E-16
3.981E+00  1.695E-24  1.789E-16
3.945E+00  1.689E-24  1.767E-16
3.908E+00  1.685E-24  1.747E-16
3.873E+00  1.684E-24  1.730E-16
3.837E+00  1.686E-24  1.716E-16
3.802E+00  1.692E-24  1.706E-16
3.767E+00  1.702E-24  1.701E-16
3.733E+00  1.718E-24  1.701E-16
3.698E+00  1.741E-24  1.708E-16
3.664E+00  1.774E-24  1.724E-16
3.631E+00  1.820E-24  1.753E-16
3.597E+00  1.886E-24  1.799E-16
3.565E+00  1.980E-24  1.872E-16
3.532E+00  2.118E-24  1.984E-16
3.499E+00  2.330E-24  2.163E-16
3.467E+00  2.672E-24  2.457E-16
3.436E+00  3.271E-24  2.981E-16
3.404E+00  4.454E-24  4.022E-16
3.373E+00  7.279E-24  6.513E-16
3.342E+00  1.664E-23  1.475E-15
3.311E+00  6.306E-23  5.539E-15
3.281E+00  4.305E-23  3.746E-15
3.251E+00  1.227E-23  1.058E-15
3.221E+00  5.835E-24  4.985E-16
3.192E+00  3.707E-24  3.138E-16
3.162E+00  2.767E-24  2.321E-16
3.133E+00  2.273E-24  1.889E-16
3.105E+00  1.980E-24  1.631E-16
3.076E+00  1.792E-24  1.463E-16
3.048E+00  1.664E-24  1.345E-16
3.020E+00  1.571E-24  1.258E-16
2.992E+00  1.501E-24  1.191E-16
2.965E+00  1.446E-24  1.137E-16
2.938E+00  1.402E-24  1.093E-16
2.911E+00  1.366E-24  1.055E-16
2.884E+00  1.336E-24  1.022E-16
2.858E+00  1.309E-24  9.923E-17
2.831E+00  1.286E-24  9.658E-17
2.805E+00  1.265E-24  9.415E-17
2.780E+00  1.246E-24  9.190E-17
2.754E+00  1.229E-24  8.979E-17
2.729E+00  1.213E-24  8.780E-17
2.704E+00  1.198E-24  8.592E-17
2.679E+00  1.184E-24  8.412E-17
2.655E+00  1.170E-24  8.239E-17
2.630E+00  1.157E-24  8.072E-17
2.606E+00  1.144E-24  7.911E-17
2.582E+00  1.132E-24  7.754E-17
2.559E+00  1.120E-24  7.602E-17
2.535E+00  1.108E-24  7.453E-17
2.512E+00  1.097E-24  7.308E-17
2.489E+00  1.085E-24  7.166E-17
2.466E+00  1.074E-24  7.025E-17
2.443E+00  1.063E-24  6.887E-17
2.421E+00  1.051E-24  6.752E-17
2.399E+00  1.040E-24  6.620E-17
2.377E+00  1.029E-24  6.490E-17
2.355E+00  1.019E-24  6.363E-17
2.333E+00  1.008E-24  6.238E-17
2.312E+00  9.970E-25  6.115E-17
2.291E+00  9.863E-25  5.993E-17
2.270E+00  9.755E-25  5.873E-17
2.249E+00  9.646E-25  5.755E-17
2.228E+00  9.536E-25  5.637E-17
2.208E+00  9.424E-25  5.520E-17
2.188E+00  9.310E-25  5.403E-17
2.168E+00  9.193E-25  5.286E-17
2.148E+00  9.072E-25  5.169E-17
2.128E+00  8.946E-25  5.050E-17
2.109E+00  8.814E-25  4.930E-17
2.089E+00  8.672E-25  4.806E-17
2.070E+00  8.521E-25  4.679E-17
2.051E+00  8.355E-25  4.546E-17
2.032E+00  8.172E-25  4.405E-17
2.014E+00  7.967E-25  4.256E-17
1.995E+00  7.738E-25  4.095E-17
1.977E+00  7.483E-25  3.924E-17
1.959E+00  7.211E-25  3.747E-17
1.941E+00  6.948E-25  3.577E-17
1.923E+00  6.741E-25  3.439E-17
1.905E+00  6.641E-25  3.357E-17
1.888E+00  6.666E-25  3.338E-17
1.871E+00  6.778E-25  3.363E-17
1.854E+00  6.919E-25  3.402E-17
1.837E+00  7.044E-25  3.432E-17
1.820E+00  7.135E-25  3.444E-17
1.803E+00  7.190E-25  3.439E-17
1.786E+00  7.215E-25  3.419E-17
1.770E+00  7.217E-25  3.389E-17
1.754E+00  7.202E-25  3.351E-17
1.738E+00  7.174E-25  3.307E-17
1.722E+00  7.138E-25  3.260E-17
1.706E+00  7.095E-25  3.211E-17
1.690E+00  7.048E-25  3.160E-17
1.675E+00  6.999E-25  3.109E-17
1.660E+00  6.948E-25  3.059E-17
1.644E+00  6.897E-25  3.008E-17
1.629E+00  6.845E-25  2.958E-17
1.614E+00  6.796E-25  2.910E-17
1.600E+00  6.748E-25  2.863E-17
1.585E+00  6.703E-25  2.818E-17
1.570E+00  6.662E-25  2.775E-17
1.556E+00  6.625E-25  2.734E-17
1.542E+00  6.594E-25  2.696E-17
1.528E+00  6.569E-25  2.662E-17
1.514E+00  6.552E-25  2.630E-17
1.500E+00  6.543E-25  2.603E-17
1.486E+00  6.545E-25  2.580E-17
1.472E+00  6.559E-25  2.562E-17
1.459E+00  6.587E-25  2.549E-17
1.445E+00  6.633E-25  2.543E-17
1.432E+00  6.699E-25  2.545E-17
1.419E+00  6.790E-25  2.556E-17
1.406E+00  6.909E-25  2.577E-17
1.393E+00  7.064E-25  2.610E-17
1.380E+00  7.260E-25  2.658E-17
1.368E+00  7.507E-25  2.723E-17
1.355E+00  7.812E-25  2.808E-17
1.343E+00  8.182E-25  2.914E-17
1.330E+00  8.622E-25  3.043E-17
1.318E+00  9.123E-25  3.190E-17
1.306E+00  9.656E-25  3.346E-17
1.294E+00  1.016E-24  3.487E-17
1.282E+00  1.053E-24  3.581E-17
1.271E+00  1.064E-24  3.585E-17
1.259E+00  1.040E-24  3.473E-17
1.247E+00  9.825E-25  3.251E-17
1.236E+00  9.020E-25  2.957E-17
1.225E+00  8.139E-25  2.644E-17
1.213E+00  7.305E-25  2.351E-17
1.202E+00  6.585E-25  2.100E-17
1.191E+00  6.001E-25  1.896E-17
1.180E+00  5.548E-25  1.737E-17
1.169E+00  5.215E-25  1.618E-17
1.159E+00  4.988E-25  1.533E-17
1.148E+00  4.860E-25  1.480E-17
1.138E+00  4.829E-25  1.457E-17
1.127E+00  4.906E-25  1.467E-17
1.117E+00  5.112E-25  1.515E-17
1.107E+00  5.489E-25  1.611E-17
1.096E+00  6.101E-25  1.774E-17
1.086E+00  7.047E-25  2.031E-17
1.076E+00  8.421E-25  2.405E-17
1.067E+00  1.014E-24  2.870E-17
1.057E+00  1.152E-24  3.230E-17
1.047E+00  1.129E-24  3.137E-17
1.038E+00  9.347E-25  2.572E-17
1.028E+00  7.052E-25  1.923E-17
1.019E+00  5.272E-25  1.425E-17
1.009E+00  4.068E-25  1.089E-17
1.000E+00  3.270E-25  8.674E-18
