Dust emission from Draine & Li (2007): ApJ 657, 810-837
==========================================================
         2 = grain model
 4.000E-08 4.000E-01 7.500E-06 = a_01 (cm) , sigma_1 , b_C1/0.92
 2.000E-07 5.500E-01 2.500E-06 = a_02 (cm) , sigma_2 , b_C2/0.92
 7.000E-01 7.000E-01 1.000E+00 = Umin , Umax, beta (dN/dU propto U^{-beta})
 7.000E-01 = <U> 
     mmp83 = radfield
 3.099E-24 = power/H (erg s-1)
 band   nu*P_nu(band) j_nu(band)
 (um)   (erg s-1 H-1)(Jy cm2 sr-1 H-1)
1.270E+00  2.904E-27  9.785E-20 COBE-DIRBE
2.220E+00  3.587E-27  2.113E-19 COBE-DIRBE
3.530E+00  2.349E-26  2.199E-18 COBE-DIRBE
4.880E+00  1.044E-26  1.352E-18 COBE-DIRBE
1.229E+01  1.192E-25  3.887E-17 COBE-DIRBE
2.079E+01  1.167E-25  6.435E-17 COBE-DIRBE
5.599E+01  5.818E-25  8.641E-16 COBE-DIRBE
9.770E+01  1.872E-24  4.852E-15 COBE-DIRBE
1.479E+02  2.165E-24  8.492E-15 COBE-DIRBE
2.479E+02  9.788E-25  6.436E-15 COBE-DIRBE
1.200E+01  1.236E-25  3.936E-17 IRAS
2.500E+01  1.180E-25  7.827E-17 IRAS
6.000E+01  6.967E-25  1.109E-15 IRAS
1.000E+02  1.930E-24  5.121E-15 IRAS
3.550E+00  2.733E-26  2.573E-18 SST-IRAC
4.493E+00  7.556E-27  9.006E-19 SST-IRAC
5.731E+00  6.213E-26  9.445E-18 SST-IRAC
7.872E+00  1.613E-25  3.369E-17 SST-IRAC
2.368E+01  1.079E-25  6.776E-17 SST-MIPS
7.142E+01  9.841E-25  1.864E-15 SST-MIPS
1.559E+02  2.039E-24  8.430E-15 SST-MIPS
1.600E+01  1.132E-25  4.806E-17 SST-IRSPU
2.200E+01  1.117E-25  6.517E-17 SST-IRSPU
7.500E+01  8.262E-25  1.644E-15 Herschel-PACS
1.100E+02  1.426E-24  4.161E-15 Herschel-PACS
1.700E+02  1.560E-24  7.036E-15 Herschel-PACS
2.500E+02  8.600E-25  5.703E-15 Herschel-SPIRE
3.600E+02  2.940E-25  2.807E-15 Herschel-SPIRE
5.200E+02  8.089E-26  1.116E-15 Herschel-SPIRE
2.400E+00  4.011E-27  2.553E-19 Akari IRC NIR N2
3.200E+00  1.805E-26  1.532E-18 Akari IRC NIR N3
4.100E+00  8.213E-27  8.932E-19 Akari IRC NIR N4
7.000E+00  1.808E-25  3.357E-17 Akari IRC MIR-S S7
9.000E+00  1.327E-25  3.167E-17 Akari IRC MIR-S S9W
1.100E+01  1.120E-25  3.268E-17 Akari IRC MIR-S S11
1.500E+01  1.186E-25  4.717E-17 Akari IRC MIR-L L15
1.800E+01  1.131E-25  5.400E-17 Akari IRC MIR-L L18W
2.400E+01  1.101E-25  7.007E-17 Akari IRC MIR-L L24
6.500E+01  8.835E-25  1.523E-15 Akari FIS N60
8.000E+01  1.565E-24  3.321E-15 Akari FIS WIDE-S
1.400E+02  2.183E-24  8.105E-15 Akari FIS WIDE-L
1.600E+02  2.039E-24  8.655E-15 Akari FIS N160
 
 
 
 


lambda    nu*dP/dnu     j_nu
 (um)   (erg s-1 H-1)(Jy cm2 sr-1 H-1)
1.000E+04  4.981E-31  1.321E-19
9.908E+03  5.164E-31  1.357E-19
9.817E+03  5.353E-31  1.394E-19
9.727E+03  5.548E-31  1.432E-19
9.638E+03  5.751E-31  1.470E-19
9.550E+03  5.961E-31  1.510E-19
9.462E+03  6.179E-31  1.551E-19
9.376E+03  6.405E-31  1.593E-19
9.290E+03  6.640E-31  1.636E-19
9.204E+03  6.883E-31  1.680E-19
9.120E+03  7.134E-31  1.726E-19
9.036E+03  7.395E-31  1.773E-19
8.954E+03  7.665E-31  1.820E-19
8.872E+03  7.944E-31  1.869E-19
8.790E+03  8.233E-31  1.920E-19
8.710E+03  8.533E-31  1.971E-19
8.630E+03  8.844E-31  2.024E-19
8.551E+03  9.166E-31  2.079E-19
8.472E+03  9.501E-31  2.135E-19
8.395E+03  9.847E-31  2.193E-19
8.318E+03  1.021E-30  2.252E-19
8.241E+03  1.058E-30  2.313E-19
8.166E+03  1.097E-30  2.376E-19
8.091E+03  1.137E-30  2.440E-19
8.017E+03  1.178E-30  2.506E-19
7.943E+03  1.222E-30  2.574E-19
7.870E+03  1.266E-30  2.644E-19
7.798E+03  1.313E-30  2.716E-19
7.727E+03  1.361E-30  2.790E-19
7.656E+03  1.411E-30  2.865E-19
7.586E+03  1.463E-30  2.943E-19
7.516E+03  1.517E-30  3.024E-19
7.447E+03  1.572E-30  3.106E-19
7.379E+03  1.630E-30  3.191E-19
7.311E+03  1.690E-30  3.278E-19
7.244E+03  1.752E-30  3.368E-19
7.178E+03  1.817E-30  3.460E-19
7.112E+03  1.884E-30  3.554E-19
7.047E+03  1.954E-30  3.652E-19
6.982E+03  2.026E-30  3.752E-19
6.918E+03  2.100E-30  3.854E-19
6.855E+03  2.178E-30  3.960E-19
6.792E+03  2.258E-30  4.068E-19
6.730E+03  2.342E-30  4.180E-19
6.668E+03  2.428E-30  4.295E-19
6.607E+03  2.518E-30  4.413E-19
6.546E+03  2.611E-30  4.534E-19
6.486E+03  2.708E-30  4.659E-19
6.427E+03  2.808E-30  4.787E-19
6.368E+03  2.912E-30  4.919E-19
6.310E+03  3.020E-30  5.054E-19
6.252E+03  3.132E-30  5.194E-19
6.194E+03  3.248E-30  5.337E-19
6.138E+03  3.369E-30  5.485E-19
6.081E+03  3.494E-30  5.637E-19
6.026E+03  3.624E-30  5.793E-19
5.970E+03  3.759E-30  5.953E-19
5.916E+03  3.899E-30  6.118E-19
5.861E+03  4.044E-30  6.288E-19
5.808E+03  4.195E-30  6.462E-19
5.754E+03  4.351E-30  6.642E-19
5.702E+03  4.514E-30  6.827E-19
5.649E+03  4.682E-30  7.016E-19
5.598E+03  4.857E-30  7.212E-19
5.546E+03  5.039E-30  7.413E-19
5.495E+03  5.227E-30  7.619E-19
5.445E+03  5.423E-30  7.832E-19
5.395E+03  5.626E-30  8.051E-19
5.346E+03  5.836E-30  8.276E-19
5.297E+03  6.055E-30  8.507E-19
5.248E+03  6.282E-30  8.745E-19
5.200E+03  6.517E-30  8.990E-19
5.152E+03  6.762E-30  9.242E-19
5.105E+03  7.016E-30  9.501E-19
5.058E+03  7.279E-30  9.767E-19
5.012E+03  7.553E-30  1.004E-18
4.966E+03  7.837E-30  1.032E-18
4.920E+03  8.131E-30  1.061E-18
4.875E+03  8.437E-30  1.091E-18
4.831E+03  8.755E-30  1.122E-18
4.786E+03  9.084E-30  1.153E-18
4.742E+03  9.426E-30  1.186E-18
4.699E+03  9.782E-30  1.219E-18
4.656E+03  1.015E-29  1.254E-18
4.613E+03  1.053E-29  1.289E-18
4.571E+03  1.093E-29  1.325E-18
4.529E+03  1.134E-29  1.363E-18
4.487E+03  1.177E-29  1.401E-18
4.446E+03  1.222E-29  1.441E-18
4.406E+03  1.268E-29  1.482E-18
4.365E+03  1.316E-29  1.524E-18
4.325E+03  1.366E-29  1.567E-18
4.285E+03  1.418E-29  1.612E-18
4.246E+03  1.472E-29  1.658E-18
4.207E+03  1.528E-29  1.705E-18
4.169E+03  1.586E-29  1.753E-18
4.130E+03  1.646E-29  1.803E-18
4.093E+03  1.708E-29  1.855E-18
4.055E+03  1.773E-29  1.907E-18
4.018E+03  1.841E-29  1.962E-18
3.981E+03  1.911E-29  2.018E-18
3.945E+03  1.983E-29  2.075E-18
3.908E+03  2.059E-29  2.135E-18
3.873E+03  2.137E-29  2.195E-18
3.837E+03  2.219E-29  2.258E-18
3.802E+03  2.303E-29  2.323E-18
3.767E+03  2.391E-29  2.389E-18
3.733E+03  2.482E-29  2.458E-18
3.698E+03  2.577E-29  2.528E-18
3.664E+03  2.676E-29  2.601E-18
3.631E+03  2.778E-29  2.676E-18
3.597E+03  2.884E-29  2.753E-18
3.565E+03  2.995E-29  2.832E-18
3.532E+03  3.110E-29  2.913E-18
3.499E+03  3.229E-29  2.997E-18
3.467E+03  3.353E-29  3.084E-18
3.436E+03  3.482E-29  3.173E-18
3.404E+03  3.615E-29  3.264E-18
3.373E+03  3.754E-29  3.359E-18
3.342E+03  3.899E-29  3.456E-18
3.311E+03  4.049E-29  3.556E-18
3.281E+03  4.204E-29  3.659E-18
3.251E+03  4.366E-29  3.765E-18
3.221E+03  4.535E-29  3.874E-18
3.192E+03  4.709E-29  3.987E-18
3.162E+03  4.891E-29  4.103E-18
3.133E+03  5.080E-29  4.222E-18
3.105E+03  5.276E-29  4.345E-18
3.076E+03  5.480E-29  4.471E-18
3.048E+03  5.692E-29  4.602E-18
3.020E+03  5.912E-29  4.736E-18
2.992E+03  6.141E-29  4.874E-18
2.965E+03  6.378E-29  5.016E-18
2.938E+03  6.624E-29  5.162E-18
2.911E+03  6.880E-29  5.312E-18
2.884E+03  7.146E-29  5.467E-18
2.858E+03  7.422E-29  5.626E-18
2.831E+03  7.710E-29  5.790E-18
2.805E+03  8.008E-29  5.959E-18
2.780E+03  8.318E-29  6.134E-18
2.754E+03  8.641E-29  6.313E-18
2.729E+03  8.976E-29  6.498E-18
2.704E+03  9.325E-29  6.688E-18
2.679E+03  9.687E-29  6.884E-18
2.655E+03  1.006E-28  7.086E-18
2.630E+03  1.045E-28  7.294E-18
2.606E+03  1.086E-28  7.508E-18
2.582E+03  1.128E-28  7.729E-18
2.559E+03  1.172E-28  7.956E-18
2.535E+03  1.218E-28  8.190E-18
2.512E+03  1.265E-28  8.432E-18
2.489E+03  1.315E-28  8.680E-18
2.466E+03  1.366E-28  8.936E-18
2.443E+03  1.419E-28  9.199E-18
2.421E+03  1.475E-28  9.471E-18
2.399E+03  1.532E-28  9.751E-18
2.377E+03  1.592E-28  1.004E-17
2.355E+03  1.654E-28  1.034E-17
2.333E+03  1.719E-28  1.064E-17
2.312E+03  1.786E-28  1.096E-17
2.291E+03  1.856E-28  1.128E-17
2.270E+03  1.929E-28  1.161E-17
2.249E+03  2.005E-28  1.196E-17
2.228E+03  2.083E-28  1.231E-17
2.208E+03  2.165E-28  1.268E-17
2.188E+03  2.250E-28  1.305E-17
2.168E+03  2.338E-28  1.344E-17
2.148E+03  2.429E-28  1.384E-17
2.128E+03  2.525E-28  1.425E-17
2.109E+03  2.624E-28  1.468E-17
2.089E+03  2.727E-28  1.511E-17
2.070E+03  2.834E-28  1.556E-17
2.051E+03  2.945E-28  1.602E-17
2.032E+03  3.061E-28  1.650E-17
2.014E+03  3.181E-28  1.699E-17
1.995E+03  3.306E-28  1.750E-17
1.977E+03  3.436E-28  1.802E-17
1.959E+03  3.571E-28  1.855E-17
1.941E+03  3.711E-28  1.911E-17
1.923E+03  3.857E-28  1.968E-17
1.905E+03  4.009E-28  2.026E-17
1.888E+03  4.166E-28  2.087E-17
1.871E+03  4.330E-28  2.149E-17
1.854E+03  4.501E-28  2.213E-17
1.837E+03  4.678E-28  2.279E-17
1.820E+03  4.862E-28  2.347E-17
1.803E+03  5.053E-28  2.417E-17
1.786E+03  5.252E-28  2.489E-17
1.770E+03  5.458E-28  2.563E-17
1.754E+03  5.673E-28  2.639E-17
1.738E+03  5.897E-28  2.718E-17
1.722E+03  6.129E-28  2.799E-17
1.706E+03  6.370E-28  2.883E-17
1.690E+03  6.621E-28  2.969E-17
1.675E+03  6.882E-28  3.057E-17
1.660E+03  7.153E-28  3.149E-17
1.644E+03  7.434E-28  3.243E-17
1.629E+03  7.727E-28  3.339E-17
1.614E+03  8.031E-28  3.439E-17
1.600E+03  8.347E-28  3.542E-17
1.585E+03  8.676E-28  3.647E-17
1.570E+03  9.017E-28  3.756E-17
1.556E+03  9.372E-28  3.868E-17
1.542E+03  9.741E-28  3.983E-17
1.528E+03  1.012E-27  4.102E-17
1.514E+03  1.052E-27  4.224E-17
1.500E+03  1.094E-27  4.350E-17
1.486E+03  1.137E-27  4.480E-17
1.472E+03  1.181E-27  4.614E-17
1.459E+03  1.228E-27  4.751E-17
1.445E+03  1.276E-27  4.893E-17
1.432E+03  1.326E-27  5.038E-17
1.419E+03  1.378E-27  5.189E-17
1.406E+03  1.433E-27  5.343E-17
1.393E+03  1.489E-27  5.502E-17
1.380E+03  1.547E-27  5.666E-17
1.368E+03  1.608E-27  5.835E-17
1.355E+03  1.671E-27  6.008E-17
1.343E+03  1.737E-27  6.187E-17
1.330E+03  1.805E-27  6.371E-17
1.318E+03  1.876E-27  6.560E-17
1.306E+03  1.950E-27  6.755E-17
1.294E+03  2.026E-27  6.955E-17
1.282E+03  2.105E-27  7.162E-17
1.271E+03  2.188E-27  7.374E-17
1.259E+03  2.274E-27  7.592E-17
1.247E+03  2.363E-27  7.817E-17
1.236E+03  2.455E-27  8.049E-17
1.225E+03  2.551E-27  8.287E-17
1.213E+03  2.651E-27  8.531E-17
1.202E+03  2.754E-27  8.783E-17
1.191E+03  2.862E-27  9.043E-17
1.180E+03  2.973E-27  9.309E-17
1.169E+03  3.089E-27  9.584E-17
1.159E+03  3.210E-27  9.866E-17
1.148E+03  3.335E-27  1.016E-16
1.138E+03  3.465E-27  1.045E-16
1.127E+03  3.599E-27  1.076E-16
1.117E+03  3.739E-27  1.108E-16
1.107E+03  3.885E-27  1.140E-16
1.096E+03  4.035E-27  1.174E-16
1.086E+03  4.192E-27  1.208E-16
1.076E+03  4.354E-27  1.243E-16
1.067E+03  4.523E-27  1.280E-16
1.057E+03  4.698E-27  1.317E-16
1.047E+03  4.880E-27  1.355E-16
1.038E+03  5.068E-27  1.395E-16
1.028E+03  5.264E-27  1.435E-16
1.019E+03  5.467E-27  1.477E-16
1.009E+03  5.678E-27  1.520E-16
1.000E+03  5.896E-27  1.564E-16
9.908E+02  6.123E-27  1.609E-16
9.817E+02  6.359E-27  1.656E-16
9.727E+02  6.604E-27  1.704E-16
9.638E+02  6.857E-27  1.753E-16
9.550E+02  7.120E-27  1.804E-16
9.462E+02  7.393E-27  1.856E-16
9.376E+02  7.677E-27  1.909E-16
9.290E+02  7.970E-27  1.964E-16
9.204E+02  8.275E-27  2.020E-16
9.120E+02  8.591E-27  2.078E-16
9.036E+02  8.919E-27  2.138E-16
8.954E+02  9.258E-27  2.199E-16
8.872E+02  9.611E-27  2.262E-16
8.790E+02  9.975E-27  2.326E-16
8.710E+02  1.035E-26  2.392E-16
8.630E+02  1.075E-26  2.460E-16
8.551E+02  1.115E-26  2.530E-16
8.472E+02  1.157E-26  2.601E-16
8.395E+02  1.201E-26  2.674E-16
8.318E+02  1.246E-26  2.750E-16
8.241E+02  1.293E-26  2.827E-16
8.166E+02  1.342E-26  2.906E-16
8.091E+02  1.392E-26  2.987E-16
8.017E+02  1.444E-26  3.071E-16
7.943E+02  1.498E-26  3.156E-16
7.870E+02  1.554E-26  3.244E-16
7.798E+02  1.612E-26  3.334E-16
7.727E+02  1.672E-26  3.427E-16
7.656E+02  1.734E-26  3.522E-16
7.586E+02  1.798E-26  3.619E-16
7.516E+02  1.865E-26  3.719E-16
7.447E+02  1.934E-26  3.821E-16
7.379E+02  2.006E-26  3.926E-16
7.311E+02  2.080E-26  4.034E-16
7.244E+02  2.157E-26  4.145E-16
7.178E+02  2.237E-26  4.259E-16
7.112E+02  2.319E-26  4.375E-16
7.047E+02  2.405E-26  4.495E-16
6.982E+02  2.493E-26  4.618E-16
6.918E+02  2.585E-26  4.744E-16
6.855E+02  2.680E-26  4.873E-16
6.792E+02  2.778E-26  5.005E-16
6.730E+02  2.880E-26  5.140E-16
6.668E+02  2.985E-26  5.279E-16
6.607E+02  3.093E-26  5.421E-16
6.546E+02  3.206E-26  5.568E-16
6.486E+02  3.323E-26  5.718E-16
6.427E+02  3.445E-26  5.872E-16
6.368E+02  3.570E-26  6.031E-16
6.310E+02  3.700E-26  6.193E-16
6.252E+02  3.835E-26  6.359E-16
6.194E+02  3.974E-26  6.530E-16
6.138E+02  4.118E-26  6.704E-16
6.081E+02  4.267E-26  6.883E-16
6.026E+02  4.421E-26  7.067E-16
5.970E+02  4.581E-26  7.255E-16
5.916E+02  4.746E-26  7.448E-16
5.861E+02  4.917E-26  7.645E-16
5.808E+02  5.094E-26  7.848E-16
5.754E+02  5.277E-26  8.055E-16
5.702E+02  5.467E-26  8.268E-16
5.649E+02  5.663E-26  8.486E-16
5.598E+02  5.865E-26  8.709E-16
5.546E+02  6.075E-26  8.937E-16
5.495E+02  6.291E-26  9.171E-16
5.445E+02  6.515E-26  9.411E-16
5.395E+02  6.747E-26  9.656E-16
5.346E+02  6.987E-26  9.907E-16
5.297E+02  7.234E-26  1.016E-15
5.248E+02  7.491E-26  1.043E-15
5.200E+02  7.755E-26  1.070E-15
5.152E+02  8.029E-26  1.097E-15
5.105E+02  8.311E-26  1.125E-15
5.058E+02  8.603E-26  1.154E-15
5.012E+02  8.905E-26  1.184E-15
4.966E+02  9.217E-26  1.214E-15
4.920E+02  9.539E-26  1.245E-15
4.875E+02  9.871E-26  1.277E-15
4.831E+02  1.021E-25  1.309E-15
4.786E+02  1.057E-25  1.342E-15
4.742E+02  1.094E-25  1.376E-15
4.699E+02  1.131E-25  1.410E-15
4.656E+02  1.170E-25  1.445E-15
4.613E+02  1.211E-25  1.481E-15
4.571E+02  1.252E-25  1.518E-15
4.529E+02  1.295E-25  1.556E-15
4.487E+02  1.339E-25  1.594E-15
4.446E+02  1.385E-25  1.634E-15
4.406E+02  1.432E-25  1.674E-15
4.365E+02  1.481E-25  1.714E-15
4.325E+02  1.531E-25  1.756E-15
4.285E+02  1.582E-25  1.799E-15
4.246E+02  1.636E-25  1.842E-15
4.207E+02  1.690E-25  1.887E-15
4.169E+02  1.747E-25  1.932E-15
4.130E+02  1.805E-25  1.978E-15
4.093E+02  1.865E-25  2.025E-15
4.055E+02  1.927E-25  2.073E-15
4.018E+02  1.991E-25  2.122E-15
3.981E+02  2.057E-25  2.172E-15
3.945E+02  2.124E-25  2.223E-15
3.908E+02  2.194E-25  2.275E-15
3.873E+02  2.266E-25  2.327E-15
3.837E+02  2.340E-25  2.381E-15
3.802E+02  2.416E-25  2.436E-15
3.767E+02  2.494E-25  2.492E-15
3.733E+02  2.574E-25  2.549E-15
3.698E+02  2.657E-25  2.606E-15
3.664E+02  2.742E-25  2.665E-15
3.631E+02  2.829E-25  2.725E-15
3.597E+02  2.919E-25  2.786E-15
3.565E+02  3.012E-25  2.848E-15
3.532E+02  3.107E-25  2.911E-15
3.499E+02  3.204E-25  2.974E-15
3.467E+02  3.305E-25  3.039E-15
3.436E+02  3.408E-25  3.105E-15
3.404E+02  3.513E-25  3.172E-15
3.373E+02  3.622E-25  3.240E-15
3.342E+02  3.733E-25  3.309E-15
3.311E+02  3.847E-25  3.379E-15
3.281E+02  3.965E-25  3.450E-15
3.251E+02  4.085E-25  3.522E-15
3.221E+02  4.208E-25  3.596E-15
3.192E+02  4.335E-25  3.670E-15
3.162E+02  4.464E-25  3.745E-15
3.133E+02  4.597E-25  3.821E-15
3.105E+02  4.733E-25  3.897E-15
3.076E+02  4.872E-25  3.975E-15
3.048E+02  5.015E-25  4.054E-15
3.020E+02  5.160E-25  4.134E-15
2.992E+02  5.310E-25  4.215E-15
2.965E+02  5.463E-25  4.296E-15
2.938E+02  5.619E-25  4.378E-15
2.911E+02  5.778E-25  4.461E-15
2.884E+02  5.942E-25  4.545E-15
2.858E+02  6.109E-25  4.630E-15
2.831E+02  6.279E-25  4.716E-15
2.805E+02  6.453E-25  4.802E-15
2.780E+02  6.631E-25  4.889E-15
2.754E+02  6.813E-25  4.977E-15
2.729E+02  6.998E-25  5.066E-15
2.704E+02  7.188E-25  5.156E-15
2.679E+02  7.382E-25  5.246E-15
2.655E+02  7.579E-25  5.337E-15
2.630E+02  7.780E-25  5.428E-15
2.606E+02  7.986E-25  5.521E-15
2.582E+02  8.195E-25  5.613E-15
2.559E+02  8.406E-25  5.705E-15
2.535E+02  8.621E-25  5.797E-15
2.512E+02  8.838E-25  5.889E-15
2.489E+02  9.055E-25  5.978E-15
2.466E+02  9.271E-25  6.065E-15
2.443E+02  9.490E-25  6.151E-15
2.421E+02  9.709E-25  6.235E-15
2.399E+02  9.930E-25  6.319E-15
2.377E+02  1.015E-24  6.400E-15
2.355E+02  1.037E-24  6.480E-15
2.333E+02  1.060E-24  6.560E-15
2.312E+02  1.082E-24  6.639E-15
2.291E+02  1.105E-24  6.717E-15
2.270E+02  1.129E-24  6.795E-15
2.249E+02  1.152E-24  6.872E-15
2.228E+02  1.176E-24  6.949E-15
2.208E+02  1.199E-24  7.024E-15
2.188E+02  1.223E-24  7.099E-15
2.168E+02  1.247E-24  7.173E-15
2.148E+02  1.272E-24  7.246E-15
2.128E+02  1.296E-24  7.317E-15
2.109E+02  1.321E-24  7.388E-15
2.089E+02  1.346E-24  7.457E-15
2.070E+02  1.370E-24  7.525E-15
2.051E+02  1.395E-24  7.592E-15
2.032E+02  1.420E-24  7.657E-15
2.014E+02  1.446E-24  7.721E-15
1.995E+02  1.471E-24  7.784E-15
1.977E+02  1.496E-24  7.845E-15
1.959E+02  1.521E-24  7.904E-15
1.941E+02  1.547E-24  7.962E-15
1.923E+02  1.572E-24  8.018E-15
1.905E+02  1.597E-24  8.073E-15
1.888E+02  1.623E-24  8.126E-15
1.871E+02  1.648E-24  8.177E-15
1.854E+02  1.673E-24  8.227E-15
1.837E+02  1.699E-24  8.275E-15
1.820E+02  1.724E-24  8.321E-15
1.803E+02  1.749E-24  8.365E-15
1.786E+02  1.774E-24  8.407E-15
1.770E+02  1.799E-24  8.448E-15
1.754E+02  1.824E-24  8.487E-15
1.738E+02  1.849E-24  8.524E-15
1.722E+02  1.874E-24  8.560E-15
1.706E+02  1.899E-24  8.593E-15
1.690E+02  1.924E-24  8.625E-15
1.675E+02  1.948E-24  8.655E-15
1.660E+02  1.973E-24  8.684E-15
1.644E+02  1.997E-24  8.711E-15
1.629E+02  2.022E-24  8.737E-15
1.614E+02  2.046E-24  8.761E-15
1.600E+02  2.070E-24  8.784E-15
1.585E+02  2.094E-24  8.805E-15
1.570E+02  2.119E-24  8.825E-15
1.556E+02  2.143E-24  8.844E-15
1.542E+02  2.167E-24  8.862E-15
1.528E+02  2.191E-24  8.879E-15
1.514E+02  2.215E-24  8.893E-15
1.500E+02  2.239E-24  8.907E-15
1.486E+02  2.262E-24  8.917E-15
1.472E+02  2.285E-24  8.925E-15
1.459E+02  2.307E-24  8.928E-15
1.445E+02  2.328E-24  8.925E-15
1.432E+02  2.347E-24  8.914E-15
1.419E+02  2.362E-24  8.892E-15
1.406E+02  2.375E-24  8.858E-15
1.393E+02  2.383E-24  8.808E-15
1.380E+02  2.388E-24  8.743E-15
1.368E+02  2.388E-24  8.665E-15
1.355E+02  2.385E-24  8.574E-15
1.343E+02  2.380E-24  8.476E-15
1.330E+02  2.372E-24  8.373E-15
1.318E+02  2.364E-24  8.267E-15
1.306E+02  2.355E-24  8.160E-15
1.294E+02  2.346E-24  8.053E-15
1.282E+02  2.336E-24  7.947E-15
1.271E+02  2.327E-24  7.842E-15
1.259E+02  2.317E-24  7.738E-15
1.247E+02  2.308E-24  7.635E-15
1.236E+02  2.298E-24  7.534E-15
1.225E+02  2.288E-24  7.434E-15
1.213E+02  2.279E-24  7.334E-15
1.202E+02  2.269E-24  7.235E-15
1.191E+02  2.259E-24  7.137E-15
1.180E+02  2.248E-24  7.039E-15
1.169E+02  2.237E-24  6.940E-15
1.159E+02  2.226E-24  6.842E-15
1.148E+02  2.214E-24  6.743E-15
1.138E+02  2.202E-24  6.646E-15
1.127E+02  2.190E-24  6.547E-15
1.117E+02  2.177E-24  6.450E-15
1.107E+02  2.164E-24  6.352E-15
1.096E+02  2.150E-24  6.254E-15
1.086E+02  2.136E-24  6.156E-15
1.076E+02  2.121E-24  6.057E-15
1.067E+02  2.106E-24  5.959E-15
1.057E+02  2.091E-24  5.860E-15
1.047E+02  2.074E-24  5.762E-15
1.038E+02  2.058E-24  5.663E-15
1.028E+02  2.040E-24  5.564E-15
1.019E+02  2.022E-24  5.464E-15
1.009E+02  2.004E-24  5.365E-15
1.000E+02  1.985E-24  5.265E-15
9.908E+01  1.965E-24  5.165E-15
9.817E+01  1.945E-24  5.066E-15
9.727E+01  1.925E-24  4.966E-15
9.638E+01  1.904E-24  4.867E-15
9.550E+01  1.882E-24  4.767E-15
9.462E+01  1.860E-24  4.668E-15
9.376E+01  1.837E-24  4.569E-15
9.290E+01  1.814E-24  4.470E-15
9.204E+01  1.790E-24  4.372E-15
9.120E+01  1.767E-24  4.274E-15
9.036E+01  1.742E-24  4.176E-15
8.954E+01  1.718E-24  4.080E-15
8.872E+01  1.693E-24  3.984E-15
8.790E+01  1.668E-24  3.888E-15
8.710E+01  1.642E-24  3.794E-15
8.630E+01  1.616E-24  3.700E-15
8.551E+01  1.591E-24  3.608E-15
8.472E+01  1.564E-24  3.516E-15
8.395E+01  1.538E-24  3.425E-15
8.318E+01  1.512E-24  3.336E-15
8.241E+01  1.485E-24  3.247E-15
8.166E+01  1.459E-24  3.160E-15
8.091E+01  1.432E-24  3.074E-15
8.017E+01  1.405E-24  2.989E-15
7.943E+01  1.379E-24  2.905E-15
7.870E+01  1.352E-24  2.823E-15
7.798E+01  1.325E-24  2.742E-15
7.727E+01  1.299E-24  2.662E-15
7.656E+01  1.272E-24  2.583E-15
7.586E+01  1.246E-24  2.506E-15
7.516E+01  1.219E-24  2.431E-15
7.447E+01  1.193E-24  2.356E-15
7.379E+01  1.167E-24  2.283E-15
7.311E+01  1.141E-24  2.212E-15
7.244E+01  1.115E-24  2.142E-15
7.178E+01  1.089E-24  2.074E-15
7.112E+01  1.064E-24  2.007E-15
7.047E+01  1.039E-24  1.942E-15
6.982E+01  1.014E-24  1.878E-15
6.918E+01  9.896E-25  1.816E-15
6.855E+01  9.654E-25  1.755E-15
6.792E+01  9.416E-25  1.696E-15
6.730E+01  9.181E-25  1.639E-15
6.668E+01  8.950E-25  1.583E-15
6.607E+01  8.723E-25  1.529E-15
6.546E+01  8.499E-25  1.476E-15
6.486E+01  8.279E-25  1.425E-15
6.427E+01  8.064E-25  1.375E-15
6.368E+01  7.853E-25  1.326E-15
6.310E+01  7.645E-25  1.280E-15
6.252E+01  7.443E-25  1.234E-15
6.194E+01  7.245E-25  1.190E-15
6.138E+01  7.051E-25  1.148E-15
6.081E+01  6.862E-25  1.107E-15
6.026E+01  6.677E-25  1.067E-15
5.970E+01  6.497E-25  1.029E-15
5.916E+01  6.322E-25  9.920E-16
5.861E+01  6.151E-25  9.563E-16
5.808E+01  5.984E-25  9.219E-16
5.754E+01  5.823E-25  8.888E-16
5.702E+01  5.666E-25  8.569E-16
5.649E+01  5.514E-25  8.263E-16
5.598E+01  5.366E-25  7.968E-16
5.546E+01  5.223E-25  7.684E-16
5.495E+01  5.085E-25  7.412E-16
5.445E+01  4.951E-25  7.151E-16
5.395E+01  4.821E-25  6.900E-16
5.346E+01  4.696E-25  6.659E-16
5.297E+01  4.575E-25  6.428E-16
5.248E+01  4.459E-25  6.207E-16
5.200E+01  4.346E-25  5.995E-16
5.152E+01  4.238E-25  5.792E-16
5.105E+01  4.133E-25  5.597E-16
5.058E+01  4.033E-25  5.411E-16
5.012E+01  3.936E-25  5.233E-16
4.966E+01  3.843E-25  5.063E-16
4.920E+01  3.754E-25  4.900E-16
4.875E+01  3.669E-25  4.744E-16
4.831E+01  3.587E-25  4.596E-16
4.786E+01  3.508E-25  4.453E-16
4.742E+01  3.432E-25  4.318E-16
4.699E+01  3.360E-25  4.188E-16
4.656E+01  3.290E-25  4.063E-16
4.613E+01  3.223E-25  3.944E-16
4.571E+01  3.159E-25  3.831E-16
4.529E+01  3.098E-25  3.722E-16
4.487E+01  3.039E-25  3.618E-16
4.446E+01  2.983E-25  3.518E-16
4.406E+01  2.928E-25  3.422E-16
4.365E+01  2.876E-25  3.331E-16
4.325E+01  2.826E-25  3.243E-16
4.285E+01  2.778E-25  3.158E-16
4.246E+01  2.732E-25  3.077E-16
4.207E+01  2.687E-25  2.999E-16
4.169E+01  2.644E-25  2.923E-16
4.130E+01  2.602E-25  2.851E-16
4.093E+01  2.561E-25  2.781E-16
4.055E+01  2.522E-25  2.713E-16
4.018E+01  2.484E-25  2.648E-16
3.981E+01  2.447E-25  2.584E-16
3.945E+01  2.411E-25  2.523E-16
3.908E+01  2.376E-25  2.463E-16
3.873E+01  2.341E-25  2.405E-16
3.837E+01  2.307E-25  2.348E-16
3.802E+01  2.273E-25  2.293E-16
3.767E+01  2.240E-25  2.238E-16
3.733E+01  2.207E-25  2.185E-16
3.698E+01  2.175E-25  2.134E-16
3.664E+01  2.143E-25  2.083E-16
3.631E+01  2.111E-25  2.033E-16
3.597E+01  2.079E-25  1.984E-16
3.565E+01  2.048E-25  1.937E-16
3.532E+01  2.017E-25  1.890E-16
3.499E+01  1.986E-25  1.843E-16
3.467E+01  1.955E-25  1.798E-16
3.436E+01  1.924E-25  1.754E-16
3.404E+01  1.894E-25  1.710E-16
3.373E+01  1.863E-25  1.667E-16
3.342E+01  1.833E-25  1.625E-16
3.311E+01  1.803E-25  1.584E-16
3.281E+01  1.774E-25  1.544E-16
3.251E+01  1.744E-25  1.504E-16
3.221E+01  1.715E-25  1.465E-16
3.192E+01  1.686E-25  1.428E-16
3.162E+01  1.658E-25  1.391E-16
3.133E+01  1.630E-25  1.355E-16
3.105E+01  1.603E-25  1.320E-16
3.076E+01  1.576E-25  1.286E-16
3.048E+01  1.549E-25  1.253E-16
3.020E+01  1.524E-25  1.221E-16
2.992E+01  1.499E-25  1.190E-16
2.965E+01  1.474E-25  1.159E-16
2.938E+01  1.450E-25  1.130E-16
2.911E+01  1.427E-25  1.102E-16
2.884E+01  1.405E-25  1.075E-16
2.858E+01  1.384E-25  1.049E-16
2.831E+01  1.363E-25  1.024E-16
2.805E+01  1.343E-25  9.993E-17
2.780E+01  1.324E-25  9.761E-17
2.754E+01  1.305E-25  9.537E-17
2.729E+01  1.288E-25  9.320E-17
2.704E+01  1.271E-25  9.115E-17
2.679E+01  1.255E-25  8.918E-17
2.655E+01  1.239E-25  8.728E-17
2.630E+01  1.225E-25  8.546E-17
2.606E+01  1.211E-25  8.371E-17
2.582E+01  1.198E-25  8.205E-17
2.559E+01  1.185E-25  8.046E-17
2.535E+01  1.174E-25  7.893E-17
2.512E+01  1.163E-25  7.748E-17
2.489E+01  1.152E-25  7.607E-17
2.466E+01  1.142E-25  7.473E-17
2.443E+01  1.133E-25  7.343E-17
2.421E+01  1.124E-25  7.220E-17
2.399E+01  1.116E-25  7.102E-17
2.377E+01  1.108E-25  6.988E-17
2.355E+01  1.101E-25  6.880E-17
2.333E+01  1.095E-25  6.776E-17
2.312E+01  1.089E-25  6.677E-17
2.291E+01  1.083E-25  6.580E-17
2.270E+01  1.078E-25  6.489E-17
2.249E+01  1.073E-25  6.402E-17
2.228E+01  1.069E-25  6.319E-17
2.208E+01  1.065E-25  6.239E-17
2.188E+01  1.062E-25  6.161E-17
2.168E+01  1.058E-25  6.086E-17
2.148E+01  1.056E-25  6.015E-17
2.128E+01  1.053E-25  5.946E-17
2.109E+01  1.051E-25  5.881E-17
2.089E+01  1.050E-25  5.818E-17
2.070E+01  1.049E-25  5.758E-17
2.051E+01  1.048E-25  5.701E-17
2.032E+01  1.048E-25  5.648E-17
2.014E+01  1.048E-25  5.599E-17
1.995E+01  1.050E-25  5.555E-17
1.977E+01  1.052E-25  5.518E-17
1.959E+01  1.056E-25  5.489E-17
1.941E+01  1.064E-25  5.479E-17
1.923E+01  1.082E-25  5.519E-17
1.905E+01  1.129E-25  5.707E-17
1.888E+01  1.167E-25  5.844E-17
1.871E+01  1.114E-25  5.527E-17
1.854E+01  1.098E-25  5.400E-17
1.837E+01  1.105E-25  5.381E-17
1.820E+01  1.125E-25  5.431E-17
1.803E+01  1.170E-25  5.595E-17
1.786E+01  1.246E-25  5.906E-17
1.770E+01  1.259E-25  5.910E-17
1.754E+01  1.336E-25  6.215E-17
1.738E+01  1.518E-25  7.000E-17
1.722E+01  1.495E-25  6.828E-17
1.706E+01  1.502E-25  6.798E-17
1.690E+01  1.463E-25  6.558E-17
1.675E+01  1.396E-25  6.205E-17
1.660E+01  1.415E-25  6.228E-17
1.644E+01  1.630E-25  7.109E-17
1.629E+01  1.252E-25  5.411E-17
1.614E+01  1.097E-25  4.696E-17
1.600E+01  1.041E-25  4.416E-17
1.585E+01  1.005E-25  4.223E-17
1.570E+01  9.638E-26  4.015E-17
1.556E+01  9.367E-26  3.866E-17
1.542E+01  9.171E-26  3.751E-17
1.528E+01  9.017E-26  3.654E-17
1.514E+01  8.892E-26  3.570E-17
1.500E+01  8.796E-26  3.499E-17
1.486E+01  8.729E-26  3.441E-17
1.472E+01  8.708E-26  3.401E-17
1.459E+01  8.760E-26  3.390E-17
1.445E+01  8.970E-26  3.439E-17
1.432E+01  9.519E-26  3.616E-17
1.419E+01  1.015E-25  3.820E-17
1.406E+01  9.750E-26  3.637E-17
1.393E+01  9.561E-26  3.533E-17
1.380E+01  9.957E-26  3.646E-17
1.368E+01  1.090E-25  3.955E-17
1.355E+01  1.211E-25  4.352E-17
1.343E+01  1.240E-25  4.418E-17
1.330E+01  1.171E-25  4.132E-17
1.318E+01  1.136E-25  3.973E-17
1.306E+01  1.189E-25  4.119E-17
1.294E+01  1.349E-25  4.630E-17
1.282E+01  1.644E-25  5.593E-17
1.271E+01  2.018E-25  6.802E-17
1.259E+01  2.137E-25  7.137E-17
1.247E+01  1.866E-25  6.176E-17
1.236E+01  1.589E-25  5.209E-17
1.225E+01  1.492E-25  4.846E-17
1.213E+01  1.557E-25  5.010E-17
1.202E+01  1.652E-25  5.268E-17
1.191E+01  1.588E-25  5.019E-17
1.180E+01  1.438E-25  4.501E-17
1.169E+01  1.396E-25  4.331E-17
1.159E+01  1.574E-25  4.839E-17
1.148E+01  2.109E-25  6.425E-17
1.138E+01  3.006E-25  9.071E-17
1.127E+01  3.980E-25  1.190E-16
1.117E+01  2.806E-25  8.312E-17
1.107E+01  1.450E-25  4.256E-17
1.096E+01  9.996E-26  2.907E-17
1.086E+01  7.919E-26  2.282E-17
1.076E+01  6.820E-26  1.947E-17
1.067E+01  6.168E-26  1.745E-17
1.057E+01  5.604E-26  1.571E-17
1.047E+01  5.228E-26  1.452E-17
1.038E+01  4.974E-26  1.369E-17
1.028E+01  4.793E-26  1.307E-17
1.019E+01  4.662E-26  1.260E-17
1.009E+01  4.569E-26  1.223E-17
1.000E+01  4.508E-26  1.196E-17
9.908E+00  4.478E-26  1.177E-17
9.817E+00  4.474E-26  1.165E-17
9.727E+00  4.498E-26  1.161E-17
9.638E+00  4.551E-26  1.164E-17
9.550E+00  4.634E-26  1.174E-17
9.462E+00  4.752E-26  1.193E-17
9.376E+00  4.913E-26  1.222E-17
9.290E+00  5.130E-26  1.264E-17
9.204E+00  5.429E-26  1.325E-17
9.120E+00  5.845E-26  1.414E-17
9.036E+00  6.446E-26  1.545E-17
8.954E+00  7.352E-26  1.746E-17
8.872E+00  8.786E-26  2.067E-17
8.790E+00  1.113E-25  2.596E-17
8.710E+00  1.471E-25  3.398E-17
8.630E+00  1.804E-25  4.128E-17
8.551E+00  1.760E-25  3.991E-17
8.472E+00  1.526E-25  3.430E-17
8.395E+00  1.407E-25  3.132E-17
8.318E+00  1.398E-25  3.085E-17
8.241E+00  1.458E-25  3.186E-17
8.166E+00  1.609E-25  3.486E-17
8.091E+00  1.898E-25  4.074E-17
8.017E+00  2.358E-25  5.014E-17
7.943E+00  2.957E-25  6.231E-17
7.870E+00  3.479E-25  7.262E-17
7.798E+00  3.660E-25  7.570E-17
7.727E+00  3.674E-25  7.530E-17
7.656E+00  3.781E-25  7.678E-17
7.586E+00  3.673E-25  7.390E-17
7.516E+00  3.083E-25  6.147E-17
7.447E+00  2.424E-25  4.789E-17
7.379E+00  1.941E-25  3.799E-17
7.311E+00  1.607E-25  3.116E-17
7.244E+00  1.362E-25  2.618E-17
7.178E+00  1.176E-25  2.239E-17
7.112E+00  1.033E-25  1.949E-17
7.047E+00  9.274E-26  1.734E-17
6.982E+00  8.554E-26  1.584E-17
6.918E+00  8.153E-26  1.496E-17
6.855E+00  8.044E-26  1.463E-17
6.792E+00  8.139E-26  1.466E-17
6.730E+00  8.239E-26  1.471E-17
6.668E+00  8.111E-26  1.435E-17
6.607E+00  7.754E-26  1.359E-17
6.546E+00  7.462E-26  1.296E-17
6.486E+00  7.601E-26  1.308E-17
6.427E+00  8.587E-26  1.464E-17
6.368E+00  1.119E-25  1.890E-17
6.310E+00  1.703E-25  2.851E-17
6.252E+00  2.648E-25  4.391E-17
6.194E+00  2.678E-25  4.400E-17
6.138E+00  1.666E-25  2.712E-17
6.081E+00  9.904E-26  1.598E-17
6.026E+00  6.585E-26  1.052E-17
5.970E+00  4.902E-26  7.763E-18
5.916E+00  4.023E-26  6.313E-18
5.861E+00  3.633E-26  5.648E-18
5.808E+00  3.660E-26  5.639E-18
5.754E+00  4.106E-26  6.267E-18
5.702E+00  4.419E-26  6.683E-18
5.649E+00  3.720E-26  5.574E-18
5.598E+00  2.827E-26  4.197E-18
5.546E+00  2.277E-26  3.350E-18
5.495E+00  1.985E-26  2.894E-18
5.445E+00  1.858E-26  2.684E-18
5.395E+00  1.878E-26  2.687E-18
5.346E+00  2.081E-26  2.951E-18
5.297E+00  2.417E-26  3.396E-18
5.248E+00  2.360E-26  3.286E-18
5.200E+00  1.870E-26  2.579E-18
5.152E+00  1.488E-26  2.034E-18
5.105E+00  1.267E-26  1.716E-18
5.058E+00  1.134E-26  1.522E-18
5.012E+00  1.046E-26  1.391E-18
4.966E+00  9.832E-27  1.295E-18
4.920E+00  9.350E-27  1.220E-18
4.875E+00  8.964E-27  1.159E-18
4.831E+00  8.644E-27  1.108E-18
4.786E+00  8.372E-27  1.063E-18
4.742E+00  8.137E-27  1.024E-18
4.699E+00  7.931E-27  9.885E-19
4.656E+00  7.747E-27  9.568E-19
4.613E+00  7.583E-27  9.279E-19
4.571E+00  7.434E-27  9.014E-19
4.529E+00  7.300E-27  8.770E-19
4.487E+00  7.178E-27  8.544E-19
4.446E+00  7.066E-27  8.333E-19
4.406E+00  6.963E-27  8.138E-19
4.365E+00  6.870E-27  7.954E-19
4.325E+00  6.784E-27  7.783E-19
4.285E+00  6.705E-27  7.622E-19
4.246E+00  6.633E-27  7.471E-19
4.207E+00  6.568E-27  7.330E-19
4.169E+00  6.508E-27  7.197E-19
4.130E+00  6.455E-27  7.073E-19
4.093E+00  6.407E-27  6.956E-19
4.055E+00  6.366E-27  6.848E-19
4.018E+00  6.331E-27  6.747E-19
3.981E+00  6.303E-27  6.656E-19
3.945E+00  6.282E-27  6.573E-19
3.908E+00  6.269E-27  6.499E-19
3.873E+00  6.266E-27  6.437E-19
3.837E+00  6.274E-27  6.386E-19
3.802E+00  6.296E-27  6.349E-19
3.767E+00  6.334E-27  6.329E-19
3.733E+00  6.393E-27  6.330E-19
3.698E+00  6.480E-27  6.357E-19
3.664E+00  6.603E-27  6.418E-19
3.631E+00  6.775E-27  6.525E-19
3.597E+00  7.019E-27  6.698E-19
3.565E+00  7.368E-27  6.967E-19
3.532E+00  7.882E-27  7.384E-19
3.499E+00  8.667E-27  8.045E-19
3.467E+00  9.935E-27  9.138E-19
3.436E+00  1.216E-26  1.108E-18
3.404E+00  1.654E-26  1.494E-18
3.373E+00  2.702E-26  2.417E-18
3.342E+00  6.174E-26  5.473E-18
3.311E+00  2.339E-25  2.055E-17
3.281E+00  1.598E-25  1.390E-17
3.251E+00  4.556E-26  3.929E-18
3.221E+00  2.170E-26  1.854E-18
3.192E+00  1.381E-26  1.169E-18
3.162E+00  1.032E-26  8.656E-19
3.133E+00  8.484E-27  7.051E-19
3.105E+00  7.399E-27  6.093E-19
3.076E+00  6.702E-27  5.469E-19
3.048E+00  6.225E-27  5.033E-19
3.020E+00  5.881E-27  4.711E-19
2.992E+00  5.622E-27  4.462E-19
2.965E+00  5.421E-27  4.263E-19
2.938E+00  5.259E-27  4.098E-19
2.911E+00  5.126E-27  3.957E-19
2.884E+00  5.013E-27  3.835E-19
2.858E+00  4.916E-27  3.726E-19
2.831E+00  4.831E-27  3.628E-19
2.805E+00  4.755E-27  3.539E-19
2.780E+00  4.686E-27  3.456E-19
2.754E+00  4.623E-27  3.378E-19
2.729E+00  4.565E-27  3.305E-19
2.704E+00  4.510E-27  3.235E-19
2.679E+00  4.458E-27  3.169E-19
2.655E+00  4.409E-27  3.105E-19
2.630E+00  4.362E-27  3.043E-19
2.606E+00  4.316E-27  2.984E-19
2.582E+00  4.272E-27  2.926E-19
2.559E+00  4.228E-27  2.870E-19
2.535E+00  4.186E-27  2.815E-19
2.512E+00  4.144E-27  2.761E-19
2.489E+00  4.103E-27  2.709E-19
2.466E+00  4.062E-27  2.657E-19
2.443E+00  4.021E-27  2.606E-19
2.421E+00  3.980E-27  2.556E-19
2.399E+00  3.940E-27  2.507E-19
2.377E+00  3.901E-27  2.459E-19
2.355E+00  3.862E-27  2.412E-19
2.333E+00  3.823E-27  2.366E-19
2.312E+00  3.784E-27  2.321E-19
2.291E+00  3.745E-27  2.276E-19
2.270E+00  3.706E-27  2.231E-19
2.249E+00  3.666E-27  2.187E-19
2.228E+00  3.626E-27  2.143E-19
2.208E+00  3.586E-27  2.100E-19
2.188E+00  3.544E-27  2.057E-19
2.168E+00  3.502E-27  2.013E-19
2.148E+00  3.457E-27  1.970E-19
2.128E+00  3.411E-27  1.926E-19
2.109E+00  3.363E-27  1.881E-19
2.089E+00  3.311E-27  1.835E-19
2.070E+00  3.255E-27  1.788E-19
2.051E+00  3.194E-27  1.738E-19
2.032E+00  3.127E-27  1.686E-19
2.014E+00  3.051E-27  1.630E-19
1.995E+00  2.966E-27  1.570E-19
1.977E+00  2.872E-27  1.506E-19
1.959E+00  2.771E-27  1.440E-19
1.941E+00  2.673E-27  1.376E-19
1.923E+00  2.596E-27  1.324E-19
1.905E+00  2.559E-27  1.294E-19
1.888E+00  2.569E-27  1.287E-19
1.871E+00  2.612E-27  1.296E-19
1.854E+00  2.665E-27  1.310E-19
1.837E+00  2.712E-27  1.321E-19
1.820E+00  2.747E-27  1.326E-19
1.803E+00  2.768E-27  1.324E-19
1.786E+00  2.778E-27  1.317E-19
1.770E+00  2.780E-27  1.305E-19
1.754E+00  2.775E-27  1.291E-19
1.738E+00  2.765E-27  1.275E-19
1.722E+00  2.752E-27  1.257E-19
1.706E+00  2.736E-27  1.238E-19
1.690E+00  2.719E-27  1.219E-19
1.675E+00  2.701E-27  1.200E-19
1.660E+00  2.683E-27  1.181E-19
1.644E+00  2.664E-27  1.162E-19
1.629E+00  2.645E-27  1.143E-19
1.614E+00  2.627E-27  1.125E-19
1.600E+00  2.610E-27  1.107E-19
1.585E+00  2.593E-27  1.090E-19
1.570E+00  2.578E-27  1.074E-19
1.556E+00  2.565E-27  1.059E-19
1.542E+00  2.554E-27  1.044E-19
1.528E+00  2.545E-27  1.031E-19
1.514E+00  2.539E-27  1.019E-19
1.500E+00  2.537E-27  1.009E-19
1.486E+00  2.538E-27  1.000E-19
1.472E+00  2.544E-27  9.935E-20
1.459E+00  2.555E-27  9.888E-20
1.445E+00  2.573E-27  9.867E-20
1.432E+00  2.599E-27  9.874E-20
1.419E+00  2.634E-27  9.916E-20
1.406E+00  2.681E-27  9.998E-20
1.393E+00  2.740E-27  1.013E-19
1.380E+00  2.816E-27  1.031E-19
1.368E+00  2.911E-27  1.056E-19
1.355E+00  3.029E-27  1.089E-19
1.343E+00  3.172E-27  1.130E-19
1.330E+00  3.341E-27  1.179E-19
1.318E+00  3.535E-27  1.236E-19
1.306E+00  3.741E-27  1.296E-19
1.294E+00  3.935E-27  1.351E-19
1.282E+00  4.079E-27  1.387E-19
1.271E+00  4.123E-27  1.390E-19
1.259E+00  4.035E-27  1.347E-19
1.247E+00  3.816E-27  1.263E-19
1.236E+00  3.508E-27  1.150E-19
1.225E+00  3.171E-27  1.030E-19
1.213E+00  2.851E-27  9.177E-20
1.202E+00  2.575E-27  8.212E-20
1.191E+00  2.351E-27  7.429E-20
1.180E+00  2.177E-27  6.817E-20
1.169E+00  2.049E-27  6.358E-20
1.159E+00  1.963E-27  6.033E-20
1.148E+00  1.914E-27  5.829E-20
1.138E+00  1.903E-27  5.743E-20
1.127E+00  1.934E-27  5.783E-20
1.117E+00  2.016E-27  5.971E-20
1.107E+00  2.163E-27  6.350E-20
1.096E+00  2.404E-27  6.991E-20
1.086E+00  2.775E-27  7.996E-20
1.076E+00  3.314E-27  9.463E-20
1.067E+00  3.991E-27  1.129E-19
1.057E+00  4.535E-27  1.271E-19
1.047E+00  4.450E-27  1.236E-19
1.038E+00  3.690E-27  1.016E-19
1.028E+00  2.792E-27  7.613E-20
1.019E+00  2.094E-27  5.658E-20
1.009E+00  1.621E-27  4.340E-20
1.000E+00  1.308E-27  3.469E-20
