Dust emission from Draine & Li (2007): ApJ 657, 810-837
==========================================================
         3 = grain model
 4.000E-08 4.000E-01 1.500E-05 = a_01 (cm) , sigma_1 , b_C1/0.92
 2.000E-07 5.500E-01 5.000E-06 = a_02 (cm) , sigma_2 , b_C2/0.92
 7.000E-01 1.000E+06 2.000E+00 = Umin , Umax, beta (dN/dU propto U^{-beta})
 9.921E+00 = <U> 
     mmp83 = radfield
 4.404E-23 = power/H (erg s-1)
 band   nu*P_nu(band) j_nu(band)
 (um)   (erg s-1 H-1)(Jy cm2 sr-1 H-1)
1.270E+00  6.821E-26  2.298E-18 COBE-DIRBE
2.220E+00  9.017E-26  5.310E-18 COBE-DIRBE
3.530E+00  6.544E-25  6.127E-17 COBE-DIRBE
4.880E+00  5.657E-25  7.323E-17 COBE-DIRBE
1.229E+01  6.193E-24  2.019E-15 COBE-DIRBE
2.079E+01  1.155E-23  6.371E-15 COBE-DIRBE
5.599E+01  1.834E-23  2.723E-14 COBE-DIRBE
9.770E+01  1.187E-23  3.077E-14 COBE-DIRBE
1.479E+02  6.989E-24  2.742E-14 COBE-DIRBE
2.479E+02  2.014E-24  1.324E-14 COBE-DIRBE
1.200E+01  6.070E-24  1.932E-15 IRAS
2.500E+01  1.427E-23  9.466E-15 IRAS
6.000E+01  1.776E-23  2.827E-14 IRAS
1.000E+02  1.157E-23  3.069E-14 IRAS
3.550E+00  7.549E-25  7.109E-17 SST-IRAC
4.493E+00  3.904E-25  4.653E-17 SST-IRAC
5.731E+00  2.437E-24  3.704E-16 SST-IRAC
7.872E+00  6.589E-24  1.376E-15 SST-IRAC
2.368E+01  1.345E-23  8.448E-15 SST-MIPS
7.142E+01  1.403E-23  2.657E-14 SST-MIPS
1.559E+02  5.956E-24  2.463E-14 SST-MIPS
1.600E+01  7.531E-24  3.196E-15 SST-IRSPU
2.200E+01  1.315E-23  7.673E-15 SST-IRSPU
7.500E+01  1.211E-23  2.409E-14 Herschel-PACS
1.100E+02  8.324E-24  2.429E-14 Herschel-PACS
1.700E+02  4.532E-24  2.044E-14 Herschel-PACS
2.500E+02  1.710E-24  1.134E-14 Herschel-SPIRE
3.600E+02  4.837E-25  4.619E-15 Herschel-SPIRE
5.200E+02  1.195E-25  1.649E-15 Herschel-SPIRE
2.400E+00  1.055E-25  6.714E-18 Akari IRC NIR N2
3.200E+00  4.947E-25  4.199E-17 Akari IRC NIR N3
4.100E+00  3.944E-25  4.289E-17 Akari IRC NIR N4
7.000E+00  6.927E-24  1.286E-15 Akari IRC MIR-S S7
9.000E+00  6.001E-24  1.433E-15 Akari IRC MIR-S S9W
1.100E+01  5.674E-24  1.656E-15 Akari IRC MIR-S S11
1.500E+01  7.957E-24  3.166E-15 Akari IRC MIR-L L15
1.800E+01  1.031E-23  4.924E-15 Akari IRC MIR-L L18W
2.400E+01  1.321E-23  8.407E-15 Akari IRC MIR-L L24
6.500E+01  1.613E-23  2.782E-14 Akari FIS N60
8.000E+01  1.331E-23  2.825E-14 Akari FIS WIDE-S
1.400E+02  6.981E-24  2.593E-14 Akari FIS WIDE-L
1.600E+02  5.681E-24  2.411E-14 Akari FIS N160
 
 
 
 


lambda    nu*dP/dnu     j_nu
 (um)   (erg s-1 H-1)(Jy cm2 sr-1 H-1)
1.000E+04  6.073E-31  1.611E-19
9.908E+03  6.295E-31  1.655E-19
9.817E+03  6.526E-31  1.699E-19
9.727E+03  6.764E-31  1.745E-19
9.638E+03  7.012E-31  1.793E-19
9.550E+03  7.269E-31  1.841E-19
9.462E+03  7.535E-31  1.891E-19
9.376E+03  7.811E-31  1.943E-19
9.290E+03  8.097E-31  1.995E-19
9.204E+03  8.394E-31  2.049E-19
9.120E+03  8.701E-31  2.105E-19
9.036E+03  9.020E-31  2.162E-19
8.954E+03  9.349E-31  2.220E-19
8.872E+03  9.690E-31  2.280E-19
8.790E+03  1.004E-30  2.342E-19
8.710E+03  1.041E-30  2.405E-19
8.630E+03  1.079E-30  2.470E-19
8.551E+03  1.118E-30  2.536E-19
8.472E+03  1.159E-30  2.605E-19
8.395E+03  1.202E-30  2.676E-19
8.318E+03  1.246E-30  2.748E-19
8.241E+03  1.291E-30  2.822E-19
8.166E+03  1.338E-30  2.899E-19
8.091E+03  1.387E-30  2.978E-19
8.017E+03  1.438E-30  3.059E-19
7.943E+03  1.491E-30  3.142E-19
7.870E+03  1.546E-30  3.227E-19
7.798E+03  1.603E-30  3.315E-19
7.727E+03  1.662E-30  3.406E-19
7.656E+03  1.723E-30  3.498E-19
7.586E+03  1.786E-30  3.594E-19
7.516E+03  1.852E-30  3.692E-19
7.447E+03  1.920E-30  3.793E-19
7.379E+03  1.991E-30  3.897E-19
7.311E+03  2.064E-30  4.004E-19
7.244E+03  2.141E-30  4.113E-19
7.178E+03  2.220E-30  4.226E-19
7.112E+03  2.302E-30  4.342E-19
7.047E+03  2.387E-30  4.461E-19
6.982E+03  2.475E-30  4.584E-19
6.918E+03  2.566E-30  4.710E-19
6.855E+03  2.661E-30  4.839E-19
6.792E+03  2.760E-30  4.972E-19
6.730E+03  2.862E-30  5.109E-19
6.668E+03  2.968E-30  5.249E-19
6.607E+03  3.078E-30  5.394E-19
6.546E+03  3.192E-30  5.543E-19
6.486E+03  3.310E-30  5.696E-19
6.427E+03  3.433E-30  5.853E-19
6.368E+03  3.561E-30  6.015E-19
6.310E+03  3.693E-30  6.181E-19
6.252E+03  3.831E-30  6.352E-19
6.194E+03  3.973E-30  6.528E-19
6.138E+03  4.121E-30  6.709E-19
6.081E+03  4.275E-30  6.896E-19
6.026E+03  4.434E-30  7.087E-19
5.970E+03  4.600E-30  7.284E-19
5.916E+03  4.771E-30  7.487E-19
5.861E+03  4.950E-30  7.696E-19
5.808E+03  5.135E-30  7.910E-19
5.754E+03  5.327E-30  8.131E-19
5.702E+03  5.526E-30  8.358E-19
5.649E+03  5.733E-30  8.591E-19
5.598E+03  5.948E-30  8.831E-19
5.546E+03  6.171E-30  9.078E-19
5.495E+03  6.402E-30  9.333E-19
5.445E+03  6.643E-30  9.594E-19
5.395E+03  6.892E-30  9.863E-19
5.346E+03  7.151E-30  1.014E-18
5.297E+03  7.420E-30  1.042E-18
5.248E+03  7.699E-30  1.072E-18
5.200E+03  7.989E-30  1.102E-18
5.152E+03  8.290E-30  1.133E-18
5.105E+03  8.602E-30  1.165E-18
5.058E+03  8.926E-30  1.198E-18
5.012E+03  9.263E-30  1.231E-18
4.966E+03  9.612E-30  1.266E-18
4.920E+03  9.975E-30  1.302E-18
4.875E+03  1.035E-29  1.339E-18
4.831E+03  1.074E-29  1.376E-18
4.786E+03  1.115E-29  1.415E-18
4.742E+03  1.157E-29  1.455E-18
4.699E+03  1.201E-29  1.497E-18
4.656E+03  1.246E-29  1.539E-18
4.613E+03  1.293E-29  1.583E-18
4.571E+03  1.343E-29  1.628E-18
4.529E+03  1.393E-29  1.674E-18
4.487E+03  1.446E-29  1.722E-18
4.446E+03  1.501E-29  1.771E-18
4.406E+03  1.558E-29  1.821E-18
4.365E+03  1.618E-29  1.873E-18
4.325E+03  1.679E-29  1.927E-18
4.285E+03  1.743E-29  1.982E-18
4.246E+03  1.810E-29  2.038E-18
4.207E+03  1.879E-29  2.097E-18
4.169E+03  1.950E-29  2.157E-18
4.130E+03  2.025E-29  2.218E-18
4.093E+03  2.102E-29  2.282E-18
4.055E+03  2.183E-29  2.348E-18
4.018E+03  2.266E-29  2.415E-18
3.981E+03  2.353E-29  2.484E-18
3.945E+03  2.443E-29  2.556E-18
3.908E+03  2.536E-29  2.629E-18
3.873E+03  2.633E-29  2.705E-18
3.837E+03  2.734E-29  2.783E-18
3.802E+03  2.839E-29  2.863E-18
3.767E+03  2.947E-29  2.945E-18
3.733E+03  3.061E-29  3.030E-18
3.698E+03  3.178E-29  3.118E-18
3.664E+03  3.300E-29  3.208E-18
3.631E+03  3.427E-29  3.301E-18
3.597E+03  3.559E-29  3.396E-18
3.565E+03  3.696E-29  3.495E-18
3.532E+03  3.839E-29  3.596E-18
3.499E+03  3.987E-29  3.701E-18
3.467E+03  4.141E-29  3.808E-18
3.436E+03  4.301E-29  3.919E-18
3.404E+03  4.467E-29  4.033E-18
3.373E+03  4.639E-29  4.151E-18
3.342E+03  4.819E-29  4.272E-18
3.311E+03  5.006E-29  4.397E-18
3.281E+03  5.200E-29  4.525E-18
3.251E+03  5.401E-29  4.657E-18
3.221E+03  5.611E-29  4.794E-18
3.192E+03  5.828E-29  4.934E-18
3.162E+03  6.055E-29  5.079E-18
3.133E+03  6.290E-29  5.228E-18
3.105E+03  6.535E-29  5.381E-18
3.076E+03  6.789E-29  5.539E-18
3.048E+03  7.053E-29  5.702E-18
3.020E+03  7.328E-29  5.870E-18
2.992E+03  7.613E-29  6.043E-18
2.965E+03  7.909E-29  6.220E-18
2.938E+03  8.217E-29  6.403E-18
2.911E+03  8.537E-29  6.591E-18
2.884E+03  8.869E-29  6.785E-18
2.858E+03  9.215E-29  6.985E-18
2.831E+03  9.574E-29  7.191E-18
2.805E+03  9.948E-29  7.403E-18
2.780E+03  1.034E-28  7.622E-18
2.754E+03  1.074E-28  7.847E-18
2.729E+03  1.116E-28  8.079E-18
2.704E+03  1.160E-28  8.318E-18
2.679E+03  1.205E-28  8.564E-18
2.655E+03  1.252E-28  8.818E-18
2.630E+03  1.301E-28  9.080E-18
2.606E+03  1.352E-28  9.350E-18
2.582E+03  1.406E-28  9.627E-18
2.559E+03  1.461E-28  9.914E-18
2.535E+03  1.518E-28  1.021E-17
2.512E+03  1.578E-28  1.051E-17
2.489E+03  1.640E-28  1.083E-17
2.466E+03  1.704E-28  1.115E-17
2.443E+03  1.771E-28  1.148E-17
2.421E+03  1.841E-28  1.182E-17
2.399E+03  1.914E-28  1.218E-17
2.377E+03  1.989E-28  1.254E-17
2.355E+03  2.068E-28  1.292E-17
2.333E+03  2.149E-28  1.330E-17
2.312E+03  2.234E-28  1.370E-17
2.291E+03  2.323E-28  1.411E-17
2.270E+03  2.414E-28  1.454E-17
2.249E+03  2.510E-28  1.497E-17
2.228E+03  2.609E-28  1.542E-17
2.208E+03  2.712E-28  1.589E-17
2.188E+03  2.820E-28  1.636E-17
2.168E+03  2.931E-28  1.686E-17
2.148E+03  3.048E-28  1.736E-17
2.128E+03  3.168E-28  1.789E-17
2.109E+03  3.294E-28  1.842E-17
2.089E+03  3.425E-28  1.898E-17
2.070E+03  3.561E-28  1.955E-17
2.051E+03  3.702E-28  2.014E-17
2.032E+03  3.849E-28  2.075E-17
2.014E+03  4.002E-28  2.138E-17
1.995E+03  4.161E-28  2.202E-17
1.977E+03  4.326E-28  2.269E-17
1.959E+03  4.498E-28  2.337E-17
1.941E+03  4.677E-28  2.408E-17
1.923E+03  4.863E-28  2.481E-17
1.905E+03  5.056E-28  2.556E-17
1.888E+03  5.257E-28  2.633E-17
1.871E+03  5.466E-28  2.713E-17
1.854E+03  5.684E-28  2.795E-17
1.837E+03  5.910E-28  2.879E-17
1.820E+03  6.146E-28  2.966E-17
1.803E+03  6.391E-28  3.056E-17
1.786E+03  6.645E-28  3.149E-17
1.770E+03  6.910E-28  3.245E-17
1.754E+03  7.186E-28  3.343E-17
1.738E+03  7.472E-28  3.444E-17
1.722E+03  7.770E-28  3.549E-17
1.706E+03  8.080E-28  3.657E-17
1.690E+03  8.402E-28  3.768E-17
1.675E+03  8.738E-28  3.882E-17
1.660E+03  9.086E-28  4.000E-17
1.644E+03  9.449E-28  4.121E-17
1.629E+03  9.826E-28  4.247E-17
1.614E+03  1.022E-27  4.376E-17
1.600E+03  1.063E-27  4.509E-17
1.585E+03  1.105E-27  4.645E-17
1.570E+03  1.149E-27  4.787E-17
1.556E+03  1.195E-27  4.932E-17
1.542E+03  1.243E-27  5.082E-17
1.528E+03  1.292E-27  5.236E-17
1.514E+03  1.344E-27  5.395E-17
1.500E+03  1.397E-27  5.559E-17
1.486E+03  1.453E-27  5.728E-17
1.472E+03  1.511E-27  5.903E-17
1.459E+03  1.572E-27  6.082E-17
1.445E+03  1.635E-27  6.267E-17
1.432E+03  1.700E-27  6.458E-17
1.419E+03  1.768E-27  6.654E-17
1.406E+03  1.838E-27  6.856E-17
1.393E+03  1.912E-27  7.065E-17
1.380E+03  1.988E-27  7.280E-17
1.368E+03  2.068E-27  7.501E-17
1.355E+03  2.150E-27  7.729E-17
1.343E+03  2.236E-27  7.964E-17
1.330E+03  2.325E-27  8.206E-17
1.318E+03  2.418E-27  8.455E-17
1.306E+03  2.515E-27  8.712E-17
1.294E+03  2.615E-27  8.977E-17
1.282E+03  2.719E-27  9.249E-17
1.271E+03  2.828E-27  9.530E-17
1.259E+03  2.940E-27  9.819E-17
1.247E+03  3.058E-27  1.012E-16
1.236E+03  3.179E-27  1.042E-16
1.225E+03  3.306E-27  1.074E-16
1.213E+03  3.438E-27  1.106E-16
1.202E+03  3.575E-27  1.140E-16
1.191E+03  3.717E-27  1.174E-16
1.180E+03  3.865E-27  1.210E-16
1.169E+03  4.018E-27  1.247E-16
1.159E+03  4.178E-27  1.284E-16
1.148E+03  4.344E-27  1.323E-16
1.138E+03  4.517E-27  1.363E-16
1.127E+03  4.696E-27  1.404E-16
1.117E+03  4.882E-27  1.446E-16
1.107E+03  5.076E-27  1.490E-16
1.096E+03  5.277E-27  1.535E-16
1.086E+03  5.486E-27  1.581E-16
1.076E+03  5.704E-27  1.629E-16
1.067E+03  5.930E-27  1.678E-16
1.057E+03  6.164E-27  1.728E-16
1.047E+03  6.408E-27  1.780E-16
1.038E+03  6.661E-27  1.833E-16
1.028E+03  6.924E-27  1.888E-16
1.019E+03  7.197E-27  1.945E-16
1.009E+03  7.481E-27  2.003E-16
1.000E+03  7.776E-27  2.063E-16
9.908E+02  8.083E-27  2.124E-16
9.817E+02  8.402E-27  2.188E-16
9.727E+02  8.733E-27  2.253E-16
9.638E+02  9.077E-27  2.321E-16
9.550E+02  9.434E-27  2.390E-16
9.462E+02  9.805E-27  2.461E-16
9.376E+02  1.019E-26  2.534E-16
9.290E+02  1.059E-26  2.610E-16
9.204E+02  1.101E-26  2.687E-16
9.120E+02  1.144E-26  2.767E-16
9.036E+02  1.189E-26  2.849E-16
8.954E+02  1.235E-26  2.933E-16
8.872E+02  1.283E-26  3.020E-16
8.790E+02  1.333E-26  3.109E-16
8.710E+02  1.385E-26  3.201E-16
8.630E+02  1.439E-26  3.295E-16
8.551E+02  1.495E-26  3.392E-16
8.472E+02  1.554E-26  3.491E-16
8.395E+02  1.614E-26  3.594E-16
8.318E+02  1.676E-26  3.699E-16
8.241E+02  1.741E-26  3.807E-16
8.166E+02  1.809E-26  3.918E-16
8.091E+02  1.879E-26  4.032E-16
8.017E+02  1.951E-26  4.150E-16
7.943E+02  2.027E-26  4.270E-16
7.870E+02  2.105E-26  4.394E-16
7.798E+02  2.186E-26  4.521E-16
7.727E+02  2.270E-26  4.652E-16
7.656E+02  2.357E-26  4.787E-16
7.586E+02  2.448E-26  4.925E-16
7.516E+02  2.541E-26  5.067E-16
7.447E+02  2.639E-26  5.213E-16
7.379E+02  2.740E-26  5.363E-16
7.311E+02  2.845E-26  5.518E-16
7.244E+02  2.954E-26  5.677E-16
7.178E+02  3.067E-26  5.840E-16
7.112E+02  3.185E-26  6.008E-16
7.047E+02  3.306E-26  6.181E-16
6.982E+02  3.433E-26  6.358E-16
6.918E+02  3.564E-26  6.540E-16
6.855E+02  3.700E-26  6.728E-16
6.792E+02  3.841E-26  6.920E-16
6.730E+02  3.987E-26  7.117E-16
6.668E+02  4.138E-26  7.320E-16
6.607E+02  4.295E-26  7.528E-16
6.546E+02  4.459E-26  7.742E-16
6.486E+02  4.628E-26  7.964E-16
6.427E+02  4.805E-26  8.191E-16
6.368E+02  4.987E-26  8.424E-16
6.310E+02  5.177E-26  8.664E-16
6.252E+02  5.373E-26  8.911E-16
6.194E+02  5.577E-26  9.164E-16
6.138E+02  5.789E-26  9.424E-16
6.081E+02  6.008E-26  9.692E-16
6.026E+02  6.236E-26  9.967E-16
5.970E+02  6.472E-26  1.025E-15
5.916E+02  6.717E-26  1.054E-15
5.861E+02  6.970E-26  1.084E-15
5.808E+02  7.234E-26  1.114E-15
5.754E+02  7.507E-26  1.146E-15
5.702E+02  7.790E-26  1.178E-15
5.649E+02  8.084E-26  1.211E-15
5.598E+02  8.388E-26  1.245E-15
5.546E+02  8.704E-26  1.280E-15
5.495E+02  9.031E-26  1.316E-15
5.445E+02  9.370E-26  1.353E-15
5.395E+02  9.722E-26  1.391E-15
5.346E+02  1.009E-25  1.430E-15
5.297E+02  1.047E-25  1.470E-15
5.248E+02  1.086E-25  1.511E-15
5.200E+02  1.126E-25  1.554E-15
5.152E+02  1.168E-25  1.597E-15
5.105E+02  1.212E-25  1.641E-15
5.058E+02  1.257E-25  1.687E-15
5.012E+02  1.304E-25  1.734E-15
4.966E+02  1.353E-25  1.782E-15
4.920E+02  1.403E-25  1.831E-15
4.875E+02  1.455E-25  1.882E-15
4.831E+02  1.509E-25  1.934E-15
4.786E+02  1.565E-25  1.987E-15
4.742E+02  1.623E-25  2.042E-15
4.699E+02  1.683E-25  2.098E-15
4.656E+02  1.745E-25  2.155E-15
4.613E+02  1.809E-25  2.214E-15
4.571E+02  1.876E-25  2.275E-15
4.529E+02  1.945E-25  2.337E-15
4.487E+02  2.016E-25  2.400E-15
4.446E+02  2.090E-25  2.465E-15
4.406E+02  2.167E-25  2.532E-15
4.365E+02  2.246E-25  2.601E-15
4.325E+02  2.328E-25  2.671E-15
4.285E+02  2.413E-25  2.743E-15
4.246E+02  2.501E-25  2.817E-15
4.207E+02  2.592E-25  2.892E-15
4.169E+02  2.686E-25  2.970E-15
4.130E+02  2.783E-25  3.049E-15
4.093E+02  2.884E-25  3.130E-15
4.055E+02  2.988E-25  3.214E-15
4.018E+02  3.096E-25  3.299E-15
3.981E+02  3.207E-25  3.387E-15
3.945E+02  3.322E-25  3.476E-15
3.908E+02  3.442E-25  3.568E-15
3.873E+02  3.565E-25  3.662E-15
3.837E+02  3.693E-25  3.758E-15
3.802E+02  3.824E-25  3.857E-15
3.767E+02  3.961E-25  3.958E-15
3.733E+02  4.102E-25  4.061E-15
3.698E+02  4.247E-25  4.166E-15
3.664E+02  4.398E-25  4.274E-15
3.631E+02  4.553E-25  4.385E-15
3.597E+02  4.714E-25  4.498E-15
3.565E+02  4.880E-25  4.614E-15
3.532E+02  5.051E-25  4.732E-15
3.499E+02  5.228E-25  4.853E-15
3.467E+02  5.411E-25  4.977E-15
3.436E+02  5.600E-25  5.103E-15
3.404E+02  5.794E-25  5.232E-15
3.373E+02  5.996E-25  5.364E-15
3.342E+02  6.203E-25  5.499E-15
3.311E+02  6.417E-25  5.637E-15
3.281E+02  6.638E-25  5.777E-15
3.251E+02  6.866E-25  5.921E-15
3.221E+02  7.102E-25  6.068E-15
3.192E+02  7.344E-25  6.218E-15
3.162E+02  7.595E-25  6.371E-15
3.133E+02  7.853E-25  6.527E-15
3.105E+02  8.119E-25  6.686E-15
3.076E+02  8.393E-25  6.848E-15
3.048E+02  8.676E-25  7.014E-15
3.020E+02  8.967E-25  7.183E-15
2.992E+02  9.267E-25  7.356E-15
2.965E+02  9.577E-25  7.531E-15
2.938E+02  9.895E-25  7.711E-15
2.911E+02  1.022E-24  7.893E-15
2.884E+02  1.056E-24  8.079E-15
2.858E+02  1.091E-24  8.269E-15
2.831E+02  1.127E-24  8.462E-15
2.805E+02  1.164E-24  8.659E-15
2.780E+02  1.201E-24  8.859E-15
2.754E+02  1.240E-24  9.063E-15
2.729E+02  1.281E-24  9.271E-15
2.704E+02  1.322E-24  9.483E-15
2.679E+02  1.365E-24  9.700E-15
2.655E+02  1.409E-24  9.920E-15
2.630E+02  1.454E-24  1.014E-14
2.606E+02  1.500E-24  1.037E-14
2.582E+02  1.548E-24  1.060E-14
2.559E+02  1.597E-24  1.084E-14
2.535E+02  1.647E-24  1.107E-14
2.512E+02  1.698E-24  1.131E-14
2.489E+02  1.749E-24  1.155E-14
2.466E+02  1.801E-24  1.178E-14
2.443E+02  1.854E-24  1.202E-14
2.421E+02  1.908E-24  1.226E-14
2.399E+02  1.963E-24  1.249E-14
2.377E+02  2.019E-24  1.273E-14
2.355E+02  2.075E-24  1.296E-14
2.333E+02  2.133E-24  1.320E-14
2.312E+02  2.192E-24  1.344E-14
2.291E+02  2.252E-24  1.369E-14
2.270E+02  2.314E-24  1.393E-14
2.249E+02  2.377E-24  1.418E-14
2.228E+02  2.441E-24  1.443E-14
2.208E+02  2.507E-24  1.468E-14
2.188E+02  2.574E-24  1.494E-14
2.168E+02  2.643E-24  1.519E-14
2.148E+02  2.712E-24  1.545E-14
2.128E+02  2.783E-24  1.571E-14
2.109E+02  2.856E-24  1.597E-14
2.089E+02  2.930E-24  1.624E-14
2.070E+02  3.005E-24  1.650E-14
2.051E+02  3.082E-24  1.677E-14
2.032E+02  3.160E-24  1.703E-14
2.014E+02  3.239E-24  1.730E-14
1.995E+02  3.321E-24  1.757E-14
1.977E+02  3.403E-24  1.785E-14
1.959E+02  3.487E-24  1.812E-14
1.941E+02  3.572E-24  1.839E-14
1.923E+02  3.659E-24  1.867E-14
1.905E+02  3.748E-24  1.894E-14
1.888E+02  3.838E-24  1.922E-14
1.871E+02  3.929E-24  1.950E-14
1.854E+02  4.022E-24  1.978E-14
1.837E+02  4.117E-24  2.006E-14
1.820E+02  4.213E-24  2.034E-14
1.803E+02  4.311E-24  2.062E-14
1.786E+02  4.411E-24  2.090E-14
1.770E+02  4.512E-24  2.118E-14
1.754E+02  4.615E-24  2.147E-14
1.738E+02  4.720E-24  2.176E-14
1.722E+02  4.826E-24  2.204E-14
1.706E+02  4.934E-24  2.233E-14
1.690E+02  5.044E-24  2.262E-14
1.675E+02  5.157E-24  2.291E-14
1.660E+02  5.271E-24  2.320E-14
1.644E+02  5.387E-24  2.350E-14
1.629E+02  5.506E-24  2.379E-14
1.614E+02  5.627E-24  2.409E-14
1.600E+02  5.749E-24  2.439E-14
1.585E+02  5.875E-24  2.470E-14
1.570E+02  6.003E-24  2.501E-14
1.556E+02  6.134E-24  2.532E-14
1.542E+02  6.268E-24  2.563E-14
1.528E+02  6.404E-24  2.595E-14
1.514E+02  6.544E-24  2.627E-14
1.500E+02  6.686E-24  2.660E-14
1.486E+02  6.830E-24  2.692E-14
1.472E+02  6.977E-24  2.725E-14
1.459E+02  7.124E-24  2.757E-14
1.445E+02  7.272E-24  2.788E-14
1.432E+02  7.417E-24  2.818E-14
1.419E+02  7.557E-24  2.845E-14
1.406E+02  7.691E-24  2.868E-14
1.393E+02  7.816E-24  2.888E-14
1.380E+02  7.930E-24  2.904E-14
1.368E+02  8.035E-24  2.915E-14
1.355E+02  8.131E-24  2.923E-14
1.343E+02  8.221E-24  2.928E-14
1.330E+02  8.307E-24  2.932E-14
1.318E+02  8.392E-24  2.935E-14
1.306E+02  8.478E-24  2.937E-14
1.294E+02  8.564E-24  2.940E-14
1.282E+02  8.652E-24  2.943E-14
1.271E+02  8.741E-24  2.946E-14
1.259E+02  8.833E-24  2.950E-14
1.247E+02  8.927E-24  2.954E-14
1.236E+02  9.023E-24  2.958E-14
1.225E+02  9.122E-24  2.963E-14
1.213E+02  9.222E-24  2.968E-14
1.202E+02  9.324E-24  2.974E-14
1.191E+02  9.428E-24  2.979E-14
1.180E+02  9.533E-24  2.985E-14
1.169E+02  9.638E-24  2.990E-14
1.159E+02  9.744E-24  2.995E-14
1.148E+02  9.852E-24  3.000E-14
1.138E+02  9.960E-24  3.006E-14
1.127E+02  1.007E-23  3.011E-14
1.117E+02  1.018E-23  3.016E-14
1.107E+02  1.029E-23  3.021E-14
1.096E+02  1.040E-23  3.026E-14
1.086E+02  1.052E-23  3.031E-14
1.076E+02  1.063E-23  3.035E-14
1.067E+02  1.074E-23  3.040E-14
1.057E+02  1.086E-23  3.044E-14
1.047E+02  1.097E-23  3.047E-14
1.038E+02  1.109E-23  3.051E-14
1.028E+02  1.120E-23  3.054E-14
1.019E+02  1.131E-23  3.056E-14
1.009E+02  1.142E-23  3.059E-14
1.000E+02  1.154E-23  3.060E-14
9.908E+01  1.165E-23  3.062E-14
9.817E+01  1.176E-23  3.063E-14
9.727E+01  1.187E-23  3.063E-14
9.638E+01  1.198E-23  3.063E-14
9.550E+01  1.209E-23  3.063E-14
9.462E+01  1.220E-23  3.062E-14
9.376E+01  1.231E-23  3.061E-14
9.290E+01  1.242E-23  3.060E-14
9.204E+01  1.252E-23  3.058E-14
9.120E+01  1.263E-23  3.055E-14
9.036E+01  1.273E-23  3.052E-14
8.954E+01  1.284E-23  3.049E-14
8.872E+01  1.294E-23  3.046E-14
8.790E+01  1.305E-23  3.042E-14
8.710E+01  1.315E-23  3.038E-14
8.630E+01  1.325E-23  3.034E-14
8.551E+01  1.336E-23  3.029E-14
8.472E+01  1.346E-23  3.024E-14
8.395E+01  1.356E-23  3.018E-14
8.318E+01  1.366E-23  3.013E-14
8.241E+01  1.376E-23  3.007E-14
8.166E+01  1.385E-23  3.001E-14
8.091E+01  1.395E-23  2.995E-14
8.017E+01  1.405E-23  2.988E-14
7.943E+01  1.415E-23  2.981E-14
7.870E+01  1.424E-23  2.974E-14
7.798E+01  1.434E-23  2.966E-14
7.727E+01  1.444E-23  2.959E-14
7.656E+01  1.453E-23  2.951E-14
7.586E+01  1.462E-23  2.943E-14
7.516E+01  1.472E-23  2.934E-14
7.447E+01  1.481E-23  2.926E-14
7.379E+01  1.490E-23  2.917E-14
7.311E+01  1.499E-23  2.908E-14
7.244E+01  1.508E-23  2.898E-14
7.178E+01  1.517E-23  2.889E-14
7.112E+01  1.526E-23  2.880E-14
7.047E+01  1.535E-23  2.870E-14
6.982E+01  1.545E-23  2.861E-14
6.918E+01  1.554E-23  2.851E-14
6.855E+01  1.563E-23  2.842E-14
6.792E+01  1.572E-23  2.832E-14
6.730E+01  1.581E-23  2.822E-14
6.668E+01  1.590E-23  2.812E-14
6.607E+01  1.599E-23  2.802E-14
6.546E+01  1.608E-23  2.793E-14
6.486E+01  1.617E-23  2.783E-14
6.427E+01  1.627E-23  2.773E-14
6.368E+01  1.636E-23  2.763E-14
6.310E+01  1.645E-23  2.753E-14
6.252E+01  1.655E-23  2.744E-14
6.194E+01  1.664E-23  2.735E-14
6.138E+01  1.674E-23  2.725E-14
6.081E+01  1.684E-23  2.716E-14
6.026E+01  1.694E-23  2.707E-14
5.970E+01  1.704E-23  2.698E-14
5.916E+01  1.714E-23  2.689E-14
5.861E+01  1.724E-23  2.680E-14
5.808E+01  1.734E-23  2.672E-14
5.754E+01  1.745E-23  2.663E-14
5.702E+01  1.756E-23  2.655E-14
5.649E+01  1.767E-23  2.647E-14
5.598E+01  1.778E-23  2.640E-14
5.546E+01  1.789E-23  2.632E-14
5.495E+01  1.801E-23  2.625E-14
5.445E+01  1.813E-23  2.618E-14
5.395E+01  1.825E-23  2.612E-14
5.346E+01  1.838E-23  2.606E-14
5.297E+01  1.851E-23  2.600E-14
5.248E+01  1.864E-23  2.594E-14
5.200E+01  1.877E-23  2.589E-14
5.152E+01  1.891E-23  2.584E-14
5.105E+01  1.905E-23  2.580E-14
5.058E+01  1.919E-23  2.575E-14
5.012E+01  1.934E-23  2.571E-14
4.966E+01  1.949E-23  2.568E-14
4.920E+01  1.965E-23  2.564E-14
4.875E+01  1.981E-23  2.562E-14
4.831E+01  1.997E-23  2.559E-14
4.786E+01  2.014E-23  2.557E-14
4.742E+01  2.032E-23  2.556E-14
4.699E+01  2.049E-23  2.555E-14
4.656E+01  2.068E-23  2.554E-14
4.613E+01  2.087E-23  2.553E-14
4.571E+01  2.106E-23  2.553E-14
4.529E+01  2.126E-23  2.554E-14
4.487E+01  2.146E-23  2.555E-14
4.446E+01  2.167E-23  2.556E-14
4.406E+01  2.188E-23  2.557E-14
4.365E+01  2.210E-23  2.559E-14
4.325E+01  2.232E-23  2.561E-14
4.285E+01  2.255E-23  2.563E-14
4.246E+01  2.278E-23  2.566E-14
4.207E+01  2.301E-23  2.568E-14
4.169E+01  2.325E-23  2.571E-14
4.130E+01  2.349E-23  2.573E-14
4.093E+01  2.373E-23  2.576E-14
4.055E+01  2.397E-23  2.578E-14
4.018E+01  2.421E-23  2.580E-14
3.981E+01  2.445E-23  2.581E-14
3.945E+01  2.468E-23  2.583E-14
3.908E+01  2.492E-23  2.583E-14
3.873E+01  2.514E-23  2.583E-14
3.837E+01  2.537E-23  2.582E-14
3.802E+01  2.558E-23  2.580E-14
3.767E+01  2.579E-23  2.577E-14
3.733E+01  2.598E-23  2.572E-14
3.698E+01  2.615E-23  2.566E-14
3.664E+01  2.632E-23  2.558E-14
3.631E+01  2.646E-23  2.549E-14
3.597E+01  2.659E-23  2.538E-14
3.565E+01  2.670E-23  2.525E-14
3.532E+01  2.679E-23  2.509E-14
3.499E+01  2.685E-23  2.492E-14
3.467E+01  2.688E-23  2.472E-14
3.436E+01  2.689E-23  2.450E-14
3.404E+01  2.686E-23  2.426E-14
3.373E+01  2.681E-23  2.399E-14
3.342E+01  2.673E-23  2.369E-14
3.311E+01  2.661E-23  2.338E-14
3.281E+01  2.647E-23  2.303E-14
3.251E+01  2.629E-23  2.267E-14
3.221E+01  2.608E-23  2.228E-14
3.192E+01  2.584E-23  2.187E-14
3.162E+01  2.557E-23  2.145E-14
3.133E+01  2.527E-23  2.100E-14
3.105E+01  2.494E-23  2.054E-14
3.076E+01  2.460E-23  2.007E-14
3.048E+01  2.423E-23  1.959E-14
3.020E+01  2.384E-23  1.909E-14
2.992E+01  2.343E-23  1.860E-14
2.965E+01  2.301E-23  1.809E-14
2.938E+01  2.258E-23  1.759E-14
2.911E+01  2.213E-23  1.709E-14
2.884E+01  2.169E-23  1.659E-14
2.858E+01  2.124E-23  1.610E-14
2.831E+01  2.078E-23  1.561E-14
2.805E+01  2.033E-23  1.513E-14
2.780E+01  1.989E-23  1.466E-14
2.754E+01  1.944E-23  1.421E-14
2.729E+01  1.901E-23  1.376E-14
2.704E+01  1.858E-23  1.333E-14
2.679E+01  1.816E-23  1.291E-14
2.655E+01  1.776E-23  1.250E-14
2.630E+01  1.736E-23  1.211E-14
2.606E+01  1.697E-23  1.173E-14
2.582E+01  1.660E-23  1.137E-14
2.559E+01  1.624E-23  1.102E-14
2.535E+01  1.589E-23  1.069E-14
2.512E+01  1.556E-23  1.036E-14
2.489E+01  1.523E-23  1.006E-14
2.466E+01  1.492E-23  9.760E-15
2.443E+01  1.462E-23  9.476E-15
2.421E+01  1.433E-23  9.204E-15
2.399E+01  1.405E-23  8.940E-15
2.377E+01  1.378E-23  8.690E-15
2.355E+01  1.353E-23  8.453E-15
2.333E+01  1.329E-23  8.226E-15
2.312E+01  1.305E-23  8.003E-15
2.291E+01  1.282E-23  7.792E-15
2.270E+01  1.261E-23  7.595E-15
2.249E+01  1.242E-23  7.411E-15
2.228E+01  1.224E-23  7.236E-15
2.208E+01  1.207E-23  7.068E-15
2.188E+01  1.189E-23  6.901E-15
2.168E+01  1.172E-23  6.738E-15
2.148E+01  1.155E-23  6.583E-15
2.128E+01  1.140E-23  6.437E-15
2.109E+01  1.126E-23  6.301E-15
2.089E+01  1.113E-23  6.168E-15
2.070E+01  1.100E-23  6.038E-15
2.051E+01  1.087E-23  5.913E-15
2.032E+01  1.075E-23  5.795E-15
2.014E+01  1.065E-23  5.691E-15
1.995E+01  1.056E-23  5.590E-15
1.977E+01  1.047E-23  5.491E-15
1.959E+01  1.038E-23  5.393E-15
1.941E+01  1.029E-23  5.296E-15
1.923E+01  1.021E-23  5.206E-15
1.905E+01  1.017E-23  5.141E-15
1.888E+01  1.011E-23  5.065E-15
1.871E+01  9.879E-24  4.902E-15
1.854E+01  9.707E-24  4.772E-15
1.837E+01  9.567E-24  4.661E-15
1.820E+01  9.448E-24  4.560E-15
1.803E+01  9.372E-24  4.482E-15
1.786E+01  9.355E-24  4.433E-15
1.770E+01  9.212E-24  4.325E-15
1.754E+01  9.192E-24  4.277E-15
1.738E+01  9.386E-24  4.327E-15
1.722E+01  9.170E-24  4.188E-15
1.706E+01  9.022E-24  4.083E-15
1.690E+01  8.781E-24  3.937E-15
1.675E+01  8.486E-24  3.770E-15
1.660E+01  8.367E-24  3.683E-15
1.644E+01  8.668E-24  3.781E-15
1.629E+01  7.721E-24  3.337E-15
1.614E+01  7.246E-24  3.103E-15
1.600E+01  6.987E-24  2.965E-15
1.585E+01  6.776E-24  2.849E-15
1.570E+01  6.560E-24  2.733E-15
1.556E+01  6.381E-24  2.634E-15
1.542E+01  6.224E-24  2.545E-15
1.528E+01  6.084E-24  2.465E-15
1.514E+01  5.956E-24  2.391E-15
1.500E+01  5.843E-24  2.324E-15
1.486E+01  5.740E-24  2.263E-15
1.472E+01  5.653E-24  2.208E-15
1.459E+01  5.590E-24  2.163E-15
1.445E+01  5.572E-24  2.136E-15
1.432E+01  5.644E-24  2.144E-15
1.419E+01  5.746E-24  2.163E-15
1.406E+01  5.614E-24  2.094E-15
1.393E+01  5.542E-24  2.048E-15
1.380E+01  5.619E-24  2.058E-15
1.368E+01  5.839E-24  2.119E-15
1.355E+01  6.130E-24  2.204E-15
1.343E+01  6.204E-24  2.210E-15
1.330E+01  6.035E-24  2.130E-15
1.318E+01  5.950E-24  2.081E-15
1.306E+01  6.080E-24  2.107E-15
1.294E+01  6.480E-24  2.224E-15
1.282E+01  7.224E-24  2.457E-15
1.271E+01  8.172E-24  2.754E-15
1.259E+01  8.486E-24  2.834E-15
1.247E+01  7.813E-24  2.585E-15
1.236E+01  7.114E-24  2.332E-15
1.225E+01  6.867E-24  2.231E-15
1.213E+01  7.033E-24  2.264E-15
1.202E+01  7.281E-24  2.322E-15
1.191E+01  7.121E-24  2.250E-15
1.180E+01  6.733E-24  2.108E-15
1.169E+01  6.624E-24  2.055E-15
1.159E+01  7.102E-24  2.183E-15
1.148E+01  8.704E-24  2.651E-15
1.138E+01  1.089E-23  3.286E-15
1.127E+01  1.346E-23  4.025E-15
1.117E+01  1.035E-23  3.067E-15
1.107E+01  6.743E-24  1.979E-15
1.096E+01  5.528E-24  1.608E-15
1.086E+01  4.957E-24  1.429E-15
1.076E+01  4.649E-24  1.327E-15
1.067E+01  4.460E-24  1.262E-15
1.057E+01  4.296E-24  1.204E-15
1.047E+01  4.179E-24  1.161E-15
1.038E+01  4.088E-24  1.125E-15
1.028E+01  4.010E-24  1.093E-15
1.019E+01  3.939E-24  1.064E-15
1.009E+01  3.876E-24  1.038E-15
1.000E+01  3.822E-24  1.014E-15
9.908E+00  3.778E-24  9.929E-16
9.817E+00  3.743E-24  9.747E-16
9.727E+00  3.717E-24  9.590E-16
9.638E+00  3.698E-24  9.455E-16
9.550E+00  3.685E-24  9.335E-16
9.462E+00  3.678E-24  9.232E-16
9.376E+00  3.679E-24  9.150E-16
9.290E+00  3.693E-24  9.099E-16
9.204E+00  3.728E-24  9.102E-16
9.120E+00  3.799E-24  9.191E-16
9.036E+00  3.929E-24  9.419E-16
8.954E+00  4.159E-24  9.879E-16
8.872E+00  4.561E-24  1.073E-15
8.790E+00  5.256E-24  1.226E-15
8.710E+00  6.345E-24  1.466E-15
8.630E+00  7.360E-24  1.685E-15
8.551E+00  7.190E-24  1.631E-15
8.472E+00  6.426E-24  1.444E-15
8.395E+00  6.026E-24  1.342E-15
8.318E+00  5.981E-24  1.320E-15
8.241E+00  6.158E-24  1.346E-15
8.166E+00  6.636E-24  1.437E-15
8.091E+00  7.565E-24  1.624E-15
8.017E+00  9.052E-24  1.925E-15
7.943E+00  1.100E-23  2.317E-15
7.870E+00  1.268E-23  2.647E-15
7.798E+00  1.324E-23  2.740E-15
7.727E+00  1.326E-23  2.717E-15
7.656E+00  1.357E-23  2.757E-15
7.586E+00  1.318E-23  2.653E-15
7.516E+00  1.122E-23  2.237E-15
7.447E+00  9.030E-24  1.784E-15
7.379E+00  7.420E-24  1.452E-15
7.311E+00  6.298E-24  1.222E-15
7.244E+00  5.474E-24  1.052E-15
7.178E+00  4.839E-24  9.214E-16
7.112E+00  4.347E-24  8.201E-16
7.047E+00  3.976E-24  7.432E-16
6.982E+00  3.715E-24  6.880E-16
6.918E+00  3.558E-24  6.529E-16
6.855E+00  3.495E-24  6.355E-16
6.792E+00  3.498E-24  6.302E-16
6.730E+00  3.502E-24  6.252E-16
6.668E+00  3.434E-24  6.073E-16
6.607E+00  3.293E-24  5.771E-16
6.546E+00  3.173E-24  5.510E-16
6.486E+00  3.190E-24  5.488E-16
6.427E+00  3.474E-24  5.923E-16
6.368E+00  4.268E-24  7.209E-16
6.310E+00  6.069E-24  1.016E-15
6.252E+00  9.009E-24  1.494E-15
6.194E+00  9.063E-24  1.489E-15
6.138E+00  5.861E-24  9.542E-16
6.081E+00  3.724E-24  6.008E-16
6.026E+00  2.665E-24  4.260E-16
5.970E+00  2.119E-24  3.356E-16
5.916E+00  1.824E-24  2.863E-16
5.861E+00  1.682E-24  2.615E-16
5.808E+00  1.669E-24  2.571E-16
5.754E+00  1.785E-24  2.724E-16
5.702E+00  1.859E-24  2.812E-16
5.649E+00  1.625E-24  2.435E-16
5.598E+00  1.333E-24  1.979E-16
5.546E+00  1.147E-24  1.687E-16
5.495E+00  1.040E-24  1.516E-16
5.445E+00  9.836E-25  1.421E-16
5.395E+00  9.720E-25  1.391E-16
5.346E+00  1.016E-24  1.441E-16
5.297E+00  1.100E-24  1.545E-16
5.248E+00  1.066E-24  1.484E-16
5.200E+00  9.036E-25  1.246E-16
5.152E+00  7.746E-25  1.059E-16
5.105E+00  6.940E-25  9.398E-17
5.058E+00  6.402E-25  8.590E-17
5.012E+00  6.004E-25  7.981E-17
4.966E+00  5.682E-25  7.484E-17
4.920E+00  5.408E-25  7.059E-17
4.875E+00  5.167E-25  6.683E-17
4.831E+00  4.950E-25  6.343E-17
4.786E+00  4.752E-25  6.033E-17
4.742E+00  4.568E-25  5.746E-17
4.699E+00  4.396E-25  5.480E-17
4.656E+00  4.236E-25  5.231E-17
4.613E+00  4.084E-25  4.998E-17
4.571E+00  3.942E-25  4.779E-17
4.529E+00  3.806E-25  4.573E-17
4.487E+00  3.678E-25  4.378E-17
4.446E+00  3.557E-25  4.195E-17
4.406E+00  3.441E-25  4.021E-17
4.365E+00  3.332E-25  3.858E-17
4.325E+00  3.228E-25  3.703E-17
4.285E+00  3.129E-25  3.557E-17
4.246E+00  3.035E-25  3.419E-17
4.207E+00  2.946E-25  3.288E-17
4.169E+00  2.862E-25  3.165E-17
4.130E+00  2.783E-25  3.049E-17
4.093E+00  2.708E-25  2.940E-17
4.055E+00  2.637E-25  2.837E-17
4.018E+00  2.571E-25  2.740E-17
3.981E+00  2.509E-25  2.650E-17
3.945E+00  2.452E-25  2.566E-17
3.908E+00  2.400E-25  2.488E-17
3.873E+00  2.352E-25  2.416E-17
3.837E+00  2.310E-25  2.351E-17
3.802E+00  2.273E-25  2.293E-17
3.767E+00  2.243E-25  2.242E-17
3.733E+00  2.221E-25  2.199E-17
3.698E+00  2.208E-25  2.166E-17
3.664E+00  2.206E-25  2.144E-17
3.631E+00  2.219E-25  2.138E-17
3.597E+00  2.253E-25  2.150E-17
3.565E+00  2.316E-25  2.190E-17
3.532E+00  2.424E-25  2.271E-17
3.499E+00  2.604E-25  2.417E-17
3.467E+00  2.912E-25  2.678E-17
3.436E+00  3.471E-25  3.163E-17
3.404E+00  4.597E-25  4.151E-17
3.373E+00  7.316E-25  6.545E-17
3.342E+00  1.636E-24  1.451E-16
3.311E+00  6.128E-24  5.383E-16
3.281E+00  4.185E-24  3.642E-16
3.251E+00  1.205E-24  1.039E-16
3.221E+00  5.812E-25  4.966E-17
3.192E+00  3.742E-25  3.168E-17
3.162E+00  2.821E-25  2.366E-17
3.133E+00  2.332E-25  1.938E-17
3.105E+00  2.038E-25  1.679E-17
3.076E+00  1.847E-25  1.507E-17
3.048E+00  1.713E-25  1.385E-17
3.020E+00  1.615E-25  1.293E-17
2.992E+00  1.539E-25  1.221E-17
2.965E+00  1.479E-25  1.163E-17
2.938E+00  1.429E-25  1.114E-17
2.911E+00  1.388E-25  1.071E-17
2.884E+00  1.352E-25  1.034E-17
2.858E+00  1.321E-25  1.001E-17
2.831E+00  1.293E-25  9.710E-18
2.805E+00  1.268E-25  9.435E-18
2.780E+00  1.245E-25  9.180E-18
2.754E+00  1.224E-25  8.943E-18
2.729E+00  1.205E-25  8.720E-18
2.704E+00  1.186E-25  8.508E-18
2.679E+00  1.169E-25  8.308E-18
2.655E+00  1.153E-25  8.116E-18
2.630E+00  1.137E-25  7.933E-18
2.606E+00  1.122E-25  7.757E-18
2.582E+00  1.108E-25  7.586E-18
2.559E+00  1.094E-25  7.422E-18
2.535E+00  1.080E-25  7.262E-18
2.512E+00  1.067E-25  7.108E-18
2.489E+00  1.054E-25  6.957E-18
2.466E+00  1.041E-25  6.809E-18
2.443E+00  1.028E-25  6.665E-18
2.421E+00  1.016E-25  6.524E-18
2.399E+00  1.004E-25  6.387E-18
2.377E+00  9.918E-26  6.253E-18
2.355E+00  9.800E-26  6.122E-18
2.333E+00  9.684E-26  5.994E-18
2.312E+00  9.569E-26  5.868E-18
2.291E+00  9.454E-26  5.745E-18
2.270E+00  9.340E-26  5.624E-18
2.249E+00  9.226E-26  5.504E-18
2.228E+00  9.112E-26  5.386E-18
2.208E+00  8.996E-26  5.269E-18
2.188E+00  8.879E-26  5.153E-18
2.168E+00  8.760E-26  5.037E-18
2.148E+00  8.637E-26  4.921E-18
2.128E+00  8.511E-26  4.804E-18
2.109E+00  8.378E-26  4.686E-18
2.089E+00  8.239E-26  4.566E-18
2.070E+00  8.090E-26  4.442E-18
2.051E+00  7.929E-26  4.314E-18
2.032E+00  7.752E-26  4.179E-18
2.014E+00  7.556E-26  4.036E-18
1.995E+00  7.338E-26  3.884E-18
1.977E+00  7.097E-26  3.722E-18
1.959E+00  6.841E-26  3.554E-18
1.941E+00  6.593E-26  3.394E-18
1.923E+00  6.396E-26  3.263E-18
1.905E+00  6.298E-26  3.183E-18
1.888E+00  6.313E-26  3.161E-18
1.871E+00  6.407E-26  3.179E-18
1.854E+00  6.528E-26  3.210E-18
1.837E+00  6.634E-26  3.232E-18
1.820E+00  6.710E-26  3.239E-18
1.803E+00  6.753E-26  3.230E-18
1.786E+00  6.769E-26  3.208E-18
1.770E+00  6.764E-26  3.176E-18
1.754E+00  6.744E-26  3.138E-18
1.738E+00  6.713E-26  3.094E-18
1.722E+00  6.673E-26  3.048E-18
1.706E+00  6.628E-26  3.000E-18
1.690E+00  6.580E-26  2.950E-18
1.675E+00  6.529E-26  2.901E-18
1.660E+00  6.478E-26  2.852E-18
1.644E+00  6.426E-26  2.803E-18
1.629E+00  6.374E-26  2.755E-18
1.614E+00  6.323E-26  2.708E-18
1.600E+00  6.275E-26  2.662E-18
1.585E+00  6.229E-26  2.619E-18
1.570E+00  6.187E-26  2.577E-18
1.556E+00  6.149E-26  2.538E-18
1.542E+00  6.115E-26  2.501E-18
1.528E+00  6.088E-26  2.467E-18
1.514E+00  6.068E-26  2.436E-18
1.500E+00  6.056E-26  2.409E-18
1.486E+00  6.053E-26  2.386E-18
1.472E+00  6.062E-26  2.367E-18
1.459E+00  6.083E-26  2.354E-18
1.445E+00  6.121E-26  2.347E-18
1.432E+00  6.176E-26  2.346E-18
1.419E+00  6.254E-26  2.354E-18
1.406E+00  6.358E-26  2.371E-18
1.393E+00  6.494E-26  2.400E-18
1.380E+00  6.668E-26  2.441E-18
1.368E+00  6.887E-26  2.499E-18
1.355E+00  7.159E-26  2.573E-18
1.343E+00  7.490E-26  2.668E-18
1.330E+00  7.883E-26  2.782E-18
1.318E+00  8.332E-26  2.914E-18
1.306E+00  8.810E-26  3.052E-18
1.294E+00  9.260E-26  3.179E-18
1.282E+00  9.589E-26  3.262E-18
1.271E+00  9.685E-26  3.264E-18
1.259E+00  9.468E-26  3.162E-18
1.247E+00  8.945E-26  2.960E-18
1.236E+00  8.216E-26  2.694E-18
1.225E+00  7.419E-26  2.410E-18
1.213E+00  6.663E-26  2.145E-18
1.202E+00  6.012E-26  1.917E-18
1.191E+00  5.482E-26  1.732E-18
1.180E+00  5.072E-26  1.588E-18
1.169E+00  4.769E-26  1.479E-18
1.159E+00  4.562E-26  1.402E-18
1.148E+00  4.444E-26  1.354E-18
1.138E+00  4.415E-26  1.332E-18
1.127E+00  4.482E-26  1.340E-18
1.117E+00  4.666E-26  1.382E-18
1.107E+00  5.003E-26  1.469E-18
1.096E+00  5.553E-26  1.615E-18
1.086E+00  6.403E-26  1.845E-18
1.076E+00  7.640E-26  2.182E-18
1.067E+00  9.190E-26  2.600E-18
1.057E+00  1.043E-25  2.924E-18
1.047E+00  1.022E-25  2.839E-18
1.038E+00  8.467E-26  2.330E-18
1.028E+00  6.398E-26  1.745E-18
1.019E+00  4.793E-26  1.295E-18
1.009E+00  3.706E-26  9.923E-19
1.000E+00  2.987E-26  7.922E-19
