Dust emission from Draine & Li (2007): ApJ 657, 810-837
==========================================================
         5 = grain model
 4.000E-08 4.000E-01 3.000E-05 = a_01 (cm) , sigma_1 , b_C1/0.92
 2.000E-07 5.500E-01 1.000E-05 = a_02 (cm) , sigma_2 , b_C2/0.92
 2.000E-01 2.000E-01 1.000E+00 = Umin , Umax, beta (dN/dU propto U^{-beta})
 2.000E-01 = <U> 
     mmp83 = radfield
 8.974E-25 = power/H (erg s-1)
 band   nu*P_nu(band) j_nu(band)
 (um)   (erg s-1 H-1)(Jy cm2 sr-1 H-1)
1.270E+00  2.487E-27  8.378E-20 COBE-DIRBE
2.220E+00  3.181E-27  1.873E-19 COBE-DIRBE
3.530E+00  2.064E-26  1.932E-18 COBE-DIRBE
4.880E+00  9.256E-27  1.198E-18 COBE-DIRBE
1.229E+01  8.157E-26  2.659E-17 COBE-DIRBE
2.079E+01  5.100E-26  2.813E-17 COBE-DIRBE
5.599E+01  8.259E-26  1.227E-16 COBE-DIRBE
9.770E+01  3.266E-25  8.465E-16 COBE-DIRBE
1.479E+02  5.789E-25  2.271E-15 COBE-DIRBE
2.479E+02  3.923E-25  2.579E-15 COBE-DIRBE
1.200E+01  8.955E-26  2.851E-17 IRAS
2.500E+01  4.554E-26  3.020E-17 IRAS
6.000E+01  9.606E-26  1.529E-16 IRAS
1.000E+02  3.454E-25  9.162E-16 IRAS
3.550E+00  2.399E-26  2.259E-18 SST-IRAC
4.493E+00  6.735E-27  8.027E-19 SST-IRAC
5.731E+00  5.364E-26  8.155E-18 SST-IRAC
7.872E+00  1.306E-25  2.727E-17 SST-IRAC
2.368E+01  4.036E-26  2.535E-17 SST-MIPS
7.142E+01  1.312E-25  2.485E-16 SST-MIPS
1.559E+02  5.808E-25  2.402E-15 SST-MIPS
1.600E+01  6.226E-26  2.642E-17 SST-IRSPU
2.200E+01  4.400E-26  2.567E-17 SST-IRSPU
7.500E+01  1.079E-25  2.148E-16 Herschel-PACS
1.100E+02  2.554E-25  7.451E-16 Herschel-PACS
1.700E+02  4.536E-25  2.045E-15 Herschel-PACS
2.500E+02  3.547E-25  2.352E-15 Herschel-SPIRE
3.600E+02  1.512E-25  1.444E-15 Herschel-SPIRE
5.200E+02  4.798E-26  6.618E-16 Herschel-SPIRE
2.400E+00  3.564E-27  2.269E-19 Akari IRC NIR N2
3.200E+00  1.587E-26  1.347E-18 Akari IRC NIR N3
4.100E+00  7.307E-27  7.947E-19 Akari IRC NIR N4
7.000E+00  1.481E-25  2.749E-17 Akari IRC MIR-S S7
9.000E+00  1.048E-25  2.503E-17 Akari IRC MIR-S S9W
1.100E+01  8.187E-26  2.389E-17 Akari IRC MIR-S S11
1.500E+01  6.466E-26  2.573E-17 Akari IRC MIR-L L15
1.800E+01  5.268E-26  2.515E-17 Akari IRC MIR-L L18W
2.400E+01  4.246E-26  2.703E-17 Akari IRC MIR-L L24
6.500E+01  1.145E-25  1.975E-16 Akari FIS N60
8.000E+01  2.494E-25  5.292E-16 Akari FIS WIDE-S
1.400E+02  5.848E-25  2.172E-15 Akari FIS WIDE-L
1.600E+02  6.032E-25  2.560E-15 Akari FIS N160
 
 
 
 


lambda    nu*dP/dnu     j_nu
 (um)   (erg s-1 H-1)(Jy cm2 sr-1 H-1)
1.000E+04  3.949E-31  1.048E-19
9.908E+03  4.093E-31  1.076E-19
9.817E+03  4.242E-31  1.105E-19
9.727E+03  4.396E-31  1.134E-19
9.638E+03  4.556E-31  1.165E-19
9.550E+03  4.722E-31  1.196E-19
9.462E+03  4.894E-31  1.228E-19
9.376E+03  5.072E-31  1.261E-19
9.290E+03  5.257E-31  1.295E-19
9.204E+03  5.448E-31  1.330E-19
9.120E+03  5.646E-31  1.366E-19
9.036E+03  5.852E-31  1.403E-19
8.954E+03  6.064E-31  1.440E-19
8.872E+03  6.283E-31  1.479E-19
8.790E+03  6.511E-31  1.518E-19
8.710E+03  6.747E-31  1.559E-19
8.630E+03  6.991E-31  1.600E-19
8.551E+03  7.245E-31  1.643E-19
8.472E+03  7.508E-31  1.687E-19
8.395E+03  7.780E-31  1.732E-19
8.318E+03  8.063E-31  1.779E-19
8.241E+03  8.356E-31  1.827E-19
8.166E+03  8.660E-31  1.876E-19
8.091E+03  8.975E-31  1.926E-19
8.017E+03  9.302E-31  1.978E-19
7.943E+03  9.641E-31  2.031E-19
7.870E+03  9.992E-31  2.086E-19
7.798E+03  1.036E-30  2.142E-19
7.727E+03  1.073E-30  2.200E-19
7.656E+03  1.113E-30  2.259E-19
7.586E+03  1.153E-30  2.321E-19
7.516E+03  1.195E-30  2.383E-19
7.447E+03  1.239E-30  2.448E-19
7.379E+03  1.284E-30  2.514E-19
7.311E+03  1.331E-30  2.582E-19
7.244E+03  1.380E-30  2.652E-19
7.178E+03  1.431E-30  2.724E-19
7.112E+03  1.483E-30  2.798E-19
7.047E+03  1.538E-30  2.874E-19
6.982E+03  1.594E-30  2.952E-19
6.918E+03  1.652E-30  3.032E-19
6.855E+03  1.713E-30  3.115E-19
6.792E+03  1.776E-30  3.199E-19
6.730E+03  1.841E-30  3.286E-19
6.668E+03  1.909E-30  3.376E-19
6.607E+03  1.979E-30  3.468E-19
6.546E+03  2.051E-30  3.562E-19
6.486E+03  2.127E-30  3.659E-19
6.427E+03  2.205E-30  3.759E-19
6.368E+03  2.286E-30  3.862E-19
6.310E+03  2.371E-30  3.968E-19
6.252E+03  2.458E-30  4.076E-19
6.194E+03  2.549E-30  4.188E-19
6.138E+03  2.643E-30  4.303E-19
6.081E+03  2.740E-30  4.421E-19
6.026E+03  2.842E-30  4.542E-19
5.970E+03  2.947E-30  4.667E-19
5.916E+03  3.056E-30  4.795E-19
5.861E+03  3.169E-30  4.927E-19
5.808E+03  3.286E-30  5.062E-19
5.754E+03  3.408E-30  5.202E-19
5.702E+03  3.534E-30  5.345E-19
5.649E+03  3.665E-30  5.493E-19
5.598E+03  3.801E-30  5.644E-19
5.546E+03  3.942E-30  5.800E-19
5.495E+03  4.089E-30  5.960E-19
5.445E+03  4.241E-30  6.125E-19
5.395E+03  4.399E-30  6.295E-19
5.346E+03  4.562E-30  6.469E-19
5.297E+03  4.732E-30  6.648E-19
5.248E+03  4.908E-30  6.832E-19
5.200E+03  5.091E-30  7.022E-19
5.152E+03  5.281E-30  7.217E-19
5.105E+03  5.477E-30  7.417E-19
5.058E+03  5.682E-30  7.623E-19
5.012E+03  5.894E-30  7.835E-19
4.966E+03  6.114E-30  8.053E-19
4.920E+03  6.342E-30  8.277E-19
4.875E+03  6.579E-30  8.507E-19
4.831E+03  6.824E-30  8.744E-19
4.786E+03  7.079E-30  8.988E-19
4.742E+03  7.344E-30  9.239E-19
4.699E+03  7.619E-30  9.497E-19
4.656E+03  7.904E-30  9.762E-19
4.613E+03  8.200E-30  1.003E-18
4.571E+03  8.508E-30  1.032E-18
4.529E+03  8.827E-30  1.060E-18
4.487E+03  9.158E-30  1.090E-18
4.446E+03  9.502E-30  1.121E-18
4.406E+03  9.859E-30  1.152E-18
4.365E+03  1.023E-29  1.184E-18
4.325E+03  1.061E-29  1.218E-18
4.285E+03  1.101E-29  1.252E-18
4.246E+03  1.143E-29  1.287E-18
4.207E+03  1.186E-29  1.323E-18
4.169E+03  1.231E-29  1.361E-18
4.130E+03  1.277E-29  1.399E-18
4.093E+03  1.325E-29  1.438E-18
4.055E+03  1.375E-29  1.479E-18
4.018E+03  1.427E-29  1.521E-18
3.981E+03  1.481E-29  1.564E-18
3.945E+03  1.537E-29  1.608E-18
3.908E+03  1.595E-29  1.653E-18
3.873E+03  1.655E-29  1.700E-18
3.837E+03  1.717E-29  1.748E-18
3.802E+03  1.782E-29  1.797E-18
3.767E+03  1.850E-29  1.848E-18
3.733E+03  1.920E-29  1.901E-18
3.698E+03  1.992E-29  1.955E-18
3.664E+03  2.068E-29  2.010E-18
3.631E+03  2.146E-29  2.067E-18
3.597E+03  2.228E-29  2.126E-18
3.565E+03  2.312E-29  2.186E-18
3.532E+03  2.400E-29  2.249E-18
3.499E+03  2.491E-29  2.313E-18
3.467E+03  2.586E-29  2.379E-18
3.436E+03  2.684E-29  2.446E-18
3.404E+03  2.787E-29  2.516E-18
3.373E+03  2.893E-29  2.588E-18
3.342E+03  3.003E-29  2.662E-18
3.311E+03  3.117E-29  2.738E-18
3.281E+03  3.236E-29  2.817E-18
3.251E+03  3.360E-29  2.897E-18
3.221E+03  3.488E-29  2.980E-18
3.192E+03  3.621E-29  3.066E-18
3.162E+03  3.760E-29  3.154E-18
3.133E+03  3.903E-29  3.244E-18
3.105E+03  4.053E-29  3.337E-18
3.076E+03  4.208E-29  3.433E-18
3.048E+03  4.369E-29  3.532E-18
3.020E+03  4.536E-29  3.634E-18
2.992E+03  4.710E-29  3.738E-18
2.965E+03  4.890E-29  3.846E-18
2.938E+03  5.077E-29  3.956E-18
2.911E+03  5.271E-29  4.070E-18
2.884E+03  5.472E-29  4.186E-18
2.858E+03  5.682E-29  4.307E-18
2.831E+03  5.900E-29  4.431E-18
2.805E+03  6.126E-29  4.558E-18
2.780E+03  6.360E-29  4.690E-18
2.754E+03  6.604E-29  4.825E-18
2.729E+03  6.858E-29  4.964E-18
2.704E+03  7.121E-29  5.108E-18
2.679E+03  7.395E-29  5.255E-18
2.655E+03  7.679E-29  5.407E-18
2.630E+03  7.974E-29  5.563E-18
2.606E+03  8.280E-29  5.724E-18
2.582E+03  8.599E-29  5.890E-18
2.559E+03  8.930E-29  6.061E-18
2.535E+03  9.274E-29  6.236E-18
2.512E+03  9.631E-29  6.417E-18
2.489E+03  1.000E-28  6.603E-18
2.466E+03  1.039E-28  6.795E-18
2.443E+03  1.079E-28  6.992E-18
2.421E+03  1.120E-28  7.195E-18
2.399E+03  1.164E-28  7.404E-18
2.377E+03  1.208E-28  7.619E-18
2.355E+03  1.255E-28  7.841E-18
2.333E+03  1.304E-28  8.069E-18
2.312E+03  1.354E-28  8.303E-18
2.291E+03  1.406E-28  8.545E-18
2.270E+03  1.461E-28  8.794E-18
2.249E+03  1.517E-28  9.050E-18
2.228E+03  1.576E-28  9.313E-18
2.208E+03  1.636E-28  9.585E-18
2.188E+03  1.700E-28  9.864E-18
2.168E+03  1.765E-28  1.015E-17
2.148E+03  1.834E-28  1.045E-17
2.128E+03  1.905E-28  1.075E-17
2.109E+03  1.978E-28  1.107E-17
2.089E+03  2.055E-28  1.139E-17
2.070E+03  2.134E-28  1.172E-17
2.051E+03  2.217E-28  1.206E-17
2.032E+03  2.303E-28  1.241E-17
2.014E+03  2.392E-28  1.278E-17
1.995E+03  2.484E-28  1.315E-17
1.977E+03  2.580E-28  1.353E-17
1.959E+03  2.680E-28  1.393E-17
1.941E+03  2.784E-28  1.433E-17
1.923E+03  2.892E-28  1.475E-17
1.905E+03  3.003E-28  1.518E-17
1.888E+03  3.120E-28  1.562E-17
1.871E+03  3.240E-28  1.608E-17
1.854E+03  3.366E-28  1.655E-17
1.837E+03  3.496E-28  1.703E-17
1.820E+03  3.631E-28  1.753E-17
1.803E+03  3.771E-28  1.804E-17
1.786E+03  3.917E-28  1.856E-17
1.770E+03  4.069E-28  1.910E-17
1.754E+03  4.226E-28  1.966E-17
1.738E+03  4.390E-28  2.023E-17
1.722E+03  4.559E-28  2.082E-17
1.706E+03  4.735E-28  2.143E-17
1.690E+03  4.918E-28  2.205E-17
1.675E+03  5.108E-28  2.270E-17
1.660E+03  5.306E-28  2.336E-17
1.644E+03  5.511E-28  2.404E-17
1.629E+03  5.723E-28  2.473E-17
1.614E+03  5.944E-28  2.545E-17
1.600E+03  6.173E-28  2.619E-17
1.585E+03  6.412E-28  2.695E-17
1.570E+03  6.659E-28  2.774E-17
1.556E+03  6.915E-28  2.854E-17
1.542E+03  7.182E-28  2.937E-17
1.528E+03  7.458E-28  3.022E-17
1.514E+03  7.745E-28  3.110E-17
1.500E+03  8.043E-28  3.200E-17
1.486E+03  8.353E-28  3.292E-17
1.472E+03  8.674E-28  3.388E-17
1.459E+03  9.008E-28  3.486E-17
1.445E+03  9.354E-28  3.587E-17
1.432E+03  9.714E-28  3.690E-17
1.419E+03  1.009E-27  3.797E-17
1.406E+03  1.047E-27  3.906E-17
1.393E+03  1.088E-27  4.019E-17
1.380E+03  1.129E-27  4.135E-17
1.368E+03  1.173E-27  4.254E-17
1.355E+03  1.218E-27  4.377E-17
1.343E+03  1.264E-27  4.503E-17
1.330E+03  1.313E-27  4.632E-17
1.318E+03  1.363E-27  4.765E-17
1.306E+03  1.415E-27  4.902E-17
1.294E+03  1.469E-27  5.042E-17
1.282E+03  1.525E-27  5.187E-17
1.271E+03  1.583E-27  5.335E-17
1.259E+03  1.643E-27  5.488E-17
1.247E+03  1.706E-27  5.644E-17
1.236E+03  1.771E-27  5.805E-17
1.225E+03  1.838E-27  5.971E-17
1.213E+03  1.908E-27  6.141E-17
1.202E+03  1.980E-27  6.315E-17
1.191E+03  2.055E-27  6.495E-17
1.180E+03  2.133E-27  6.679E-17
1.169E+03  2.214E-27  6.868E-17
1.159E+03  2.298E-27  7.062E-17
1.148E+03  2.384E-27  7.262E-17
1.138E+03  2.474E-27  7.467E-17
1.127E+03  2.568E-27  7.677E-17
1.117E+03  2.664E-27  7.893E-17
1.107E+03  2.765E-27  8.115E-17
1.096E+03  2.868E-27  8.343E-17
1.086E+03  2.976E-27  8.577E-17
1.076E+03  3.088E-27  8.816E-17
1.067E+03  3.203E-27  9.063E-17
1.057E+03  3.323E-27  9.315E-17
1.047E+03  3.447E-27  9.575E-17
1.038E+03  3.576E-27  9.841E-17
1.028E+03  3.709E-27  1.011E-16
1.019E+03  3.847E-27  1.039E-16
1.009E+03  3.990E-27  1.068E-16
1.000E+03  4.138E-27  1.098E-16
9.908E+02  4.291E-27  1.128E-16
9.817E+02  4.450E-27  1.159E-16
9.727E+02  4.615E-27  1.191E-16
9.638E+02  4.786E-27  1.223E-16
9.550E+02  4.962E-27  1.257E-16
9.462E+02  5.145E-27  1.291E-16
9.376E+02  5.334E-27  1.327E-16
9.290E+02  5.530E-27  1.363E-16
9.204E+02  5.733E-27  1.400E-16
9.120E+02  5.943E-27  1.438E-16
9.036E+02  6.160E-27  1.477E-16
8.954E+02  6.385E-27  1.517E-16
8.872E+02  6.618E-27  1.557E-16
8.790E+02  6.858E-27  1.599E-16
8.710E+02  7.107E-27  1.642E-16
8.630E+02  7.364E-27  1.686E-16
8.551E+02  7.630E-27  1.731E-16
8.472E+02  7.906E-27  1.777E-16
8.395E+02  8.190E-27  1.824E-16
8.318E+02  8.484E-27  1.872E-16
8.241E+02  8.788E-27  1.921E-16
8.166E+02  9.103E-27  1.972E-16
8.091E+02  9.428E-27  2.023E-16
8.017E+02  9.763E-27  2.076E-16
7.943E+02  1.011E-26  2.130E-16
7.870E+02  1.047E-26  2.186E-16
7.798E+02  1.084E-26  2.242E-16
7.727E+02  1.122E-26  2.300E-16
7.656E+02  1.162E-26  2.359E-16
7.586E+02  1.203E-26  2.420E-16
7.516E+02  1.245E-26  2.482E-16
7.447E+02  1.289E-26  2.545E-16
7.379E+02  1.334E-26  2.611E-16
7.311E+02  1.380E-26  2.677E-16
7.244E+02  1.429E-26  2.745E-16
7.178E+02  1.478E-26  2.815E-16
7.112E+02  1.530E-26  2.886E-16
7.047E+02  1.583E-26  2.959E-16
6.982E+02  1.638E-26  3.034E-16
6.918E+02  1.695E-26  3.110E-16
6.855E+02  1.753E-26  3.188E-16
6.792E+02  1.813E-26  3.267E-16
6.730E+02  1.876E-26  3.348E-16
6.668E+02  1.940E-26  3.431E-16
6.607E+02  2.006E-26  3.516E-16
6.546E+02  2.075E-26  3.603E-16
6.486E+02  2.146E-26  3.692E-16
6.427E+02  2.219E-26  3.783E-16
6.368E+02  2.295E-26  3.876E-16
6.310E+02  2.373E-26  3.971E-16
6.252E+02  2.453E-26  4.068E-16
6.194E+02  2.536E-26  4.167E-16
6.138E+02  2.622E-26  4.268E-16
6.081E+02  2.710E-26  4.372E-16
6.026E+02  2.801E-26  4.478E-16
5.970E+02  2.895E-26  4.585E-16
5.916E+02  2.992E-26  4.696E-16
5.861E+02  3.092E-26  4.808E-16
5.808E+02  3.196E-26  4.923E-16
5.754E+02  3.302E-26  5.040E-16
5.702E+02  3.411E-26  5.159E-16
5.649E+02  3.524E-26  5.281E-16
5.598E+02  3.641E-26  5.406E-16
5.546E+02  3.761E-26  5.533E-16
5.495E+02  3.884E-26  5.662E-16
5.445E+02  4.012E-26  5.794E-16
5.395E+02  4.143E-26  5.929E-16
5.346E+02  4.278E-26  6.066E-16
5.297E+02  4.417E-26  6.206E-16
5.248E+02  4.561E-26  6.349E-16
5.200E+02  4.708E-26  6.494E-16
5.152E+02  4.860E-26  6.642E-16
5.105E+02  5.016E-26  6.793E-16
5.058E+02  5.177E-26  6.946E-16
5.012E+02  5.343E-26  7.103E-16
4.966E+02  5.513E-26  7.262E-16
4.920E+02  5.688E-26  7.424E-16
4.875E+02  5.868E-26  7.589E-16
4.831E+02  6.053E-26  7.756E-16
4.786E+02  6.243E-26  7.927E-16
4.742E+02  6.439E-26  8.100E-16
4.699E+02  6.640E-26  8.276E-16
4.656E+02  6.847E-26  8.456E-16
4.613E+02  7.059E-26  8.638E-16
4.571E+02  7.277E-26  8.823E-16
4.529E+02  7.501E-26  9.011E-16
4.487E+02  7.731E-26  9.202E-16
4.446E+02  7.967E-26  9.396E-16
4.406E+02  8.209E-26  9.593E-16
4.365E+02  8.457E-26  9.792E-16
4.325E+02  8.712E-26  9.995E-16
4.285E+02  8.973E-26  1.020E-15
4.246E+02  9.242E-26  1.041E-15
4.207E+02  9.517E-26  1.062E-15
4.169E+02  9.799E-26  1.084E-15
4.130E+02  1.009E-25  1.105E-15
4.093E+02  1.038E-25  1.127E-15
4.055E+02  1.069E-25  1.150E-15
4.018E+02  1.100E-25  1.172E-15
3.981E+02  1.132E-25  1.195E-15
3.945E+02  1.164E-25  1.218E-15
3.908E+02  1.198E-25  1.242E-15
3.873E+02  1.232E-25  1.265E-15
3.837E+02  1.267E-25  1.289E-15
3.802E+02  1.303E-25  1.314E-15
3.767E+02  1.339E-25  1.338E-15
3.733E+02  1.377E-25  1.363E-15
3.698E+02  1.415E-25  1.388E-15
3.664E+02  1.454E-25  1.413E-15
3.631E+02  1.494E-25  1.439E-15
3.597E+02  1.535E-25  1.464E-15
3.565E+02  1.576E-25  1.490E-15
3.532E+02  1.619E-25  1.516E-15
3.499E+02  1.662E-25  1.543E-15
3.467E+02  1.706E-25  1.569E-15
3.436E+02  1.751E-25  1.596E-15
3.404E+02  1.797E-25  1.623E-15
3.373E+02  1.844E-25  1.650E-15
3.342E+02  1.892E-25  1.677E-15
3.311E+02  1.940E-25  1.704E-15
3.281E+02  1.990E-25  1.732E-15
3.251E+02  2.040E-25  1.759E-15
3.221E+02  2.091E-25  1.787E-15
3.192E+02  2.144E-25  1.815E-15
3.162E+02  2.197E-25  1.842E-15
3.133E+02  2.250E-25  1.870E-15
3.105E+02  2.305E-25  1.898E-15
3.076E+02  2.361E-25  1.926E-15
3.048E+02  2.417E-25  1.954E-15
3.020E+02  2.474E-25  1.982E-15
2.992E+02  2.532E-25  2.010E-15
2.965E+02  2.591E-25  2.038E-15
2.938E+02  2.651E-25  2.065E-15
2.911E+02  2.711E-25  2.093E-15
2.884E+02  2.772E-25  2.121E-15
2.858E+02  2.834E-25  2.148E-15
2.831E+02  2.897E-25  2.176E-15
2.805E+02  2.960E-25  2.203E-15
2.780E+02  3.024E-25  2.230E-15
2.754E+02  3.089E-25  2.257E-15
2.729E+02  3.155E-25  2.284E-15
2.704E+02  3.221E-25  2.310E-15
2.679E+02  3.288E-25  2.337E-15
2.655E+02  3.356E-25  2.363E-15
2.630E+02  3.424E-25  2.389E-15
2.606E+02  3.493E-25  2.414E-15
2.582E+02  3.562E-25  2.440E-15
2.559E+02  3.631E-25  2.464E-15
2.535E+02  3.700E-25  2.488E-15
2.512E+02  3.769E-25  2.511E-15
2.489E+02  3.837E-25  2.533E-15
2.466E+02  3.903E-25  2.553E-15
2.443E+02  3.969E-25  2.573E-15
2.421E+02  4.035E-25  2.591E-15
2.399E+02  4.100E-25  2.609E-15
2.377E+02  4.163E-25  2.624E-15
2.355E+02  4.226E-25  2.640E-15
2.333E+02  4.288E-25  2.654E-15
2.312E+02  4.350E-25  2.668E-15
2.291E+02  4.412E-25  2.681E-15
2.270E+02  4.474E-25  2.694E-15
2.249E+02  4.535E-25  2.705E-15
2.228E+02  4.595E-25  2.716E-15
2.208E+02  4.655E-25  2.727E-15
2.188E+02  4.715E-25  2.736E-15
2.168E+02  4.773E-25  2.745E-15
2.148E+02  4.831E-25  2.753E-15
2.128E+02  4.889E-25  2.760E-15
2.109E+02  4.945E-25  2.766E-15
2.089E+02  5.001E-25  2.771E-15
2.070E+02  5.056E-25  2.776E-15
2.051E+02  5.109E-25  2.780E-15
2.032E+02  5.162E-25  2.783E-15
2.014E+02  5.214E-25  2.785E-15
1.995E+02  5.264E-25  2.786E-15
1.977E+02  5.314E-25  2.787E-15
1.959E+02  5.362E-25  2.786E-15
1.941E+02  5.409E-25  2.785E-15
1.923E+02  5.455E-25  2.783E-15
1.905E+02  5.500E-25  2.780E-15
1.888E+02  5.543E-25  2.776E-15
1.871E+02  5.585E-25  2.772E-15
1.854E+02  5.626E-25  2.766E-15
1.837E+02  5.665E-25  2.760E-15
1.820E+02  5.703E-25  2.753E-15
1.803E+02  5.740E-25  2.745E-15
1.786E+02  5.775E-25  2.737E-15
1.770E+02  5.809E-25  2.728E-15
1.754E+02  5.842E-25  2.718E-15
1.738E+02  5.873E-25  2.707E-15
1.722E+02  5.903E-25  2.696E-15
1.706E+02  5.931E-25  2.684E-15
1.690E+02  5.958E-25  2.672E-15
1.675E+02  5.984E-25  2.659E-15
1.660E+02  6.009E-25  2.645E-15
1.644E+02  6.033E-25  2.631E-15
1.629E+02  6.055E-25  2.617E-15
1.614E+02  6.076E-25  2.602E-15
1.600E+02  6.096E-25  2.587E-15
1.585E+02  6.115E-25  2.571E-15
1.570E+02  6.133E-25  2.555E-15
1.556E+02  6.150E-25  2.538E-15
1.542E+02  6.167E-25  2.522E-15
1.528E+02  6.182E-25  2.505E-15
1.514E+02  6.196E-25  2.488E-15
1.500E+02  6.208E-25  2.470E-15
1.486E+02  6.218E-25  2.451E-15
1.472E+02  6.226E-25  2.431E-15
1.459E+02  6.229E-25  2.410E-15
1.445E+02  6.228E-25  2.388E-15
1.432E+02  6.219E-25  2.363E-15
1.419E+02  6.202E-25  2.334E-15
1.406E+02  6.174E-25  2.303E-15
1.393E+02  6.135E-25  2.267E-15
1.380E+02  6.083E-25  2.227E-15
1.368E+02  6.021E-25  2.185E-15
1.355E+02  5.950E-25  2.139E-15
1.343E+02  5.873E-25  2.092E-15
1.330E+02  5.791E-25  2.044E-15
1.318E+02  5.708E-25  1.996E-15
1.306E+02  5.625E-25  1.949E-15
1.294E+02  5.541E-25  1.902E-15
1.282E+02  5.458E-25  1.857E-15
1.271E+02  5.376E-25  1.812E-15
1.259E+02  5.296E-25  1.768E-15
1.247E+02  5.216E-25  1.726E-15
1.236E+02  5.138E-25  1.684E-15
1.225E+02  5.060E-25  1.644E-15
1.213E+02  4.984E-25  1.604E-15
1.202E+02  4.909E-25  1.565E-15
1.191E+02  4.834E-25  1.527E-15
1.180E+02  4.759E-25  1.490E-15
1.169E+02  4.685E-25  1.453E-15
1.159E+02  4.610E-25  1.417E-15
1.148E+02  4.536E-25  1.381E-15
1.138E+02  4.463E-25  1.347E-15
1.127E+02  4.389E-25  1.312E-15
1.117E+02  4.316E-25  1.279E-15
1.107E+02  4.244E-25  1.246E-15
1.096E+02  4.171E-25  1.213E-15
1.086E+02  4.099E-25  1.181E-15
1.076E+02  4.027E-25  1.150E-15
1.067E+02  3.955E-25  1.119E-15
1.057E+02  3.883E-25  1.089E-15
1.047E+02  3.812E-25  1.059E-15
1.038E+02  3.740E-25  1.029E-15
1.028E+02  3.668E-25  1.000E-15
1.019E+02  3.597E-25  9.718E-16
1.009E+02  3.526E-25  9.438E-16
1.000E+02  3.455E-25  9.164E-16
9.908E+01  3.383E-25  8.891E-16
9.817E+01  3.313E-25  8.627E-16
9.727E+01  3.242E-25  8.366E-16
9.638E+01  3.173E-25  8.111E-16
9.550E+01  3.103E-25  7.861E-16
9.462E+01  3.034E-25  7.616E-16
9.376E+01  2.966E-25  7.376E-16
9.290E+01  2.898E-25  7.142E-16
9.204E+01  2.831E-25  6.912E-16
9.120E+01  2.764E-25  6.688E-16
9.036E+01  2.699E-25  6.469E-16
8.954E+01  2.634E-25  6.255E-16
8.872E+01  2.570E-25  6.047E-16
8.790E+01  2.506E-25  5.844E-16
8.710E+01  2.443E-25  5.645E-16
8.630E+01  2.382E-25  5.452E-16
8.551E+01  2.321E-25  5.265E-16
8.472E+01  2.260E-25  5.080E-16
8.395E+01  2.202E-25  4.903E-16
8.318E+01  2.144E-25  4.731E-16
8.241E+01  2.088E-25  4.564E-16
8.166E+01  2.032E-25  4.402E-16
8.091E+01  1.978E-25  4.246E-16
8.017E+01  1.925E-25  4.094E-16
7.943E+01  1.874E-25  3.948E-16
7.870E+01  1.823E-25  3.806E-16
7.798E+01  1.773E-25  3.668E-16
7.727E+01  1.725E-25  3.536E-16
7.656E+01  1.678E-25  3.407E-16
7.586E+01  1.632E-25  3.284E-16
7.516E+01  1.587E-25  3.164E-16
7.447E+01  1.544E-25  3.050E-16
7.379E+01  1.500E-25  2.937E-16
7.311E+01  1.459E-25  2.830E-16
7.244E+01  1.419E-25  2.726E-16
7.178E+01  1.380E-25  2.627E-16
7.112E+01  1.342E-25  2.532E-16
7.047E+01  1.306E-25  2.441E-16
6.982E+01  1.271E-25  2.354E-16
6.918E+01  1.237E-25  2.271E-16
6.855E+01  1.205E-25  2.191E-16
6.792E+01  1.173E-25  2.114E-16
6.730E+01  1.143E-25  2.041E-16
6.668E+01  1.114E-25  1.970E-16
6.607E+01  1.086E-25  1.903E-16
6.546E+01  1.058E-25  1.838E-16
6.486E+01  1.033E-25  1.777E-16
6.427E+01  1.008E-25  1.718E-16
6.368E+01  9.842E-26  1.662E-16
6.310E+01  9.611E-26  1.609E-16
6.252E+01  9.395E-26  1.558E-16
6.194E+01  9.189E-26  1.510E-16
6.138E+01  8.991E-26  1.464E-16
6.081E+01  8.803E-26  1.420E-16
6.026E+01  8.622E-26  1.378E-16
5.970E+01  8.448E-26  1.338E-16
5.916E+01  8.286E-26  1.300E-16
5.861E+01  8.128E-26  1.264E-16
5.808E+01  7.979E-26  1.229E-16
5.754E+01  7.840E-26  1.197E-16
5.702E+01  7.708E-26  1.166E-16
5.649E+01  7.583E-26  1.136E-16
5.598E+01  7.465E-26  1.108E-16
5.546E+01  7.353E-26  1.082E-16
5.495E+01  7.248E-26  1.057E-16
5.445E+01  7.150E-26  1.033E-16
5.395E+01  7.056E-26  1.010E-16
5.346E+01  6.968E-26  9.881E-17
5.297E+01  6.884E-26  9.671E-17
5.248E+01  6.806E-26  9.474E-17
5.200E+01  6.731E-26  9.285E-17
5.152E+01  6.663E-26  9.107E-17
5.105E+01  6.594E-26  8.929E-17
5.058E+01  6.535E-26  8.768E-17
5.012E+01  6.476E-26  8.609E-17
4.966E+01  6.423E-26  8.460E-17
4.920E+01  6.374E-26  8.319E-17
4.875E+01  6.326E-26  8.181E-17
4.831E+01  6.283E-26  8.051E-17
4.786E+01  6.243E-26  7.926E-17
4.742E+01  6.205E-26  7.806E-17
4.699E+01  6.169E-26  7.689E-17
4.656E+01  6.133E-26  7.575E-17
4.613E+01  6.101E-26  7.466E-17
4.571E+01  6.071E-26  7.361E-17
4.529E+01  6.041E-26  7.258E-17
4.487E+01  6.015E-26  7.160E-17
4.446E+01  5.988E-26  7.063E-17
4.406E+01  5.960E-26  6.965E-17
4.365E+01  5.936E-26  6.873E-17
4.325E+01  5.913E-26  6.783E-17
4.285E+01  5.888E-26  6.693E-17
4.246E+01  5.863E-26  6.604E-17
4.207E+01  5.839E-26  6.516E-17
4.169E+01  5.817E-26  6.432E-17
4.130E+01  5.794E-26  6.348E-17
4.093E+01  5.769E-26  6.263E-17
4.055E+01  5.745E-26  6.180E-17
4.018E+01  5.721E-26  6.097E-17
3.981E+01  5.697E-26  6.016E-17
3.945E+01  5.672E-26  5.935E-17
3.908E+01  5.646E-26  5.854E-17
3.873E+01  5.619E-26  5.772E-17
3.837E+01  5.591E-26  5.690E-17
3.802E+01  5.561E-26  5.608E-17
3.767E+01  5.529E-26  5.525E-17
3.733E+01  5.496E-26  5.442E-17
3.698E+01  5.463E-26  5.359E-17
3.664E+01  5.430E-26  5.278E-17
3.631E+01  5.394E-26  5.195E-17
3.597E+01  5.354E-26  5.109E-17
3.565E+01  5.316E-26  5.027E-17
3.532E+01  5.278E-26  4.944E-17
3.499E+01  5.237E-26  4.861E-17
3.467E+01  5.194E-26  4.777E-17
3.436E+01  5.152E-26  4.695E-17
3.404E+01  5.108E-26  4.613E-17
3.373E+01  5.064E-26  4.530E-17
3.342E+01  5.020E-26  4.450E-17
3.311E+01  4.976E-26  4.371E-17
3.281E+01  4.932E-26  4.292E-17
3.251E+01  4.885E-26  4.212E-17
3.221E+01  4.840E-26  4.136E-17
3.192E+01  4.795E-26  4.059E-17
3.162E+01  4.749E-26  3.984E-17
3.133E+01  4.706E-26  3.911E-17
3.105E+01  4.661E-26  3.838E-17
3.076E+01  4.618E-26  3.768E-17
3.048E+01  4.576E-26  3.700E-17
3.020E+01  4.535E-26  3.633E-17
2.992E+01  4.497E-26  3.569E-17
2.965E+01  4.457E-26  3.505E-17
2.938E+01  4.421E-26  3.445E-17
2.911E+01  4.386E-26  3.386E-17
2.884E+01  4.352E-26  3.329E-17
2.858E+01  4.320E-26  3.275E-17
2.831E+01  4.291E-26  3.223E-17
2.805E+01  4.263E-26  3.173E-17
2.780E+01  4.239E-26  3.125E-17
2.754E+01  4.215E-26  3.079E-17
2.729E+01  4.191E-26  3.034E-17
2.704E+01  4.173E-26  2.993E-17
2.679E+01  4.157E-26  2.954E-17
2.655E+01  4.141E-26  2.916E-17
2.630E+01  4.128E-26  2.880E-17
2.606E+01  4.116E-26  2.845E-17
2.582E+01  4.107E-26  2.813E-17
2.559E+01  4.101E-26  2.783E-17
2.535E+01  4.097E-26  2.755E-17
2.512E+01  4.095E-26  2.729E-17
2.489E+01  4.094E-26  2.703E-17
2.466E+01  4.095E-26  2.679E-17
2.443E+01  4.098E-26  2.656E-17
2.421E+01  4.104E-26  2.635E-17
2.399E+01  4.111E-26  2.616E-17
2.377E+01  4.119E-26  2.597E-17
2.355E+01  4.130E-26  2.580E-17
2.333E+01  4.143E-26  2.565E-17
2.312E+01  4.158E-26  2.550E-17
2.291E+01  4.174E-26  2.536E-17
2.270E+01  4.192E-26  2.524E-17
2.249E+01  4.214E-26  2.514E-17
2.228E+01  4.237E-26  2.505E-17
2.208E+01  4.262E-26  2.496E-17
2.188E+01  4.287E-26  2.488E-17
2.168E+01  4.314E-26  2.480E-17
2.148E+01  4.344E-26  2.475E-17
2.128E+01  4.374E-26  2.469E-17
2.109E+01  4.408E-26  2.466E-17
2.089E+01  4.443E-26  2.462E-17
2.070E+01  4.480E-26  2.460E-17
2.051E+01  4.519E-26  2.459E-17
2.032E+01  4.561E-26  2.459E-17
2.014E+01  4.608E-26  2.461E-17
1.995E+01  4.658E-26  2.466E-17
1.977E+01  4.715E-26  2.473E-17
1.959E+01  4.777E-26  2.482E-17
1.941E+01  4.859E-26  2.501E-17
1.923E+01  4.984E-26  2.542E-17
1.905E+01  5.245E-26  2.651E-17
1.888E+01  5.468E-26  2.738E-17
1.871E+01  5.273E-26  2.616E-17
1.854E+01  5.248E-26  2.580E-17
1.837E+01  5.326E-26  2.594E-17
1.820E+01  5.472E-26  2.641E-17
1.803E+01  5.738E-26  2.744E-17
1.786E+01  6.162E-26  2.920E-17
1.770E+01  6.279E-26  2.948E-17
1.754E+01  6.719E-26  3.126E-17
1.738E+01  7.696E-26  3.548E-17
1.722E+01  7.646E-26  3.492E-17
1.706E+01  7.752E-26  3.508E-17
1.690E+01  7.618E-26  3.416E-17
1.675E+01  7.341E-26  3.262E-17
1.660E+01  7.503E-26  3.303E-17
1.644E+01  8.714E-26  3.801E-17
1.629E+01  6.761E-26  2.922E-17
1.614E+01  5.979E-26  2.560E-17
1.600E+01  5.726E-26  2.429E-17
1.585E+01  5.574E-26  2.343E-17
1.570E+01  5.394E-26  2.247E-17
1.556E+01  5.288E-26  2.182E-17
1.542E+01  5.221E-26  2.135E-17
1.528E+01  5.177E-26  2.098E-17
1.514E+01  5.148E-26  2.067E-17
1.500E+01  5.135E-26  2.043E-17
1.486E+01  5.139E-26  2.025E-17
1.472E+01  5.169E-26  2.019E-17
1.459E+01  5.243E-26  2.029E-17
1.445E+01  5.413E-26  2.076E-17
1.432E+01  5.792E-26  2.201E-17
1.419E+01  6.227E-26  2.344E-17
1.406E+01  6.035E-26  2.251E-17
1.393E+01  5.971E-26  2.207E-17
1.380E+01  6.277E-26  2.298E-17
1.368E+01  6.938E-26  2.517E-17
1.355E+01  7.778E-26  2.796E-17
1.343E+01  8.035E-26  2.862E-17
1.330E+01  7.642E-26  2.697E-17
1.318E+01  7.473E-26  2.613E-17
1.306E+01  7.886E-26  2.732E-17
1.294E+01  9.032E-26  3.101E-17
1.282E+01  1.112E-25  3.781E-17
1.271E+01  1.376E-25  4.639E-17
1.259E+01  1.468E-25  4.903E-17
1.247E+01  1.290E-25  4.267E-17
1.236E+01  1.104E-25  3.619E-17
1.225E+01  1.043E-25  3.388E-17
1.213E+01  1.096E-25  3.527E-17
1.202E+01  1.171E-25  3.733E-17
1.191E+01  1.132E-25  3.577E-17
1.180E+01  1.030E-25  3.224E-17
1.169E+01  1.005E-25  3.118E-17
1.159E+01  1.140E-25  3.505E-17
1.148E+01  1.538E-25  4.685E-17
1.138E+01  2.207E-25  6.659E-17
1.127E+01  2.939E-25  8.787E-17
1.117E+01  2.081E-25  6.165E-17
1.107E+01  1.078E-25  3.164E-17
1.096E+01  7.451E-26  2.167E-17
1.086E+01  5.921E-26  1.706E-17
1.076E+01  5.117E-26  1.461E-17
1.067E+01  4.645E-26  1.314E-17
1.057E+01  4.237E-26  1.188E-17
1.047E+01  3.968E-26  1.102E-17
1.038E+01  3.791E-26  1.043E-17
1.028E+01  3.666E-26  9.998E-18
1.019E+01  3.578E-26  9.668E-18
1.009E+01  3.519E-26  9.420E-18
1.000E+01  3.483E-26  9.240E-18
9.908E+00  3.470E-26  9.121E-18
9.817E+00  3.478E-26  9.058E-18
9.727E+00  3.507E-26  9.049E-18
9.638E+00  3.557E-26  9.095E-18
9.550E+00  3.630E-26  9.197E-18
9.462E+00  3.729E-26  9.360E-18
9.376E+00  3.860E-26  9.601E-18
9.290E+00  4.034E-26  9.941E-18
9.204E+00  4.270E-26  1.042E-17
9.120E+00  4.597E-26  1.112E-17
9.036E+00  5.068E-26  1.215E-17
8.954E+00  5.778E-26  1.372E-17
8.872E+00  6.904E-26  1.625E-17
8.790E+00  8.753E-26  2.041E-17
8.710E+00  1.158E-25  2.675E-17
8.630E+00  1.423E-25  3.258E-17
8.551E+00  1.393E-25  3.159E-17
8.472E+00  1.212E-25  2.723E-17
8.395E+00  1.119E-25  2.492E-17
8.318E+00  1.114E-25  2.459E-17
8.241E+00  1.164E-25  2.544E-17
8.166E+00  1.286E-25  2.786E-17
8.091E+00  1.519E-25  3.261E-17
8.017E+00  1.891E-25  4.021E-17
7.943E+00  2.377E-25  5.009E-17
7.870E+00  2.804E-25  5.854E-17
7.798E+00  2.959E-25  6.122E-17
7.727E+00  2.980E-25  6.109E-17
7.656E+00  3.077E-25  6.248E-17
7.586E+00  2.998E-25  6.033E-17
7.516E+00  2.525E-25  5.034E-17
7.447E+00  1.992E-25  3.935E-17
7.379E+00  1.600E-25  3.132E-17
7.311E+00  1.329E-25  2.577E-17
7.244E+00  1.130E-25  2.172E-17
7.178E+00  9.786E-26  1.863E-17
7.112E+00  8.623E-26  1.627E-17
7.047E+00  7.761E-26  1.451E-17
6.982E+00  7.176E-26  1.329E-17
6.918E+00  6.857E-26  1.258E-17
6.855E+00  6.781E-26  1.233E-17
6.792E+00  6.876E-26  1.239E-17
6.730E+00  6.975E-26  1.245E-17
6.668E+00  6.880E-26  1.217E-17
6.607E+00  6.591E-26  1.155E-17
6.546E+00  6.356E-26  1.104E-17
6.486E+00  6.485E-26  1.116E-17
6.427E+00  7.337E-26  1.251E-17
6.368E+00  9.575E-26  1.617E-17
6.310E+00  1.459E-25  2.442E-17
6.252E+00  2.271E-25  3.766E-17
6.194E+00  2.300E-25  3.780E-17
6.138E+00  1.433E-25  2.334E-17
6.081E+00  8.541E-26  1.378E-17
6.026E+00  5.690E-26  9.095E-18
5.970E+00  4.244E-26  6.722E-18
5.916E+00  3.490E-26  5.476E-18
5.861E+00  3.156E-26  4.907E-18
5.808E+00  3.184E-26  4.904E-18
5.754E+00  3.574E-26  5.455E-18
5.702E+00  3.849E-26  5.821E-18
5.649E+00  3.245E-26  4.863E-18
5.598E+00  2.471E-26  3.669E-18
5.546E+00  1.994E-26  2.933E-18
5.495E+00  1.741E-26  2.538E-18
5.445E+00  1.631E-26  2.356E-18
5.395E+00  1.650E-26  2.361E-18
5.346E+00  1.829E-26  2.593E-18
5.297E+00  2.124E-26  2.984E-18
5.248E+00  2.076E-26  2.890E-18
5.200E+00  1.647E-26  2.272E-18
5.152E+00  1.314E-26  1.795E-18
5.105E+00  1.120E-26  1.517E-18
5.058E+00  1.004E-26  1.347E-18
5.012E+00  9.271E-27  1.233E-18
4.966E+00  8.720E-27  1.149E-18
4.920E+00  8.300E-27  1.083E-18
4.875E+00  7.963E-27  1.030E-18
4.831E+00  7.684E-27  9.846E-19
4.786E+00  7.447E-27  9.455E-19
4.742E+00  7.242E-27  9.110E-19
4.699E+00  7.062E-27  8.803E-19
4.656E+00  6.902E-27  8.524E-19
4.613E+00  6.759E-27  8.271E-19
4.571E+00  6.630E-27  8.038E-19
4.529E+00  6.512E-27  7.824E-19
4.487E+00  6.406E-27  7.625E-19
4.446E+00  6.308E-27  7.440E-19
4.406E+00  6.219E-27  7.267E-19
4.365E+00  6.137E-27  7.106E-19
4.325E+00  6.062E-27  6.955E-19
4.285E+00  5.993E-27  6.813E-19
4.246E+00  5.930E-27  6.679E-19
4.207E+00  5.873E-27  6.554E-19
4.169E+00  5.821E-27  6.436E-19
4.130E+00  5.774E-27  6.326E-19
4.093E+00  5.732E-27  6.222E-19
4.055E+00  5.695E-27  6.126E-19
4.018E+00  5.664E-27  6.037E-19
3.981E+00  5.639E-27  5.955E-19
3.945E+00  5.620E-27  5.881E-19
3.908E+00  5.609E-27  5.815E-19
3.873E+00  5.605E-27  5.758E-19
3.837E+00  5.612E-27  5.712E-19
3.802E+00  5.630E-27  5.678E-19
3.767E+00  5.663E-27  5.659E-19
3.733E+00  5.714E-27  5.658E-19
3.698E+00  5.789E-27  5.679E-19
3.664E+00  5.896E-27  5.731E-19
3.631E+00  6.046E-27  5.823E-19
3.597E+00  6.258E-27  5.972E-19
3.565E+00  6.563E-27  6.205E-19
3.532E+00  7.011E-27  6.568E-19
3.499E+00  7.696E-27  7.144E-19
3.467E+00  8.804E-27  8.097E-19
3.436E+00  1.074E-26  9.791E-19
3.404E+00  1.458E-26  1.316E-18
3.373E+00  2.373E-26  2.123E-18
3.342E+00  5.405E-26  4.792E-18
3.311E+00  2.044E-25  1.796E-17
3.281E+00  1.396E-25  1.215E-17
3.251E+00  3.989E-26  3.440E-18
3.221E+00  1.905E-26  1.628E-18
3.192E+00  1.216E-26  1.029E-18
3.162E+00  9.113E-27  7.644E-19
3.133E+00  7.510E-27  6.242E-19
3.105E+00  6.562E-27  5.404E-19
3.076E+00  5.953E-27  4.857E-19
3.048E+00  5.535E-27  4.475E-19
3.020E+00  5.233E-27  4.192E-19
2.992E+00  5.006E-27  3.974E-19
2.965E+00  4.829E-27  3.798E-19
2.938E+00  4.687E-27  3.652E-19
2.911E+00  4.569E-27  3.528E-19
2.884E+00  4.469E-27  3.419E-19
2.858E+00  4.383E-27  3.323E-19
2.831E+00  4.308E-27  3.235E-19
2.805E+00  4.240E-27  3.155E-19
2.780E+00  4.179E-27  3.081E-19
2.754E+00  4.122E-27  3.012E-19
2.729E+00  4.070E-27  2.946E-19
2.704E+00  4.020E-27  2.883E-19
2.679E+00  3.973E-27  2.824E-19
2.655E+00  3.929E-27  2.767E-19
2.630E+00  3.886E-27  2.711E-19
2.606E+00  3.844E-27  2.658E-19
2.582E+00  3.804E-27  2.606E-19
2.559E+00  3.765E-27  2.555E-19
2.535E+00  3.726E-27  2.506E-19
2.512E+00  3.688E-27  2.457E-19
2.489E+00  3.651E-27  2.410E-19
2.466E+00  3.613E-27  2.363E-19
2.443E+00  3.576E-27  2.318E-19
2.421E+00  3.539E-27  2.272E-19
2.399E+00  3.502E-27  2.229E-19
2.377E+00  3.466E-27  2.185E-19
2.355E+00  3.430E-27  2.143E-19
2.333E+00  3.395E-27  2.101E-19
2.312E+00  3.359E-27  2.060E-19
2.291E+00  3.323E-27  2.020E-19
2.270E+00  3.288E-27  1.979E-19
2.249E+00  3.252E-27  1.940E-19
2.228E+00  3.215E-27  1.901E-19
2.208E+00  3.178E-27  1.861E-19
2.188E+00  3.140E-27  1.822E-19
2.168E+00  3.102E-27  1.783E-19
2.148E+00  3.062E-27  1.744E-19
2.128E+00  3.020E-27  1.705E-19
2.109E+00  2.976E-27  1.665E-19
2.089E+00  2.929E-27  1.623E-19
2.070E+00  2.879E-27  1.581E-19
2.051E+00  2.824E-27  1.537E-19
2.032E+00  2.764E-27  1.490E-19
2.014E+00  2.697E-27  1.440E-19
1.995E+00  2.621E-27  1.387E-19
1.977E+00  2.537E-27  1.331E-19
1.959E+00  2.448E-27  1.272E-19
1.941E+00  2.361E-27  1.216E-19
1.923E+00  2.293E-27  1.170E-19
1.905E+00  2.260E-27  1.142E-19
1.888E+00  2.267E-27  1.135E-19
1.871E+00  2.303E-27  1.143E-19
1.854E+00  2.348E-27  1.155E-19
1.837E+00  2.388E-27  1.164E-19
1.820E+00  2.417E-27  1.167E-19
1.803E+00  2.435E-27  1.164E-19
1.786E+00  2.442E-27  1.157E-19
1.770E+00  2.442E-27  1.147E-19
1.754E+00  2.436E-27  1.133E-19
1.738E+00  2.426E-27  1.119E-19
1.722E+00  2.414E-27  1.102E-19
1.706E+00  2.399E-27  1.086E-19
1.690E+00  2.383E-27  1.069E-19
1.675E+00  2.366E-27  1.051E-19
1.660E+00  2.349E-27  1.034E-19
1.644E+00  2.331E-27  1.017E-19
1.629E+00  2.314E-27  9.999E-20
1.614E+00  2.296E-27  9.834E-20
1.600E+00  2.280E-27  9.674E-20
1.585E+00  2.265E-27  9.521E-20
1.570E+00  2.250E-27  9.374E-20
1.556E+00  2.237E-27  9.235E-20
1.542E+00  2.226E-27  9.105E-20
1.528E+00  2.217E-27  8.985E-20
1.514E+00  2.211E-27  8.876E-20
1.500E+00  2.207E-27  8.780E-20
1.486E+00  2.207E-27  8.698E-20
1.472E+00  2.210E-27  8.632E-20
1.459E+00  2.219E-27  8.585E-20
1.445E+00  2.233E-27  8.560E-20
1.432E+00  2.253E-27  8.560E-20
1.419E+00  2.282E-27  8.588E-20
1.406E+00  2.319E-27  8.651E-20
1.393E+00  2.369E-27  8.754E-20
1.380E+00  2.432E-27  8.904E-20
1.368E+00  2.511E-27  9.110E-20
1.355E+00  2.609E-27  9.379E-20
1.343E+00  2.729E-27  9.719E-20
1.330E+00  2.871E-27  1.013E-19
1.318E+00  3.032E-27  1.060E-19
1.306E+00  3.205E-27  1.110E-19
1.294E+00  3.367E-27  1.156E-19
1.282E+00  3.485E-27  1.186E-19
1.271E+00  3.520E-27  1.186E-19
1.259E+00  3.442E-27  1.149E-19
1.247E+00  3.253E-27  1.076E-19
1.236E+00  2.990E-27  9.804E-20
1.225E+00  2.703E-27  8.780E-20
1.213E+00  2.431E-27  7.823E-20
1.202E+00  2.196E-27  7.002E-20
1.191E+00  2.005E-27  6.335E-20
1.180E+00  1.857E-27  5.813E-20
1.169E+00  1.747E-27  5.421E-20
1.159E+00  1.673E-27  5.141E-20
1.148E+00  1.630E-27  4.964E-20
1.138E+00  1.619E-27  4.886E-20
1.127E+00  1.643E-27  4.912E-20
1.117E+00  1.709E-27  5.062E-20
1.107E+00  1.830E-27  5.371E-20
1.096E+00  2.027E-27  5.896E-20
1.086E+00  2.333E-27  6.723E-20
1.076E+00  2.777E-27  7.930E-20
1.067E+00  3.334E-27  9.434E-20
1.057E+00  3.780E-27  1.060E-19
1.047E+00  3.704E-27  1.029E-19
1.038E+00  3.072E-27  8.455E-20
1.028E+00  2.327E-27  6.346E-20
1.019E+00  1.749E-27  4.727E-20
1.009E+00  1.358E-27  3.636E-20
1.000E+00  1.099E-27  2.915E-20
