Dust emission from Draine & Li (2007): ApJ 657, 810-837
==========================================================
         3 = grain model
 4.000E-08 4.000E-01 1.500E-05 = a_01 (cm) , sigma_1 , b_C1/0.92
 2.000E-07 5.500E-01 5.000E-06 = a_02 (cm) , sigma_2 , b_C2/0.92
 2.000E-01 2.000E-01 1.000E+00 = Umin , Umax, beta (dN/dU propto U^{-beta})
 2.000E-01 = <U> 
     mmp83 = radfield
 8.892E-25 = power/H (erg s-1)
 band   nu*P_nu(band) j_nu(band)
 (um)   (erg s-1 H-1)(Jy cm2 sr-1 H-1)
1.270E+00  1.318E-27  4.439E-20 COBE-DIRBE
2.220E+00  1.661E-27  9.779E-20 COBE-DIRBE
3.530E+00  1.104E-26  1.034E-18 COBE-DIRBE
4.880E+00  4.918E-27  6.367E-19 COBE-DIRBE
1.229E+01  4.768E-26  1.554E-17 COBE-DIRBE
2.079E+01  3.607E-26  1.989E-17 COBE-DIRBE
5.599E+01  8.676E-26  1.288E-16 COBE-DIRBE
9.770E+01  3.604E-25  9.340E-16 COBE-DIRBE
1.479E+02  6.235E-25  2.446E-15 COBE-DIRBE
2.479E+02  4.141E-25  2.723E-15 COBE-DIRBE
1.200E+01  5.122E-26  1.630E-17 IRAS
2.500E+01  3.425E-26  2.271E-17 IRAS
6.000E+01  1.025E-25  1.631E-16 IRAS
1.000E+02  3.807E-25  1.010E-15 IRAS
3.550E+00  1.284E-26  1.209E-18 SST-IRAC
4.493E+00  3.558E-27  4.241E-19 SST-IRAC
5.731E+00  2.900E-26  4.408E-18 SST-IRAC
7.872E+00  7.207E-26  1.505E-17 SST-IRAC
2.368E+01  3.081E-26  1.936E-17 SST-MIPS
7.142E+01  1.442E-25  2.731E-16 SST-MIPS
1.559E+02  6.237E-25  2.579E-15 SST-MIPS
1.600E+01  3.985E-26  1.691E-17 SST-IRSPU
2.200E+01  3.270E-26  1.908E-17 SST-IRSPU
7.500E+01  1.186E-25  2.360E-16 Herschel-PACS
1.100E+02  2.816E-25  8.216E-16 Herschel-PACS
1.700E+02  4.865E-25  2.194E-15 Herschel-PACS
2.500E+02  3.738E-25  2.479E-15 Herschel-SPIRE
3.600E+02  1.576E-25  1.505E-15 Herschel-SPIRE
5.200E+02  4.965E-26  6.848E-16 Herschel-SPIRE
2.400E+00  1.864E-27  1.186E-19 Akari IRC NIR N2
3.200E+00  8.477E-27  7.196E-19 Akari IRC NIR N3
4.100E+00  3.866E-27  4.205E-19 Akari IRC NIR N4
7.000E+00  8.158E-26  1.515E-17 Akari IRC MIR-S S7
9.000E+00  5.811E-26  1.387E-17 Akari IRC MIR-S S9W
1.100E+01  4.651E-26  1.357E-17 Akari IRC MIR-S S11
1.500E+01  4.150E-26  1.651E-17 Akari IRC MIR-L L15
1.800E+01  3.618E-26  1.728E-17 Akari IRC MIR-L L18W
2.400E+01  3.190E-26  2.031E-17 Akari IRC MIR-L L24
6.500E+01  1.247E-25  2.149E-16 Akari FIS N60
8.000E+01  2.754E-25  5.845E-16 Akari FIS WIDE-S
1.400E+02  6.298E-25  2.339E-15 Akari FIS WIDE-L
1.600E+02  6.469E-25  2.745E-15 Akari FIS N160
 
 
 
 


lambda    nu*dP/dnu     j_nu
 (um)   (erg s-1 H-1)(Jy cm2 sr-1 H-1)
1.000E+04  3.997E-31  1.060E-19
9.908E+03  4.143E-31  1.089E-19
9.817E+03  4.294E-31  1.118E-19
9.727E+03  4.450E-31  1.148E-19
9.638E+03  4.612E-31  1.179E-19
9.550E+03  4.780E-31  1.211E-19
9.462E+03  4.954E-31  1.244E-19
9.376E+03  5.135E-31  1.277E-19
9.290E+03  5.322E-31  1.311E-19
9.204E+03  5.516E-31  1.347E-19
9.120E+03  5.717E-31  1.383E-19
9.036E+03  5.925E-31  1.420E-19
8.954E+03  6.140E-31  1.458E-19
8.872E+03  6.363E-31  1.497E-19
8.790E+03  6.594E-31  1.537E-19
8.710E+03  6.833E-31  1.579E-19
8.630E+03  7.081E-31  1.621E-19
8.551E+03  7.338E-31  1.664E-19
8.472E+03  7.605E-31  1.709E-19
8.395E+03  7.881E-31  1.755E-19
8.318E+03  8.168E-31  1.802E-19
8.241E+03  8.465E-31  1.851E-19
8.166E+03  8.773E-31  1.900E-19
8.091E+03  9.093E-31  1.951E-19
8.017E+03  9.424E-31  2.004E-19
7.943E+03  9.768E-31  2.058E-19
7.870E+03  1.012E-30  2.114E-19
7.798E+03  1.049E-30  2.171E-19
7.727E+03  1.088E-30  2.229E-19
7.656E+03  1.128E-30  2.290E-19
7.586E+03  1.169E-30  2.352E-19
7.516E+03  1.212E-30  2.415E-19
7.447E+03  1.256E-30  2.481E-19
7.379E+03  1.302E-30  2.548E-19
7.311E+03  1.350E-30  2.617E-19
7.244E+03  1.399E-30  2.688E-19
7.178E+03  1.450E-30  2.762E-19
7.112E+03  1.504E-30  2.837E-19
7.047E+03  1.559E-30  2.914E-19
6.982E+03  1.616E-30  2.993E-19
6.918E+03  1.675E-30  3.074E-19
6.855E+03  1.737E-30  3.158E-19
6.792E+03  1.801E-30  3.244E-19
6.730E+03  1.867E-30  3.332E-19
6.668E+03  1.935E-30  3.423E-19
6.607E+03  2.007E-30  3.517E-19
6.546E+03  2.080E-30  3.613E-19
6.486E+03  2.157E-30  3.711E-19
6.427E+03  2.237E-30  3.813E-19
6.368E+03  2.319E-30  3.917E-19
6.310E+03  2.405E-30  4.025E-19
6.252E+03  2.493E-30  4.135E-19
6.194E+03  2.586E-30  4.248E-19
6.138E+03  2.681E-30  4.365E-19
6.081E+03  2.780E-30  4.485E-19
6.026E+03  2.883E-30  4.608E-19
5.970E+03  2.990E-30  4.735E-19
5.916E+03  3.100E-30  4.865E-19
5.861E+03  3.215E-30  4.999E-19
5.808E+03  3.335E-30  5.137E-19
5.754E+03  3.458E-30  5.279E-19
5.702E+03  3.587E-30  5.424E-19
5.649E+03  3.720E-30  5.574E-19
5.598E+03  3.858E-30  5.728E-19
5.546E+03  4.001E-30  5.887E-19
5.495E+03  4.150E-30  6.050E-19
5.445E+03  4.304E-30  6.217E-19
5.395E+03  4.465E-30  6.389E-19
5.346E+03  4.631E-30  6.566E-19
5.297E+03  4.803E-30  6.749E-19
5.248E+03  4.982E-30  6.936E-19
5.200E+03  5.168E-30  7.129E-19
5.152E+03  5.361E-30  7.327E-19
5.105E+03  5.561E-30  7.530E-19
5.058E+03  5.769E-30  7.740E-19
5.012E+03  5.984E-30  7.955E-19
4.966E+03  6.208E-30  8.177E-19
4.920E+03  6.439E-30  8.405E-19
4.875E+03  6.680E-30  8.639E-19
4.831E+03  6.930E-30  8.880E-19
4.786E+03  7.189E-30  9.127E-19
4.742E+03  7.458E-30  9.382E-19
4.699E+03  7.738E-30  9.645E-19
4.656E+03  8.028E-30  9.914E-19
4.613E+03  8.329E-30  1.019E-18
4.571E+03  8.641E-30  1.048E-18
4.529E+03  8.966E-30  1.077E-18
4.487E+03  9.302E-30  1.107E-18
4.446E+03  9.652E-30  1.138E-18
4.406E+03  1.001E-29  1.170E-18
4.365E+03  1.039E-29  1.203E-18
4.325E+03  1.078E-29  1.237E-18
4.285E+03  1.119E-29  1.272E-18
4.246E+03  1.161E-29  1.308E-18
4.207E+03  1.205E-29  1.345E-18
4.169E+03  1.250E-29  1.382E-18
4.130E+03  1.297E-29  1.421E-18
4.093E+03  1.346E-29  1.462E-18
4.055E+03  1.397E-29  1.503E-18
4.018E+03  1.450E-29  1.545E-18
3.981E+03  1.505E-29  1.589E-18
3.945E+03  1.561E-29  1.634E-18
3.908E+03  1.620E-29  1.680E-18
3.873E+03  1.682E-29  1.728E-18
3.837E+03  1.745E-29  1.776E-18
3.802E+03  1.811E-29  1.827E-18
3.767E+03  1.880E-29  1.878E-18
3.733E+03  1.951E-29  1.932E-18
3.698E+03  2.025E-29  1.987E-18
3.664E+03  2.102E-29  2.043E-18
3.631E+03  2.182E-29  2.101E-18
3.597E+03  2.264E-29  2.161E-18
3.565E+03  2.350E-29  2.222E-18
3.532E+03  2.440E-29  2.286E-18
3.499E+03  2.533E-29  2.351E-18
3.467E+03  2.629E-29  2.418E-18
3.436E+03  2.729E-29  2.487E-18
3.404E+03  2.833E-29  2.558E-18
3.373E+03  2.941E-29  2.631E-18
3.342E+03  3.053E-29  2.706E-18
3.311E+03  3.170E-29  2.784E-18
3.281E+03  3.291E-29  2.864E-18
3.251E+03  3.416E-29  2.946E-18
3.221E+03  3.547E-29  3.030E-18
3.192E+03  3.682E-29  3.117E-18
3.162E+03  3.823E-29  3.207E-18
3.133E+03  3.969E-29  3.299E-18
3.105E+03  4.121E-29  3.394E-18
3.076E+03  4.279E-29  3.491E-18
3.048E+03  4.443E-29  3.592E-18
3.020E+03  4.613E-29  3.695E-18
2.992E+03  4.790E-29  3.802E-18
2.965E+03  4.973E-29  3.911E-18
2.938E+03  5.163E-29  4.023E-18
2.911E+03  5.361E-29  4.139E-18
2.884E+03  5.566E-29  4.258E-18
2.858E+03  5.779E-29  4.380E-18
2.831E+03  6.000E-29  4.507E-18
2.805E+03  6.230E-29  4.636E-18
2.780E+03  6.469E-29  4.770E-18
2.754E+03  6.718E-29  4.908E-18
2.729E+03  6.976E-29  5.050E-18
2.704E+03  7.244E-29  5.195E-18
2.679E+03  7.522E-29  5.346E-18
2.655E+03  7.811E-29  5.500E-18
2.630E+03  8.112E-29  5.659E-18
2.606E+03  8.424E-29  5.823E-18
2.582E+03  8.748E-29  5.992E-18
2.559E+03  9.085E-29  6.166E-18
2.535E+03  9.435E-29  6.344E-18
2.512E+03  9.798E-29  6.528E-18
2.489E+03  1.018E-28  6.718E-18
2.466E+03  1.057E-28  6.913E-18
2.443E+03  1.098E-28  7.114E-18
2.421E+03  1.140E-28  7.321E-18
2.399E+03  1.184E-28  7.533E-18
2.377E+03  1.230E-28  7.753E-18
2.355E+03  1.277E-28  7.978E-18
2.333E+03  1.326E-28  8.210E-18
2.312E+03  1.378E-28  8.449E-18
2.291E+03  1.431E-28  8.695E-18
2.270E+03  1.486E-28  8.949E-18
2.249E+03  1.544E-28  9.210E-18
2.228E+03  1.603E-28  9.478E-18
2.208E+03  1.665E-28  9.754E-18
2.188E+03  1.730E-28  1.004E-17
2.168E+03  1.797E-28  1.033E-17
2.148E+03  1.866E-28  1.063E-17
2.128E+03  1.939E-28  1.094E-17
2.109E+03  2.014E-28  1.126E-17
2.089E+03  2.092E-28  1.159E-17
2.070E+03  2.173E-28  1.193E-17
2.051E+03  2.257E-28  1.228E-17
2.032E+03  2.344E-28  1.264E-17
2.014E+03  2.435E-28  1.301E-17
1.995E+03  2.529E-28  1.339E-17
1.977E+03  2.627E-28  1.378E-17
1.959E+03  2.729E-28  1.418E-17
1.941E+03  2.834E-28  1.459E-17
1.923E+03  2.944E-28  1.502E-17
1.905E+03  3.058E-28  1.546E-17
1.888E+03  3.176E-28  1.591E-17
1.871E+03  3.299E-28  1.637E-17
1.854E+03  3.427E-28  1.685E-17
1.837E+03  3.560E-28  1.734E-17
1.820E+03  3.698E-28  1.785E-17
1.803E+03  3.841E-28  1.837E-17
1.786E+03  3.989E-28  1.890E-17
1.770E+03  4.144E-28  1.946E-17
1.754E+03  4.304E-28  2.002E-17
1.738E+03  4.471E-28  2.061E-17
1.722E+03  4.644E-28  2.121E-17
1.706E+03  4.823E-28  2.183E-17
1.690E+03  5.010E-28  2.246E-17
1.675E+03  5.204E-28  2.312E-17
1.660E+03  5.405E-28  2.379E-17
1.644E+03  5.614E-28  2.449E-17
1.629E+03  5.831E-28  2.520E-17
1.614E+03  6.056E-28  2.593E-17
1.600E+03  6.290E-28  2.669E-17
1.585E+03  6.533E-28  2.746E-17
1.570E+03  6.785E-28  2.826E-17
1.556E+03  7.047E-28  2.908E-17
1.542E+03  7.319E-28  2.993E-17
1.528E+03  7.601E-28  3.080E-17
1.514E+03  7.894E-28  3.169E-17
1.500E+03  8.198E-28  3.261E-17
1.486E+03  8.514E-28  3.356E-17
1.472E+03  8.842E-28  3.453E-17
1.459E+03  9.182E-28  3.553E-17
1.445E+03  9.536E-28  3.656E-17
1.432E+03  9.903E-28  3.762E-17
1.419E+03  1.028E-27  3.871E-17
1.406E+03  1.068E-27  3.983E-17
1.393E+03  1.109E-27  4.098E-17
1.380E+03  1.152E-27  4.217E-17
1.368E+03  1.196E-27  4.338E-17
1.355E+03  1.242E-27  4.463E-17
1.343E+03  1.289E-27  4.592E-17
1.330E+03  1.339E-27  4.725E-17
1.318E+03  1.390E-27  4.861E-17
1.306E+03  1.443E-27  5.000E-17
1.294E+03  1.498E-27  5.144E-17
1.282E+03  1.556E-27  5.292E-17
1.271E+03  1.615E-27  5.444E-17
1.259E+03  1.677E-27  5.599E-17
1.247E+03  1.741E-27  5.760E-17
1.236E+03  1.807E-27  5.925E-17
1.225E+03  1.876E-27  6.094E-17
1.213E+03  1.947E-27  6.268E-17
1.202E+03  2.021E-27  6.446E-17
1.191E+03  2.098E-27  6.630E-17
1.180E+03  2.178E-27  6.818E-17
1.169E+03  2.260E-27  7.012E-17
1.159E+03  2.346E-27  7.211E-17
1.148E+03  2.435E-27  7.415E-17
1.138E+03  2.527E-27  7.625E-17
1.127E+03  2.622E-27  7.841E-17
1.117E+03  2.721E-27  8.062E-17
1.107E+03  2.824E-27  8.289E-17
1.096E+03  2.930E-27  8.523E-17
1.086E+03  3.041E-27  8.762E-17
1.076E+03  3.155E-27  9.008E-17
1.067E+03  3.273E-27  9.261E-17
1.057E+03  3.396E-27  9.520E-17
1.047E+03  3.523E-27  9.786E-17
1.038E+03  3.655E-27  1.006E-16
1.028E+03  3.791E-27  1.034E-16
1.019E+03  3.933E-27  1.063E-16
1.009E+03  4.079E-27  1.092E-16
1.000E+03  4.231E-27  1.122E-16
9.908E+02  4.389E-27  1.153E-16
9.817E+02  4.552E-27  1.185E-16
9.727E+02  4.721E-27  1.218E-16
9.638E+02  4.896E-27  1.252E-16
9.550E+02  5.077E-27  1.286E-16
9.462E+02  5.264E-27  1.321E-16
9.376E+02  5.459E-27  1.358E-16
9.290E+02  5.660E-27  1.395E-16
9.204E+02  5.868E-27  1.433E-16
9.120E+02  6.084E-27  1.472E-16
9.036E+02  6.307E-27  1.512E-16
8.954E+02  6.538E-27  1.553E-16
8.872E+02  6.777E-27  1.595E-16
8.790E+02  7.024E-27  1.638E-16
8.710E+02  7.280E-27  1.682E-16
8.630E+02  7.544E-27  1.727E-16
8.551E+02  7.818E-27  1.773E-16
8.472E+02  8.101E-27  1.821E-16
8.395E+02  8.393E-27  1.869E-16
8.318E+02  8.696E-27  1.919E-16
8.241E+02  9.009E-27  1.969E-16
8.166E+02  9.332E-27  2.021E-16
8.091E+02  9.667E-27  2.075E-16
8.017E+02  1.001E-26  2.129E-16
7.943E+02  1.037E-26  2.185E-16
7.870E+02  1.074E-26  2.242E-16
7.798E+02  1.112E-26  2.300E-16
7.727E+02  1.152E-26  2.360E-16
7.656E+02  1.192E-26  2.421E-16
7.586E+02  1.234E-26  2.484E-16
7.516E+02  1.278E-26  2.548E-16
7.447E+02  1.323E-26  2.613E-16
7.379E+02  1.370E-26  2.681E-16
7.311E+02  1.418E-26  2.749E-16
7.244E+02  1.467E-26  2.820E-16
7.178E+02  1.519E-26  2.892E-16
7.112E+02  1.572E-26  2.965E-16
7.047E+02  1.627E-26  3.041E-16
6.982E+02  1.683E-26  3.118E-16
6.918E+02  1.742E-26  3.197E-16
6.855E+02  1.802E-26  3.277E-16
6.792E+02  1.865E-26  3.360E-16
6.730E+02  1.929E-26  3.444E-16
6.668E+02  1.995E-26  3.529E-16
6.607E+02  2.064E-26  3.617E-16
6.546E+02  2.135E-26  3.707E-16
6.486E+02  2.208E-26  3.799E-16
6.427E+02  2.284E-26  3.894E-16
6.368E+02  2.362E-26  3.990E-16
6.310E+02  2.443E-26  4.089E-16
6.252E+02  2.526E-26  4.189E-16
6.194E+02  2.612E-26  4.292E-16
6.138E+02  2.701E-26  4.397E-16
6.081E+02  2.792E-26  4.504E-16
6.026E+02  2.887E-26  4.614E-16
5.970E+02  2.984E-26  4.726E-16
5.916E+02  3.085E-26  4.841E-16
5.861E+02  3.188E-26  4.957E-16
5.808E+02  3.295E-26  5.076E-16
5.754E+02  3.406E-26  5.198E-16
5.702E+02  3.519E-26  5.322E-16
5.649E+02  3.636E-26  5.449E-16
5.598E+02  3.757E-26  5.579E-16
5.546E+02  3.882E-26  5.711E-16
5.495E+02  4.010E-26  5.845E-16
5.445E+02  4.142E-26  5.983E-16
5.395E+02  4.278E-26  6.123E-16
5.346E+02  4.419E-26  6.265E-16
5.297E+02  4.563E-26  6.411E-16
5.248E+02  4.712E-26  6.560E-16
5.200E+02  4.865E-26  6.711E-16
5.152E+02  5.023E-26  6.865E-16
5.105E+02  5.186E-26  7.022E-16
5.058E+02  5.353E-26  7.182E-16
5.012E+02  5.525E-26  7.345E-16
4.966E+02  5.702E-26  7.511E-16
4.920E+02  5.884E-26  7.680E-16
4.875E+02  6.072E-26  7.852E-16
4.831E+02  6.264E-26  8.027E-16
4.786E+02  6.463E-26  8.205E-16
4.742E+02  6.666E-26  8.386E-16
4.699E+02  6.876E-26  8.570E-16
4.656E+02  7.091E-26  8.757E-16
4.613E+02  7.312E-26  8.948E-16
4.571E+02  7.540E-26  9.141E-16
4.529E+02  7.773E-26  9.338E-16
4.487E+02  8.013E-26  9.538E-16
4.446E+02  8.259E-26  9.741E-16
4.406E+02  8.511E-26  9.947E-16
4.365E+02  8.771E-26  1.016E-15
4.325E+02  9.037E-26  1.037E-15
4.285E+02  9.310E-26  1.058E-15
4.246E+02  9.590E-26  1.080E-15
4.207E+02  9.878E-26  1.102E-15
4.169E+02  1.017E-25  1.125E-15
4.130E+02  1.047E-25  1.148E-15
4.093E+02  1.078E-25  1.171E-15
4.055E+02  1.110E-25  1.194E-15
4.018E+02  1.143E-25  1.218E-15
3.981E+02  1.176E-25  1.242E-15
3.945E+02  1.210E-25  1.266E-15
3.908E+02  1.245E-25  1.291E-15
3.873E+02  1.281E-25  1.316E-15
3.837E+02  1.318E-25  1.341E-15
3.802E+02  1.355E-25  1.367E-15
3.767E+02  1.393E-25  1.392E-15
3.733E+02  1.433E-25  1.418E-15
3.698E+02  1.473E-25  1.445E-15
3.664E+02  1.514E-25  1.471E-15
3.631E+02  1.556E-25  1.498E-15
3.597E+02  1.598E-25  1.525E-15
3.565E+02  1.642E-25  1.553E-15
3.532E+02  1.687E-25  1.580E-15
3.499E+02  1.732E-25  1.608E-15
3.467E+02  1.779E-25  1.636E-15
3.436E+02  1.826E-25  1.664E-15
3.404E+02  1.875E-25  1.693E-15
3.373E+02  1.924E-25  1.721E-15
3.342E+02  1.974E-25  1.750E-15
3.311E+02  2.025E-25  1.779E-15
3.281E+02  2.077E-25  1.808E-15
3.251E+02  2.130E-25  1.837E-15
3.221E+02  2.184E-25  1.866E-15
3.192E+02  2.239E-25  1.896E-15
3.162E+02  2.295E-25  1.925E-15
3.133E+02  2.352E-25  1.955E-15
3.105E+02  2.410E-25  1.985E-15
3.076E+02  2.468E-25  2.014E-15
3.048E+02  2.528E-25  2.044E-15
3.020E+02  2.589E-25  2.074E-15
2.992E+02  2.650E-25  2.103E-15
2.965E+02  2.712E-25  2.133E-15
2.938E+02  2.775E-25  2.163E-15
2.911E+02  2.839E-25  2.192E-15
2.884E+02  2.904E-25  2.222E-15
2.858E+02  2.970E-25  2.251E-15
2.831E+02  3.036E-25  2.280E-15
2.805E+02  3.103E-25  2.309E-15
2.780E+02  3.171E-25  2.338E-15
2.754E+02  3.240E-25  2.367E-15
2.729E+02  3.310E-25  2.396E-15
2.704E+02  3.381E-25  2.425E-15
2.679E+02  3.452E-25  2.453E-15
2.655E+02  3.524E-25  2.481E-15
2.630E+02  3.596E-25  2.509E-15
2.606E+02  3.670E-25  2.537E-15
2.582E+02  3.743E-25  2.564E-15
2.559E+02  3.817E-25  2.591E-15
2.535E+02  3.891E-25  2.617E-15
2.512E+02  3.965E-25  2.642E-15
2.489E+02  4.038E-25  2.666E-15
2.466E+02  4.109E-25  2.688E-15
2.443E+02  4.180E-25  2.709E-15
2.421E+02  4.250E-25  2.729E-15
2.399E+02  4.320E-25  2.749E-15
2.377E+02  4.388E-25  2.767E-15
2.355E+02  4.456E-25  2.784E-15
2.333E+02  4.524E-25  2.800E-15
2.312E+02  4.591E-25  2.816E-15
2.291E+02  4.658E-25  2.831E-15
2.270E+02  4.725E-25  2.845E-15
2.249E+02  4.792E-25  2.859E-15
2.228E+02  4.858E-25  2.871E-15
2.208E+02  4.923E-25  2.883E-15
2.188E+02  4.988E-25  2.895E-15
2.168E+02  5.052E-25  2.905E-15
2.148E+02  5.116E-25  2.915E-15
2.128E+02  5.179E-25  2.924E-15
2.109E+02  5.241E-25  2.931E-15
2.089E+02  5.302E-25  2.939E-15
2.070E+02  5.363E-25  2.945E-15
2.051E+02  5.422E-25  2.950E-15
2.032E+02  5.480E-25  2.954E-15
2.014E+02  5.538E-25  2.958E-15
1.995E+02  5.594E-25  2.961E-15
1.977E+02  5.649E-25  2.962E-15
1.959E+02  5.703E-25  2.963E-15
1.941E+02  5.756E-25  2.963E-15
1.923E+02  5.807E-25  2.962E-15
1.905E+02  5.857E-25  2.961E-15
1.888E+02  5.906E-25  2.958E-15
1.871E+02  5.954E-25  2.954E-15
1.854E+02  6.000E-25  2.950E-15
1.837E+02  6.045E-25  2.945E-15
1.820E+02  6.088E-25  2.939E-15
1.803E+02  6.130E-25  2.932E-15
1.786E+02  6.170E-25  2.924E-15
1.770E+02  6.209E-25  2.916E-15
1.754E+02  6.247E-25  2.906E-15
1.738E+02  6.283E-25  2.896E-15
1.722E+02  6.318E-25  2.886E-15
1.706E+02  6.351E-25  2.874E-15
1.690E+02  6.382E-25  2.862E-15
1.675E+02  6.413E-25  2.849E-15
1.660E+02  6.442E-25  2.836E-15
1.644E+02  6.469E-25  2.822E-15
1.629E+02  6.495E-25  2.807E-15
1.614E+02  6.520E-25  2.792E-15
1.600E+02  6.544E-25  2.776E-15
1.585E+02  6.566E-25  2.760E-15
1.570E+02  6.587E-25  2.744E-15
1.556E+02  6.607E-25  2.727E-15
1.542E+02  6.625E-25  2.709E-15
1.528E+02  6.643E-25  2.692E-15
1.514E+02  6.658E-25  2.673E-15
1.500E+02  6.672E-25  2.654E-15
1.486E+02  6.684E-25  2.634E-15
1.472E+02  6.692E-25  2.614E-15
1.459E+02  6.696E-25  2.591E-15
1.445E+02  6.695E-25  2.567E-15
1.432E+02  6.687E-25  2.540E-15
1.419E+02  6.670E-25  2.511E-15
1.406E+02  6.642E-25  2.477E-15
1.393E+02  6.603E-25  2.440E-15
1.380E+02  6.552E-25  2.399E-15
1.368E+02  6.490E-25  2.355E-15
1.355E+02  6.419E-25  2.308E-15
1.343E+02  6.342E-25  2.259E-15
1.330E+02  6.261E-25  2.210E-15
1.318E+02  6.177E-25  2.160E-15
1.306E+02  6.093E-25  2.111E-15
1.294E+02  6.009E-25  2.063E-15
1.282E+02  5.925E-25  2.015E-15
1.271E+02  5.841E-25  1.969E-15
1.259E+02  5.759E-25  1.923E-15
1.247E+02  5.678E-25  1.879E-15
1.236E+02  5.597E-25  1.835E-15
1.225E+02  5.518E-25  1.792E-15
1.213E+02  5.439E-25  1.751E-15
1.202E+02  5.361E-25  1.710E-15
1.191E+02  5.283E-25  1.669E-15
1.180E+02  5.205E-25  1.630E-15
1.169E+02  5.127E-25  1.591E-15
1.159E+02  5.049E-25  1.552E-15
1.148E+02  4.972E-25  1.514E-15
1.138E+02  4.895E-25  1.477E-15
1.127E+02  4.817E-25  1.440E-15
1.117E+02  4.741E-25  1.404E-15
1.107E+02  4.664E-25  1.369E-15
1.096E+02  4.587E-25  1.334E-15
1.086E+02  4.510E-25  1.300E-15
1.076E+02  4.433E-25  1.266E-15
1.067E+02  4.356E-25  1.232E-15
1.057E+02  4.279E-25  1.200E-15
1.047E+02  4.203E-25  1.167E-15
1.038E+02  4.126E-25  1.135E-15
1.028E+02  4.049E-25  1.104E-15
1.019E+02  3.972E-25  1.073E-15
1.009E+02  3.895E-25  1.043E-15
1.000E+02  3.819E-25  1.013E-15
9.908E+01  3.742E-25  9.834E-16
9.817E+01  3.666E-25  9.546E-16
9.727E+01  3.589E-25  9.262E-16
9.638E+01  3.514E-25  8.983E-16
9.550E+01  3.438E-25  8.710E-16
9.462E+01  3.363E-25  8.441E-16
9.376E+01  3.288E-25  8.178E-16
9.290E+01  3.214E-25  7.920E-16
9.204E+01  3.141E-25  7.668E-16
9.120E+01  3.068E-25  7.421E-16
9.036E+01  2.995E-25  7.180E-16
8.954E+01  2.924E-25  6.944E-16
8.872E+01  2.853E-25  6.714E-16
8.790E+01  2.783E-25  6.489E-16
8.710E+01  2.714E-25  6.270E-16
8.630E+01  2.646E-25  6.056E-16
8.551E+01  2.579E-25  5.849E-16
8.472E+01  2.512E-25  5.645E-16
8.395E+01  2.447E-25  5.448E-16
8.318E+01  2.383E-25  5.257E-16
8.241E+01  2.320E-25  5.071E-16
8.166E+01  2.258E-25  4.891E-16
8.091E+01  2.197E-25  4.716E-16
8.017E+01  2.138E-25  4.546E-16
7.943E+01  2.080E-25  4.382E-16
7.870E+01  2.023E-25  4.223E-16
7.798E+01  1.967E-25  4.069E-16
7.727E+01  1.913E-25  3.920E-16
7.656E+01  1.859E-25  3.776E-16
7.586E+01  1.807E-25  3.637E-16
7.516E+01  1.757E-25  3.502E-16
7.447E+01  1.707E-25  3.373E-16
7.379E+01  1.659E-25  3.247E-16
7.311E+01  1.612E-25  3.126E-16
7.244E+01  1.566E-25  3.009E-16
7.178E+01  1.522E-25  2.897E-16
7.112E+01  1.479E-25  2.790E-16
7.047E+01  1.437E-25  2.687E-16
6.982E+01  1.397E-25  2.588E-16
6.918E+01  1.358E-25  2.493E-16
6.855E+01  1.321E-25  2.402E-16
6.792E+01  1.284E-25  2.314E-16
6.730E+01  1.249E-25  2.230E-16
6.668E+01  1.216E-25  2.150E-16
6.607E+01  1.183E-25  2.073E-16
6.546E+01  1.151E-25  1.999E-16
6.486E+01  1.121E-25  1.929E-16
6.427E+01  1.092E-25  1.862E-16
6.368E+01  1.064E-25  1.797E-16
6.310E+01  1.037E-25  1.736E-16
6.252E+01  1.012E-25  1.678E-16
6.194E+01  9.871E-26  1.622E-16
6.138E+01  9.635E-26  1.569E-16
6.081E+01  9.411E-26  1.518E-16
6.026E+01  9.195E-26  1.470E-16
5.970E+01  8.988E-26  1.423E-16
5.916E+01  8.793E-26  1.380E-16
5.861E+01  8.604E-26  1.338E-16
5.808E+01  8.425E-26  1.298E-16
5.754E+01  8.255E-26  1.260E-16
5.702E+01  8.094E-26  1.224E-16
5.649E+01  7.941E-26  1.190E-16
5.598E+01  7.795E-26  1.157E-16
5.546E+01  7.657E-26  1.126E-16
5.495E+01  7.526E-26  1.097E-16
5.445E+01  7.402E-26  1.069E-16
5.395E+01  7.284E-26  1.042E-16
5.346E+01  7.173E-26  1.017E-16
5.297E+01  7.066E-26  9.928E-17
5.248E+01  6.967E-26  9.698E-17
5.200E+01  6.871E-26  9.478E-17
5.152E+01  6.783E-26  9.270E-17
5.105E+01  6.696E-26  9.067E-17
5.058E+01  6.617E-26  8.878E-17
5.012E+01  6.540E-26  8.694E-17
4.966E+01  6.469E-26  8.521E-17
4.920E+01  6.402E-26  8.356E-17
4.875E+01  6.338E-26  8.196E-17
4.831E+01  6.278E-26  8.044E-17
4.786E+01  6.221E-26  7.899E-17
4.742E+01  6.168E-26  7.759E-17
4.699E+01  6.117E-26  7.624E-17
4.656E+01  6.067E-26  7.493E-17
4.613E+01  6.020E-26  7.367E-17
4.571E+01  5.976E-26  7.246E-17
4.529E+01  5.933E-26  7.127E-17
4.487E+01  5.892E-26  7.014E-17
4.446E+01  5.853E-26  6.903E-17
4.406E+01  5.813E-26  6.793E-17
4.365E+01  5.776E-26  6.688E-17
4.325E+01  5.740E-26  6.586E-17
4.285E+01  5.704E-26  6.484E-17
4.246E+01  5.668E-26  6.384E-17
4.207E+01  5.633E-26  6.286E-17
4.169E+01  5.599E-26  6.191E-17
4.130E+01  5.564E-26  6.097E-17
4.093E+01  5.529E-26  6.003E-17
4.055E+01  5.494E-26  5.910E-17
4.018E+01  5.459E-26  5.818E-17
3.981E+01  5.424E-26  5.728E-17
3.945E+01  5.388E-26  5.637E-17
3.908E+01  5.351E-26  5.548E-17
3.873E+01  5.313E-26  5.458E-17
3.837E+01  5.274E-26  5.368E-17
3.802E+01  5.234E-26  5.278E-17
3.767E+01  5.192E-26  5.188E-17
3.733E+01  5.149E-26  5.098E-17
3.698E+01  5.105E-26  5.008E-17
3.664E+01  5.061E-26  4.919E-17
3.631E+01  5.015E-26  4.830E-17
3.597E+01  4.965E-26  4.738E-17
3.565E+01  4.917E-26  4.649E-17
3.532E+01  4.867E-26  4.560E-17
3.499E+01  4.816E-26  4.470E-17
3.467E+01  4.763E-26  4.381E-17
3.436E+01  4.710E-26  4.293E-17
3.404E+01  4.656E-26  4.204E-17
3.373E+01  4.601E-26  4.116E-17
3.342E+01  4.546E-26  4.030E-17
3.311E+01  4.490E-26  3.944E-17
3.281E+01  4.434E-26  3.859E-17
3.251E+01  4.377E-26  3.774E-17
3.221E+01  4.321E-26  3.692E-17
3.192E+01  4.264E-26  3.610E-17
3.162E+01  4.207E-26  3.529E-17
3.133E+01  4.152E-26  3.451E-17
3.105E+01  4.096E-26  3.373E-17
3.076E+01  4.042E-26  3.298E-17
3.048E+01  3.989E-26  3.225E-17
3.020E+01  3.936E-26  3.153E-17
2.992E+01  3.885E-26  3.084E-17
2.965E+01  3.834E-26  3.016E-17
2.938E+01  3.786E-26  2.950E-17
2.911E+01  3.739E-26  2.887E-17
2.884E+01  3.693E-26  2.825E-17
2.858E+01  3.649E-26  2.766E-17
2.831E+01  3.607E-26  2.709E-17
2.805E+01  3.567E-26  2.654E-17
2.780E+01  3.529E-26  2.602E-17
2.754E+01  3.493E-26  2.552E-17
2.729E+01  3.457E-26  2.502E-17
2.704E+01  3.425E-26  2.456E-17
2.679E+01  3.394E-26  2.412E-17
2.655E+01  3.365E-26  2.370E-17
2.630E+01  3.338E-26  2.329E-17
2.606E+01  3.312E-26  2.290E-17
2.582E+01  3.289E-26  2.253E-17
2.559E+01  3.268E-26  2.218E-17
2.535E+01  3.248E-26  2.184E-17
2.512E+01  3.231E-26  2.153E-17
2.489E+01  3.214E-26  2.122E-17
2.466E+01  3.199E-26  2.093E-17
2.443E+01  3.186E-26  2.065E-17
2.421E+01  3.175E-26  2.039E-17
2.399E+01  3.165E-26  2.014E-17
2.377E+01  3.156E-26  1.990E-17
2.355E+01  3.149E-26  1.967E-17
2.333E+01  3.144E-26  1.946E-17
2.312E+01  3.140E-26  1.926E-17
2.291E+01  3.137E-26  1.906E-17
2.270E+01  3.135E-26  1.888E-17
2.249E+01  3.136E-26  1.871E-17
2.228E+01  3.138E-26  1.855E-17
2.208E+01  3.141E-26  1.840E-17
2.188E+01  3.144E-26  1.825E-17
2.168E+01  3.149E-26  1.811E-17
2.148E+01  3.156E-26  1.798E-17
2.128E+01  3.163E-26  1.785E-17
2.109E+01  3.172E-26  1.774E-17
2.089E+01  3.182E-26  1.764E-17
2.070E+01  3.194E-26  1.754E-17
2.051E+01  3.207E-26  1.745E-17
2.032E+01  3.221E-26  1.737E-17
2.014E+01  3.239E-26  1.730E-17
1.995E+01  3.259E-26  1.725E-17
1.977E+01  3.283E-26  1.722E-17
1.959E+01  3.312E-26  1.721E-17
1.941E+01  3.354E-26  1.727E-17
1.923E+01  3.427E-26  1.748E-17
1.905E+01  3.596E-26  1.818E-17
1.888E+01  3.738E-26  1.872E-17
1.871E+01  3.584E-26  1.778E-17
1.854E+01  3.552E-26  1.746E-17
1.837E+01  3.590E-26  1.749E-17
1.820E+01  3.677E-26  1.775E-17
1.803E+01  3.845E-26  1.839E-17
1.786E+01  4.121E-26  1.953E-17
1.770E+01  4.184E-26  1.964E-17
1.754E+01  4.467E-26  2.078E-17
1.738E+01  5.109E-26  2.355E-17
1.722E+01  5.056E-26  2.309E-17
1.706E+01  5.108E-26  2.312E-17
1.690E+01  4.999E-26  2.242E-17
1.675E+01  4.797E-26  2.131E-17
1.660E+01  4.886E-26  2.151E-17
1.644E+01  5.665E-26  2.471E-17
1.629E+01  4.366E-26  1.887E-17
1.614E+01  3.840E-26  1.644E-17
1.600E+01  3.662E-26  1.554E-17
1.585E+01  3.552E-26  1.493E-17
1.570E+01  3.425E-26  1.427E-17
1.556E+01  3.345E-26  1.381E-17
1.542E+01  3.292E-26  1.346E-17
1.528E+01  3.253E-26  1.318E-17
1.514E+01  3.225E-26  1.295E-17
1.500E+01  3.206E-26  1.275E-17
1.486E+01  3.198E-26  1.260E-17
1.472E+01  3.206E-26  1.252E-17
1.459E+01  3.243E-26  1.255E-17
1.445E+01  3.338E-26  1.280E-17
1.432E+01  3.562E-26  1.353E-17
1.419E+01  3.818E-26  1.437E-17
1.406E+01  3.686E-26  1.375E-17
1.393E+01  3.633E-26  1.343E-17
1.380E+01  3.805E-26  1.393E-17
1.368E+01  4.192E-26  1.521E-17
1.355E+01  4.684E-26  1.684E-17
1.343E+01  4.822E-26  1.717E-17
1.330E+01  4.569E-26  1.613E-17
1.318E+01  4.453E-26  1.557E-17
1.306E+01  4.683E-26  1.623E-17
1.294E+01  5.347E-26  1.835E-17
1.282E+01  6.562E-26  2.232E-17
1.271E+01  8.104E-26  2.731E-17
1.259E+01  8.620E-26  2.879E-17
1.247E+01  7.549E-26  2.498E-17
1.236E+01  6.439E-26  2.111E-17
1.225E+01  6.066E-26  1.970E-17
1.213E+01  6.356E-26  2.046E-17
1.202E+01  6.774E-26  2.160E-17
1.191E+01  6.533E-26  2.064E-17
1.180E+01  5.925E-26  1.855E-17
1.169E+01  5.770E-26  1.790E-17
1.159E+01  6.534E-26  2.008E-17
1.148E+01  8.809E-26  2.683E-17
1.138E+01  1.262E-25  3.810E-17
1.127E+01  1.679E-25  5.020E-17
1.117E+01  1.185E-25  3.511E-17
1.107E+01  6.104E-26  1.792E-17
1.096E+01  4.195E-26  1.220E-17
1.086E+01  3.315E-26  9.553E-18
1.076E+01  2.850E-26  8.139E-18
1.067E+01  2.575E-26  7.286E-18
1.057E+01  2.337E-26  6.550E-18
1.047E+01  2.178E-26  6.049E-18
1.038E+01  2.072E-26  5.701E-18
1.028E+01  1.997E-26  5.445E-18
1.019E+01  1.943E-26  5.249E-18
1.009E+01  1.906E-26  5.102E-18
1.000E+01  1.883E-26  4.994E-18
9.908E+00  1.872E-26  4.919E-18
9.817E+00  1.873E-26  4.877E-18
9.727E+00  1.885E-26  4.865E-18
9.638E+00  1.910E-26  4.884E-18
9.550E+00  1.949E-26  4.937E-18
9.462E+00  2.003E-26  5.028E-18
9.376E+00  2.077E-26  5.165E-18
9.290E+00  2.176E-26  5.363E-18
9.204E+00  2.311E-26  5.643E-18
9.120E+00  2.499E-26  6.046E-18
9.036E+00  2.768E-26  6.636E-18
8.954E+00  3.172E-26  7.533E-18
8.872E+00  3.808E-26  8.960E-18
8.790E+00  4.847E-26  1.130E-17
8.710E+00  6.431E-26  1.486E-17
8.630E+00  7.912E-26  1.811E-17
8.551E+00  7.736E-26  1.755E-17
8.472E+00  6.719E-26  1.510E-17
8.395E+00  6.202E-26  1.381E-17
8.318E+00  6.175E-26  1.362E-17
8.241E+00  6.449E-26  1.410E-17
8.166E+00  7.133E-26  1.545E-17
8.091E+00  8.430E-26  1.809E-17
8.017E+00  1.049E-25  2.231E-17
7.943E+00  1.319E-25  2.779E-17
7.870E+00  1.555E-25  3.246E-17
7.798E+00  1.639E-25  3.391E-17
7.727E+00  1.649E-25  3.380E-17
7.656E+00  1.701E-25  3.454E-17
7.586E+00  1.655E-25  3.331E-17
7.516E+00  1.393E-25  2.776E-17
7.447E+00  1.097E-25  2.167E-17
7.379E+00  8.802E-26  1.723E-17
7.311E+00  7.299E-26  1.416E-17
7.244E+00  6.202E-26  1.192E-17
7.178E+00  5.364E-26  1.021E-17
7.112E+00  4.721E-26  8.906E-18
7.047E+00  4.244E-26  7.933E-18
6.982E+00  3.920E-26  7.261E-18
6.918E+00  3.742E-26  6.868E-18
6.855E+00  3.698E-26  6.724E-18
6.792E+00  3.747E-26  6.751E-18
6.730E+00  3.798E-26  6.780E-18
6.668E+00  3.744E-26  6.622E-18
6.607E+00  3.584E-26  6.281E-18
6.546E+00  3.453E-26  5.996E-18
6.486E+00  3.521E-26  6.059E-18
6.427E+00  3.983E-26  6.789E-18
6.368E+00  5.196E-26  8.778E-18
6.310E+00  7.917E-26  1.325E-17
6.252E+00  1.232E-25  2.043E-17
6.194E+00  1.247E-25  2.050E-17
6.138E+00  7.766E-26  1.264E-17
6.081E+00  4.622E-26  7.456E-18
6.026E+00  3.075E-26  4.915E-18
5.970E+00  2.291E-26  3.628E-18
5.916E+00  1.882E-26  2.953E-18
5.861E+00  1.700E-26  2.644E-18
5.808E+00  1.715E-26  2.641E-18
5.754E+00  1.925E-26  2.938E-18
5.702E+00  2.073E-26  3.135E-18
5.649E+00  1.746E-26  2.616E-18
5.598E+00  1.327E-26  1.971E-18
5.546E+00  1.070E-26  1.573E-18
5.495E+00  9.326E-27  1.360E-18
5.445E+00  8.734E-27  1.262E-18
5.395E+00  8.830E-27  1.264E-18
5.346E+00  9.793E-27  1.389E-18
5.297E+00  1.138E-26  1.599E-18
5.248E+00  1.112E-26  1.548E-18
5.200E+00  8.810E-27  1.215E-18
5.152E+00  7.011E-27  9.582E-19
5.105E+00  5.968E-27  8.082E-19
5.058E+00  5.341E-27  7.166E-19
5.012E+00  4.927E-27  6.550E-19
4.966E+00  4.630E-27  6.099E-19
4.920E+00  4.403E-27  5.747E-19
4.875E+00  4.221E-27  5.459E-19
4.831E+00  4.071E-27  5.216E-19
4.786E+00  3.943E-27  5.006E-19
4.742E+00  3.832E-27  4.821E-19
4.699E+00  3.735E-27  4.655E-19
4.656E+00  3.649E-27  4.506E-19
4.613E+00  3.571E-27  4.370E-19
4.571E+00  3.501E-27  4.245E-19
4.529E+00  3.438E-27  4.130E-19
4.487E+00  3.380E-27  4.024E-19
4.446E+00  3.328E-27  3.925E-19
4.406E+00  3.279E-27  3.832E-19
4.365E+00  3.235E-27  3.746E-19
4.325E+00  3.194E-27  3.665E-19
4.285E+00  3.157E-27  3.589E-19
4.246E+00  3.123E-27  3.518E-19
4.207E+00  3.092E-27  3.451E-19
4.169E+00  3.064E-27  3.388E-19
4.130E+00  3.039E-27  3.329E-19
4.093E+00  3.016E-27  3.274E-19
4.055E+00  2.996E-27  3.223E-19
4.018E+00  2.979E-27  3.175E-19
3.981E+00  2.966E-27  3.132E-19
3.945E+00  2.956E-27  3.093E-19
3.908E+00  2.949E-27  3.058E-19
3.873E+00  2.948E-27  3.028E-19
3.837E+00  2.951E-27  3.004E-19
3.802E+00  2.961E-27  2.986E-19
3.767E+00  2.979E-27  2.977E-19
3.733E+00  3.006E-27  2.977E-19
3.698E+00  3.047E-27  2.989E-19
3.664E+00  3.104E-27  3.017E-19
3.631E+00  3.185E-27  3.067E-19
3.597E+00  3.299E-27  3.148E-19
3.565E+00  3.463E-27  3.274E-19
3.532E+00  3.704E-27  3.470E-19
3.499E+00  4.073E-27  3.781E-19
3.467E+00  4.669E-27  4.295E-19
3.436E+00  5.714E-27  5.207E-19
3.404E+00  7.776E-27  7.021E-19
3.373E+00  1.270E-26  1.136E-18
3.342E+00  2.902E-26  2.572E-18
3.311E+00  1.099E-25  9.657E-18
3.281E+00  7.507E-26  6.533E-18
3.251E+00  2.140E-26  1.846E-18
3.221E+00  1.019E-26  8.705E-19
3.192E+00  6.479E-27  5.485E-19
3.162E+00  4.840E-27  4.060E-19
3.133E+00  3.978E-27  3.306E-19
3.105E+00  3.468E-27  2.856E-19
3.076E+00  3.140E-27  2.562E-19
3.048E+00  2.915E-27  2.357E-19
3.020E+00  2.753E-27  2.205E-19
2.992E+00  2.631E-27  2.088E-19
2.965E+00  2.536E-27  1.994E-19
2.938E+00  2.460E-27  1.917E-19
2.911E+00  2.397E-27  1.850E-19
2.884E+00  2.343E-27  1.793E-19
2.858E+00  2.297E-27  1.741E-19
2.831E+00  2.257E-27  1.695E-19
2.805E+00  2.221E-27  1.653E-19
2.780E+00  2.188E-27  1.613E-19
2.754E+00  2.158E-27  1.577E-19
2.729E+00  2.130E-27  1.542E-19
2.704E+00  2.104E-27  1.509E-19
2.679E+00  2.079E-27  1.477E-19
2.655E+00  2.055E-27  1.447E-19
2.630E+00  2.033E-27  1.418E-19
2.606E+00  2.011E-27  1.390E-19
2.582E+00  1.989E-27  1.363E-19
2.559E+00  1.968E-27  1.336E-19
2.535E+00  1.948E-27  1.310E-19
2.512E+00  1.928E-27  1.285E-19
2.489E+00  1.908E-27  1.260E-19
2.466E+00  1.888E-27  1.235E-19
2.443E+00  1.869E-27  1.211E-19
2.421E+00  1.849E-27  1.188E-19
2.399E+00  1.830E-27  1.164E-19
2.377E+00  1.811E-27  1.142E-19
2.355E+00  1.792E-27  1.120E-19
2.333E+00  1.773E-27  1.098E-19
2.312E+00  1.755E-27  1.076E-19
2.291E+00  1.736E-27  1.055E-19
2.270E+00  1.717E-27  1.034E-19
2.249E+00  1.698E-27  1.013E-19
2.228E+00  1.679E-27  9.924E-20
2.208E+00  1.659E-27  9.719E-20
2.188E+00  1.640E-27  9.515E-20
2.168E+00  1.619E-27  9.310E-20
2.148E+00  1.598E-27  9.105E-20
2.128E+00  1.576E-27  8.897E-20
2.109E+00  1.553E-27  8.686E-20
2.089E+00  1.528E-27  8.470E-20
2.070E+00  1.502E-27  8.246E-20
2.051E+00  1.473E-27  8.013E-20
2.032E+00  1.441E-27  7.767E-20
2.014E+00  1.405E-27  7.504E-20
1.995E+00  1.365E-27  7.223E-20
1.977E+00  1.320E-27  6.923E-20
1.959E+00  1.272E-27  6.611E-20
1.941E+00  1.226E-27  6.313E-20
1.923E+00  1.190E-27  6.071E-20
1.905E+00  1.173E-27  5.927E-20
1.888E+00  1.177E-27  5.894E-20
1.871E+00  1.197E-27  5.939E-20
1.854E+00  1.222E-27  6.006E-20
1.837E+00  1.244E-27  6.058E-20
1.820E+00  1.260E-27  6.080E-20
1.803E+00  1.269E-27  6.071E-20
1.786E+00  1.274E-27  6.037E-20
1.770E+00  1.274E-27  5.983E-20
1.754E+00  1.272E-27  5.916E-20
1.738E+00  1.267E-27  5.840E-20
1.722E+00  1.261E-27  5.757E-20
1.706E+00  1.253E-27  5.671E-20
1.690E+00  1.245E-27  5.582E-20
1.675E+00  1.236E-27  5.492E-20
1.660E+00  1.227E-27  5.403E-20
1.644E+00  1.218E-27  5.314E-20
1.629E+00  1.209E-27  5.227E-20
1.614E+00  1.201E-27  5.142E-20
1.600E+00  1.192E-27  5.059E-20
1.585E+00  1.184E-27  4.980E-20
1.570E+00  1.177E-27  4.904E-20
1.556E+00  1.171E-27  4.832E-20
1.542E+00  1.165E-27  4.766E-20
1.528E+00  1.161E-27  4.704E-20
1.514E+00  1.158E-27  4.649E-20
1.500E+00  1.156E-27  4.601E-20
1.486E+00  1.157E-27  4.560E-20
1.472E+00  1.159E-27  4.528E-20
1.459E+00  1.164E-27  4.505E-20
1.445E+00  1.172E-27  4.495E-20
1.432E+00  1.184E-27  4.498E-20
1.419E+00  1.200E-27  4.516E-20
1.406E+00  1.221E-27  4.553E-20
1.393E+00  1.248E-27  4.612E-20
1.380E+00  1.283E-27  4.696E-20
1.368E+00  1.326E-27  4.810E-20
1.355E+00  1.379E-27  4.959E-20
1.343E+00  1.445E-27  5.145E-20
1.330E+00  1.522E-27  5.371E-20
1.318E+00  1.610E-27  5.630E-20
1.306E+00  1.704E-27  5.903E-20
1.294E+00  1.792E-27  6.152E-20
1.282E+00  1.857E-27  6.316E-20
1.271E+00  1.876E-27  6.323E-20
1.259E+00  1.834E-27  6.126E-20
1.247E+00  1.733E-27  5.735E-20
1.236E+00  1.592E-27  5.218E-20
1.225E+00  1.437E-27  4.667E-20
1.213E+00  1.290E-27  4.152E-20
1.202E+00  1.163E-27  3.710E-20
1.191E+00  1.060E-27  3.351E-20
1.180E+00  9.809E-28  3.071E-20
1.169E+00  9.222E-28  2.861E-20
1.159E+00  8.823E-28  2.712E-20
1.148E+00  8.596E-28  2.618E-20
1.138E+00  8.542E-28  2.578E-20
1.127E+00  8.677E-28  2.594E-20
1.117E+00  9.039E-28  2.678E-20
1.107E+00  9.700E-28  2.847E-20
1.096E+00  1.078E-27  3.134E-20
1.086E+00  1.244E-27  3.584E-20
1.076E+00  1.485E-27  4.241E-20
1.067E+00  1.788E-27  5.059E-20
1.057E+00  2.031E-27  5.692E-20
1.047E+00  1.990E-27  5.528E-20
1.038E+00  1.648E-27  4.535E-20
1.028E+00  1.244E-27  3.393E-20
1.019E+00  9.312E-28  2.516E-20
1.009E+00  7.193E-28  1.926E-20
1.000E+00  5.790E-28  1.536E-20
