Dust emission from Draine & Li (2007): ApJ 657, 810-837
==========================================================
         2 = grain model
 4.000E-08 4.000E-01 7.500E-06 = a_01 (cm) , sigma_1 , b_C1/0.92
 2.000E-07 5.500E-01 2.500E-06 = a_02 (cm) , sigma_2 , b_C2/0.92
 2.000E-01 1.000E+06 2.000E+00 = Umin , Umax, beta (dN/dU propto U^{-beta})
 3.085E+00 = <U> 
     mmp83 = radfield
 1.364E-23 = power/H (erg s-1)
 band   nu*P_nu(band) j_nu(band)
 (um)   (erg s-1 H-1)(Jy cm2 sr-1 H-1)
1.270E+00  1.318E-26  4.440E-19 COBE-DIRBE
2.220E+00  1.722E-26  1.014E-18 COBE-DIRBE
3.530E+00  1.286E-25  1.204E-17 COBE-DIRBE
4.880E+00  1.402E-25  1.815E-17 COBE-DIRBE
1.229E+01  1.670E-24  5.444E-16 COBE-DIRBE
2.079E+01  3.362E-24  1.854E-15 COBE-DIRBE
5.599E+01  5.523E-24  8.202E-15 COBE-DIRBE
9.770E+01  4.016E-24  1.041E-14 COBE-DIRBE
1.479E+02  2.820E-24  1.106E-14 COBE-DIRBE
2.479E+02  1.022E-24  6.722E-15 COBE-DIRBE
1.200E+01  1.602E-24  5.101E-16 IRAS
2.500E+01  4.187E-24  2.777E-15 IRAS
6.000E+01  5.381E-24  8.565E-15 IRAS
1.000E+02  3.951E-24  1.048E-14 IRAS
3.550E+00  1.477E-25  1.391E-17 SST-IRAC
4.493E+00  9.565E-26  1.140E-17 SST-IRAC
5.731E+00  5.608E-25  8.525E-17 SST-IRAC
7.872E+00  1.608E-24  3.358E-16 SST-IRAC
2.368E+01  3.948E-24  2.480E-15 SST-MIPS
7.142E+01  4.352E-24  8.245E-15 SST-MIPS
1.559E+02  2.498E-24  1.033E-14 SST-MIPS
1.600E+01  2.139E-24  9.078E-16 SST-IRSPU
2.200E+01  3.850E-24  2.247E-15 SST-IRSPU
7.500E+01  3.749E-24  7.459E-15 Herschel-PACS
1.100E+02  2.854E-24  8.328E-15 Herschel-PACS
1.700E+02  1.909E-24  8.610E-15 Herschel-PACS
2.500E+02  8.867E-25  5.880E-15 Herschel-SPIRE
3.600E+02  2.901E-25  2.770E-15 Herschel-SPIRE
5.200E+02  7.908E-26  1.091E-15 Herschel-SPIRE
2.400E+00  2.047E-26  1.303E-18 Akari IRC NIR N2
3.200E+00  9.644E-26  8.186E-18 Akari IRC NIR N3
4.100E+00  9.491E-26  1.032E-17 Akari IRC NIR N4
7.000E+00  1.649E-24  3.061E-16 Akari IRC MIR-S S7
9.000E+00  1.514E-24  3.614E-16 Akari IRC MIR-S S9W
1.100E+01  1.502E-24  4.383E-16 Akari IRC MIR-S S11
1.500E+01  2.260E-24  8.992E-16 Akari IRC MIR-L L15
1.800E+01  2.987E-24  1.426E-15 Akari IRC MIR-L L18W
2.400E+01  3.870E-24  2.463E-15 Akari IRC MIR-L L24
6.500E+01  4.940E-24  8.517E-15 Akari FIS N60
8.000E+01  4.328E-24  9.184E-15 Akari FIS WIDE-S
1.400E+02  2.825E-24  1.049E-14 Akari FIS WIDE-L
1.600E+02  2.433E-24  1.033E-14 Akari FIS N160
 
 
 
 


lambda    nu*dP/dnu     j_nu
 (um)   (erg s-1 H-1)(Jy cm2 sr-1 H-1)
1.000E+04  4.943E-31  1.311E-19
9.908E+03  5.124E-31  1.347E-19
9.817E+03  5.311E-31  1.383E-19
9.727E+03  5.505E-31  1.421E-19
9.638E+03  5.707E-31  1.459E-19
9.550E+03  5.915E-31  1.498E-19
9.462E+03  6.131E-31  1.539E-19
9.376E+03  6.356E-31  1.581E-19
9.290E+03  6.588E-31  1.623E-19
9.204E+03  6.829E-31  1.667E-19
9.120E+03  7.079E-31  1.712E-19
9.036E+03  7.337E-31  1.759E-19
8.954E+03  7.605E-31  1.806E-19
8.872E+03  7.881E-31  1.855E-19
8.790E+03  8.168E-31  1.905E-19
8.710E+03  8.465E-31  1.956E-19
8.630E+03  8.774E-31  2.008E-19
8.551E+03  9.093E-31  2.063E-19
8.472E+03  9.425E-31  2.118E-19
8.395E+03  9.769E-31  2.175E-19
8.318E+03  1.013E-30  2.234E-19
8.241E+03  1.050E-30  2.294E-19
8.166E+03  1.088E-30  2.357E-19
8.091E+03  1.128E-30  2.420E-19
8.017E+03  1.169E-30  2.486E-19
7.943E+03  1.212E-30  2.553E-19
7.870E+03  1.256E-30  2.623E-19
7.798E+03  1.302E-30  2.694E-19
7.727E+03  1.350E-30  2.767E-19
7.656E+03  1.400E-30  2.842E-19
7.586E+03  1.451E-30  2.920E-19
7.516E+03  1.504E-30  2.999E-19
7.447E+03  1.560E-30  3.081E-19
7.379E+03  1.617E-30  3.165E-19
7.311E+03  1.676E-30  3.251E-19
7.244E+03  1.738E-30  3.340E-19
7.178E+03  1.802E-30  3.431E-19
7.112E+03  1.868E-30  3.525E-19
7.047E+03  1.937E-30  3.621E-19
6.982E+03  2.009E-30  3.721E-19
6.918E+03  2.083E-30  3.822E-19
6.855E+03  2.160E-30  3.927E-19
6.792E+03  2.239E-30  4.034E-19
6.730E+03  2.322E-30  4.145E-19
6.668E+03  2.408E-30  4.259E-19
6.607E+03  2.497E-30  4.375E-19
6.546E+03  2.589E-30  4.496E-19
6.486E+03  2.685E-30  4.619E-19
6.427E+03  2.784E-30  4.746E-19
6.368E+03  2.887E-30  4.877E-19
6.310E+03  2.994E-30  5.011E-19
6.252E+03  3.105E-30  5.150E-19
6.194E+03  3.220E-30  5.292E-19
6.138E+03  3.340E-30  5.438E-19
6.081E+03  3.464E-30  5.588E-19
6.026E+03  3.593E-30  5.743E-19
5.970E+03  3.726E-30  5.902E-19
5.916E+03  3.865E-30  6.065E-19
5.861E+03  4.009E-30  6.233E-19
5.808E+03  4.158E-30  6.406E-19
5.754E+03  4.313E-30  6.584E-19
5.702E+03  4.474E-30  6.767E-19
5.649E+03  4.641E-30  6.955E-19
5.598E+03  4.814E-30  7.148E-19
5.546E+03  4.994E-30  7.347E-19
5.495E+03  5.181E-30  7.552E-19
5.445E+03  5.374E-30  7.763E-19
5.395E+03  5.575E-30  7.979E-19
5.346E+03  5.784E-30  8.202E-19
5.297E+03  6.001E-30  8.431E-19
5.248E+03  6.226E-30  8.667E-19
5.200E+03  6.459E-30  8.909E-19
5.152E+03  6.701E-30  9.158E-19
5.105E+03  6.952E-30  9.415E-19
5.058E+03  7.213E-30  9.678E-19
5.012E+03  7.484E-30  9.950E-19
4.966E+03  7.765E-30  1.023E-18
4.920E+03  8.057E-30  1.052E-18
4.875E+03  8.360E-30  1.081E-18
4.831E+03  8.674E-30  1.111E-18
4.786E+03  9.000E-30  1.143E-18
4.742E+03  9.339E-30  1.175E-18
4.699E+03  9.691E-30  1.208E-18
4.656E+03  1.006E-29  1.242E-18
4.613E+03  1.044E-29  1.277E-18
4.571E+03  1.083E-29  1.313E-18
4.529E+03  1.124E-29  1.350E-18
4.487E+03  1.166E-29  1.388E-18
4.446E+03  1.210E-29  1.428E-18
4.406E+03  1.256E-29  1.468E-18
4.365E+03  1.304E-29  1.510E-18
4.325E+03  1.353E-29  1.552E-18
4.285E+03  1.404E-29  1.596E-18
4.246E+03  1.458E-29  1.642E-18
4.207E+03  1.513E-29  1.688E-18
4.169E+03  1.570E-29  1.736E-18
4.130E+03  1.630E-29  1.786E-18
4.093E+03  1.692E-29  1.837E-18
4.055E+03  1.756E-29  1.889E-18
4.018E+03  1.823E-29  1.943E-18
3.981E+03  1.892E-29  1.998E-18
3.945E+03  1.964E-29  2.055E-18
3.908E+03  2.039E-29  2.113E-18
3.873E+03  2.116E-29  2.174E-18
3.837E+03  2.197E-29  2.236E-18
3.802E+03  2.280E-29  2.300E-18
3.767E+03  2.367E-29  2.365E-18
3.733E+03  2.458E-29  2.433E-18
3.698E+03  2.551E-29  2.503E-18
3.664E+03  2.649E-29  2.575E-18
3.631E+03  2.750E-29  2.648E-18
3.597E+03  2.855E-29  2.725E-18
3.565E+03  2.964E-29  2.803E-18
3.532E+03  3.078E-29  2.883E-18
3.499E+03  3.196E-29  2.966E-18
3.467E+03  3.318E-29  3.052E-18
3.436E+03  3.445E-29  3.140E-18
3.404E+03  3.578E-29  3.230E-18
3.373E+03  3.715E-29  3.324E-18
3.342E+03  3.858E-29  3.420E-18
3.311E+03  4.006E-29  3.519E-18
3.281E+03  4.160E-29  3.620E-18
3.251E+03  4.320E-29  3.725E-18
3.221E+03  4.486E-29  3.833E-18
3.192E+03  4.659E-29  3.944E-18
3.162E+03  4.839E-29  4.059E-18
3.133E+03  5.025E-29  4.177E-18
3.105E+03  5.219E-29  4.298E-18
3.076E+03  5.421E-29  4.423E-18
3.048E+03  5.630E-29  4.552E-18
3.020E+03  5.848E-29  4.684E-18
2.992E+03  6.073E-29  4.821E-18
2.965E+03  6.308E-29  4.961E-18
2.938E+03  6.551E-29  5.105E-18
2.911E+03  6.804E-29  5.253E-18
2.884E+03  7.066E-29  5.406E-18
2.858E+03  7.339E-29  5.563E-18
2.831E+03  7.623E-29  5.725E-18
2.805E+03  7.918E-29  5.892E-18
2.780E+03  8.225E-29  6.064E-18
2.754E+03  8.543E-29  6.241E-18
2.729E+03  8.874E-29  6.424E-18
2.704E+03  9.218E-29  6.612E-18
2.679E+03  9.576E-29  6.805E-18
2.655E+03  9.947E-29  7.005E-18
2.630E+03  1.033E-28  7.210E-18
2.606E+03  1.074E-28  7.421E-18
2.582E+03  1.115E-28  7.639E-18
2.559E+03  1.159E-28  7.863E-18
2.535E+03  1.204E-28  8.094E-18
2.512E+03  1.251E-28  8.332E-18
2.489E+03  1.299E-28  8.577E-18
2.466E+03  1.350E-28  8.830E-18
2.443E+03  1.402E-28  9.090E-18
2.421E+03  1.457E-28  9.358E-18
2.399E+03  1.514E-28  9.633E-18
2.377E+03  1.573E-28  9.918E-18
2.355E+03  1.634E-28  1.021E-17
2.333E+03  1.698E-28  1.051E-17
2.312E+03  1.765E-28  1.082E-17
2.291E+03  1.834E-28  1.114E-17
2.270E+03  1.905E-28  1.147E-17
2.249E+03  1.980E-28  1.181E-17
2.228E+03  2.057E-28  1.216E-17
2.208E+03  2.138E-28  1.252E-17
2.188E+03  2.221E-28  1.289E-17
2.168E+03  2.308E-28  1.327E-17
2.148E+03  2.399E-28  1.367E-17
2.128E+03  2.493E-28  1.407E-17
2.109E+03  2.590E-28  1.449E-17
2.089E+03  2.692E-28  1.492E-17
2.070E+03  2.797E-28  1.536E-17
2.051E+03  2.907E-28  1.582E-17
2.032E+03  3.021E-28  1.629E-17
2.014E+03  3.140E-28  1.677E-17
1.995E+03  3.263E-28  1.727E-17
1.977E+03  3.391E-28  1.778E-17
1.959E+03  3.524E-28  1.831E-17
1.941E+03  3.662E-28  1.885E-17
1.923E+03  3.806E-28  1.941E-17
1.905E+03  3.955E-28  1.999E-17
1.888E+03  4.110E-28  2.058E-17
1.871E+03  4.272E-28  2.120E-17
1.854E+03  4.439E-28  2.183E-17
1.837E+03  4.614E-28  2.248E-17
1.820E+03  4.795E-28  2.314E-17
1.803E+03  4.983E-28  2.383E-17
1.786E+03  5.179E-28  2.454E-17
1.770E+03  5.383E-28  2.527E-17
1.754E+03  5.594E-28  2.603E-17
1.738E+03  5.814E-28  2.680E-17
1.722E+03  6.043E-28  2.760E-17
1.706E+03  6.280E-28  2.842E-17
1.690E+03  6.527E-28  2.927E-17
1.675E+03  6.783E-28  3.014E-17
1.660E+03  7.050E-28  3.104E-17
1.644E+03  7.327E-28  3.196E-17
1.629E+03  7.615E-28  3.291E-17
1.614E+03  7.914E-28  3.389E-17
1.600E+03  8.225E-28  3.490E-17
1.585E+03  8.548E-28  3.594E-17
1.570E+03  8.884E-28  3.701E-17
1.556E+03  9.233E-28  3.811E-17
1.542E+03  9.595E-28  3.924E-17
1.528E+03  9.972E-28  4.041E-17
1.514E+03  1.036E-27  4.161E-17
1.500E+03  1.077E-27  4.285E-17
1.486E+03  1.119E-27  4.412E-17
1.472E+03  1.163E-27  4.543E-17
1.459E+03  1.209E-27  4.678E-17
1.445E+03  1.256E-27  4.817E-17
1.432E+03  1.306E-27  4.961E-17
1.419E+03  1.357E-27  5.108E-17
1.406E+03  1.410E-27  5.260E-17
1.393E+03  1.466E-27  5.416E-17
1.380E+03  1.523E-27  5.577E-17
1.368E+03  1.583E-27  5.742E-17
1.355E+03  1.645E-27  5.912E-17
1.343E+03  1.709E-27  6.088E-17
1.330E+03  1.776E-27  6.268E-17
1.318E+03  1.846E-27  6.454E-17
1.306E+03  1.918E-27  6.645E-17
1.294E+03  1.993E-27  6.842E-17
1.282E+03  2.071E-27  7.044E-17
1.271E+03  2.152E-27  7.252E-17
1.259E+03  2.236E-27  7.467E-17
1.247E+03  2.323E-27  7.687E-17
1.236E+03  2.414E-27  7.914E-17
1.225E+03  2.508E-27  8.147E-17
1.213E+03  2.606E-27  8.387E-17
1.202E+03  2.707E-27  8.634E-17
1.191E+03  2.813E-27  8.889E-17
1.180E+03  2.922E-27  9.150E-17
1.169E+03  3.036E-27  9.419E-17
1.159E+03  3.154E-27  9.695E-17
1.148E+03  3.277E-27  9.980E-17
1.138E+03  3.404E-27  1.027E-16
1.127E+03  3.536E-27  1.057E-16
1.117E+03  3.673E-27  1.088E-16
1.107E+03  3.816E-27  1.120E-16
1.096E+03  3.964E-27  1.153E-16
1.086E+03  4.117E-27  1.186E-16
1.076E+03  4.276E-27  1.221E-16
1.067E+03  4.441E-27  1.257E-16
1.057E+03  4.613E-27  1.293E-16
1.047E+03  4.791E-27  1.331E-16
1.038E+03  4.976E-27  1.369E-16
1.028E+03  5.167E-27  1.409E-16
1.019E+03  5.366E-27  1.450E-16
1.009E+03  5.572E-27  1.492E-16
1.000E+03  5.786E-27  1.535E-16
9.908E+02  6.009E-27  1.579E-16
9.817E+02  6.239E-27  1.625E-16
9.727E+02  6.479E-27  1.672E-16
9.638E+02  6.727E-27  1.720E-16
9.550E+02  6.985E-27  1.769E-16
9.462E+02  7.252E-27  1.820E-16
9.376E+02  7.529E-27  1.872E-16
9.290E+02  7.816E-27  1.926E-16
9.204E+02  8.115E-27  1.981E-16
9.120E+02  8.424E-27  2.038E-16
9.036E+02  8.744E-27  2.096E-16
8.954E+02  9.076E-27  2.156E-16
8.872E+02  9.421E-27  2.217E-16
8.790E+02  9.777E-27  2.280E-16
8.710E+02  1.015E-26  2.344E-16
8.630E+02  1.053E-26  2.411E-16
8.551E+02  1.093E-26  2.479E-16
8.472E+02  1.134E-26  2.548E-16
8.395E+02  1.177E-26  2.620E-16
8.318E+02  1.221E-26  2.694E-16
8.241E+02  1.267E-26  2.769E-16
8.166E+02  1.314E-26  2.846E-16
8.091E+02  1.363E-26  2.926E-16
8.017E+02  1.414E-26  3.007E-16
7.943E+02  1.467E-26  3.091E-16
7.870E+02  1.522E-26  3.177E-16
7.798E+02  1.578E-26  3.265E-16
7.727E+02  1.637E-26  3.355E-16
7.656E+02  1.697E-26  3.447E-16
7.586E+02  1.760E-26  3.542E-16
7.516E+02  1.825E-26  3.639E-16
7.447E+02  1.893E-26  3.740E-16
7.379E+02  1.963E-26  3.842E-16
7.311E+02  2.035E-26  3.948E-16
7.244E+02  2.111E-26  4.056E-16
7.178E+02  2.188E-26  4.167E-16
7.112E+02  2.269E-26  4.280E-16
7.047E+02  2.352E-26  4.397E-16
6.982E+02  2.439E-26  4.517E-16
6.918E+02  2.528E-26  4.640E-16
6.855E+02  2.621E-26  4.766E-16
6.792E+02  2.717E-26  4.895E-16
6.730E+02  2.816E-26  5.027E-16
6.668E+02  2.918E-26  5.162E-16
6.607E+02  3.025E-26  5.301E-16
6.546E+02  3.135E-26  5.444E-16
6.486E+02  3.249E-26  5.590E-16
6.427E+02  3.367E-26  5.741E-16
6.368E+02  3.490E-26  5.895E-16
6.310E+02  3.617E-26  6.053E-16
6.252E+02  3.748E-26  6.216E-16
6.194E+02  3.884E-26  6.382E-16
6.138E+02  4.025E-26  6.552E-16
6.081E+02  4.170E-26  6.727E-16
6.026E+02  4.321E-26  6.906E-16
5.970E+02  4.477E-26  7.090E-16
5.916E+02  4.638E-26  7.278E-16
5.861E+02  4.805E-26  7.471E-16
5.808E+02  4.978E-26  7.668E-16
5.754E+02  5.156E-26  7.871E-16
5.702E+02  5.341E-26  8.078E-16
5.649E+02  5.532E-26  8.291E-16
5.598E+02  5.730E-26  8.508E-16
5.546E+02  5.935E-26  8.731E-16
5.495E+02  6.147E-26  8.960E-16
5.445E+02  6.366E-26  9.194E-16
5.395E+02  6.592E-26  9.434E-16
5.346E+02  6.826E-26  9.679E-16
5.297E+02  7.068E-26  9.930E-16
5.248E+02  7.318E-26  1.019E-15
5.200E+02  7.577E-26  1.045E-15
5.152E+02  7.844E-26  1.072E-15
5.105E+02  8.121E-26  1.100E-15
5.058E+02  8.406E-26  1.128E-15
5.012E+02  8.701E-26  1.157E-15
4.966E+02  9.006E-26  1.186E-15
4.920E+02  9.321E-26  1.217E-15
4.875E+02  9.647E-26  1.248E-15
4.831E+02  9.983E-26  1.279E-15
4.786E+02  1.033E-25  1.312E-15
4.742E+02  1.069E-25  1.345E-15
4.699E+02  1.106E-25  1.378E-15
4.656E+02  1.144E-25  1.413E-15
4.613E+02  1.184E-25  1.448E-15
4.571E+02  1.224E-25  1.485E-15
4.529E+02  1.267E-25  1.522E-15
4.487E+02  1.310E-25  1.559E-15
4.446E+02  1.355E-25  1.598E-15
4.406E+02  1.401E-25  1.637E-15
4.365E+02  1.449E-25  1.677E-15
4.325E+02  1.498E-25  1.718E-15
4.285E+02  1.549E-25  1.760E-15
4.246E+02  1.601E-25  1.803E-15
4.207E+02  1.655E-25  1.847E-15
4.169E+02  1.711E-25  1.892E-15
4.130E+02  1.768E-25  1.937E-15
4.093E+02  1.827E-25  1.984E-15
4.055E+02  1.888E-25  2.031E-15
4.018E+02  1.951E-25  2.080E-15
3.981E+02  2.016E-25  2.129E-15
3.945E+02  2.083E-25  2.179E-15
3.908E+02  2.152E-25  2.231E-15
3.873E+02  2.223E-25  2.283E-15
3.837E+02  2.296E-25  2.337E-15
3.802E+02  2.371E-25  2.391E-15
3.767E+02  2.449E-25  2.447E-15
3.733E+02  2.529E-25  2.504E-15
3.698E+02  2.611E-25  2.561E-15
3.664E+02  2.695E-25  2.620E-15
3.631E+02  2.783E-25  2.680E-15
3.597E+02  2.872E-25  2.741E-15
3.565E+02  2.964E-25  2.803E-15
3.532E+02  3.059E-25  2.866E-15
3.499E+02  3.157E-25  2.930E-15
3.467E+02  3.257E-25  2.996E-15
3.436E+02  3.360E-25  3.062E-15
3.404E+02  3.466E-25  3.130E-15
3.373E+02  3.575E-25  3.199E-15
3.342E+02  3.687E-25  3.269E-15
3.311E+02  3.802E-25  3.340E-15
3.281E+02  3.920E-25  3.412E-15
3.251E+02  4.042E-25  3.485E-15
3.221E+02  4.166E-25  3.560E-15
3.192E+02  4.294E-25  3.636E-15
3.162E+02  4.426E-25  3.712E-15
3.133E+02  4.561E-25  3.790E-15
3.105E+02  4.699E-25  3.870E-15
3.076E+02  4.841E-25  3.950E-15
3.048E+02  4.987E-25  4.032E-15
3.020E+02  5.136E-25  4.114E-15
2.992E+02  5.289E-25  4.198E-15
2.965E+02  5.446E-25  4.283E-15
2.938E+02  5.607E-25  4.369E-15
2.911E+02  5.772E-25  4.456E-15
2.884E+02  5.941E-25  4.545E-15
2.858E+02  6.114E-25  4.634E-15
2.831E+02  6.291E-25  4.725E-15
2.805E+02  6.473E-25  4.817E-15
2.780E+02  6.658E-25  4.909E-15
2.754E+02  6.849E-25  5.003E-15
2.729E+02  7.044E-25  5.099E-15
2.704E+02  7.244E-25  5.195E-15
2.679E+02  7.448E-25  5.293E-15
2.655E+02  7.658E-25  5.392E-15
2.630E+02  7.872E-25  5.492E-15
2.606E+02  8.091E-25  5.593E-15
2.582E+02  8.314E-25  5.695E-15
2.559E+02  8.542E-25  5.797E-15
2.535E+02  8.773E-25  5.900E-15
2.512E+02  9.009E-25  6.002E-15
2.489E+02  9.245E-25  6.103E-15
2.466E+02  9.481E-25  6.202E-15
2.443E+02  9.721E-25  6.300E-15
2.421E+02  9.963E-25  6.398E-15
2.399E+02  1.021E-24  6.496E-15
2.377E+02  1.045E-24  6.591E-15
2.355E+02  1.070E-24  6.686E-15
2.333E+02  1.096E-24  6.781E-15
2.312E+02  1.121E-24  6.877E-15
2.291E+02  1.147E-24  6.972E-15
2.270E+02  1.174E-24  7.068E-15
2.249E+02  1.201E-24  7.164E-15
2.228E+02  1.228E-24  7.259E-15
2.208E+02  1.256E-24  7.355E-15
2.188E+02  1.284E-24  7.451E-15
2.168E+02  1.312E-24  7.547E-15
2.148E+02  1.341E-24  7.642E-15
2.128E+02  1.371E-24  7.737E-15
2.109E+02  1.400E-24  7.832E-15
2.089E+02  1.430E-24  7.926E-15
2.070E+02  1.461E-24  8.021E-15
2.051E+02  1.491E-24  8.114E-15
2.032E+02  1.523E-24  8.208E-15
2.014E+02  1.554E-24  8.301E-15
1.995E+02  1.586E-24  8.394E-15
1.977E+02  1.618E-24  8.486E-15
1.959E+02  1.651E-24  8.577E-15
1.941E+02  1.684E-24  8.668E-15
1.923E+02  1.717E-24  8.758E-15
1.905E+02  1.751E-24  8.848E-15
1.888E+02  1.785E-24  8.938E-15
1.871E+02  1.819E-24  9.026E-15
1.854E+02  1.854E-24  9.114E-15
1.837E+02  1.889E-24  9.202E-15
1.820E+02  1.924E-24  9.289E-15
1.803E+02  1.960E-24  9.375E-15
1.786E+02  1.996E-24  9.461E-15
1.770E+02  2.033E-24  9.546E-15
1.754E+02  2.070E-24  9.630E-15
1.738E+02  2.107E-24  9.714E-15
1.722E+02  2.145E-24  9.798E-15
1.706E+02  2.183E-24  9.881E-15
1.690E+02  2.222E-24  9.963E-15
1.675E+02  2.261E-24  1.005E-14
1.660E+02  2.300E-24  1.013E-14
1.644E+02  2.341E-24  1.021E-14
1.629E+02  2.381E-24  1.029E-14
1.614E+02  2.422E-24  1.037E-14
1.600E+02  2.464E-24  1.045E-14
1.585E+02  2.506E-24  1.054E-14
1.570E+02  2.549E-24  1.062E-14
1.556E+02  2.593E-24  1.070E-14
1.542E+02  2.637E-24  1.078E-14
1.528E+02  2.682E-24  1.087E-14
1.514E+02  2.727E-24  1.095E-14
1.500E+02  2.774E-24  1.103E-14
1.486E+02  2.820E-24  1.112E-14
1.472E+02  2.867E-24  1.120E-14
1.459E+02  2.914E-24  1.128E-14
1.445E+02  2.960E-24  1.135E-14
1.432E+02  3.005E-24  1.142E-14
1.419E+02  3.048E-24  1.147E-14
1.406E+02  3.087E-24  1.151E-14
1.393E+02  3.122E-24  1.154E-14
1.380E+02  3.153E-24  1.154E-14
1.368E+02  3.179E-24  1.153E-14
1.355E+02  3.202E-24  1.151E-14
1.343E+02  3.222E-24  1.148E-14
1.330E+02  3.241E-24  1.144E-14
1.318E+02  3.259E-24  1.140E-14
1.306E+02  3.277E-24  1.135E-14
1.294E+02  3.295E-24  1.131E-14
1.282E+02  3.313E-24  1.127E-14
1.271E+02  3.332E-24  1.123E-14
1.259E+02  3.352E-24  1.119E-14
1.247E+02  3.373E-24  1.116E-14
1.236E+02  3.394E-24  1.113E-14
1.225E+02  3.415E-24  1.109E-14
1.213E+02  3.438E-24  1.107E-14
1.202E+02  3.461E-24  1.104E-14
1.191E+02  3.484E-24  1.101E-14
1.180E+02  3.507E-24  1.098E-14
1.169E+02  3.531E-24  1.095E-14
1.159E+02  3.555E-24  1.093E-14
1.148E+02  3.579E-24  1.090E-14
1.138E+02  3.603E-24  1.087E-14
1.127E+02  3.628E-24  1.085E-14
1.117E+02  3.653E-24  1.082E-14
1.107E+02  3.678E-24  1.080E-14
1.096E+02  3.703E-24  1.077E-14
1.086E+02  3.728E-24  1.074E-14
1.076E+02  3.753E-24  1.072E-14
1.067E+02  3.778E-24  1.069E-14
1.057E+02  3.803E-24  1.066E-14
1.047E+02  3.828E-24  1.063E-14
1.038E+02  3.853E-24  1.061E-14
1.028E+02  3.878E-24  1.058E-14
1.019E+02  3.903E-24  1.054E-14
1.009E+02  3.927E-24  1.051E-14
1.000E+02  3.952E-24  1.048E-14
9.908E+01  3.976E-24  1.045E-14
9.817E+01  3.999E-24  1.042E-14
9.727E+01  4.023E-24  1.038E-14
9.638E+01  4.046E-24  1.035E-14
9.550E+01  4.070E-24  1.031E-14
9.462E+01  4.092E-24  1.027E-14
9.376E+01  4.115E-24  1.023E-14
9.290E+01  4.137E-24  1.019E-14
9.204E+01  4.159E-24  1.016E-14
9.120E+01  4.181E-24  1.011E-14
9.036E+01  4.203E-24  1.007E-14
8.954E+01  4.224E-24  1.003E-14
8.872E+01  4.245E-24  9.990E-15
8.790E+01  4.266E-24  9.948E-15
8.710E+01  4.288E-24  9.905E-15
8.630E+01  4.309E-24  9.863E-15
8.551E+01  4.329E-24  9.820E-15
8.472E+01  4.350E-24  9.775E-15
8.395E+01  4.370E-24  9.732E-15
8.318E+01  4.391E-24  9.687E-15
8.241E+01  4.411E-24  9.643E-15
8.166E+01  4.431E-24  9.599E-15
8.091E+01  4.452E-24  9.554E-15
8.017E+01  4.472E-24  9.509E-15
7.943E+01  4.492E-24  9.464E-15
7.870E+01  4.512E-24  9.419E-15
7.798E+01  4.531E-24  9.373E-15
7.727E+01  4.551E-24  9.328E-15
7.656E+01  4.571E-24  9.282E-15
7.586E+01  4.590E-24  9.237E-15
7.516E+01  4.610E-24  9.191E-15
7.447E+01  4.630E-24  9.145E-15
7.379E+01  4.649E-24  9.099E-15
7.311E+01  4.668E-24  9.054E-15
7.244E+01  4.687E-24  9.008E-15
7.178E+01  4.707E-24  8.962E-15
7.112E+01  4.726E-24  8.916E-15
7.047E+01  4.746E-24  8.872E-15
6.982E+01  4.767E-24  8.828E-15
6.918E+01  4.787E-24  8.784E-15
6.855E+01  4.807E-24  8.741E-15
6.792E+01  4.827E-24  8.697E-15
6.730E+01  4.848E-24  8.654E-15
6.668E+01  4.868E-24  8.611E-15
6.607E+01  4.890E-24  8.569E-15
6.546E+01  4.911E-24  8.528E-15
6.486E+01  4.932E-24  8.487E-15
6.427E+01  4.954E-24  8.446E-15
6.368E+01  4.976E-24  8.406E-15
6.310E+01  4.999E-24  8.367E-15
6.252E+01  5.022E-24  8.329E-15
6.194E+01  5.046E-24  8.291E-15
6.138E+01  5.070E-24  8.255E-15
6.081E+01  5.095E-24  8.219E-15
6.026E+01  5.120E-24  8.183E-15
5.970E+01  5.145E-24  8.149E-15
5.916E+01  5.172E-24  8.115E-15
5.861E+01  5.198E-24  8.082E-15
5.808E+01  5.225E-24  8.050E-15
5.754E+01  5.253E-24  8.018E-15
5.702E+01  5.282E-24  7.988E-15
5.649E+01  5.311E-24  7.958E-15
5.598E+01  5.341E-24  7.930E-15
5.546E+01  5.372E-24  7.903E-15
5.495E+01  5.404E-24  7.878E-15
5.445E+01  5.437E-24  7.853E-15
5.395E+01  5.471E-24  7.829E-15
5.346E+01  5.506E-24  7.807E-15
5.297E+01  5.541E-24  7.785E-15
5.248E+01  5.578E-24  7.765E-15
5.200E+01  5.616E-24  7.746E-15
5.152E+01  5.655E-24  7.729E-15
5.105E+01  5.695E-24  7.712E-15
5.058E+01  5.736E-24  7.696E-15
5.012E+01  5.778E-24  7.682E-15
4.966E+01  5.822E-24  7.669E-15
4.920E+01  5.867E-24  7.657E-15
4.875E+01  5.913E-24  7.647E-15
4.831E+01  5.960E-24  7.637E-15
4.786E+01  6.010E-24  7.630E-15
4.742E+01  6.060E-24  7.623E-15
4.699E+01  6.112E-24  7.618E-15
4.656E+01  6.166E-24  7.614E-15
4.613E+01  6.221E-24  7.612E-15
4.571E+01  6.277E-24  7.611E-15
4.529E+01  6.335E-24  7.611E-15
4.487E+01  6.395E-24  7.612E-15
4.446E+01  6.456E-24  7.615E-15
4.406E+01  6.519E-24  7.618E-15
4.365E+01  6.583E-24  7.623E-15
4.325E+01  6.649E-24  7.628E-15
4.285E+01  6.715E-24  7.633E-15
4.246E+01  6.783E-24  7.640E-15
4.207E+01  6.851E-24  7.646E-15
4.169E+01  6.921E-24  7.653E-15
4.130E+01  6.991E-24  7.660E-15
4.093E+01  7.062E-24  7.666E-15
4.055E+01  7.132E-24  7.672E-15
4.018E+01  7.203E-24  7.677E-15
3.981E+01  7.273E-24  7.681E-15
3.945E+01  7.343E-24  7.683E-15
3.908E+01  7.412E-24  7.684E-15
3.873E+01  7.479E-24  7.683E-15
3.837E+01  7.545E-24  7.679E-15
3.802E+01  7.608E-24  7.672E-15
3.767E+01  7.668E-24  7.662E-15
3.733E+01  7.724E-24  7.647E-15
3.698E+01  7.776E-24  7.628E-15
3.664E+01  7.824E-24  7.605E-15
3.631E+01  7.867E-24  7.576E-15
3.597E+01  7.904E-24  7.542E-15
3.565E+01  7.935E-24  7.503E-15
3.532E+01  7.960E-24  7.457E-15
3.499E+01  7.977E-24  7.405E-15
3.467E+01  7.986E-24  7.345E-15
3.436E+01  7.987E-24  7.279E-15
3.404E+01  7.980E-24  7.205E-15
3.373E+01  7.963E-24  7.124E-15
3.342E+01  7.937E-24  7.036E-15
3.311E+01  7.902E-24  6.941E-15
3.281E+01  7.857E-24  6.838E-15
3.251E+01  7.803E-24  6.729E-15
3.221E+01  7.740E-24  6.613E-15
3.192E+01  7.667E-24  6.491E-15
3.162E+01  7.586E-24  6.363E-15
3.133E+01  7.496E-24  6.230E-15
3.105E+01  7.398E-24  6.092E-15
3.076E+01  7.293E-24  5.951E-15
3.048E+01  7.182E-24  5.807E-15
3.020E+01  7.066E-24  5.660E-15
2.992E+01  6.944E-24  5.511E-15
2.965E+01  6.817E-24  5.361E-15
2.938E+01  6.687E-24  5.211E-15
2.911E+01  6.555E-24  5.061E-15
2.884E+01  6.421E-24  4.912E-15
2.858E+01  6.286E-24  4.765E-15
2.831E+01  6.150E-24  4.619E-15
2.805E+01  6.015E-24  4.476E-15
2.780E+01  5.881E-24  4.336E-15
2.754E+01  5.749E-24  4.200E-15
2.729E+01  5.618E-24  4.067E-15
2.704E+01  5.490E-24  3.937E-15
2.679E+01  5.364E-24  3.812E-15
2.655E+01  5.242E-24  3.691E-15
2.630E+01  5.123E-24  3.574E-15
2.606E+01  5.007E-24  3.461E-15
2.582E+01  4.895E-24  3.353E-15
2.559E+01  4.786E-24  3.248E-15
2.535E+01  4.681E-24  3.148E-15
2.512E+01  4.580E-24  3.052E-15
2.489E+01  4.483E-24  2.960E-15
2.466E+01  4.389E-24  2.871E-15
2.443E+01  4.299E-24  2.786E-15
2.421E+01  4.212E-24  2.705E-15
2.399E+01  4.127E-24  2.626E-15
2.377E+01  4.047E-24  2.551E-15
2.355E+01  3.971E-24  2.481E-15
2.333E+01  3.897E-24  2.412E-15
2.312E+01  3.825E-24  2.346E-15
2.291E+01  3.757E-24  2.283E-15
2.270E+01  3.693E-24  2.224E-15
2.249E+01  3.635E-24  2.168E-15
2.228E+01  3.580E-24  2.116E-15
2.208E+01  3.527E-24  2.065E-15
2.188E+01  3.473E-24  2.016E-15
2.168E+01  3.421E-24  1.967E-15
2.148E+01  3.371E-24  1.920E-15
2.128E+01  3.324E-24  1.877E-15
2.109E+01  3.282E-24  1.836E-15
2.089E+01  3.240E-24  1.796E-15
2.070E+01  3.200E-24  1.757E-15
2.051E+01  3.160E-24  1.719E-15
2.032E+01  3.123E-24  1.684E-15
2.014E+01  3.093E-24  1.652E-15
1.995E+01  3.065E-24  1.622E-15
1.977E+01  3.036E-24  1.592E-15
1.959E+01  3.007E-24  1.562E-15
1.941E+01  2.978E-24  1.533E-15
1.923E+01  2.952E-24  1.506E-15
1.905E+01  2.940E-24  1.486E-15
1.888E+01  2.920E-24  1.463E-15
1.871E+01  2.851E-24  1.415E-15
1.854E+01  2.800E-24  1.377E-15
1.837E+01  2.757E-24  1.343E-15
1.820E+01  2.721E-24  1.313E-15
1.803E+01  2.696E-24  1.289E-15
1.786E+01  2.688E-24  1.274E-15
1.770E+01  2.644E-24  1.241E-15
1.754E+01  2.634E-24  1.225E-15
1.738E+01  2.683E-24  1.237E-15
1.722E+01  2.619E-24  1.196E-15
1.706E+01  2.573E-24  1.164E-15
1.690E+01  2.502E-24  1.122E-15
1.675E+01  2.416E-24  1.074E-15
1.660E+01  2.379E-24  1.047E-15
1.644E+01  2.455E-24  1.071E-15
1.629E+01  2.194E-24  9.482E-16
1.614E+01  2.061E-24  8.826E-16
1.600E+01  1.987E-24  8.431E-16
1.585E+01  1.926E-24  8.096E-16
1.570E+01  1.864E-24  7.763E-16
1.556E+01  1.811E-24  7.476E-16
1.542E+01  1.765E-24  7.220E-16
1.528E+01  1.724E-24  6.985E-16
1.514E+01  1.686E-24  6.769E-16
1.500E+01  1.652E-24  6.571E-16
1.486E+01  1.621E-24  6.388E-16
1.472E+01  1.594E-24  6.225E-16
1.459E+01  1.573E-24  6.087E-16
1.445E+01  1.564E-24  5.998E-16
1.432E+01  1.579E-24  5.998E-16
1.419E+01  1.601E-24  6.027E-16
1.406E+01  1.564E-24  5.832E-16
1.393E+01  1.542E-24  5.697E-16
1.380E+01  1.558E-24  5.703E-16
1.368E+01  1.609E-24  5.839E-16
1.355E+01  1.679E-24  6.035E-16
1.343E+01  1.694E-24  6.034E-16
1.330E+01  1.649E-24  5.819E-16
1.318E+01  1.625E-24  5.681E-16
1.306E+01  1.653E-24  5.728E-16
1.294E+01  1.747E-24  5.999E-16
1.282E+01  1.925E-24  6.547E-16
1.271E+01  2.150E-24  7.247E-16
1.259E+01  2.221E-24  7.418E-16
1.247E+01  2.055E-24  6.799E-16
1.236E+01  1.883E-24  6.173E-16
1.225E+01  1.820E-24  5.911E-16
1.213E+01  1.855E-24  5.971E-16
1.202E+01  1.910E-24  6.092E-16
1.191E+01  1.869E-24  5.905E-16
1.180E+01  1.774E-24  5.553E-16
1.169E+01  1.745E-24  5.414E-16
1.159E+01  1.855E-24  5.702E-16
1.148E+01  2.240E-24  6.821E-16
1.138E+01  2.733E-24  8.247E-16
1.127E+01  3.323E-24  9.936E-16
1.117E+01  2.594E-24  7.684E-16
1.107E+01  1.752E-24  5.144E-16
1.096E+01  1.469E-24  4.272E-16
1.086E+01  1.335E-24  3.846E-16
1.076E+01  1.262E-24  3.602E-16
1.067E+01  1.216E-24  3.442E-16
1.057E+01  1.177E-24  3.300E-16
1.047E+01  1.149E-24  3.191E-16
1.038E+01  1.126E-24  3.099E-16
1.028E+01  1.106E-24  3.015E-16
1.019E+01  1.087E-24  2.937E-16
1.009E+01  1.070E-24  2.864E-16
1.000E+01  1.055E-24  2.798E-16
9.908E+00  1.042E-24  2.739E-16
9.817E+00  1.032E-24  2.687E-16
9.727E+00  1.023E-24  2.641E-16
9.638E+00  1.017E-24  2.600E-16
9.550E+00  1.011E-24  2.562E-16
9.462E+00  1.007E-24  2.527E-16
9.376E+00  1.004E-24  2.497E-16
9.290E+00  1.004E-24  2.473E-16
9.204E+00  1.008E-24  2.462E-16
9.120E+00  1.021E-24  2.470E-16
9.036E+00  1.048E-24  2.511E-16
8.954E+00  1.098E-24  2.607E-16
8.872E+00  1.188E-24  2.795E-16
8.790E+00  1.347E-24  3.140E-16
8.710E+00  1.597E-24  3.689E-16
8.630E+00  1.828E-24  4.185E-16
8.551E+00  1.783E-24  4.044E-16
8.472E+00  1.601E-24  3.598E-16
8.395E+00  1.505E-24  3.350E-16
8.318E+00  1.491E-24  3.290E-16
8.241E+00  1.529E-24  3.343E-16
8.166E+00  1.637E-24  3.547E-16
8.091E+00  1.849E-24  3.969E-16
8.017E+00  2.190E-24  4.656E-16
7.943E+00  2.634E-24  5.549E-16
7.870E+00  3.014E-24  6.293E-16
7.798E+00  3.134E-24  6.483E-16
7.727E+00  3.127E-24  6.410E-16
7.656E+00  3.189E-24  6.477E-16
7.586E+00  3.090E-24  6.218E-16
7.516E+00  2.633E-24  5.249E-16
7.447E+00  2.128E-24  4.203E-16
7.379E+00  1.757E-24  3.439E-16
7.311E+00  1.498E-24  2.905E-16
7.244E+00  1.308E-24  2.513E-16
7.178E+00  1.161E-24  2.210E-16
7.112E+00  1.047E-24  1.975E-16
7.047E+00  9.601E-25  1.795E-16
6.982E+00  8.984E-25  1.664E-16
6.918E+00  8.600E-25  1.578E-16
6.855E+00  8.426E-25  1.532E-16
6.792E+00  8.397E-25  1.513E-16
6.730E+00  8.371E-25  1.494E-16
6.668E+00  8.187E-25  1.448E-16
6.607E+00  7.846E-25  1.375E-16
6.546E+00  7.553E-25  1.312E-16
6.486E+00  7.557E-25  1.300E-16
6.427E+00  8.136E-25  1.387E-16
6.368E+00  9.803E-25  1.656E-16
6.310E+00  1.361E-24  2.278E-16
6.252E+00  1.984E-24  3.291E-16
6.194E+00  1.989E-24  3.268E-16
6.138E+00  1.303E-24  2.121E-16
6.081E+00  8.458E-25  1.364E-16
6.026E+00  6.188E-25  9.891E-17
5.970E+00  5.010E-25  7.934E-17
5.916E+00  4.365E-25  6.850E-17
5.861E+00  4.043E-25  6.286E-17
5.808E+00  3.993E-25  6.152E-17
5.754E+00  4.211E-25  6.427E-17
5.702E+00  4.342E-25  6.567E-17
5.649E+00  3.833E-25  5.744E-17
5.598E+00  3.207E-25  4.762E-17
5.546E+00  2.803E-25  4.124E-17
5.495E+00  2.565E-25  3.738E-17
5.445E+00  2.431E-25  3.511E-17
5.395E+00  2.389E-25  3.419E-17
5.346E+00  2.461E-25  3.490E-17
5.297E+00  2.614E-25  3.672E-17
5.248E+00  2.527E-25  3.518E-17
5.200E+00  2.181E-25  3.008E-17
5.152E+00  1.903E-25  2.601E-17
5.105E+00  1.725E-25  2.336E-17
5.058E+00  1.602E-25  2.149E-17
5.012E+00  1.507E-25  2.003E-17
4.966E+00  1.428E-25  1.881E-17
4.920E+00  1.359E-25  1.774E-17
4.875E+00  1.298E-25  1.678E-17
4.831E+00  1.242E-25  1.591E-17
4.786E+00  1.189E-25  1.510E-17
4.742E+00  1.141E-25  1.435E-17
4.699E+00  1.095E-25  1.365E-17
4.656E+00  1.052E-25  1.299E-17
4.613E+00  1.011E-25  1.237E-17
4.571E+00  9.716E-26  1.178E-17
4.529E+00  9.345E-26  1.123E-17
4.487E+00  8.993E-26  1.070E-17
4.446E+00  8.658E-26  1.021E-17
4.406E+00  8.338E-26  9.744E-18
4.365E+00  8.034E-26  9.302E-18
4.325E+00  7.744E-26  8.885E-18
4.285E+00  7.468E-26  8.489E-18
4.246E+00  7.205E-26  8.116E-18
4.207E+00  6.956E-26  7.762E-18
4.169E+00  6.718E-26  7.429E-18
4.130E+00  6.493E-26  7.114E-18
4.093E+00  6.280E-26  6.817E-18
4.055E+00  6.078E-26  6.538E-18
4.018E+00  5.888E-26  6.275E-18
3.981E+00  5.709E-26  6.029E-18
3.945E+00  5.542E-26  5.799E-18
3.908E+00  5.387E-26  5.585E-18
3.873E+00  5.244E-26  5.387E-18
3.837E+00  5.114E-26  5.205E-18
3.802E+00  4.997E-26  5.040E-18
3.767E+00  4.896E-26  4.892E-18
3.733E+00  4.811E-26  4.763E-18
3.698E+00  4.746E-26  4.656E-18
3.664E+00  4.705E-26  4.573E-18
3.631E+00  4.694E-26  4.521E-18
3.597E+00  4.724E-26  4.508E-18
3.565E+00  4.812E-26  4.550E-18
3.532E+00  4.986E-26  4.671E-18
3.499E+00  5.300E-26  4.920E-18
3.467E+00  5.859E-26  5.389E-18
3.436E+00  6.894E-26  6.283E-18
3.404E+00  9.008E-26  8.134E-18
3.373E+00  1.414E-25  1.265E-17
3.342E+00  3.129E-25  2.774E-17
3.311E+00  1.165E-24  1.023E-16
3.281E+00  7.958E-25  6.926E-17
3.251E+00  2.303E-25  1.986E-17
3.221E+00  1.120E-25  9.565E-18
3.192E+00  7.255E-26  6.142E-18
3.162E+00  5.496E-26  4.610E-18
3.133E+00  4.556E-26  3.787E-18
3.105E+00  3.989E-26  3.285E-18
3.076E+00  3.615E-26  2.950E-18
3.048E+00  3.352E-26  2.710E-18
3.020E+00  3.156E-26  2.528E-18
2.992E+00  3.004E-26  2.384E-18
2.965E+00  2.882E-26  2.267E-18
2.938E+00  2.782E-26  2.168E-18
2.911E+00  2.696E-26  2.082E-18
2.884E+00  2.623E-26  2.007E-18
2.858E+00  2.558E-26  1.939E-18
2.831E+00  2.501E-26  1.878E-18
2.805E+00  2.449E-26  1.822E-18
2.780E+00  2.402E-26  1.771E-18
2.754E+00  2.358E-26  1.723E-18
2.729E+00  2.318E-26  1.678E-18
2.704E+00  2.280E-26  1.636E-18
2.679E+00  2.245E-26  1.595E-18
2.655E+00  2.211E-26  1.557E-18
2.630E+00  2.180E-26  1.521E-18
2.606E+00  2.149E-26  1.486E-18
2.582E+00  2.120E-26  1.452E-18
2.559E+00  2.092E-26  1.420E-18
2.535E+00  2.065E-26  1.389E-18
2.512E+00  2.039E-26  1.358E-18
2.489E+00  2.013E-26  1.329E-18
2.466E+00  1.988E-26  1.300E-18
2.443E+00  1.963E-26  1.272E-18
2.421E+00  1.939E-26  1.245E-18
2.399E+00  1.916E-26  1.219E-18
2.377E+00  1.893E-26  1.193E-18
2.355E+00  1.870E-26  1.168E-18
2.333E+00  1.848E-26  1.144E-18
2.312E+00  1.826E-26  1.120E-18
2.291E+00  1.804E-26  1.096E-18
2.270E+00  1.782E-26  1.073E-18
2.249E+00  1.761E-26  1.050E-18
2.228E+00  1.739E-26  1.028E-18
2.208E+00  1.717E-26  1.006E-18
2.188E+00  1.695E-26  9.837E-19
2.168E+00  1.673E-26  9.618E-19
2.148E+00  1.650E-26  9.399E-19
2.128E+00  1.626E-26  9.178E-19
2.109E+00  1.601E-26  8.955E-19
2.089E+00  1.575E-26  8.728E-19
2.070E+00  1.547E-26  8.495E-19
2.051E+00  1.517E-26  8.253E-19
2.032E+00  1.484E-26  7.999E-19
2.014E+00  1.447E-26  7.730E-19
1.995E+00  1.406E-26  7.442E-19
1.977E+00  1.361E-26  7.137E-19
1.959E+00  1.313E-26  6.822E-19
1.941E+00  1.266E-26  6.520E-19
1.923E+00  1.230E-26  6.273E-19
1.905E+00  1.211E-26  6.122E-19
1.888E+00  1.214E-26  6.080E-19
1.871E+00  1.232E-26  6.113E-19
1.854E+00  1.255E-26  6.169E-19
1.837E+00  1.275E-26  6.211E-19
1.820E+00  1.289E-26  6.223E-19
1.803E+00  1.298E-26  6.206E-19
1.786E+00  1.301E-26  6.164E-19
1.770E+00  1.300E-26  6.104E-19
1.754E+00  1.296E-26  6.031E-19
1.738E+00  1.291E-26  5.949E-19
1.722E+00  1.283E-26  5.862E-19
1.706E+00  1.275E-26  5.770E-19
1.690E+00  1.266E-26  5.677E-19
1.675E+00  1.257E-26  5.583E-19
1.660E+00  1.247E-26  5.490E-19
1.644E+00  1.237E-26  5.398E-19
1.629E+00  1.228E-26  5.306E-19
1.614E+00  1.218E-26  5.217E-19
1.600E+00  1.209E-26  5.131E-19
1.585E+00  1.201E-26  5.049E-19
1.570E+00  1.193E-26  4.970E-19
1.556E+00  1.186E-26  4.895E-19
1.542E+00  1.180E-26  4.825E-19
1.528E+00  1.175E-26  4.761E-19
1.514E+00  1.171E-26  4.702E-19
1.500E+00  1.169E-26  4.651E-19
1.486E+00  1.169E-26  4.606E-19
1.472E+00  1.170E-26  4.571E-19
1.459E+00  1.175E-26  4.545E-19
1.445E+00  1.182E-26  4.532E-19
1.432E+00  1.193E-26  4.531E-19
1.419E+00  1.208E-26  4.546E-19
1.406E+00  1.228E-26  4.578E-19
1.393E+00  1.254E-26  4.633E-19
1.380E+00  1.287E-26  4.712E-19
1.368E+00  1.329E-26  4.821E-19
1.355E+00  1.381E-26  4.963E-19
1.343E+00  1.444E-26  5.143E-19
1.330E+00  1.519E-26  5.362E-19
1.318E+00  1.605E-26  5.613E-19
1.306E+00  1.697E-26  5.879E-19
1.294E+00  1.783E-26  6.121E-19
1.282E+00  1.846E-26  6.280E-19
1.271E+00  1.865E-26  6.285E-19
1.259E+00  1.824E-26  6.091E-19
1.247E+00  1.725E-26  5.706E-19
1.236E+00  1.586E-26  5.198E-19
1.225E+00  1.433E-26  4.656E-19
1.213E+00  1.289E-26  4.150E-19
1.202E+00  1.165E-26  3.715E-19
1.191E+00  1.064E-26  3.361E-19
1.180E+00  9.852E-27  3.085E-19
1.169E+00  9.273E-27  2.877E-19
1.159E+00  8.878E-27  2.729E-19
1.148E+00  8.653E-27  2.635E-19
1.138E+00  8.597E-27  2.594E-19
1.127E+00  8.727E-27  2.609E-19
1.117E+00  9.082E-27  2.691E-19
1.107E+00  9.731E-27  2.856E-19
1.096E+00  1.079E-26  3.138E-19
1.086E+00  1.243E-26  3.582E-19
1.076E+00  1.481E-26  4.229E-19
1.067E+00  1.780E-26  5.036E-19
1.057E+00  2.020E-26  5.662E-19
1.047E+00  1.980E-26  5.500E-19
1.038E+00  1.642E-26  4.520E-19
1.028E+00  1.244E-26  3.392E-19
1.019E+00  9.344E-27  2.525E-19
1.009E+00  7.248E-27  1.940E-19
1.000E+00  5.858E-27  1.554E-19
