Dust emission from Draine & Li (2007): ApJ 657, 810-837
================================================================
         7 = grain model
 4.000E-08 4.000E-01 4.500E-05 = a_01 (cm) , sigma_1 , b_C1/0.92
 2.500E-07 4.000E-01 1.500E-05 = a_02 (cm) , sigma_2 , b_C2/0.92
 1.500E-01 1.000E+04 2.000E+00 = Umin , Umax, beta (dN/dU propto U^{-beta})
 1.666E+00 = <U> 
     mmp83 = radfield
 7.619E-24 = power/H (erg s-1)
 band   nu*P_nu(band) j_nu(band)
 (um)   (erg s-1 H-1)(Jy cm2 sr-1 H-1)
1.270E+00  3.050E-26  1.027E-18 COBE-DIRBE
2.220E+00  3.902E-26  2.298E-18 COBE-DIRBE
3.530E+00  2.539E-25  2.378E-17 COBE-DIRBE
4.880E+00  1.185E-25  1.533E-17 COBE-DIRBE
1.229E+01  1.084E-24  3.535E-16 COBE-DIRBE
2.079E+01  1.046E-24  5.768E-16 COBE-DIRBE
5.599E+01  3.071E-24  4.560E-15 COBE-DIRBE
9.770E+01  2.598E-24  6.734E-15 COBE-DIRBE
1.479E+02  1.975E-24  7.749E-15 COBE-DIRBE
2.479E+02  7.810E-25  5.135E-15 COBE-DIRBE
1.200E+01  1.145E-24  3.646E-16 IRAS
2.500E+01  1.210E-24  8.023E-16 IRAS
6.000E+01  3.028E-24  4.820E-15 IRAS
1.000E+02  2.570E-24  6.816E-15 IRAS
3.550E+00  2.953E-25  2.781E-17 SST-IRAC
4.493E+00  8.297E-26  9.889E-18 SST-IRAC
5.731E+00  7.044E-25  1.071E-16 SST-IRAC
7.872E+00  1.666E-24  3.480E-16 SST-IRAC
2.368E+01  1.066E-24  6.694E-16 SST-MIPS
7.142E+01  2.657E-24  5.033E-15 SST-MIPS
1.559E+02  1.775E-24  7.339E-15 SST-MIPS
1.600E+01  9.025E-25  3.830E-16 SST-IRSPU
2.200E+01  1.061E-24  6.193E-16 SST-IRSPU











lambda    nu*dP/dnu     j_nu
 (um)   (erg s-1 H-1)(Jy cm2 sr-1 H-1)
1.000E+04  4.626E-31  1.227E-19
9.908E+03  4.794E-31  1.260E-19
9.817E+03  4.969E-31  1.294E-19
9.727E+03  5.150E-31  1.329E-19
9.638E+03  5.337E-31  1.364E-19
9.550E+03  5.531E-31  1.401E-19
9.462E+03  5.733E-31  1.439E-19
9.376E+03  5.941E-31  1.478E-19
9.290E+03  6.158E-31  1.517E-19
9.204E+03  6.382E-31  1.558E-19
9.120E+03  6.614E-31  1.600E-19
9.036E+03  6.855E-31  1.643E-19
8.954E+03  7.103E-31  1.687E-19
8.872E+03  7.361E-31  1.732E-19
8.790E+03  7.627E-31  1.778E-19
8.710E+03  7.903E-31  1.826E-19
8.630E+03  8.190E-31  1.875E-19
8.551E+03  8.487E-31  1.925E-19
8.472E+03  8.795E-31  1.977E-19
8.395E+03  9.114E-31  2.030E-19
8.318E+03  9.446E-31  2.084E-19
8.241E+03  9.789E-31  2.140E-19
8.166E+03  1.015E-30  2.198E-19
8.091E+03  1.051E-30  2.257E-19
8.017E+03  1.090E-30  2.317E-19
7.943E+03  1.129E-30  2.380E-19
7.870E+03  1.171E-30  2.444E-19
7.798E+03  1.213E-30  2.510E-19
7.727E+03  1.258E-30  2.578E-19
7.656E+03  1.304E-30  2.647E-19
7.586E+03  1.351E-30  2.719E-19
7.516E+03  1.401E-30  2.793E-19
7.447E+03  1.452E-30  2.868E-19
7.379E+03  1.505E-30  2.946E-19
7.311E+03  1.560E-30  3.026E-19
7.244E+03  1.617E-30  3.108E-19
7.178E+03  1.677E-30  3.192E-19
7.112E+03  1.738E-30  3.279E-19
7.047E+03  1.802E-30  3.368E-19
6.982E+03  1.868E-30  3.460E-19
6.918E+03  1.937E-30  3.554E-19
6.855E+03  2.008E-30  3.651E-19
6.792E+03  2.081E-30  3.750E-19
6.730E+03  2.158E-30  3.852E-19
6.668E+03  2.237E-30  3.957E-19
6.607E+03  2.320E-30  4.065E-19
6.546E+03  2.405E-30  4.176E-19
6.486E+03  2.494E-30  4.290E-19
6.427E+03  2.585E-30  4.408E-19
6.368E+03  2.681E-30  4.528E-19
6.310E+03  2.780E-30  4.652E-19
6.252E+03  2.882E-30  4.780E-19
6.194E+03  2.989E-30  4.911E-19
6.138E+03  3.099E-30  5.046E-19
6.081E+03  3.214E-30  5.184E-19
6.026E+03  3.333E-30  5.327E-19
5.970E+03  3.456E-30  5.474E-19
5.916E+03  3.584E-30  5.624E-19
5.861E+03  3.717E-30  5.779E-19
5.808E+03  3.855E-30  5.939E-19
5.754E+03  3.998E-30  6.103E-19
5.702E+03  4.146E-30  6.271E-19
5.649E+03  4.301E-30  6.445E-19
5.598E+03  4.460E-30  6.623E-19
5.546E+03  4.626E-30  6.806E-19
5.495E+03  4.798E-30  6.995E-19
5.445E+03  4.977E-30  7.189E-19
5.395E+03  5.162E-30  7.388E-19
5.346E+03  5.355E-30  7.593E-19
5.297E+03  5.555E-30  7.804E-19
5.248E+03  5.762E-30  8.021E-19
5.200E+03  5.977E-30  8.244E-19
5.152E+03  6.200E-30  8.474E-19
5.105E+03  6.432E-30  8.710E-19
5.058E+03  6.672E-30  8.952E-19
5.012E+03  6.922E-30  9.202E-19
4.966E+03  7.180E-30  9.458E-19
4.920E+03  7.449E-30  9.722E-19
4.875E+03  7.728E-30  9.994E-19
4.831E+03  8.017E-30  1.027E-18
4.786E+03  8.318E-30  1.056E-18
4.742E+03  8.630E-30  1.086E-18
4.699E+03  8.953E-30  1.116E-18
4.656E+03  9.290E-30  1.147E-18
4.613E+03  9.639E-30  1.179E-18
4.571E+03  1.000E-29  1.213E-18
4.529E+03  1.038E-29  1.247E-18
4.487E+03  1.077E-29  1.282E-18
4.446E+03  1.117E-29  1.318E-18
4.406E+03  1.159E-29  1.355E-18
4.365E+03  1.203E-29  1.393E-18
4.325E+03  1.248E-29  1.432E-18
4.285E+03  1.296E-29  1.473E-18
4.246E+03  1.345E-29  1.514E-18
4.207E+03  1.395E-29  1.557E-18
4.169E+03  1.448E-29  1.601E-18
4.130E+03  1.503E-29  1.647E-18
4.093E+03  1.560E-29  1.693E-18
4.055E+03  1.619E-29  1.741E-18
4.018E+03  1.680E-29  1.791E-18
3.981E+03  1.744E-29  1.841E-18
3.945E+03  1.810E-29  1.894E-18
3.908E+03  1.878E-29  1.947E-18
3.873E+03  1.949E-29  2.002E-18
3.837E+03  2.023E-29  2.059E-18
3.802E+03  2.100E-29  2.118E-18
3.767E+03  2.180E-29  2.178E-18
3.733E+03  2.263E-29  2.240E-18
3.698E+03  2.349E-29  2.304E-18
3.664E+03  2.438E-29  2.370E-18
3.631E+03  2.531E-29  2.438E-18
3.597E+03  2.627E-29  2.507E-18
3.565E+03  2.728E-29  2.579E-18
3.532E+03  2.832E-29  2.653E-18
3.499E+03  2.940E-29  2.729E-18
3.467E+03  3.052E-29  2.807E-18
3.436E+03  3.169E-29  2.888E-18
3.404E+03  3.290E-29  2.971E-18
3.373E+03  3.416E-29  3.056E-18
3.342E+03  3.546E-29  3.144E-18
3.311E+03  3.682E-29  3.234E-18
3.281E+03  3.823E-29  3.328E-18
3.251E+03  3.970E-29  3.423E-18
3.221E+03  4.122E-29  3.522E-18
3.192E+03  4.281E-29  3.624E-18
3.162E+03  4.445E-29  3.729E-18
3.133E+03  4.616E-29  3.836E-18
3.105E+03  4.793E-29  3.947E-18
3.076E+03  4.978E-29  4.062E-18
3.048E+03  5.169E-29  4.179E-18
3.020E+03  5.369E-29  4.301E-18
2.992E+03  5.575E-29  4.425E-18
2.965E+03  5.789E-29  4.553E-18
2.938E+03  6.012E-29  4.685E-18
2.911E+03  6.243E-29  4.820E-18
2.884E+03  6.483E-29  4.960E-18
2.858E+03  6.733E-29  5.104E-18
2.831E+03  6.993E-29  5.252E-18
2.805E+03  7.262E-29  5.404E-18
2.780E+03  7.542E-29  5.561E-18
2.754E+03  7.833E-29  5.723E-18
2.729E+03  8.136E-29  5.889E-18
2.704E+03  8.450E-29  6.061E-18
2.679E+03  8.777E-29  6.238E-18
2.655E+03  9.116E-29  6.419E-18
2.630E+03  9.469E-29  6.607E-18
2.606E+03  9.836E-29  6.800E-18
2.582E+03  1.022E-28  6.998E-18
2.559E+03  1.061E-28  7.203E-18
2.535E+03  1.102E-28  7.413E-18
2.512E+03  1.145E-28  7.630E-18
2.489E+03  1.190E-28  7.854E-18
2.466E+03  1.236E-28  8.084E-18
2.443E+03  1.284E-28  8.321E-18
2.421E+03  1.334E-28  8.565E-18
2.399E+03  1.386E-28  8.816E-18
2.377E+03  1.439E-28  9.075E-18
2.355E+03  1.495E-28  9.341E-18
2.333E+03  1.554E-28  9.616E-18
2.312E+03  1.614E-28  9.899E-18
2.291E+03  1.677E-28  1.019E-17
2.270E+03  1.742E-28  1.049E-17
2.249E+03  1.810E-28  1.080E-17
2.228E+03  1.881E-28  1.112E-17
2.208E+03  1.954E-28  1.144E-17
2.188E+03  2.030E-28  1.178E-17
2.168E+03  2.109E-28  1.213E-17
2.148E+03  2.192E-28  1.249E-17
2.128E+03  2.277E-28  1.285E-17
2.109E+03  2.366E-28  1.323E-17
2.089E+03  2.458E-28  1.362E-17
2.070E+03  2.554E-28  1.403E-17
2.051E+03  2.654E-28  1.444E-17
2.032E+03  2.758E-28  1.487E-17
2.014E+03  2.865E-28  1.531E-17
1.995E+03  2.977E-28  1.576E-17
1.977E+03  3.094E-28  1.622E-17
1.959E+03  3.214E-28  1.670E-17
1.941E+03  3.340E-28  1.720E-17
1.923E+03  3.470E-28  1.770E-17
1.905E+03  3.606E-28  1.823E-17
1.888E+03  3.747E-28  1.876E-17
1.871E+03  3.893E-28  1.932E-17
1.854E+03  4.046E-28  1.989E-17
1.837E+03  4.204E-28  2.048E-17
1.820E+03  4.368E-28  2.108E-17
1.803E+03  4.539E-28  2.171E-17
1.786E+03  4.716E-28  2.235E-17
1.770E+03  4.901E-28  2.301E-17
1.754E+03  5.092E-28  2.369E-17
1.738E+03  5.291E-28  2.439E-17
1.722E+03  5.498E-28  2.511E-17
1.706E+03  5.713E-28  2.585E-17
1.690E+03  5.936E-28  2.662E-17
1.675E+03  6.168E-28  2.741E-17
1.660E+03  6.409E-28  2.822E-17
1.644E+03  6.660E-28  2.905E-17
1.629E+03  6.920E-28  2.991E-17
1.614E+03  7.190E-28  3.079E-17
1.600E+03  7.471E-28  3.170E-17
1.585E+03  7.763E-28  3.264E-17
1.570E+03  8.066E-28  3.360E-17
1.556E+03  8.381E-28  3.459E-17
1.542E+03  8.708E-28  3.561E-17
1.528E+03  9.048E-28  3.666E-17
1.514E+03  9.400E-28  3.774E-17
1.500E+03  9.767E-28  3.885E-17
1.486E+03  1.015E-27  4.000E-17
1.472E+03  1.054E-27  4.118E-17
1.459E+03  1.095E-27  4.239E-17
1.445E+03  1.138E-27  4.364E-17
1.432E+03  1.183E-27  4.493E-17
1.419E+03  1.229E-27  4.625E-17
1.406E+03  1.276E-27  4.761E-17
1.393E+03  1.326E-27  4.901E-17
1.380E+03  1.378E-27  5.045E-17
1.368E+03  1.431E-27  5.193E-17
1.355E+03  1.487E-27  5.346E-17
1.343E+03  1.545E-27  5.502E-17
1.330E+03  1.605E-27  5.664E-17
1.318E+03  1.667E-27  5.830E-17
1.306E+03  1.732E-27  6.001E-17
1.294E+03  1.799E-27  6.176E-17
1.282E+03  1.869E-27  6.357E-17
1.271E+03  1.941E-27  6.543E-17
1.259E+03  2.017E-27  6.734E-17
1.247E+03  2.095E-27  6.930E-17
1.236E+03  2.176E-27  7.133E-17
1.225E+03  2.260E-27  7.340E-17
1.213E+03  2.347E-27  7.554E-17
1.202E+03  2.438E-27  7.774E-17
1.191E+03  2.532E-27  8.000E-17
1.180E+03  2.629E-27  8.232E-17
1.169E+03  2.731E-27  8.471E-17
1.159E+03  2.836E-27  8.716E-17
1.148E+03  2.945E-27  8.968E-17
1.138E+03  3.058E-27  9.228E-17
1.127E+03  3.175E-27  9.494E-17
1.117E+03  3.297E-27  9.768E-17
1.107E+03  3.424E-27  1.005E-16
1.096E+03  3.555E-27  1.034E-16
1.086E+03  3.691E-27  1.064E-16
1.076E+03  3.832E-27  1.094E-16
1.067E+03  3.978E-27  1.126E-16
1.057E+03  4.130E-27  1.158E-16
1.047E+03  4.288E-27  1.191E-16
1.038E+03  4.451E-27  1.225E-16
1.028E+03  4.620E-27  1.260E-16
1.019E+03  4.796E-27  1.296E-16
1.009E+03  4.978E-27  1.333E-16
1.000E+03  5.167E-27  1.371E-16
9.908E+02  5.363E-27  1.409E-16
9.817E+02  5.566E-27  1.449E-16
9.727E+02  5.777E-27  1.491E-16
9.638E+02  5.995E-27  1.533E-16
9.550E+02  6.222E-27  1.576E-16
9.462E+02  6.457E-27  1.621E-16
9.376E+02  6.700E-27  1.666E-16
9.290E+02  6.952E-27  1.713E-16
9.204E+02  7.214E-27  1.761E-16
9.120E+02  7.485E-27  1.811E-16
9.036E+02  7.765E-27  1.861E-16
8.954E+02  8.056E-27  1.913E-16
8.872E+02  8.357E-27  1.967E-16
8.790E+02  8.669E-27  2.021E-16
8.710E+02  8.992E-27  2.077E-16
8.630E+02  9.326E-27  2.135E-16
8.551E+02  9.672E-27  2.194E-16
8.472E+02  1.003E-26  2.254E-16
8.395E+02  1.040E-26  2.316E-16
8.318E+02  1.079E-26  2.380E-16
8.241E+02  1.118E-26  2.445E-16
8.166E+02  1.160E-26  2.512E-16
8.091E+02  1.202E-26  2.580E-16
8.017E+02  1.246E-26  2.651E-16
7.943E+02  1.292E-26  2.722E-16
7.870E+02  1.339E-26  2.796E-16
7.798E+02  1.388E-26  2.872E-16
7.727E+02  1.439E-26  2.949E-16
7.656E+02  1.491E-26  3.029E-16
7.586E+02  1.546E-26  3.110E-16
7.516E+02  1.602E-26  3.193E-16
7.447E+02  1.660E-26  3.279E-16
7.379E+02  1.720E-26  3.366E-16
7.311E+02  1.782E-26  3.456E-16
7.244E+02  1.847E-26  3.549E-16
7.178E+02  1.913E-26  3.643E-16
7.112E+02  1.982E-26  3.740E-16
7.047E+02  2.054E-26  3.839E-16
6.982E+02  2.128E-26  3.941E-16
6.918E+02  2.204E-26  4.045E-16
6.855E+02  2.283E-26  4.152E-16
6.792E+02  2.365E-26  4.262E-16
6.730E+02  2.450E-26  4.373E-16
6.668E+02  2.537E-26  4.488E-16
6.607E+02  2.627E-26  4.605E-16
6.546E+02  2.721E-26  4.725E-16
6.486E+02  2.818E-26  4.849E-16
6.427E+02  2.919E-26  4.976E-16
6.368E+02  3.023E-26  5.105E-16
6.310E+02  3.130E-26  5.238E-16
6.252E+02  3.241E-26  5.375E-16
6.194E+02  3.356E-26  5.514E-16
6.138E+02  3.475E-26  5.657E-16
6.081E+02  3.597E-26  5.803E-16
6.026E+02  3.725E-26  5.953E-16
5.970E+02  3.856E-26  6.106E-16
5.916E+02  3.992E-26  6.263E-16
5.861E+02  4.132E-26  6.424E-16
5.808E+02  4.277E-26  6.589E-16
5.754E+02  4.427E-26  6.757E-16
5.702E+02  4.582E-26  6.929E-16
5.649E+02  4.742E-26  7.106E-16
5.598E+02  4.907E-26  7.286E-16
5.546E+02  5.078E-26  7.471E-16
5.495E+02  5.255E-26  7.660E-16
5.445E+02  5.438E-26  7.854E-16
5.395E+02  5.626E-26  8.051E-16
5.346E+02  5.821E-26  8.254E-16
5.297E+02  6.022E-26  8.461E-16
5.248E+02  6.230E-26  8.672E-16
5.200E+02  6.444E-26  8.889E-16
5.152E+02  6.666E-26  9.110E-16
5.105E+02  6.894E-26  9.336E-16
5.058E+02  7.131E-26  9.567E-16
5.012E+02  7.374E-26  9.804E-16
4.966E+02  7.626E-26  1.005E-15
4.920E+02  7.885E-26  1.029E-15
4.875E+02  8.153E-26  1.054E-15
4.831E+02  8.430E-26  1.080E-15
4.786E+02  8.715E-26  1.106E-15
4.742E+02  9.009E-26  1.133E-15
4.699E+02  9.312E-26  1.161E-15
4.656E+02  9.625E-26  1.189E-15
4.613E+02  9.948E-26  1.217E-15
4.571E+02  1.028E-25  1.246E-15
4.529E+02  1.062E-25  1.276E-15
4.487E+02  1.098E-25  1.307E-15
4.446E+02  1.134E-25  1.338E-15
4.406E+02  1.172E-25  1.369E-15
4.365E+02  1.210E-25  1.401E-15
4.325E+02  1.250E-25  1.434E-15
4.285E+02  1.291E-25  1.468E-15
4.246E+02  1.334E-25  1.502E-15
4.207E+02  1.377E-25  1.537E-15
4.169E+02  1.422E-25  1.572E-15
4.130E+02  1.468E-25  1.609E-15
4.093E+02  1.516E-25  1.646E-15
4.055E+02  1.565E-25  1.683E-15
4.018E+02  1.615E-25  1.722E-15
3.981E+02  1.667E-25  1.761E-15
3.945E+02  1.721E-25  1.800E-15
3.908E+02  1.776E-25  1.841E-15
3.873E+02  1.832E-25  1.882E-15
3.837E+02  1.891E-25  1.924E-15
3.802E+02  1.950E-25  1.967E-15
3.767E+02  2.012E-25  2.011E-15
3.733E+02  2.075E-25  2.055E-15
3.698E+02  2.140E-25  2.100E-15
3.664E+02  2.207E-25  2.146E-15
3.631E+02  2.276E-25  2.192E-15
3.597E+02  2.347E-25  2.239E-15
3.565E+02  2.419E-25  2.287E-15
3.532E+02  2.494E-25  2.336E-15
3.499E+02  2.570E-25  2.386E-15
3.467E+02  2.649E-25  2.436E-15
3.436E+02  2.730E-25  2.488E-15
3.404E+02  2.813E-25  2.540E-15
3.373E+02  2.898E-25  2.592E-15
3.342E+02  2.985E-25  2.646E-15
3.311E+02  3.074E-25  2.700E-15
3.281E+02  3.166E-25  2.755E-15
3.251E+02  3.260E-25  2.811E-15
3.221E+02  3.357E-25  2.868E-15
3.192E+02  3.455E-25  2.925E-15
3.162E+02  3.557E-25  2.983E-15
3.133E+02  3.661E-25  3.042E-15
3.105E+02  3.767E-25  3.102E-15
3.076E+02  3.876E-25  3.163E-15
3.048E+02  3.987E-25  3.224E-15
3.020E+02  4.102E-25  3.286E-15
2.992E+02  4.219E-25  3.348E-15
2.965E+02  4.338E-25  3.412E-15
2.938E+02  4.461E-25  3.476E-15
2.911E+02  4.586E-25  3.541E-15
2.884E+02  4.714E-25  3.606E-15
2.858E+02  4.845E-25  3.672E-15
2.831E+02  4.979E-25  3.739E-15
2.805E+02  5.115E-25  3.807E-15
2.780E+02  5.255E-25  3.875E-15
2.754E+02  5.398E-25  3.944E-15
2.729E+02  5.544E-25  4.013E-15
2.704E+02  5.694E-25  4.084E-15
2.679E+02  5.847E-25  4.155E-15
2.655E+02  6.003E-25  4.227E-15
2.630E+02  6.162E-25  4.299E-15
2.606E+02  6.325E-25  4.372E-15
2.582E+02  6.491E-25  4.446E-15
2.559E+02  6.659E-25  4.520E-15
2.535E+02  6.830E-25  4.593E-15
2.512E+02  7.003E-25  4.666E-15
2.489E+02  7.176E-25  4.737E-15
2.466E+02  7.348E-25  4.806E-15
2.443E+02  7.522E-25  4.875E-15
2.421E+02  7.697E-25  4.943E-15
2.399E+02  7.873E-25  5.010E-15
2.377E+02  8.049E-25  5.075E-15
2.355E+02  8.227E-25  5.139E-15
2.333E+02  8.407E-25  5.204E-15
2.312E+02  8.589E-25  5.268E-15
2.291E+02  8.774E-25  5.332E-15
2.270E+02  8.961E-25  5.396E-15
2.249E+02  9.151E-25  5.459E-15
2.228E+02  9.342E-25  5.522E-15
2.208E+02  9.537E-25  5.586E-15
2.188E+02  9.733E-25  5.648E-15
2.168E+02  9.932E-25  5.711E-15
2.148E+02  1.013E-24  5.772E-15
2.128E+02  1.033E-24  5.834E-15
2.109E+02  1.054E-24  5.895E-15
2.089E+02  1.075E-24  5.956E-15
2.070E+02  1.095E-24  6.016E-15
2.051E+02  1.116E-24  6.074E-15
2.032E+02  1.138E-24  6.133E-15
2.014E+02  1.159E-24  6.192E-15
1.995E+02  1.181E-24  6.250E-15
1.977E+02  1.203E-24  6.307E-15
1.959E+02  1.225E-24  6.363E-15
1.941E+02  1.247E-24  6.418E-15
1.923E+02  1.269E-24  6.474E-15
1.905E+02  1.292E-24  6.528E-15
1.888E+02  1.314E-24  6.582E-15
1.871E+02  1.337E-24  6.635E-15
1.854E+02  1.360E-24  6.688E-15
1.837E+02  1.383E-24  6.740E-15
1.820E+02  1.407E-24  6.791E-15
1.803E+02  1.430E-24  6.841E-15
1.786E+02  1.454E-24  6.891E-15
1.770E+02  1.478E-24  6.941E-15
1.754E+02  1.503E-24  6.990E-15
1.738E+02  1.527E-24  7.039E-15
1.722E+02  1.552E-24  7.087E-15
1.706E+02  1.577E-24  7.135E-15
1.690E+02  1.602E-24  7.182E-15
1.675E+02  1.627E-24  7.229E-15
1.660E+02  1.653E-24  7.276E-15
1.644E+02  1.679E-24  7.323E-15
1.629E+02  1.705E-24  7.371E-15
1.614E+02  1.732E-24  7.418E-15
1.600E+02  1.759E-24  7.465E-15
1.585E+02  1.787E-24  7.512E-15
1.570E+02  1.815E-24  7.561E-15
1.556E+02  1.844E-24  7.610E-15
1.542E+02  1.873E-24  7.660E-15
1.528E+02  1.903E-24  7.711E-15
1.514E+02  1.933E-24  7.762E-15
1.500E+02  1.964E-24  7.813E-15
1.486E+02  1.995E-24  7.864E-15
1.472E+02  2.027E-24  7.915E-15
1.459E+02  2.058E-24  7.963E-15
1.445E+02  2.088E-24  8.007E-15
1.432E+02  2.118E-24  8.045E-15
1.419E+02  2.145E-24  8.073E-15
1.406E+02  2.169E-24  8.090E-15
1.393E+02  2.190E-24  8.093E-15
1.380E+02  2.207E-24  8.082E-15
1.368E+02  2.221E-24  8.057E-15
1.355E+02  2.231E-24  8.021E-15
1.343E+02  2.240E-24  7.977E-15
1.330E+02  2.247E-24  7.929E-15
1.318E+02  2.253E-24  7.879E-15
1.306E+02  2.260E-24  7.829E-15
1.294E+02  2.266E-24  7.780E-15
1.282E+02  2.273E-24  7.732E-15
1.271E+02  2.280E-24  7.685E-15
1.259E+02  2.288E-24  7.642E-15
1.247E+02  2.297E-24  7.600E-15
1.236E+02  2.306E-24  7.560E-15
1.225E+02  2.316E-24  7.522E-15
1.213E+02  2.326E-24  7.486E-15
1.202E+02  2.336E-24  7.451E-15
1.191E+02  2.347E-24  7.417E-15
1.180E+02  2.358E-24  7.384E-15
1.169E+02  2.370E-24  7.351E-15
1.159E+02  2.380E-24  7.317E-15
1.148E+02  2.392E-24  7.285E-15
1.138E+02  2.404E-24  7.254E-15
1.127E+02  2.415E-24  7.222E-15
1.117E+02  2.428E-24  7.192E-15
1.107E+02  2.440E-24  7.162E-15
1.096E+02  2.452E-24  7.132E-15
1.086E+02  2.465E-24  7.103E-15
1.076E+02  2.477E-24  7.073E-15
1.067E+02  2.489E-24  7.043E-15
1.057E+02  2.502E-24  7.013E-15
1.047E+02  2.514E-24  6.984E-15
1.038E+02  2.527E-24  6.953E-15
1.028E+02  2.539E-24  6.922E-15
1.019E+02  2.550E-24  6.891E-15
1.009E+02  2.562E-24  6.859E-15
1.000E+02  2.574E-24  6.827E-15
9.908E+01  2.585E-24  6.793E-15
9.817E+01  2.596E-24  6.761E-15
9.727E+01  2.607E-24  6.727E-15
9.638E+01  2.618E-24  6.693E-15
9.550E+01  2.629E-24  6.660E-15
9.462E+01  2.640E-24  6.625E-15
9.376E+01  2.650E-24  6.590E-15
9.290E+01  2.660E-24  6.555E-15
9.204E+01  2.670E-24  6.520E-15
9.120E+01  2.680E-24  6.484E-15
9.036E+01  2.690E-24  6.448E-15
8.954E+01  2.700E-24  6.412E-15
8.872E+01  2.709E-24  6.375E-15
8.790E+01  2.719E-24  6.339E-15
8.710E+01  2.728E-24  6.301E-15
8.630E+01  2.737E-24  6.265E-15
8.551E+01  2.746E-24  6.228E-15
8.472E+01  2.754E-24  6.189E-15
8.395E+01  2.763E-24  6.152E-15
8.318E+01  2.771E-24  6.115E-15
8.241E+01  2.780E-24  6.077E-15
8.166E+01  2.788E-24  6.040E-15
8.091E+01  2.797E-24  6.002E-15
8.017E+01  2.805E-24  5.965E-15
7.943E+01  2.813E-24  5.928E-15
7.870E+01  2.821E-24  5.890E-15
7.798E+01  2.829E-24  5.852E-15
7.727E+01  2.837E-24  5.814E-15
7.656E+01  2.844E-24  5.776E-15
7.586E+01  2.852E-24  5.739E-15
7.516E+01  2.859E-24  5.701E-15
7.447E+01  2.867E-24  5.663E-15
7.379E+01  2.873E-24  5.623E-15
7.311E+01  2.880E-24  5.585E-15
7.244E+01  2.886E-24  5.546E-15
7.178E+01  2.892E-24  5.507E-15
7.112E+01  2.899E-24  5.469E-15
7.047E+01  2.906E-24  5.431E-15
6.982E+01  2.912E-24  5.394E-15
6.918E+01  2.919E-24  5.357E-15
6.855E+01  2.926E-24  5.320E-15
6.792E+01  2.932E-24  5.282E-15
6.730E+01  2.938E-24  5.245E-15
6.668E+01  2.944E-24  5.208E-15
6.607E+01  2.951E-24  5.171E-15
6.546E+01  2.956E-24  5.134E-15
6.486E+01  2.963E-24  5.097E-15
6.427E+01  2.969E-24  5.061E-15
6.368E+01  2.975E-24  5.025E-15
6.310E+01  2.981E-24  4.988E-15
6.252E+01  2.987E-24  4.953E-15
6.194E+01  2.993E-24  4.918E-15
6.138E+01  2.999E-24  4.883E-15
6.081E+01  3.005E-24  4.848E-15
6.026E+01  3.011E-24  4.813E-15
5.970E+01  3.017E-24  4.778E-15
5.916E+01  3.023E-24  4.744E-15
5.861E+01  3.029E-24  4.710E-15
5.808E+01  3.035E-24  4.675E-15
5.754E+01  3.041E-24  4.642E-15
5.702E+01  3.047E-24  4.608E-15
5.649E+01  3.053E-24  4.575E-15
5.598E+01  3.059E-24  4.543E-15
5.546E+01  3.066E-24  4.510E-15
5.495E+01  3.072E-24  4.478E-15
5.445E+01  3.079E-24  4.447E-15
5.395E+01  3.085E-24  4.415E-15
5.346E+01  3.092E-24  4.384E-15
5.297E+01  3.098E-24  4.353E-15
5.248E+01  3.105E-24  4.323E-15
5.200E+01  3.112E-24  4.292E-15
5.152E+01  3.119E-24  4.263E-15
5.105E+01  3.125E-24  4.232E-15
5.058E+01  3.133E-24  4.203E-15
5.012E+01  3.139E-24  4.174E-15
4.966E+01  3.146E-24  4.145E-15
4.920E+01  3.154E-24  4.116E-15
4.875E+01  3.161E-24  4.087E-15
4.831E+01  3.168E-24  4.059E-15
4.786E+01  3.175E-24  4.031E-15
4.742E+01  3.183E-24  4.004E-15
4.699E+01  3.191E-24  3.977E-15
4.656E+01  3.198E-24  3.950E-15
4.613E+01  3.206E-24  3.923E-15
4.571E+01  3.213E-24  3.896E-15
4.529E+01  3.221E-24  3.869E-15
4.487E+01  3.229E-24  3.843E-15
4.446E+01  3.236E-24  3.817E-15
4.406E+01  3.244E-24  3.790E-15
4.365E+01  3.251E-24  3.764E-15
4.325E+01  3.258E-24  3.738E-15
4.285E+01  3.265E-24  3.711E-15
4.246E+01  3.271E-24  3.684E-15
4.207E+01  3.277E-24  3.657E-15
4.169E+01  3.282E-24  3.629E-15
4.130E+01  3.287E-24  3.601E-15
4.093E+01  3.291E-24  3.572E-15
4.055E+01  3.294E-24  3.543E-15
4.018E+01  3.296E-24  3.512E-15
3.981E+01  3.297E-24  3.481E-15
3.945E+01  3.297E-24  3.449E-15
3.908E+01  3.295E-24  3.416E-15
3.873E+01  3.292E-24  3.382E-15
3.837E+01  3.287E-24  3.346E-15
3.802E+01  3.280E-24  3.308E-15
3.767E+01  3.272E-24  3.269E-15
3.733E+01  3.260E-24  3.228E-15
3.698E+01  3.247E-24  3.185E-15
3.664E+01  3.231E-24  3.140E-15
3.631E+01  3.212E-24  3.093E-15
3.597E+01  3.190E-24  3.044E-15
3.565E+01  3.166E-24  2.994E-15
3.532E+01  3.139E-24  2.941E-15
3.499E+01  3.109E-24  2.886E-15
3.467E+01  3.076E-24  2.829E-15
3.436E+01  3.040E-24  2.770E-15
3.404E+01  3.000E-24  2.709E-15
3.373E+01  2.957E-24  2.646E-15
3.342E+01  2.912E-24  2.581E-15
3.311E+01  2.864E-24  2.515E-15
3.281E+01  2.813E-24  2.448E-15
3.251E+01  2.759E-24  2.379E-15
3.221E+01  2.703E-24  2.310E-15
3.192E+01  2.645E-24  2.239E-15
3.162E+01  2.585E-24  2.168E-15
3.133E+01  2.524E-24  2.097E-15
3.105E+01  2.461E-24  2.026E-15
3.076E+01  2.397E-24  1.956E-15
3.048E+01  2.333E-24  1.886E-15
3.020E+01  2.268E-24  1.817E-15
2.992E+01  2.203E-24  1.749E-15
2.965E+01  2.138E-24  1.682E-15
2.938E+01  2.074E-24  1.616E-15
2.911E+01  2.011E-24  1.553E-15
2.884E+01  1.949E-24  1.491E-15
2.858E+01  1.888E-24  1.431E-15
2.831E+01  1.829E-24  1.374E-15
2.805E+01  1.771E-24  1.318E-15
2.780E+01  1.715E-24  1.265E-15
2.754E+01  1.661E-24  1.214E-15
2.729E+01  1.609E-24  1.165E-15
2.704E+01  1.559E-24  1.118E-15
2.679E+01  1.511E-24  1.074E-15
2.655E+01  1.466E-24  1.032E-15
2.630E+01  1.422E-24  9.920E-16
2.606E+01  1.380E-24  9.540E-16
2.582E+01  1.340E-24  9.181E-16
2.559E+01  1.303E-24  8.842E-16
2.535E+01  1.267E-24  8.521E-16
2.512E+01  1.234E-24  8.219E-16
2.489E+01  1.202E-24  7.933E-16
2.466E+01  1.171E-24  7.663E-16
2.443E+01  1.143E-24  7.408E-16
2.421E+01  1.116E-24  7.168E-16
2.399E+01  1.091E-24  6.941E-16
2.377E+01  1.067E-24  6.728E-16
2.355E+01  1.045E-24  6.529E-16
2.333E+01  1.025E-24  6.342E-16
2.312E+01  1.005E-24  6.164E-16
2.291E+01  9.868E-25  5.997E-16
2.270E+01  9.703E-25  5.842E-16
2.249E+01  9.554E-25  5.700E-16
2.228E+01  9.417E-25  5.567E-16
2.208E+01  9.290E-25  5.441E-16
2.188E+01  9.169E-25  5.321E-16
2.168E+01  9.056E-25  5.207E-16
2.148E+01  8.955E-25  5.102E-16
2.128E+01  8.864E-25  5.004E-16
2.109E+01  8.785E-25  4.914E-16
2.089E+01  8.714E-25  4.829E-16
2.070E+01  8.650E-25  4.750E-16
2.051E+01  8.594E-25  4.676E-16
2.032E+01  8.548E-25  4.608E-16
2.014E+01  8.518E-25  4.550E-16
1.995E+01  8.495E-25  4.496E-16
1.977E+01  8.481E-25  4.447E-16
1.959E+01  8.471E-25  4.402E-16
1.941E+01  8.472E-25  4.362E-16
1.923E+01  8.484E-25  4.328E-16
1.905E+01  8.508E-25  4.300E-16
1.888E+01  8.550E-25  4.282E-16
1.871E+01  8.617E-25  4.276E-16
1.854E+01  8.720E-25  4.287E-16
1.837E+01  8.881E-25  4.326E-16
1.820E+01  9.156E-25  4.419E-16
1.803E+01  9.734E-25  4.656E-16
1.786E+01  1.071E-24  5.074E-16
1.770E+01  1.071E-24  5.030E-16
1.754E+01  1.167E-24  5.430E-16
1.738E+01  1.435E-24  6.613E-16
1.722E+01  1.332E-24  6.083E-16
1.706E+01  1.324E-24  5.991E-16
1.690E+01  1.288E-24  5.776E-16
1.675E+01  1.231E-24  5.468E-16
1.660E+01  1.269E-24  5.588E-16
1.644E+01  1.531E-24  6.679E-16
1.629E+01  1.131E-24  4.888E-16
1.614E+01  9.973E-25  4.271E-16
1.600E+01  1.032E-24  4.379E-16
1.585E+01  1.031E-24  4.336E-16
1.570E+01  8.832E-25  3.679E-16
1.556E+01  8.127E-25  3.354E-16
1.542E+01  7.788E-25  3.185E-16
1.528E+01  7.584E-25  3.073E-16
1.514E+01  7.445E-25  2.989E-16
1.500E+01  7.347E-25  2.923E-16
1.486E+01  7.282E-25  2.870E-16
1.472E+01  7.258E-25  2.834E-16
1.459E+01  7.297E-25  2.824E-16
1.445E+01  7.471E-25  2.864E-16
1.432E+01  7.943E-25  3.018E-16
1.419E+01  8.467E-25  3.187E-16
1.406E+01  7.982E-25  2.977E-16
1.393E+01  7.616E-25  2.814E-16
1.380E+01  7.738E-25  2.833E-16
1.368E+01  8.502E-25  3.085E-16
1.355E+01  8.829E-25  3.174E-16
1.343E+01  8.190E-25  2.917E-16
1.330E+01  8.227E-25  2.904E-16
1.318E+01  8.733E-25  3.054E-16
1.306E+01  9.719E-25  3.367E-16
1.294E+01  1.142E-24  3.919E-16
1.282E+01  1.414E-24  4.809E-16
1.271E+01  1.752E-24  5.905E-16
1.259E+01  1.900E-24  6.346E-16
1.247E+01  1.709E-24  5.654E-16
1.236E+01  1.472E-24  4.826E-16
1.225E+01  1.374E-24  4.465E-16
1.213E+01  1.404E-24  4.520E-16
1.202E+01  1.457E-24  4.647E-16
1.191E+01  1.408E-24  4.448E-16
1.180E+01  1.297E-24  4.061E-16
1.169E+01  1.263E-24  3.917E-16
1.159E+01  1.405E-24  4.320E-16
1.148E+01  1.882E-24  5.732E-16
1.138E+01  2.887E-24  8.711E-16
1.127E+01  4.026E-24  1.204E-15
1.117E+01  2.751E-24  8.149E-16
1.107E+01  1.455E-24  4.272E-16
1.096E+01  9.947E-25  2.893E-16
1.086E+01  7.773E-25  2.240E-16
1.076E+01  6.583E-25  1.880E-16
1.067E+01  5.861E-25  1.658E-16
1.057E+01  5.392E-25  1.511E-16
1.047E+01  5.071E-25  1.408E-16
1.038E+01  4.843E-25  1.333E-16
1.028E+01  4.677E-25  1.275E-16
1.019E+01  4.557E-25  1.231E-16
1.009E+01  4.473E-25  1.198E-16
1.000E+01  4.421E-25  1.173E-16
9.908E+00  4.397E-25  1.156E-16
9.817E+00  4.400E-25  1.146E-16
9.727E+00  4.429E-25  1.143E-16
9.638E+00  4.487E-25  1.147E-16
9.550E+00  4.573E-25  1.159E-16
9.462E+00  4.694E-25  1.178E-16
9.376E+00  4.856E-25  1.208E-16
9.290E+00  5.075E-25  1.250E-16
9.204E+00  5.372E-25  1.312E-16
9.120E+00  5.787E-25  1.400E-16
9.036E+00  6.388E-25  1.531E-16
8.954E+00  7.297E-25  1.733E-16
8.872E+00  8.739E-25  2.056E-16
8.790E+00  1.111E-24  2.590E-16
8.710E+00  1.473E-24  3.403E-16
8.630E+00  1.811E-24  4.146E-16
8.551E+00  1.768E-24  4.010E-16
8.472E+00  1.532E-24  3.443E-16
8.395E+00  1.411E-24  3.141E-16
8.318E+00  1.402E-24  3.093E-16
8.241E+00  1.462E-24  3.196E-16
8.166E+00  1.617E-24  3.502E-16
8.091E+00  1.913E-24  4.105E-16
8.017E+00  2.387E-24  5.076E-16
7.943E+00  3.014E-24  6.350E-16
7.870E+00  3.585E-24  7.485E-16
7.798E+00  3.854E-24  7.972E-16
7.727E+00  4.010E-24  8.218E-16
7.656E+00  4.287E-24  8.706E-16
7.586E+00  4.233E-24  8.517E-16
7.516E+00  3.495E-24  6.968E-16
7.447E+00  2.648E-24  5.230E-16
7.379E+00  2.036E-24  3.986E-16
7.311E+00  1.630E-24  3.161E-16
7.244E+00  1.349E-24  2.592E-16
7.178E+00  1.145E-24  2.180E-16
7.112E+00  9.947E-25  1.877E-16
7.047E+00  8.857E-25  1.656E-16
6.982E+00  8.116E-25  1.503E-16
6.918E+00  7.688E-25  1.411E-16
6.855E+00  7.538E-25  1.371E-16
6.792E+00  7.585E-25  1.367E-16
6.730E+00  7.660E-25  1.367E-16
6.668E+00  7.564E-25  1.338E-16
6.607E+00  7.305E-25  1.280E-16
6.546E+00  7.141E-25  1.240E-16
6.486E+00  7.415E-25  1.276E-16
6.427E+00  8.554E-25  1.458E-16
6.368E+00  1.141E-24  1.928E-16
6.310E+00  1.794E-24  3.003E-16
6.252E+00  2.919E-24  4.840E-16
6.194E+00  2.973E-24  4.885E-16
6.138E+00  1.785E-24  2.906E-16
6.081E+00  1.046E-24  1.688E-16
6.026E+00  7.019E-25  1.122E-16
5.970E+00  5.376E-25  8.514E-17
5.916E+00  4.633E-25  7.270E-17
5.861E+00  4.486E-25  6.975E-17
5.808E+00  4.899E-25  7.548E-17
5.754E+00  5.810E-25  8.868E-17
5.702E+00  6.340E-25  9.588E-17
5.649E+00  5.405E-25  8.100E-17
5.598E+00  4.028E-25  5.980E-17
5.546E+00  3.073E-25  4.522E-17
5.495E+00  2.517E-25  3.670E-17
5.445E+00  2.217E-25  3.202E-17
5.395E+00  2.107E-25  3.015E-17
5.346E+00  2.210E-25  3.133E-17
5.297E+00  2.603E-25  3.657E-17
5.248E+00  2.891E-25  4.025E-17
5.200E+00  2.339E-25  3.227E-17
5.152E+00  1.766E-25  2.413E-17
5.105E+00  1.451E-25  1.964E-17
5.058E+00  1.275E-25  1.710E-17
5.012E+00  1.165E-25  1.548E-17
4.966E+00  1.089E-25  1.434E-17
4.920E+00  1.032E-25  1.346E-17
4.875E+00  9.867E-26  1.276E-17
4.831E+00  9.500E-26  1.217E-17
4.786E+00  9.190E-26  1.167E-17
4.742E+00  8.925E-26  1.123E-17
4.699E+00  8.694E-26  1.084E-17
4.656E+00  8.489E-26  1.048E-17
4.613E+00  8.307E-26  1.017E-17
4.571E+00  8.144E-26  9.874E-18
4.529E+00  7.996E-26  9.606E-18
4.487E+00  7.862E-26  9.358E-18
4.446E+00  7.740E-26  9.128E-18
4.406E+00  7.628E-26  8.914E-18
4.365E+00  7.526E-26  8.715E-18
4.325E+00  7.433E-26  8.528E-18
4.285E+00  7.348E-26  8.353E-18
4.246E+00  7.270E-26  8.189E-18
4.207E+00  7.199E-26  8.035E-18
4.169E+00  7.136E-26  7.890E-18
4.130E+00  7.078E-26  7.755E-18
4.093E+00  7.027E-26  7.628E-18
4.055E+00  6.982E-26  7.510E-18
4.018E+00  6.944E-26  7.401E-18
3.981E+00  6.913E-26  7.301E-18
3.945E+00  6.891E-26  7.210E-18
3.908E+00  6.877E-26  7.130E-18
3.873E+00  6.873E-26  7.061E-18
3.837E+00  6.882E-26  7.005E-18
3.802E+00  6.905E-26  6.964E-18
3.767E+00  6.946E-26  6.941E-18
3.733E+00  7.010E-26  6.940E-18
3.698E+00  7.103E-26  6.968E-18
3.664E+00  7.234E-26  7.032E-18
3.631E+00  7.420E-26  7.146E-18
3.597E+00  7.682E-26  7.330E-18
3.565E+00  8.057E-26  7.618E-18
3.532E+00  8.610E-26  8.066E-18
3.499E+00  9.455E-26  8.776E-18
3.467E+00  1.082E-25  9.952E-18
3.436E+00  1.321E-25  1.204E-17
3.404E+00  1.793E-25  1.619E-17
3.373E+00  2.921E-25  2.613E-17
3.342E+00  6.657E-25  5.901E-17
3.311E+00  2.518E-24  2.212E-16
3.281E+00  1.720E-24  1.497E-16
3.251E+00  4.911E-25  4.235E-17
3.221E+00  2.344E-25  2.003E-17
3.192E+00  1.495E-25  1.266E-17
3.162E+00  1.120E-25  9.396E-18
3.133E+00  9.228E-26  7.669E-18
3.105E+00  8.060E-26  6.638E-18
3.076E+00  7.310E-26  5.964E-18
3.048E+00  6.795E-26  5.494E-18
3.020E+00  6.424E-26  5.146E-18
2.992E+00  6.144E-26  4.877E-18
2.965E+00  5.927E-26  4.661E-18
2.938E+00  5.751E-26  4.482E-18
2.911E+00  5.607E-26  4.329E-18
2.884E+00  5.484E-26  4.195E-18
2.858E+00  5.378E-26  4.077E-18
2.831E+00  5.285E-26  3.970E-18
2.805E+00  5.202E-26  3.871E-18
2.780E+00  5.127E-26  3.780E-18
2.754E+00  5.057E-26  3.695E-18
2.729E+00  4.993E-26  3.614E-18
2.704E+00  4.932E-26  3.538E-18
2.679E+00  4.875E-26  3.464E-18
2.655E+00  4.820E-26  3.394E-18
2.630E+00  4.767E-26  3.326E-18
2.606E+00  4.716E-26  3.260E-18
2.582E+00  4.667E-26  3.197E-18
2.559E+00  4.618E-26  3.134E-18
2.535E+00  4.571E-26  3.074E-18
2.512E+00  4.524E-26  3.015E-18
2.489E+00  4.478E-26  2.957E-18
2.466E+00  4.432E-26  2.899E-18
2.443E+00  4.386E-26  2.843E-18
2.421E+00  4.341E-26  2.788E-18
2.399E+00  4.296E-26  2.734E-18
2.377E+00  4.252E-26  2.681E-18
2.355E+00  4.208E-26  2.629E-18
2.333E+00  4.164E-26  2.578E-18
2.312E+00  4.121E-26  2.527E-18
2.291E+00  4.077E-26  2.477E-18
2.270E+00  4.033E-26  2.428E-18
2.249E+00  3.989E-26  2.380E-18
2.228E+00  3.944E-26  2.331E-18
2.208E+00  3.899E-26  2.283E-18
2.188E+00  3.852E-26  2.236E-18
2.168E+00  3.805E-26  2.188E-18
2.148E+00  3.756E-26  2.140E-18
2.128E+00  3.705E-26  2.091E-18
2.109E+00  3.651E-26  2.042E-18
2.089E+00  3.594E-26  1.992E-18
2.070E+00  3.532E-26  1.940E-18
2.051E+00  3.465E-26  1.885E-18
2.032E+00  3.391E-26  1.828E-18
2.014E+00  3.308E-26  1.767E-18
1.995E+00  3.216E-26  1.702E-18
1.977E+00  3.113E-26  1.633E-18
1.959E+00  3.004E-26  1.561E-18
1.941E+00  2.897E-26  1.492E-18
1.923E+00  2.814E-26  1.435E-18
1.905E+00  2.773E-26  1.402E-18
1.888E+00  2.782E-26  1.393E-18
1.871E+00  2.826E-26  1.402E-18
1.854E+00  2.881E-26  1.417E-18
1.837E+00  2.930E-26  1.427E-18
1.820E+00  2.965E-26  1.431E-18
1.803E+00  2.987E-26  1.428E-18
1.786E+00  2.996E-26  1.420E-18
1.770E+00  2.995E-26  1.406E-18
1.754E+00  2.988E-26  1.390E-18
1.738E+00  2.976E-26  1.372E-18
1.722E+00  2.961E-26  1.352E-18
1.706E+00  2.942E-26  1.332E-18
1.690E+00  2.923E-26  1.311E-18
1.675E+00  2.902E-26  1.289E-18
1.660E+00  2.881E-26  1.268E-18
1.644E+00  2.859E-26  1.247E-18
1.629E+00  2.837E-26  1.226E-18
1.614E+00  2.817E-26  1.206E-18
1.600E+00  2.796E-26  1.186E-18
1.585E+00  2.777E-26  1.168E-18
1.570E+00  2.760E-26  1.150E-18
1.556E+00  2.744E-26  1.133E-18
1.542E+00  2.730E-26  1.117E-18
1.528E+00  2.719E-26  1.102E-18
1.514E+00  2.711E-26  1.089E-18
1.500E+00  2.707E-26  1.077E-18
1.486E+00  2.706E-26  1.067E-18
1.472E+00  2.711E-26  1.059E-18
1.459E+00  2.721E-26  1.053E-18
1.445E+00  2.738E-26  1.050E-18
1.432E+00  2.763E-26  1.050E-18
1.419E+00  2.798E-26  1.053E-18
1.406E+00  2.844E-26  1.061E-18
1.393E+00  2.905E-26  1.073E-18
1.380E+00  2.982E-26  1.092E-18
1.368E+00  3.079E-26  1.117E-18
1.355E+00  3.199E-26  1.150E-18
1.343E+00  3.346E-26  1.192E-18
1.330E+00  3.520E-26  1.242E-18
1.318E+00  3.718E-26  1.300E-18
1.306E+00  3.929E-26  1.361E-18
1.294E+00  4.128E-26  1.417E-18
1.282E+00  4.274E-26  1.454E-18
1.271E+00  4.316E-26  1.455E-18
1.259E+00  4.221E-26  1.409E-18
1.247E+00  3.990E-26  1.320E-18
1.236E+00  3.667E-26  1.202E-18
1.225E+00  3.315E-26  1.077E-18
1.213E+00  2.981E-26  9.595E-19
1.202E+00  2.693E-26  8.588E-19
1.191E+00  2.459E-26  7.770E-19
1.180E+00  2.277E-26  7.130E-19
1.169E+00  2.143E-26  6.649E-19
1.159E+00  2.052E-26  6.306E-19
1.148E+00  1.999E-26  6.089E-19
1.138E+00  1.986E-26  5.993E-19
1.127E+00  2.015E-26  6.026E-19
1.117E+00  2.096E-26  6.210E-19
1.107E+00  2.245E-26  6.589E-19
1.096E+00  2.487E-26  7.234E-19
1.086E+00  2.862E-26  8.248E-19
1.076E+00  3.408E-26  9.731E-19
1.067E+00  4.092E-26  1.158E-18
1.057E+00  4.639E-26  1.300E-18
1.047E+00  4.546E-26  1.263E-18
1.038E+00  3.770E-26  1.038E-18
1.028E+00  2.856E-26  7.788E-19
1.019E+00  2.147E-26  5.801E-19
1.009E+00  1.667E-26  4.462E-19
1.000E+00  1.348E-26  3.577E-19
