Dust emission from Draine & Li (2007): ApJ 657, 810-837
================================================================
         9 = grain model
 4.000E-08 4.000E-01 2.500E-06 = a_01 (cm) , sigma_1 , b_C1/0.92
 2.500E-07 4.000E-01 2.500E-06 = a_02 (cm) , sigma_2 , b_C2/0.92
 1.500E-01 1.000E+05 2.000E+00 = Umin , Umax, beta (dN/dU propto U^{-beta})
 2.012E+00 = <U> 
     mmp83 = radfield
 1.895E-24 = power/H (erg s-1)
 band   nu*P_nu(band) j_nu(band)
 (um)   (erg s-1 H-1)(Jy cm2 sr-1 H-1)
1.270E+00  3.492E-27  1.176E-19 COBE-DIRBE
2.220E+00  4.595E-27  2.706E-19 COBE-DIRBE
3.530E+00  1.913E-26  1.791E-18 COBE-DIRBE
4.880E+00  9.176E-27  1.188E-18 COBE-DIRBE
1.229E+01  1.598E-25  5.211E-17 COBE-DIRBE
2.079E+01  4.028E-25  2.221E-16 COBE-DIRBE
5.599E+01  8.116E-25  1.205E-15 COBE-DIRBE
9.770E+01  6.743E-25  1.747E-15 COBE-DIRBE
1.479E+02  5.116E-25  2.007E-15 COBE-DIRBE
2.479E+02  2.166E-25  1.424E-15 COBE-DIRBE
1.200E+01  1.478E-25  4.706E-17 IRAS
2.500E+01  4.910E-25  3.256E-16 IRAS
6.000E+01  7.996E-25  1.273E-15 IRAS
1.000E+02  6.664E-25  1.768E-15 IRAS
3.550E+00  2.195E-26  2.067E-18 SST-IRAC
4.493E+00  7.042E-27  8.392E-19 SST-IRAC
5.731E+00  4.781E-26  7.268E-18 SST-IRAC
7.872E+00  1.513E-25  3.160E-17 SST-IRAC
2.368E+01  4.715E-25  2.962E-16 SST-MIPS
7.142E+01  6.933E-25  1.313E-15 SST-MIPS
1.559E+02  4.615E-25  1.909E-15 SST-MIPS
1.600E+01  2.107E-25  8.942E-17 SST-IRSPU
2.200E+01  4.615E-25  2.693E-16 SST-IRSPU











lambda    nu*dP/dnu     j_nu
 (um)   (erg s-1 H-1)(Jy cm2 sr-1 H-1)
1.000E+04  1.601E-31  4.246E-20
9.908E+03  1.659E-31  4.359E-20
9.817E+03  1.719E-31  4.476E-20
9.727E+03  1.781E-31  4.596E-20
9.638E+03  1.846E-31  4.719E-20
9.550E+03  1.913E-31  4.846E-20
9.462E+03  1.982E-31  4.975E-20
9.376E+03  2.054E-31  5.109E-20
9.290E+03  2.129E-31  5.245E-20
9.204E+03  2.206E-31  5.386E-20
9.120E+03  2.286E-31  5.530E-20
9.036E+03  2.369E-31  5.678E-20
8.954E+03  2.455E-31  5.830E-20
8.872E+03  2.543E-31  5.984E-20
8.790E+03  2.635E-31  6.143E-20
8.710E+03  2.730E-31  6.307E-20
8.630E+03  2.828E-31  6.475E-20
8.551E+03  2.931E-31  6.647E-20
8.472E+03  3.037E-31  6.824E-20
8.395E+03  3.147E-31  7.006E-20
8.318E+03  3.260E-31  7.193E-20
8.241E+03  3.378E-31  7.386E-20
8.166E+03  3.501E-31  7.583E-20
8.091E+03  3.628E-31  7.786E-20
8.017E+03  3.759E-31  7.994E-20
7.943E+03  3.896E-31  8.209E-20
7.870E+03  4.037E-31  8.429E-20
7.798E+03  4.184E-31  8.655E-20
7.727E+03  4.336E-31  8.887E-20
7.656E+03  4.494E-31  9.126E-20
7.586E+03  4.657E-31  9.371E-20
7.516E+03  4.827E-31  9.623E-20
7.447E+03  5.003E-31  9.882E-20
7.379E+03  5.185E-31  1.015E-19
7.311E+03  5.374E-31  1.042E-19
7.244E+03  5.570E-31  1.070E-19
7.178E+03  5.773E-31  1.099E-19
7.112E+03  5.984E-31  1.129E-19
7.047E+03  6.203E-31  1.159E-19
6.982E+03  6.429E-31  1.191E-19
6.918E+03  6.664E-31  1.223E-19
6.855E+03  6.907E-31  1.256E-19
6.792E+03  7.159E-31  1.290E-19
6.730E+03  7.421E-31  1.325E-19
6.668E+03  7.692E-31  1.361E-19
6.607E+03  7.973E-31  1.397E-19
6.546E+03  8.265E-31  1.435E-19
6.486E+03  8.568E-31  1.474E-19
6.427E+03  8.882E-31  1.514E-19
6.368E+03  9.208E-31  1.555E-19
6.310E+03  9.545E-31  1.598E-19
6.252E+03  9.896E-31  1.641E-19
6.194E+03  1.026E-30  1.686E-19
6.138E+03  1.064E-30  1.732E-19
6.081E+03  1.103E-30  1.779E-19
6.026E+03  1.143E-30  1.827E-19
5.970E+03  1.185E-30  1.877E-19
5.916E+03  1.229E-30  1.928E-19
5.861E+03  1.274E-30  1.981E-19
5.808E+03  1.321E-30  2.035E-19
5.754E+03  1.370E-30  2.091E-19
5.702E+03  1.420E-30  2.148E-19
5.649E+03  1.473E-30  2.207E-19
5.598E+03  1.527E-30  2.268E-19
5.546E+03  1.584E-30  2.330E-19
5.495E+03  1.642E-30  2.394E-19
5.445E+03  1.703E-30  2.459E-19
5.395E+03  1.766E-30  2.527E-19
5.346E+03  1.831E-30  2.596E-19
5.297E+03  1.899E-30  2.668E-19
5.248E+03  1.969E-30  2.741E-19
5.200E+03  2.042E-30  2.817E-19
5.152E+03  2.118E-30  2.894E-19
5.105E+03  2.196E-30  2.974E-19
5.058E+03  2.278E-30  3.056E-19
5.012E+03  2.362E-30  3.140E-19
4.966E+03  2.450E-30  3.227E-19
4.920E+03  2.541E-30  3.316E-19
4.875E+03  2.635E-30  3.408E-19
4.831E+03  2.733E-30  3.502E-19
4.786E+03  2.834E-30  3.599E-19
4.742E+03  2.940E-30  3.698E-19
4.699E+03  3.049E-30  3.801E-19
4.656E+03  3.163E-30  3.906E-19
4.613E+03  3.280E-30  4.014E-19
4.571E+03  3.403E-30  4.125E-19
4.529E+03  3.529E-30  4.240E-19
4.487E+03  3.661E-30  4.358E-19
4.446E+03  3.797E-30  4.479E-19
4.406E+03  3.939E-30  4.603E-19
4.365E+03  4.086E-30  4.731E-19
4.325E+03  4.239E-30  4.863E-19
4.285E+03  4.397E-30  4.999E-19
4.246E+03  4.562E-30  5.138E-19
4.207E+03  4.732E-30  5.281E-19
4.169E+03  4.909E-30  5.429E-19
4.130E+03  5.093E-30  5.580E-19
4.093E+03  5.284E-30  5.736E-19
4.055E+03  5.482E-30  5.897E-19
4.018E+03  5.687E-30  6.061E-19
3.981E+03  5.900E-30  6.231E-19
3.945E+03  6.121E-30  6.405E-19
3.908E+03  6.350E-30  6.584E-19
3.873E+03  6.588E-30  6.768E-19
3.837E+03  6.836E-30  6.957E-19
3.802E+03  7.092E-30  7.152E-19
3.767E+03  7.358E-30  7.353E-19
3.733E+03  7.635E-30  7.559E-19
3.698E+03  7.922E-30  7.771E-19
3.664E+03  8.219E-30  7.989E-19
3.631E+03  8.529E-30  8.214E-19
3.597E+03  8.850E-30  8.445E-19
3.565E+03  9.183E-30  8.683E-19
3.532E+03  9.529E-30  8.927E-19
3.499E+03  9.888E-30  9.179E-19
3.467E+03  1.026E-29  9.438E-19
3.436E+03  1.065E-29  9.704E-19
3.404E+03  1.105E-29  9.978E-19
3.373E+03  1.147E-29  1.026E-18
3.342E+03  1.190E-29  1.055E-18
3.311E+03  1.235E-29  1.085E-18
3.281E+03  1.282E-29  1.116E-18
3.251E+03  1.330E-29  1.147E-18
3.221E+03  1.381E-29  1.180E-18
3.192E+03  1.433E-29  1.213E-18
3.162E+03  1.487E-29  1.248E-18
3.133E+03  1.544E-29  1.283E-18
3.105E+03  1.602E-29  1.319E-18
3.076E+03  1.663E-29  1.357E-18
3.048E+03  1.726E-29  1.395E-18
3.020E+03  1.792E-29  1.435E-18
2.992E+03  1.859E-29  1.476E-18
2.965E+03  1.930E-29  1.518E-18
2.938E+03  2.003E-29  1.561E-18
2.911E+03  2.079E-29  1.605E-18
2.884E+03  2.158E-29  1.651E-18
2.858E+03  2.239E-29  1.698E-18
2.831E+03  2.324E-29  1.746E-18
2.805E+03  2.413E-29  1.795E-18
2.780E+03  2.504E-29  1.847E-18
2.754E+03  2.599E-29  1.899E-18
2.729E+03  2.698E-29  1.953E-18
2.704E+03  2.801E-29  2.009E-18
2.679E+03  2.907E-29  2.066E-18
2.655E+03  3.018E-29  2.125E-18
2.630E+03  3.133E-29  2.186E-18
2.606E+03  3.252E-29  2.248E-18
2.582E+03  3.376E-29  2.313E-18
2.559E+03  3.505E-29  2.379E-18
2.535E+03  3.639E-29  2.447E-18
2.512E+03  3.777E-29  2.517E-18
2.489E+03  3.921E-29  2.589E-18
2.466E+03  4.071E-29  2.663E-18
2.443E+03  4.227E-29  2.739E-18
2.421E+03  4.388E-29  2.818E-18
2.399E+03  4.556E-29  2.899E-18
2.377E+03  4.730E-29  2.982E-18
2.355E+03  4.911E-29  3.068E-18
2.333E+03  5.098E-29  3.156E-18
2.312E+03  5.293E-29  3.246E-18
2.291E+03  5.496E-29  3.340E-18
2.270E+03  5.706E-29  3.436E-18
2.249E+03  5.924E-29  3.534E-18
2.228E+03  6.151E-29  3.636E-18
2.208E+03  6.387E-29  3.741E-18
2.188E+03  6.631E-29  3.848E-18
2.168E+03  6.885E-29  3.959E-18
2.148E+03  7.149E-29  4.073E-18
2.128E+03  7.423E-29  4.190E-18
2.109E+03  7.707E-29  4.311E-18
2.089E+03  8.003E-29  4.435E-18
2.070E+03  8.309E-29  4.563E-18
2.051E+03  8.628E-29  4.694E-18
2.032E+03  8.959E-29  4.830E-18
2.014E+03  9.302E-29  4.969E-18
1.995E+03  9.659E-29  5.112E-18
1.977E+03  1.003E-28  5.259E-18
1.959E+03  1.041E-28  5.411E-18
1.941E+03  1.081E-28  5.566E-18
1.923E+03  1.123E-28  5.727E-18
1.905E+03  1.166E-28  5.892E-18
1.888E+03  1.210E-28  6.061E-18
1.871E+03  1.257E-28  6.236E-18
1.854E+03  1.305E-28  6.416E-18
1.837E+03  1.355E-28  6.601E-18
1.820E+03  1.407E-28  6.791E-18
1.803E+03  1.461E-28  6.987E-18
1.786E+03  1.517E-28  7.188E-18
1.770E+03  1.575E-28  7.395E-18
1.754E+03  1.635E-28  7.608E-18
1.738E+03  1.698E-28  7.827E-18
1.722E+03  1.763E-28  8.053E-18
1.706E+03  1.831E-28  8.285E-18
1.690E+03  1.901E-28  8.524E-18
1.675E+03  1.974E-28  8.769E-18
1.660E+03  2.049E-28  9.021E-18
1.644E+03  2.128E-28  9.281E-18
1.629E+03  2.209E-28  9.548E-18
1.614E+03  2.294E-28  9.823E-18
1.600E+03  2.382E-28  1.011E-17
1.585E+03  2.473E-28  1.040E-17
1.570E+03  2.567E-28  1.069E-17
1.556E+03  2.666E-28  1.100E-17
1.542E+03  2.768E-28  1.132E-17
1.528E+03  2.873E-28  1.164E-17
1.514E+03  2.983E-28  1.198E-17
1.500E+03  3.097E-28  1.232E-17
1.486E+03  3.216E-28  1.267E-17
1.472E+03  3.339E-28  1.304E-17
1.459E+03  3.466E-28  1.341E-17
1.445E+03  3.598E-28  1.380E-17
1.432E+03  3.736E-28  1.419E-17
1.419E+03  3.879E-28  1.460E-17
1.406E+03  4.027E-28  1.502E-17
1.393E+03  4.180E-28  1.545E-17
1.380E+03  4.340E-28  1.589E-17
1.368E+03  4.505E-28  1.634E-17
1.355E+03  4.677E-28  1.681E-17
1.343E+03  4.855E-28  1.729E-17
1.330E+03  5.040E-28  1.779E-17
1.318E+03  5.231E-28  1.829E-17
1.306E+03  5.430E-28  1.881E-17
1.294E+03  5.637E-28  1.935E-17
1.282E+03  5.851E-28  1.990E-17
1.271E+03  6.073E-28  2.047E-17
1.259E+03  6.304E-28  2.105E-17
1.247E+03  6.543E-28  2.165E-17
1.236E+03  6.791E-28  2.226E-17
1.225E+03  7.048E-28  2.289E-17
1.213E+03  7.314E-28  2.354E-17
1.202E+03  7.591E-28  2.421E-17
1.191E+03  7.878E-28  2.489E-17
1.180E+03  8.175E-28  2.560E-17
1.169E+03  8.484E-28  2.632E-17
1.159E+03  8.804E-28  2.706E-17
1.148E+03  9.136E-28  2.782E-17
1.138E+03  9.480E-28  2.861E-17
1.127E+03  9.836E-28  2.941E-17
1.117E+03  1.021E-27  3.024E-17
1.107E+03  1.059E-27  3.108E-17
1.096E+03  1.099E-27  3.195E-17
1.086E+03  1.140E-27  3.285E-17
1.076E+03  1.183E-27  3.377E-17
1.067E+03  1.227E-27  3.471E-17
1.057E+03  1.273E-27  3.568E-17
1.047E+03  1.320E-27  3.667E-17
1.038E+03  1.369E-27  3.769E-17
1.028E+03  1.420E-27  3.873E-17
1.019E+03  1.473E-27  3.981E-17
1.009E+03  1.528E-27  4.091E-17
1.000E+03  1.585E-27  4.204E-17
9.908E+02  1.644E-27  4.320E-17
9.817E+02  1.705E-27  4.439E-17
9.727E+02  1.768E-27  4.562E-17
9.638E+02  1.833E-27  4.687E-17
9.550E+02  1.901E-27  4.816E-17
9.462E+02  1.971E-27  4.948E-17
9.376E+02  2.044E-27  5.084E-17
9.290E+02  2.120E-27  5.223E-17
9.204E+02  2.198E-27  5.366E-17
9.120E+02  2.278E-27  5.512E-17
9.036E+02  2.362E-27  5.662E-17
8.954E+02  2.449E-27  5.815E-17
8.872E+02  2.538E-27  5.973E-17
8.790E+02  2.631E-27  6.134E-17
8.710E+02  2.727E-27  6.300E-17
8.630E+02  2.826E-27  6.469E-17
8.551E+02  2.929E-27  6.643E-17
8.472E+02  3.035E-27  6.820E-17
8.395E+02  3.145E-27  7.003E-17
8.318E+02  3.258E-27  7.189E-17
8.241E+02  3.376E-27  7.380E-17
8.166E+02  3.498E-27  7.576E-17
8.091E+02  3.623E-27  7.777E-17
8.017E+02  3.753E-27  7.982E-17
7.943E+02  3.888E-27  8.192E-17
7.870E+02  4.027E-27  8.407E-17
7.798E+02  4.171E-27  8.627E-17
7.727E+02  4.319E-27  8.853E-17
7.656E+02  4.473E-27  9.084E-17
7.586E+02  4.632E-27  9.320E-17
7.516E+02  4.796E-27  9.562E-17
7.447E+02  4.966E-27  9.810E-17
7.379E+02  5.142E-27  1.006E-16
7.311E+02  5.324E-27  1.033E-16
7.244E+02  5.513E-27  1.059E-16
7.178E+02  5.707E-27  1.087E-16
7.112E+02  5.909E-27  1.115E-16
7.047E+02  6.117E-27  1.143E-16
6.982E+02  6.332E-27  1.173E-16
6.918E+02  6.555E-27  1.203E-16
6.855E+02  6.784E-27  1.234E-16
6.792E+02  7.022E-27  1.265E-16
6.730E+02  7.267E-27  1.297E-16
6.668E+02  7.520E-27  1.330E-16
6.607E+02  7.782E-27  1.364E-16
6.546E+02  8.053E-27  1.398E-16
6.486E+02  8.334E-27  1.434E-16
6.427E+02  8.625E-27  1.470E-16
6.368E+02  8.925E-27  1.508E-16
6.310E+02  9.236E-27  1.546E-16
6.252E+02  9.556E-27  1.585E-16
6.194E+02  9.888E-27  1.625E-16
6.138E+02  1.023E-26  1.666E-16
6.081E+02  1.058E-26  1.707E-16
6.026E+02  1.095E-26  1.750E-16
5.970E+02  1.133E-26  1.794E-16
5.916E+02  1.172E-26  1.839E-16
5.861E+02  1.212E-26  1.885E-16
5.808E+02  1.254E-26  1.932E-16
5.754E+02  1.297E-26  1.980E-16
5.702E+02  1.341E-26  2.029E-16
5.649E+02  1.387E-26  2.079E-16
5.598E+02  1.435E-26  2.130E-16
5.546E+02  1.484E-26  2.183E-16
5.495E+02  1.534E-26  2.237E-16
5.445E+02  1.587E-26  2.291E-16
5.395E+02  1.640E-26  2.347E-16
5.346E+02  1.696E-26  2.405E-16
5.297E+02  1.753E-26  2.464E-16
5.248E+02  1.813E-26  2.524E-16
5.200E+02  1.874E-26  2.585E-16
5.152E+02  1.937E-26  2.648E-16
5.105E+02  2.003E-26  2.712E-16
5.058E+02  2.070E-26  2.777E-16
5.012E+02  2.139E-26  2.844E-16
4.966E+02  2.211E-26  2.912E-16
4.920E+02  2.285E-26  2.982E-16
4.875E+02  2.361E-26  3.053E-16
4.831E+02  2.439E-26  3.126E-16
4.786E+02  2.520E-26  3.200E-16
4.742E+02  2.604E-26  3.275E-16
4.699E+02  2.690E-26  3.352E-16
4.656E+02  2.778E-26  3.431E-16
4.613E+02  2.870E-26  3.512E-16
4.571E+02  2.964E-26  3.594E-16
4.529E+02  3.061E-26  3.678E-16
4.487E+02  3.161E-26  3.763E-16
4.446E+02  3.264E-26  3.850E-16
4.406E+02  3.371E-26  3.939E-16
4.365E+02  3.480E-26  4.029E-16
4.325E+02  3.593E-26  4.122E-16
4.285E+02  3.709E-26  4.216E-16
4.246E+02  3.828E-26  4.312E-16
4.207E+02  3.951E-26  4.409E-16
4.169E+02  4.078E-26  4.509E-16
4.130E+02  4.208E-26  4.610E-16
4.093E+02  4.342E-26  4.714E-16
4.055E+02  4.480E-26  4.819E-16
4.018E+02  4.622E-26  4.926E-16
3.981E+02  4.768E-26  5.035E-16
3.945E+02  4.919E-26  5.147E-16
3.908E+02  5.074E-26  5.260E-16
3.873E+02  5.233E-26  5.375E-16
3.837E+02  5.397E-26  5.493E-16
3.802E+02  5.565E-26  5.612E-16
3.767E+02  5.738E-26  5.733E-16
3.733E+02  5.915E-26  5.857E-16
3.698E+02  6.098E-26  5.982E-16
3.664E+02  6.286E-26  6.110E-16
3.631E+02  6.479E-26  6.240E-16
3.597E+02  6.677E-26  6.371E-16
3.565E+02  6.880E-26  6.505E-16
3.532E+02  7.089E-26  6.641E-16
3.499E+02  7.304E-26  6.780E-16
3.467E+02  7.524E-26  6.920E-16
3.436E+02  7.750E-26  7.063E-16
3.404E+02  7.982E-26  7.207E-16
3.373E+02  8.220E-26  7.354E-16
3.342E+02  8.464E-26  7.503E-16
3.311E+02  8.714E-26  7.654E-16
3.281E+02  8.970E-26  7.807E-16
3.251E+02  9.233E-26  7.962E-16
3.221E+02  9.503E-26  8.119E-16
3.192E+02  9.779E-26  8.279E-16
3.162E+02  1.006E-25  8.440E-16
3.133E+02  1.035E-25  8.603E-16
3.105E+02  1.065E-25  8.769E-16
3.076E+02  1.095E-25  8.936E-16
3.048E+02  1.126E-25  9.106E-16
3.020E+02  1.158E-25  9.278E-16
2.992E+02  1.191E-25  9.451E-16
2.965E+02  1.224E-25  9.627E-16
2.938E+02  1.258E-25  9.804E-16
2.911E+02  1.293E-25  9.983E-16
2.884E+02  1.329E-25  1.016E-15
2.858E+02  1.365E-25  1.035E-15
2.831E+02  1.402E-25  1.053E-15
2.805E+02  1.440E-25  1.072E-15
2.780E+02  1.479E-25  1.091E-15
2.754E+02  1.519E-25  1.110E-15
2.729E+02  1.560E-25  1.129E-15
2.704E+02  1.601E-25  1.149E-15
2.679E+02  1.644E-25  1.168E-15
2.655E+02  1.687E-25  1.188E-15
2.630E+02  1.732E-25  1.208E-15
2.606E+02  1.777E-25  1.228E-15
2.582E+02  1.823E-25  1.249E-15
2.559E+02  1.870E-25  1.269E-15
2.535E+02  1.917E-25  1.289E-15
2.512E+02  1.965E-25  1.309E-15
2.489E+02  2.012E-25  1.329E-15
2.466E+02  2.059E-25  1.347E-15
2.443E+02  2.106E-25  1.365E-15
2.421E+02  2.154E-25  1.383E-15
2.399E+02  2.201E-25  1.401E-15
2.377E+02  2.248E-25  1.418E-15
2.355E+02  2.296E-25  1.434E-15
2.333E+02  2.344E-25  1.451E-15
2.312E+02  2.392E-25  1.467E-15
2.291E+02  2.441E-25  1.483E-15
2.270E+02  2.491E-25  1.500E-15
2.249E+02  2.541E-25  1.516E-15
2.228E+02  2.591E-25  1.532E-15
2.208E+02  2.642E-25  1.548E-15
2.188E+02  2.694E-25  1.563E-15
2.168E+02  2.746E-25  1.579E-15
2.148E+02  2.798E-25  1.594E-15
2.128E+02  2.851E-25  1.609E-15
2.109E+02  2.904E-25  1.624E-15
2.089E+02  2.957E-25  1.639E-15
2.070E+02  3.011E-25  1.653E-15
2.051E+02  3.065E-25  1.668E-15
2.032E+02  3.120E-25  1.682E-15
2.014E+02  3.174E-25  1.696E-15
1.995E+02  3.229E-25  1.709E-15
1.977E+02  3.285E-25  1.723E-15
1.959E+02  3.340E-25  1.736E-15
1.941E+02  3.396E-25  1.748E-15
1.923E+02  3.452E-25  1.761E-15
1.905E+02  3.508E-25  1.773E-15
1.888E+02  3.565E-25  1.785E-15
1.871E+02  3.622E-25  1.797E-15
1.854E+02  3.679E-25  1.809E-15
1.837E+02  3.736E-25  1.820E-15
1.820E+02  3.793E-25  1.831E-15
1.803E+02  3.850E-25  1.842E-15
1.786E+02  3.908E-25  1.852E-15
1.770E+02  3.966E-25  1.862E-15
1.754E+02  4.024E-25  1.872E-15
1.738E+02  4.082E-25  1.882E-15
1.722E+02  4.140E-25  1.891E-15
1.706E+02  4.199E-25  1.900E-15
1.690E+02  4.257E-25  1.909E-15
1.675E+02  4.316E-25  1.918E-15
1.660E+02  4.375E-25  1.926E-15
1.644E+02  4.435E-25  1.934E-15
1.629E+02  4.494E-25  1.942E-15
1.614E+02  4.555E-25  1.950E-15
1.600E+02  4.615E-25  1.958E-15
1.585E+02  4.676E-25  1.966E-15
1.570E+02  4.738E-25  1.973E-15
1.556E+02  4.800E-25  1.981E-15
1.542E+02  4.863E-25  1.989E-15
1.528E+02  4.927E-25  1.996E-15
1.514E+02  4.992E-25  2.004E-15
1.500E+02  5.058E-25  2.012E-15
1.486E+02  5.125E-25  2.020E-15
1.472E+02  5.193E-25  2.028E-15
1.459E+02  5.262E-25  2.036E-15
1.445E+02  5.330E-25  2.043E-15
1.432E+02  5.396E-25  2.050E-15
1.419E+02  5.460E-25  2.055E-15
1.406E+02  5.519E-25  2.058E-15
1.393E+02  5.571E-25  2.059E-15
1.380E+02  5.615E-25  2.056E-15
1.368E+02  5.653E-25  2.051E-15
1.355E+02  5.684E-25  2.043E-15
1.343E+02  5.711E-25  2.034E-15
1.330E+02  5.737E-25  2.025E-15
1.318E+02  5.761E-25  2.015E-15
1.306E+02  5.786E-25  2.005E-15
1.294E+02  5.811E-25  1.995E-15
1.282E+02  5.838E-25  1.986E-15
1.271E+02  5.865E-25  1.977E-15
1.259E+02  5.893E-25  1.968E-15
1.247E+02  5.922E-25  1.960E-15
1.236E+02  5.952E-25  1.951E-15
1.225E+02  5.983E-25  1.943E-15
1.213E+02  6.014E-25  1.936E-15
1.202E+02  6.045E-25  1.928E-15
1.191E+02  6.077E-25  1.920E-15
1.180E+02  6.109E-25  1.913E-15
1.169E+02  6.141E-25  1.905E-15
1.159E+02  6.172E-25  1.897E-15
1.148E+02  6.204E-25  1.889E-15
1.138E+02  6.236E-25  1.882E-15
1.127E+02  6.267E-25  1.874E-15
1.117E+02  6.300E-25  1.866E-15
1.107E+02  6.332E-25  1.859E-15
1.096E+02  6.364E-25  1.851E-15
1.086E+02  6.396E-25  1.843E-15
1.076E+02  6.428E-25  1.836E-15
1.067E+02  6.460E-25  1.828E-15
1.057E+02  6.492E-25  1.820E-15
1.047E+02  6.523E-25  1.812E-15
1.038E+02  6.555E-25  1.804E-15
1.028E+02  6.586E-25  1.796E-15
1.019E+02  6.616E-25  1.788E-15
1.009E+02  6.646E-25  1.779E-15
1.000E+02  6.675E-25  1.771E-15
9.908E+01  6.704E-25  1.762E-15
9.817E+01  6.733E-25  1.753E-15
9.727E+01  6.761E-25  1.745E-15
9.638E+01  6.789E-25  1.736E-15
9.550E+01  6.817E-25  1.727E-15
9.462E+01  6.844E-25  1.718E-15
9.376E+01  6.871E-25  1.709E-15
9.290E+01  6.898E-25  1.700E-15
9.204E+01  6.924E-25  1.691E-15
9.120E+01  6.950E-25  1.681E-15
9.036E+01  6.975E-25  1.672E-15
8.954E+01  7.000E-25  1.663E-15
8.872E+01  7.025E-25  1.653E-15
8.790E+01  7.050E-25  1.644E-15
8.710E+01  7.075E-25  1.635E-15
8.630E+01  7.100E-25  1.625E-15
8.551E+01  7.125E-25  1.616E-15
8.472E+01  7.148E-25  1.606E-15
8.395E+01  7.172E-25  1.597E-15
8.318E+01  7.195E-25  1.588E-15
8.241E+01  7.218E-25  1.578E-15
8.166E+01  7.242E-25  1.569E-15
8.091E+01  7.265E-25  1.559E-15
8.017E+01  7.288E-25  1.550E-15
7.943E+01  7.310E-25  1.540E-15
7.870E+01  7.332E-25  1.531E-15
7.798E+01  7.354E-25  1.521E-15
7.727E+01  7.376E-25  1.512E-15
7.656E+01  7.397E-25  1.502E-15
7.586E+01  7.419E-25  1.493E-15
7.516E+01  7.440E-25  1.483E-15
7.447E+01  7.461E-25  1.474E-15
7.379E+01  7.481E-25  1.464E-15
7.311E+01  7.501E-25  1.455E-15
7.244E+01  7.520E-25  1.445E-15
7.178E+01  7.540E-25  1.436E-15
7.112E+01  7.559E-25  1.426E-15
7.047E+01  7.579E-25  1.417E-15
6.982E+01  7.599E-25  1.408E-15
6.918E+01  7.620E-25  1.398E-15
6.855E+01  7.639E-25  1.389E-15
6.792E+01  7.657E-25  1.380E-15
6.730E+01  7.676E-25  1.370E-15
6.668E+01  7.695E-25  1.361E-15
6.607E+01  7.714E-25  1.352E-15
6.546E+01  7.733E-25  1.343E-15
6.486E+01  7.752E-25  1.334E-15
6.427E+01  7.771E-25  1.325E-15
6.368E+01  7.789E-25  1.316E-15
6.310E+01  7.808E-25  1.307E-15
6.252E+01  7.827E-25  1.298E-15
6.194E+01  7.847E-25  1.289E-15
6.138E+01  7.866E-25  1.281E-15
6.081E+01  7.886E-25  1.272E-15
6.026E+01  7.905E-25  1.264E-15
5.970E+01  7.924E-25  1.255E-15
5.916E+01  7.944E-25  1.247E-15
5.861E+01  7.963E-25  1.238E-15
5.808E+01  7.981E-25  1.230E-15
5.754E+01  8.001E-25  1.221E-15
5.702E+01  8.020E-25  1.213E-15
5.649E+01  8.039E-25  1.205E-15
5.598E+01  8.059E-25  1.197E-15
5.546E+01  8.079E-25  1.189E-15
5.495E+01  8.100E-25  1.181E-15
5.445E+01  8.121E-25  1.173E-15
5.395E+01  8.143E-25  1.165E-15
5.346E+01  8.165E-25  1.158E-15
5.297E+01  8.186E-25  1.150E-15
5.248E+01  8.208E-25  1.143E-15
5.200E+01  8.231E-25  1.135E-15
5.152E+01  8.254E-25  1.128E-15
5.105E+01  8.276E-25  1.121E-15
5.058E+01  8.299E-25  1.113E-15
5.012E+01  8.322E-25  1.106E-15
4.966E+01  8.345E-25  1.099E-15
4.920E+01  8.369E-25  1.092E-15
4.875E+01  8.392E-25  1.085E-15
4.831E+01  8.417E-25  1.078E-15
4.786E+01  8.442E-25  1.072E-15
4.742E+01  8.467E-25  1.065E-15
4.699E+01  8.493E-25  1.059E-15
4.656E+01  8.519E-25  1.052E-15
4.613E+01  8.546E-25  1.046E-15
4.571E+01  8.574E-25  1.040E-15
4.529E+01  8.601E-25  1.033E-15
4.487E+01  8.630E-25  1.027E-15
4.446E+01  8.659E-25  1.021E-15
4.406E+01  8.688E-25  1.015E-15
4.365E+01  8.717E-25  1.009E-15
4.325E+01  8.747E-25  1.003E-15
4.285E+01  8.776E-25  9.976E-16
4.246E+01  8.805E-25  9.917E-16
4.207E+01  8.833E-25  9.858E-16
4.169E+01  8.862E-25  9.799E-16
4.130E+01  8.890E-25  9.740E-16
4.093E+01  8.916E-25  9.679E-16
4.055E+01  8.941E-25  9.618E-16
4.018E+01  8.966E-25  9.555E-16
3.981E+01  8.988E-25  9.492E-16
3.945E+01  9.010E-25  9.427E-16
3.908E+01  9.029E-25  9.360E-16
3.873E+01  9.046E-25  9.292E-16
3.837E+01  9.060E-25  9.221E-16
3.802E+01  9.072E-25  9.149E-16
3.767E+01  9.080E-25  9.073E-16
3.733E+01  9.082E-25  8.992E-16
3.698E+01  9.080E-25  8.907E-16
3.664E+01  9.074E-25  8.820E-16
3.631E+01  9.064E-25  8.729E-16
3.597E+01  9.049E-25  8.635E-16
3.565E+01  9.029E-25  8.537E-16
3.532E+01  9.005E-25  8.436E-16
3.499E+01  8.974E-25  8.331E-16
3.467E+01  8.938E-25  8.221E-16
3.436E+01  8.896E-25  8.107E-16
3.404E+01  8.848E-25  7.989E-16
3.373E+01  8.793E-25  7.867E-16
3.342E+01  8.732E-25  7.741E-16
3.311E+01  8.667E-25  7.613E-16
3.281E+01  8.595E-25  7.481E-16
3.251E+01  8.518E-25  7.345E-16
3.221E+01  8.434E-25  7.206E-16
3.192E+01  8.344E-25  7.064E-16
3.162E+01  8.249E-25  6.919E-16
3.133E+01  8.149E-25  6.773E-16
3.105E+01  8.045E-25  6.625E-16
3.076E+01  7.936E-25  6.475E-16
3.048E+01  7.824E-25  6.326E-16
3.020E+01  7.709E-25  6.175E-16
2.992E+01  7.591E-25  6.025E-16
2.965E+01  7.470E-25  5.875E-16
2.938E+01  7.347E-25  5.725E-16
2.911E+01  7.224E-25  5.577E-16
2.884E+01  7.100E-25  5.431E-16
2.858E+01  6.976E-25  5.288E-16
2.831E+01  6.853E-25  5.147E-16
2.805E+01  6.730E-25  5.008E-16
2.780E+01  6.609E-25  4.873E-16
2.754E+01  6.489E-25  4.741E-16
2.729E+01  6.371E-25  4.612E-16
2.704E+01  6.256E-25  4.487E-16
2.679E+01  6.143E-25  4.365E-16
2.655E+01  6.032E-25  4.247E-16
2.630E+01  5.923E-25  4.133E-16
2.606E+01  5.817E-25  4.021E-16
2.582E+01  5.714E-25  3.914E-16
2.559E+01  5.613E-25  3.810E-16
2.535E+01  5.515E-25  3.709E-16
2.512E+01  5.420E-25  3.611E-16
2.489E+01  5.327E-25  3.517E-16
2.466E+01  5.236E-25  3.425E-16
2.443E+01  5.147E-25  3.336E-16
2.421E+01  5.059E-25  3.249E-16
2.399E+01  4.972E-25  3.164E-16
2.377E+01  4.888E-25  3.082E-16
2.355E+01  4.810E-25  3.005E-16
2.333E+01  4.733E-25  2.929E-16
2.312E+01  4.653E-25  2.853E-16
2.291E+01  4.576E-25  2.781E-16
2.270E+01  4.507E-25  2.713E-16
2.249E+01  4.442E-25  2.650E-16
2.228E+01  4.382E-25  2.590E-16
2.208E+01  4.321E-25  2.531E-16
2.188E+01  4.256E-25  2.470E-16
2.168E+01  4.191E-25  2.410E-16
2.148E+01  4.126E-25  2.351E-16
2.128E+01  4.067E-25  2.296E-16
2.109E+01  4.012E-25  2.244E-16
2.089E+01  3.957E-25  2.193E-16
2.070E+01  3.900E-25  2.142E-16
2.051E+01  3.844E-25  2.092E-16
2.032E+01  3.792E-25  2.044E-16
2.014E+01  3.750E-25  2.003E-16
1.995E+01  3.707E-25  1.962E-16
1.977E+01  3.663E-25  1.921E-16
1.959E+01  3.616E-25  1.879E-16
1.941E+01  3.566E-25  1.836E-16
1.923E+01  3.513E-25  1.792E-16
1.905E+01  3.457E-25  1.747E-16
1.888E+01  3.399E-25  1.702E-16
1.871E+01  3.339E-25  1.657E-16
1.854E+01  3.280E-25  1.613E-16
1.837E+01  3.225E-25  1.571E-16
1.820E+01  3.181E-25  1.535E-16
1.803E+01  3.174E-25  1.518E-16
1.786E+01  3.214E-25  1.523E-16
1.770E+01  3.129E-25  1.469E-16
1.754E+01  3.163E-25  1.472E-16
1.738E+01  3.410E-25  1.572E-16
1.722E+01  3.193E-25  1.459E-16
1.706E+01  3.098E-25  1.402E-16
1.690E+01  2.971E-25  1.332E-16
1.675E+01  2.819E-25  1.252E-16
1.660E+01  2.786E-25  1.226E-16
1.644E+01  3.026E-25  1.320E-16
1.629E+01  2.467E-25  1.066E-16
1.614E+01  2.236E-25  9.574E-17
1.600E+01  2.211E-25  9.381E-17
1.585E+01  2.147E-25  9.027E-17
1.570E+01  1.912E-25  7.965E-17
1.556E+01  1.773E-25  7.320E-17
1.542E+01  1.682E-25  6.877E-17
1.528E+01  1.609E-25  6.520E-17
1.514E+01  1.547E-25  6.212E-17
1.500E+01  1.493E-25  5.941E-17
1.486E+01  1.446E-25  5.698E-17
1.472E+01  1.405E-25  5.486E-17
1.459E+01  1.373E-25  5.314E-17
1.445E+01  1.361E-25  5.217E-17
1.432E+01  1.384E-25  5.257E-17
1.419E+01  1.416E-25  5.329E-17
1.406E+01  1.340E-25  4.998E-17
1.393E+01  1.282E-25  4.736E-17
1.380E+01  1.279E-25  4.685E-17
1.368E+01  1.349E-25  4.895E-17
1.355E+01  1.373E-25  4.935E-17
1.343E+01  1.295E-25  4.611E-17
1.330E+01  1.288E-25  4.546E-17
1.318E+01  1.330E-25  4.651E-17
1.306E+01  1.420E-25  4.919E-17
1.294E+01  1.579E-25  5.422E-17
1.282E+01  1.839E-25  6.255E-17
1.271E+01  2.160E-25  7.280E-17
1.259E+01  2.292E-25  7.653E-17
1.247E+01  2.093E-25  6.925E-17
1.236E+01  1.853E-25  6.076E-17
1.225E+01  1.749E-25  5.681E-17
1.213E+01  1.767E-25  5.687E-17
1.202E+01  1.808E-25  5.765E-17
1.191E+01  1.754E-25  5.541E-17
1.180E+01  1.645E-25  5.150E-17
1.169E+01  1.607E-25  4.986E-17
1.159E+01  1.732E-25  5.323E-17
1.148E+01  2.164E-25  6.592E-17
1.138E+01  3.054E-25  9.216E-17
1.127E+01  4.057E-25  1.213E-16
1.117E+01  2.900E-25  8.590E-17
1.107E+01  1.741E-25  5.112E-17
1.096E+01  1.331E-25  3.872E-17
1.086E+01  1.140E-25  3.284E-17
1.076E+01  1.037E-25  2.962E-17
1.067E+01  9.785E-26  2.768E-17
1.057E+01  9.435E-26  2.645E-17
1.047E+01  9.212E-26  2.559E-17
1.038E+01  9.048E-26  2.490E-17
1.028E+01  8.911E-26  2.430E-17
1.019E+01  8.789E-26  2.375E-17
1.009E+01  8.689E-26  2.326E-17
1.000E+01  8.619E-26  2.286E-17
9.908E+00  8.587E-26  2.257E-17
9.817E+00  8.587E-26  2.236E-17
9.727E+00  8.616E-26  2.223E-17
9.638E+00  8.670E-26  2.217E-17
9.550E+00  8.724E-26  2.210E-17
9.462E+00  8.770E-26  2.201E-17
9.376E+00  8.805E-26  2.190E-17
9.290E+00  8.835E-26  2.177E-17
9.204E+00  8.885E-26  2.169E-17
9.120E+00  9.001E-26  2.178E-17
9.036E+00  9.258E-26  2.219E-17
8.954E+00  9.783E-26  2.323E-17
8.872E+00  1.079E-25  2.539E-17
8.790E+00  1.263E-25  2.945E-17
8.710E+00  1.557E-25  3.597E-17
8.630E+00  1.827E-25  4.181E-17
8.551E+00  1.761E-25  3.994E-17
8.472E+00  1.531E-25  3.441E-17
8.395E+00  1.404E-25  3.126E-17
8.318E+00  1.374E-25  3.031E-17
8.241E+00  1.403E-25  3.067E-17
8.166E+00  1.511E-25  3.272E-17
8.091E+00  1.738E-25  3.729E-17
8.017E+00  2.112E-25  4.490E-17
7.943E+00  2.607E-25  5.494E-17
7.870E+00  3.048E-25  6.363E-17
7.798E+00  3.231E-25  6.683E-17
7.727E+00  3.318E-25  6.801E-17
7.656E+00  3.504E-25  7.115E-17
7.586E+00  3.421E-25  6.884E-17
7.516E+00  2.800E-25  5.582E-17
7.447E+00  2.105E-25  4.159E-17
7.379E+00  1.608E-25  3.148E-17
7.311E+00  1.279E-25  2.481E-17
7.244E+00  1.052E-25  2.022E-17
7.178E+00  8.882E-26  1.691E-17
7.112E+00  7.673E-26  1.448E-17
7.047E+00  6.794E-26  1.270E-17
6.982E+00  6.188E-26  1.146E-17
6.918E+00  5.820E-26  1.068E-17
6.855E+00  5.660E-26  1.029E-17
6.792E+00  5.644E-26  1.017E-17
6.730E+00  5.649E-26  1.008E-17
6.668E+00  5.535E-26  9.791E-18
6.607E+00  5.311E-26  9.308E-18
6.546E+00  5.157E-26  8.954E-18
6.486E+00  5.304E-26  9.126E-18
6.427E+00  6.036E-26  1.029E-17
6.368E+00  7.916E-26  1.337E-17
6.310E+00  1.222E-25  2.045E-17
6.252E+00  1.960E-25  3.250E-17
6.194E+00  1.983E-25  3.258E-17
6.138E+00  1.192E-25  1.941E-17
6.081E+00  7.035E-26  1.135E-17
6.026E+00  4.766E-26  7.617E-18
5.970E+00  3.681E-26  5.830E-18
5.916E+00  3.185E-26  4.998E-18
5.861E+00  3.074E-26  4.779E-18
5.808E+00  3.319E-26  5.113E-18
5.754E+00  3.875E-26  5.914E-18
5.702E+00  4.188E-26  6.334E-18
5.649E+00  3.586E-26  5.374E-18
5.598E+00  2.715E-26  4.031E-18
5.546E+00  2.113E-26  3.109E-18
5.495E+00  1.763E-26  2.569E-18
5.445E+00  1.572E-26  2.270E-18
5.395E+00  1.499E-26  2.145E-18
5.346E+00  1.557E-26  2.207E-18
5.297E+00  1.791E-26  2.516E-18
5.248E+00  1.960E-26  2.728E-18
5.200E+00  1.622E-26  2.237E-18
5.152E+00  1.272E-26  1.739E-18
5.105E+00  1.080E-26  1.463E-18
5.058E+00  9.729E-27  1.305E-18
5.012E+00  9.055E-27  1.204E-18
4.966E+00  8.588E-27  1.131E-18
4.920E+00  8.238E-27  1.075E-18
4.875E+00  7.963E-27  1.030E-18
4.831E+00  7.739E-27  9.916E-19
4.786E+00  7.550E-27  9.585E-19
4.742E+00  7.389E-27  9.296E-19
4.699E+00  7.250E-27  9.037E-19
4.656E+00  7.129E-27  8.804E-19
4.613E+00  7.021E-27  8.591E-19
4.571E+00  6.925E-27  8.397E-19
4.529E+00  6.840E-27  8.217E-19
4.487E+00  6.764E-27  8.051E-19
4.446E+00  6.695E-27  7.896E-19
4.406E+00  6.634E-27  7.753E-19
4.365E+00  6.580E-27  7.618E-19
4.325E+00  6.531E-27  7.492E-19
4.285E+00  6.487E-27  7.374E-19
4.246E+00  6.448E-27  7.263E-19
4.207E+00  6.414E-27  7.158E-19
4.169E+00  6.384E-27  7.059E-19
4.130E+00  6.359E-27  6.967E-19
4.093E+00  6.336E-27  6.878E-19
4.055E+00  6.317E-27  6.795E-19
4.018E+00  6.303E-27  6.718E-19
3.981E+00  6.294E-27  6.646E-19
3.945E+00  6.289E-27  6.581E-19
3.908E+00  6.291E-27  6.522E-19
3.873E+00  6.299E-27  6.471E-19
3.837E+00  6.316E-27  6.429E-19
3.802E+00  6.343E-27  6.396E-19
3.767E+00  6.381E-27  6.376E-19
3.733E+00  6.435E-27  6.371E-19
3.698E+00  6.508E-27  6.384E-19
3.664E+00  6.608E-27  6.423E-19
3.631E+00  6.744E-27  6.495E-19
3.597E+00  6.932E-27  6.615E-19
3.565E+00  7.197E-27  6.805E-19
3.532E+00  7.583E-27  7.104E-19
3.499E+00  8.168E-27  7.582E-19
3.467E+00  9.109E-27  8.378E-19
3.436E+00  1.075E-26  9.797E-19
3.404E+00  1.399E-26  1.263E-18
3.373E+00  2.171E-26  1.943E-18
3.342E+00  4.733E-26  4.196E-18
3.311E+00  1.746E-25  1.533E-17
3.281E+00  1.201E-25  1.045E-17
3.251E+00  3.565E-26  3.074E-18
3.221E+00  1.798E-26  1.536E-18
3.192E+00  1.213E-26  1.027E-18
3.162E+00  9.546E-27  8.008E-19
3.133E+00  8.187E-27  6.804E-19
3.105E+00  7.384E-27  6.081E-19
3.076E+00  6.871E-27  5.606E-19
3.048E+00  6.520E-27  5.271E-19
3.020E+00  6.269E-27  5.022E-19
2.992E+00  6.081E-27  4.826E-19
2.965E+00  5.935E-27  4.667E-19
2.938E+00  5.819E-27  4.534E-19
2.911E+00  5.723E-27  4.419E-19
2.884E+00  5.643E-27  4.317E-19
2.858E+00  5.575E-27  4.226E-19
2.831E+00  5.515E-27  4.142E-19
2.805E+00  5.462E-27  4.065E-19
2.780E+00  5.414E-27  3.992E-19
2.754E+00  5.370E-27  3.923E-19
2.729E+00  5.329E-27  3.858E-19
2.704E+00  5.291E-27  3.795E-19
2.679E+00  5.254E-27  3.734E-19
2.655E+00  5.220E-27  3.675E-19
2.630E+00  5.186E-27  3.618E-19
2.606E+00  5.154E-27  3.563E-19
2.582E+00  5.122E-27  3.508E-19
2.559E+00  5.091E-27  3.455E-19
2.535E+00  5.060E-27  3.403E-19
2.512E+00  5.030E-27  3.351E-19
2.489E+00  5.000E-27  3.301E-19
2.466E+00  4.969E-27  3.251E-19
2.443E+00  4.939E-27  3.201E-19
2.421E+00  4.909E-27  3.152E-19
2.399E+00  4.879E-27  3.104E-19
2.377E+00  4.849E-27  3.057E-19
2.355E+00  4.819E-27  3.010E-19
2.333E+00  4.788E-27  2.964E-19
2.312E+00  4.757E-27  2.918E-19
2.291E+00  4.726E-27  2.872E-19
2.270E+00  4.695E-27  2.827E-19
2.249E+00  4.663E-27  2.782E-19
2.228E+00  4.630E-27  2.737E-19
2.208E+00  4.596E-27  2.692E-19
2.188E+00  4.562E-27  2.647E-19
2.168E+00  4.527E-27  2.603E-19
2.148E+00  4.490E-27  2.558E-19
2.128E+00  4.451E-27  2.513E-19
2.109E+00  4.411E-27  2.467E-19
2.089E+00  4.368E-27  2.421E-19
2.070E+00  4.321E-27  2.373E-19
2.051E+00  4.271E-27  2.324E-19
2.032E+00  4.215E-27  2.272E-19
2.014E+00  4.153E-27  2.218E-19
1.995E+00  4.084E-27  2.161E-19
1.977E+00  4.007E-27  2.101E-19
1.959E+00  3.925E-27  2.039E-19
1.941E+00  3.845E-27  1.980E-19
1.923E+00  3.780E-27  1.928E-19
1.905E+00  3.744E-27  1.892E-19
1.888E+00  3.741E-27  1.874E-19
1.871E+00  3.763E-27  1.867E-19
1.854E+00  3.793E-27  1.865E-19
1.837E+00  3.818E-27  1.860E-19
1.820E+00  3.834E-27  1.851E-19
1.803E+00  3.840E-27  1.837E-19
1.786E+00  3.838E-27  1.819E-19
1.770E+00  3.829E-27  1.798E-19
1.754E+00  3.815E-27  1.775E-19
1.738E+00  3.798E-27  1.751E-19
1.722E+00  3.778E-27  1.725E-19
1.706E+00  3.756E-27  1.700E-19
1.690E+00  3.732E-27  1.674E-19
1.675E+00  3.708E-27  1.648E-19
1.660E+00  3.684E-27  1.622E-19
1.644E+00  3.658E-27  1.596E-19
1.629E+00  3.633E-27  1.570E-19
1.614E+00  3.608E-27  1.545E-19
1.600E+00  3.583E-27  1.520E-19
1.585E+00  3.559E-27  1.496E-19
1.570E+00  3.535E-27  1.473E-19
1.556E+00  3.513E-27  1.450E-19
1.542E+00  3.492E-27  1.428E-19
1.528E+00  3.473E-27  1.407E-19
1.514E+00  3.456E-27  1.387E-19
1.500E+00  3.441E-27  1.369E-19
1.486E+00  3.430E-27  1.352E-19
1.472E+00  3.422E-27  1.336E-19
1.459E+00  3.418E-27  1.323E-19
1.445E+00  3.419E-27  1.311E-19
1.432E+00  3.427E-27  1.302E-19
1.419E+00  3.442E-27  1.295E-19
1.406E+00  3.465E-27  1.292E-19
1.393E+00  3.500E-27  1.293E-19
1.380E+00  3.547E-27  1.299E-19
1.368E+00  3.610E-27  1.310E-19
1.355E+00  3.691E-27  1.327E-19
1.343E+00  3.793E-27  1.351E-19
1.330E+00  3.916E-27  1.382E-19
1.318E+00  4.059E-27  1.419E-19
1.306E+00  4.213E-27  1.460E-19
1.294E+00  4.358E-27  1.496E-19
1.282E+00  4.463E-27  1.518E-19
1.271E+00  4.489E-27  1.513E-19
1.259E+00  4.407E-27  1.472E-19
1.247E+00  4.218E-27  1.396E-19
1.236E+00  3.957E-27  1.297E-19
1.225E+00  3.671E-27  1.192E-19
1.213E+00  3.398E-27  1.094E-19
1.202E+00  3.159E-27  1.007E-19
1.191E+00  2.962E-27  9.361E-20
1.180E+00  2.806E-27  8.786E-20
1.169E+00  2.688E-27  8.338E-20
1.159E+00  2.602E-27  7.999E-20
1.148E+00  2.548E-27  7.761E-20
1.138E+00  2.526E-27  7.622E-20
1.127E+00  2.538E-27  7.589E-20
1.117E+00  2.592E-27  7.680E-20
1.107E+00  2.702E-27  7.933E-20
1.096E+00  2.890E-27  8.407E-20
1.086E+00  3.189E-27  9.190E-20
1.076E+00  3.630E-27  1.037E-19
1.067E+00  4.189E-27  1.185E-19
1.057E+00  4.638E-27  1.300E-19
1.047E+00  4.557E-27  1.266E-19
1.038E+00  3.906E-27  1.075E-19
1.028E+00  3.134E-27  8.546E-20
1.019E+00  2.530E-27  6.835E-20
1.009E+00  2.115E-27  5.662E-20
1.000E+00  1.835E-27  4.867E-20
