Dust emission from Draine & Li (2007): ApJ 657, 810-837
================================================================
        11 = grain model
 4.000E-08 4.000E-01 0.000E+00 = a_01 (cm) , sigma_1 , b_C1/0.92
 2.500E-07 4.000E-01 0.000E+00 = a_02 (cm) , sigma_2 , b_C2/0.92
 2.500E+00 1.000E+05 2.000E+00 = Umin , Umax, beta (dN/dU propto U^{-beta})
 2.649E+01 = <U> 
     mmp83 = radfield
 1.462E-23 = power/H (erg s-1)
 band   nu*P_nu(band) j_nu(band)
 (um)   (erg s-1 H-1)(Jy cm2 sr-1 H-1)
1.270E+00  1.494E-26  5.032E-19 COBE-DIRBE
2.220E+00  2.501E-26  1.473E-18 COBE-DIRBE
3.530E+00  4.301E-26  4.027E-18 COBE-DIRBE
4.880E+00  3.306E-26  4.279E-18 COBE-DIRBE
1.229E+01  7.764E-25  2.531E-16 COBE-DIRBE
2.079E+01  3.721E-24  2.052E-15 COBE-DIRBE
5.599E+01  7.841E-24  1.165E-14 COBE-DIRBE
9.770E+01  5.302E-24  1.374E-14 COBE-DIRBE
1.479E+02  2.706E-24  1.061E-14 COBE-DIRBE
2.479E+02  6.720E-25  4.418E-15 COBE-DIRBE
1.200E+01  6.299E-25  2.005E-16 IRAS
2.500E+01  4.689E-24  3.109E-15 IRAS
6.000E+01  7.654E-24  1.218E-14 IRAS
1.000E+02  5.137E-24  1.363E-14 IRAS
3.550E+00  4.596E-26  4.328E-18 SST-IRAC
4.493E+00  3.066E-26  3.653E-18 SST-IRAC
5.731E+00  8.081E-26  1.228E-17 SST-IRAC
7.872E+00  3.613E-25  7.544E-17 SST-IRAC
2.368E+01  4.611E-24  2.896E-15 SST-MIPS
7.142E+01  6.455E-24  1.223E-14 SST-MIPS
1.559E+02  2.230E-24  9.222E-15 SST-MIPS
1.600E+01  1.460E-24  6.197E-16 SST-IRSPU
2.200E+01  4.482E-24  2.615E-15 SST-IRSPU











lambda    nu*dP/dnu     j_nu
 (um)   (erg s-1 H-1)(Jy cm2 sr-1 H-1)
1.000E+04  1.667E-31  4.422E-20
9.908E+03  1.728E-31  4.541E-20
9.817E+03  1.790E-31  4.662E-20
9.727E+03  1.855E-31  4.787E-20
9.638E+03  1.923E-31  4.915E-20
9.550E+03  1.992E-31  5.047E-20
9.462E+03  2.065E-31  5.182E-20
9.376E+03  2.140E-31  5.321E-20
9.290E+03  2.217E-31  5.464E-20
9.204E+03  2.298E-31  5.610E-20
9.120E+03  2.381E-31  5.760E-20
9.036E+03  2.468E-31  5.915E-20
8.954E+03  2.557E-31  6.072E-20
8.872E+03  2.649E-31  6.234E-20
8.790E+03  2.744E-31  6.399E-20
8.710E+03  2.844E-31  6.569E-20
8.630E+03  2.946E-31  6.744E-20
8.551E+03  3.053E-31  6.924E-20
8.472E+03  3.163E-31  7.109E-20
8.395E+03  3.278E-31  7.299E-20
8.318E+03  3.396E-31  7.494E-20
8.241E+03  3.519E-31  7.694E-20
8.166E+03  3.647E-31  7.900E-20
8.091E+03  3.779E-31  8.111E-20
8.017E+03  3.917E-31  8.329E-20
7.943E+03  4.059E-31  8.552E-20
7.870E+03  4.207E-31  8.782E-20
7.798E+03  4.360E-31  9.018E-20
7.727E+03  4.518E-31  9.260E-20
7.656E+03  4.683E-31  9.510E-20
7.586E+03  4.853E-31  9.766E-20
7.516E+03  5.030E-31  1.003E-19
7.447E+03  5.214E-31  1.030E-19
7.379E+03  5.404E-31  1.058E-19
7.311E+03  5.602E-31  1.086E-19
7.244E+03  5.806E-31  1.116E-19
7.178E+03  6.019E-31  1.146E-19
7.112E+03  6.239E-31  1.177E-19
7.047E+03  6.467E-31  1.209E-19
6.982E+03  6.704E-31  1.242E-19
6.918E+03  6.949E-31  1.275E-19
6.855E+03  7.203E-31  1.310E-19
6.792E+03  7.467E-31  1.345E-19
6.730E+03  7.741E-31  1.382E-19
6.668E+03  8.025E-31  1.419E-19
6.607E+03  8.319E-31  1.458E-19
6.546E+03  8.625E-31  1.498E-19
6.486E+03  8.942E-31  1.538E-19
6.427E+03  9.270E-31  1.580E-19
6.368E+03  9.611E-31  1.623E-19
6.310E+03  9.965E-31  1.668E-19
6.252E+03  1.033E-30  1.713E-19
6.194E+03  1.071E-30  1.760E-19
6.138E+03  1.111E-30  1.808E-19
6.081E+03  1.152E-30  1.858E-19
6.026E+03  1.194E-30  1.909E-19
5.970E+03  1.238E-30  1.961E-19
5.916E+03  1.284E-30  2.015E-19
5.861E+03  1.332E-30  2.071E-19
5.808E+03  1.381E-30  2.128E-19
5.754E+03  1.432E-30  2.186E-19
5.702E+03  1.485E-30  2.247E-19
5.649E+03  1.540E-30  2.308E-19
5.598E+03  1.598E-30  2.372E-19
5.546E+03  1.657E-30  2.438E-19
5.495E+03  1.719E-30  2.505E-19
5.445E+03  1.782E-30  2.574E-19
5.395E+03  1.849E-30  2.646E-19
5.346E+03  1.918E-30  2.719E-19
5.297E+03  1.989E-30  2.794E-19
5.248E+03  2.063E-30  2.872E-19
5.200E+03  2.140E-30  2.952E-19
5.152E+03  2.220E-30  3.034E-19
5.105E+03  2.303E-30  3.118E-19
5.058E+03  2.389E-30  3.205E-19
5.012E+03  2.478E-30  3.294E-19
4.966E+03  2.571E-30  3.386E-19
4.920E+03  2.667E-30  3.480E-19
4.875E+03  2.766E-30  3.577E-19
4.831E+03  2.870E-30  3.677E-19
4.786E+03  2.977E-30  3.780E-19
4.742E+03  3.089E-30  3.886E-19
4.699E+03  3.205E-30  3.994E-19
4.656E+03  3.325E-30  4.106E-19
4.613E+03  3.450E-30  4.222E-19
4.571E+03  3.579E-30  4.340E-19
4.529E+03  3.714E-30  4.462E-19
4.487E+03  3.854E-30  4.587E-19
4.446E+03  3.999E-30  4.716E-19
4.406E+03  4.150E-30  4.849E-19
4.365E+03  4.306E-30  4.986E-19
4.325E+03  4.469E-30  5.127E-19
4.285E+03  4.637E-30  5.271E-19
4.246E+03  4.812E-30  5.420E-19
4.207E+03  4.994E-30  5.574E-19
4.169E+03  5.183E-30  5.731E-19
4.130E+03  5.379E-30  5.894E-19
4.093E+03  5.583E-30  6.061E-19
4.055E+03  5.795E-30  6.233E-19
4.018E+03  6.014E-30  6.410E-19
3.981E+03  6.242E-30  6.592E-19
3.945E+03  6.479E-30  6.779E-19
3.908E+03  6.724E-30  6.971E-19
3.873E+03  6.979E-30  7.169E-19
3.837E+03  7.244E-30  7.373E-19
3.802E+03  7.519E-30  7.583E-19
3.767E+03  7.805E-30  7.799E-19
3.733E+03  8.102E-30  8.022E-19
3.698E+03  8.411E-30  8.251E-19
3.664E+03  8.732E-30  8.487E-19
3.631E+03  9.065E-30  8.730E-19
3.597E+03  9.411E-30  8.980E-19
3.565E+03  9.770E-30  9.238E-19
3.532E+03  1.014E-29  9.503E-19
3.499E+03  1.053E-29  9.776E-19
3.467E+03  1.094E-29  1.006E-18
3.436E+03  1.135E-29  1.035E-18
3.404E+03  1.179E-29  1.065E-18
3.373E+03  1.224E-29  1.095E-18
3.342E+03  1.271E-29  1.127E-18
3.311E+03  1.320E-29  1.159E-18
3.281E+03  1.371E-29  1.193E-18
3.251E+03  1.424E-29  1.228E-18
3.221E+03  1.478E-29  1.263E-18
3.192E+03  1.535E-29  1.300E-18
3.162E+03  1.595E-29  1.338E-18
3.133E+03  1.656E-29  1.376E-18
3.105E+03  1.720E-29  1.416E-18
3.076E+03  1.786E-29  1.458E-18
3.048E+03  1.855E-29  1.500E-18
3.020E+03  1.927E-29  1.544E-18
2.992E+03  2.002E-29  1.589E-18
2.965E+03  2.079E-29  1.635E-18
2.938E+03  2.159E-29  1.683E-18
2.911E+03  2.243E-29  1.732E-18
2.884E+03  2.329E-29  1.782E-18
2.858E+03  2.420E-29  1.834E-18
2.831E+03  2.513E-29  1.888E-18
2.805E+03  2.611E-29  1.943E-18
2.780E+03  2.712E-29  2.000E-18
2.754E+03  2.817E-29  2.058E-18
2.729E+03  2.927E-29  2.118E-18
2.704E+03  3.040E-29  2.181E-18
2.679E+03  3.159E-29  2.245E-18
2.655E+03  3.281E-29  2.311E-18
2.630E+03  3.409E-29  2.379E-18
2.606E+03  3.542E-29  2.449E-18
2.582E+03  3.680E-29  2.521E-18
2.559E+03  3.824E-29  2.595E-18
2.535E+03  3.973E-29  2.672E-18
2.512E+03  4.128E-29  2.751E-18
2.489E+03  4.290E-29  2.832E-18
2.466E+03  4.458E-29  2.916E-18
2.443E+03  4.632E-29  3.002E-18
2.421E+03  4.814E-29  3.091E-18
2.399E+03  5.002E-29  3.183E-18
2.377E+03  5.199E-29  3.278E-18
2.355E+03  5.403E-29  3.375E-18
2.333E+03  5.615E-29  3.475E-18
2.312E+03  5.835E-29  3.579E-18
2.291E+03  6.065E-29  3.685E-18
2.270E+03  6.303E-29  3.795E-18
2.249E+03  6.551E-29  3.908E-18
2.228E+03  6.809E-29  4.025E-18
2.208E+03  7.077E-29  4.145E-18
2.188E+03  7.356E-29  4.269E-18
2.168E+03  7.646E-29  4.397E-18
2.148E+03  7.948E-29  4.528E-18
2.128E+03  8.261E-29  4.664E-18
2.109E+03  8.588E-29  4.803E-18
2.089E+03  8.927E-29  4.947E-18
2.070E+03  9.280E-29  5.096E-18
2.051E+03  9.646E-29  5.248E-18
2.032E+03  1.003E-28  5.406E-18
2.014E+03  1.042E-28  5.568E-18
1.995E+03  1.084E-28  5.736E-18
1.977E+03  1.127E-28  5.908E-18
1.959E+03  1.171E-28  6.085E-18
1.941E+03  1.218E-28  6.268E-18
1.923E+03  1.266E-28  6.457E-18
1.905E+03  1.316E-28  6.651E-18
1.888E+03  1.368E-28  6.851E-18
1.871E+03  1.422E-28  7.058E-18
1.854E+03  1.479E-28  7.270E-18
1.837E+03  1.537E-28  7.490E-18
1.820E+03  1.598E-28  7.716E-18
1.803E+03  1.662E-28  7.949E-18
1.786E+03  1.728E-28  8.189E-18
1.770E+03  1.797E-28  8.436E-18
1.754E+03  1.868E-28  8.691E-18
1.738E+03  1.942E-28  8.954E-18
1.722E+03  2.020E-28  9.224E-18
1.706E+03  2.100E-28  9.503E-18
1.690E+03  2.184E-28  9.791E-18
1.675E+03  2.270E-28  1.009E-17
1.660E+03  2.361E-28  1.039E-17
1.644E+03  2.455E-28  1.071E-17
1.629E+03  2.553E-28  1.103E-17
1.614E+03  2.654E-28  1.137E-17
1.600E+03  2.760E-28  1.171E-17
1.585E+03  2.870E-28  1.207E-17
1.570E+03  2.984E-28  1.243E-17
1.556E+03  3.103E-28  1.281E-17
1.542E+03  3.227E-28  1.320E-17
1.528E+03  3.355E-28  1.360E-17
1.514E+03  3.489E-28  1.401E-17
1.500E+03  3.628E-28  1.443E-17
1.486E+03  3.773E-28  1.487E-17
1.472E+03  3.924E-28  1.532E-17
1.459E+03  4.080E-28  1.579E-17
1.445E+03  4.243E-28  1.627E-17
1.432E+03  4.412E-28  1.676E-17
1.419E+03  4.589E-28  1.727E-17
1.406E+03  4.772E-28  1.780E-17
1.393E+03  4.962E-28  1.834E-17
1.380E+03  5.160E-28  1.890E-17
1.368E+03  5.367E-28  1.947E-17
1.355E+03  5.581E-28  2.006E-17
1.343E+03  5.804E-28  2.067E-17
1.330E+03  6.035E-28  2.130E-17
1.318E+03  6.276E-28  2.195E-17
1.306E+03  6.527E-28  2.261E-17
1.294E+03  6.787E-28  2.330E-17
1.282E+03  7.058E-28  2.401E-17
1.271E+03  7.340E-28  2.474E-17
1.259E+03  7.633E-28  2.549E-17
1.247E+03  7.937E-28  2.626E-17
1.236E+03  8.254E-28  2.706E-17
1.225E+03  8.583E-28  2.788E-17
1.213E+03  8.925E-28  2.873E-17
1.202E+03  9.281E-28  2.960E-17
1.191E+03  9.650E-28  3.049E-17
1.180E+03  1.003E-27  3.142E-17
1.169E+03  1.043E-27  3.237E-17
1.159E+03  1.085E-27  3.335E-17
1.148E+03  1.128E-27  3.436E-17
1.138E+03  1.173E-27  3.540E-17
1.127E+03  1.220E-27  3.647E-17
1.117E+03  1.268E-27  3.757E-17
1.107E+03  1.319E-27  3.871E-17
1.096E+03  1.371E-27  3.988E-17
1.086E+03  1.425E-27  4.108E-17
1.076E+03  1.482E-27  4.232E-17
1.067E+03  1.541E-27  4.360E-17
1.057E+03  1.602E-27  4.491E-17
1.047E+03  1.666E-27  4.626E-17
1.038E+03  1.732E-27  4.765E-17
1.028E+03  1.800E-27  4.909E-17
1.019E+03  1.871E-27  5.056E-17
1.009E+03  1.945E-27  5.208E-17
1.000E+03  2.022E-27  5.364E-17
9.908E+02  2.102E-27  5.526E-17
9.817E+02  2.186E-27  5.692E-17
9.727E+02  2.272E-27  5.863E-17
9.638E+02  2.362E-27  6.038E-17
9.550E+02  2.455E-27  6.220E-17
9.462E+02  2.552E-27  6.406E-17
9.376E+02  2.653E-27  6.598E-17
9.290E+02  2.758E-27  6.795E-17
9.204E+02  2.866E-27  6.998E-17
9.120E+02  2.979E-27  7.207E-17
9.036E+02  3.097E-27  7.422E-17
8.954E+02  3.218E-27  7.644E-17
8.872E+02  3.345E-27  7.871E-17
8.790E+02  3.476E-27  8.105E-17
8.710E+02  3.612E-27  8.345E-17
8.630E+02  3.754E-27  8.593E-17
8.551E+02  3.901E-27  8.847E-17
8.472E+02  4.053E-27  9.108E-17
8.395E+02  4.211E-27  9.377E-17
8.318E+02  4.376E-27  9.654E-17
8.241E+02  4.546E-27  9.938E-17
8.166E+02  4.723E-27  1.023E-16
8.091E+02  4.907E-27  1.053E-16
8.017E+02  5.097E-27  1.084E-16
7.943E+02  5.295E-27  1.116E-16
7.870E+02  5.501E-27  1.148E-16
7.798E+02  5.714E-27  1.182E-16
7.727E+02  5.935E-27  1.216E-16
7.656E+02  6.165E-27  1.252E-16
7.586E+02  6.403E-27  1.288E-16
7.516E+02  6.650E-27  1.326E-16
7.447E+02  6.907E-27  1.364E-16
7.379E+02  7.174E-27  1.404E-16
7.311E+02  7.452E-27  1.445E-16
7.244E+02  7.740E-27  1.487E-16
7.178E+02  8.039E-27  1.531E-16
7.112E+02  8.350E-27  1.575E-16
7.047E+02  8.673E-27  1.621E-16
6.982E+02  9.008E-27  1.668E-16
6.918E+02  9.355E-27  1.717E-16
6.855E+02  9.716E-27  1.767E-16
6.792E+02  1.009E-26  1.818E-16
6.730E+02  1.048E-26  1.871E-16
6.668E+02  1.088E-26  1.925E-16
6.607E+02  1.130E-26  1.980E-16
6.546E+02  1.173E-26  2.038E-16
6.486E+02  1.219E-26  2.097E-16
6.427E+02  1.266E-26  2.158E-16
6.368E+02  1.315E-26  2.221E-16
6.310E+02  1.366E-26  2.286E-16
6.252E+02  1.418E-26  2.352E-16
6.194E+02  1.473E-26  2.420E-16
6.138E+02  1.530E-26  2.491E-16
6.081E+02  1.589E-26  2.563E-16
6.026E+02  1.650E-26  2.638E-16
5.970E+02  1.714E-26  2.715E-16
5.916E+02  1.780E-26  2.794E-16
5.861E+02  1.849E-26  2.875E-16
5.808E+02  1.920E-26  2.958E-16
5.754E+02  1.994E-26  3.044E-16
5.702E+02  2.071E-26  3.133E-16
5.649E+02  2.151E-26  3.224E-16
5.598E+02  2.234E-26  3.317E-16
5.546E+02  2.320E-26  3.414E-16
5.495E+02  2.410E-26  3.513E-16
5.445E+02  2.503E-26  3.615E-16
5.395E+02  2.599E-26  3.720E-16
5.346E+02  2.700E-26  3.828E-16
5.297E+02  2.804E-26  3.939E-16
5.248E+02  2.912E-26  4.054E-16
5.200E+02  3.024E-26  4.171E-16
5.152E+02  3.141E-26  4.292E-16
5.105E+02  3.262E-26  4.417E-16
5.058E+02  3.387E-26  4.545E-16
5.012E+02  3.518E-26  4.677E-16
4.966E+02  3.653E-26  4.812E-16
4.920E+02  3.794E-26  4.952E-16
4.875E+02  3.940E-26  5.095E-16
4.831E+02  4.091E-26  5.242E-16
4.786E+02  4.248E-26  5.394E-16
4.742E+02  4.412E-26  5.550E-16
4.699E+02  4.581E-26  5.710E-16
4.656E+02  4.757E-26  5.875E-16
4.613E+02  4.939E-26  6.044E-16
4.571E+02  5.129E-26  6.218E-16
4.529E+02  5.325E-26  6.397E-16
4.487E+02  5.529E-26  6.581E-16
4.446E+02  5.741E-26  6.771E-16
4.406E+02  5.960E-26  6.965E-16
4.365E+02  6.188E-26  7.165E-16
4.325E+02  6.424E-26  7.370E-16
4.285E+02  6.670E-26  7.582E-16
4.246E+02  6.924E-26  7.799E-16
4.207E+02  7.188E-26  8.022E-16
4.169E+02  7.462E-26  8.252E-16
4.130E+02  7.746E-26  8.487E-16
4.093E+02  8.041E-26  8.730E-16
4.055E+02  8.347E-26  8.979E-16
4.018E+02  8.665E-26  9.235E-16
3.981E+02  8.994E-26  9.498E-16
3.945E+02  9.336E-26  9.768E-16
3.908E+02  9.691E-26  1.005E-15
3.873E+02  1.006E-25  1.033E-15
3.837E+02  1.044E-25  1.063E-15
3.802E+02  1.084E-25  1.093E-15
3.767E+02  1.125E-25  1.124E-15
3.733E+02  1.167E-25  1.155E-15
3.698E+02  1.211E-25  1.188E-15
3.664E+02  1.257E-25  1.222E-15
3.631E+02  1.304E-25  1.256E-15
3.597E+02  1.353E-25  1.291E-15
3.565E+02  1.404E-25  1.328E-15
3.532E+02  1.457E-25  1.365E-15
3.499E+02  1.512E-25  1.403E-15
3.467E+02  1.569E-25  1.443E-15
3.436E+02  1.627E-25  1.483E-15
3.404E+02  1.688E-25  1.524E-15
3.373E+02  1.751E-25  1.567E-15
3.342E+02  1.817E-25  1.610E-15
3.311E+02  1.884E-25  1.655E-15
3.281E+02  1.954E-25  1.701E-15
3.251E+02  2.027E-25  1.748E-15
3.221E+02  2.102E-25  1.796E-15
3.192E+02  2.180E-25  1.846E-15
3.162E+02  2.261E-25  1.896E-15
3.133E+02  2.344E-25  1.948E-15
3.105E+02  2.430E-25  2.001E-15
3.076E+02  2.520E-25  2.056E-15
3.048E+02  2.612E-25  2.112E-15
3.020E+02  2.708E-25  2.170E-15
2.992E+02  2.807E-25  2.228E-15
2.965E+02  2.910E-25  2.289E-15
2.938E+02  3.016E-25  2.350E-15
2.911E+02  3.126E-25  2.413E-15
2.884E+02  3.239E-25  2.478E-15
2.858E+02  3.357E-25  2.544E-15
2.831E+02  3.478E-25  2.612E-15
2.805E+02  3.604E-25  2.682E-15
2.780E+02  3.733E-25  2.753E-15
2.754E+02  3.868E-25  2.826E-15
2.729E+02  4.006E-25  2.900E-15
2.704E+02  4.151E-25  2.977E-15
2.679E+02  4.300E-25  3.056E-15
2.655E+02  4.454E-25  3.136E-15
2.630E+02  4.613E-25  3.218E-15
2.606E+02  4.778E-25  3.303E-15
2.582E+02  4.948E-25  3.389E-15
2.559E+02  5.122E-25  3.476E-15
2.535E+02  5.301E-25  3.565E-15
2.512E+02  5.485E-25  3.655E-15
2.489E+02  5.671E-25  3.744E-15
2.466E+02  5.858E-25  3.832E-15
2.443E+02  6.050E-25  3.921E-15
2.421E+02  6.245E-25  4.010E-15
2.399E+02  6.444E-25  4.100E-15
2.377E+02  6.644E-25  4.189E-15
2.355E+02  6.849E-25  4.279E-15
2.333E+02  7.060E-25  4.370E-15
2.312E+02  7.277E-25  4.463E-15
2.291E+02  7.498E-25  4.557E-15
2.270E+02  7.726E-25  4.652E-15
2.249E+02  7.959E-25  4.748E-15
2.228E+02  8.197E-25  4.846E-15
2.208E+02  8.442E-25  4.945E-15
2.188E+02  8.693E-25  5.045E-15
2.168E+02  8.950E-25  5.146E-15
2.148E+02  9.213E-25  5.249E-15
2.128E+02  9.483E-25  5.353E-15
2.109E+02  9.758E-25  5.458E-15
2.089E+02  1.004E-24  5.564E-15
2.070E+02  1.033E-24  5.671E-15
2.051E+02  1.062E-24  5.779E-15
2.032E+02  1.092E-24  5.889E-15
2.014E+02  1.123E-24  5.999E-15
1.995E+02  1.155E-24  6.110E-15
1.977E+02  1.187E-24  6.223E-15
1.959E+02  1.219E-24  6.336E-15
1.941E+02  1.253E-24  6.450E-15
1.923E+02  1.287E-24  6.565E-15
1.905E+02  1.322E-24  6.681E-15
1.888E+02  1.357E-24  6.798E-15
1.871E+02  1.394E-24  6.916E-15
1.854E+02  1.431E-24  7.034E-15
1.837E+02  1.469E-24  7.154E-15
1.820E+02  1.507E-24  7.274E-15
1.803E+02  1.546E-24  7.395E-15
1.786E+02  1.586E-24  7.517E-15
1.770E+02  1.627E-24  7.639E-15
1.754E+02  1.668E-24  7.762E-15
1.738E+02  1.711E-24  7.885E-15
1.722E+02  1.754E-24  8.009E-15
1.706E+02  1.797E-24  8.134E-15
1.690E+02  1.842E-24  8.260E-15
1.675E+02  1.888E-24  8.386E-15
1.660E+02  1.934E-24  8.513E-15
1.644E+02  1.981E-24  8.641E-15
1.629E+02  2.029E-24  8.770E-15
1.614E+02  2.078E-24  8.899E-15
1.600E+02  2.128E-24  9.029E-15
1.585E+02  2.179E-24  9.160E-15
1.570E+02  2.231E-24  9.292E-15
1.556E+02  2.284E-24  9.425E-15
1.542E+02  2.338E-24  9.559E-15
1.528E+02  2.393E-24  9.694E-15
1.514E+02  2.449E-24  9.831E-15
1.500E+02  2.506E-24  9.969E-15
1.486E+02  2.565E-24  1.011E-14
1.472E+02  2.625E-24  1.025E-14
1.459E+02  2.685E-24  1.039E-14
1.445E+02  2.747E-24  1.053E-14
1.432E+02  2.809E-24  1.067E-14
1.419E+02  2.871E-24  1.081E-14
1.406E+02  2.931E-24  1.093E-14
1.393E+02  2.991E-24  1.105E-14
1.380E+02  3.048E-24  1.116E-14
1.368E+02  3.104E-24  1.126E-14
1.355E+02  3.158E-24  1.135E-14
1.343E+02  3.211E-24  1.144E-14
1.330E+02  3.264E-24  1.152E-14
1.318E+02  3.317E-24  1.160E-14
1.306E+02  3.370E-24  1.168E-14
1.294E+02  3.424E-24  1.176E-14
1.282E+02  3.479E-24  1.183E-14
1.271E+02  3.535E-24  1.191E-14
1.259E+02  3.591E-24  1.199E-14
1.247E+02  3.648E-24  1.207E-14
1.236E+02  3.706E-24  1.215E-14
1.225E+02  3.765E-24  1.223E-14
1.213E+02  3.824E-24  1.231E-14
1.202E+02  3.884E-24  1.239E-14
1.191E+02  3.944E-24  1.246E-14
1.180E+02  4.004E-24  1.254E-14
1.169E+02  4.065E-24  1.261E-14
1.159E+02  4.126E-24  1.268E-14
1.148E+02  4.187E-24  1.275E-14
1.138E+02  4.248E-24  1.282E-14
1.127E+02  4.310E-24  1.289E-14
1.117E+02  4.372E-24  1.295E-14
1.107E+02  4.435E-24  1.302E-14
1.096E+02  4.498E-24  1.308E-14
1.086E+02  4.561E-24  1.314E-14
1.076E+02  4.624E-24  1.320E-14
1.067E+02  4.687E-24  1.326E-14
1.057E+02  4.750E-24  1.332E-14
1.047E+02  4.813E-24  1.337E-14
1.038E+02  4.876E-24  1.342E-14
1.028E+02  4.939E-24  1.347E-14
1.019E+02  5.002E-24  1.351E-14
1.009E+02  5.064E-24  1.356E-14
1.000E+02  5.126E-24  1.360E-14
9.908E+01  5.188E-24  1.364E-14
9.817E+01  5.250E-24  1.367E-14
9.727E+01  5.311E-24  1.370E-14
9.638E+01  5.372E-24  1.373E-14
9.550E+01  5.432E-24  1.376E-14
9.462E+01  5.492E-24  1.379E-14
9.376E+01  5.552E-24  1.381E-14
9.290E+01  5.612E-24  1.383E-14
9.204E+01  5.671E-24  1.385E-14
9.120E+01  5.729E-24  1.386E-14
9.036E+01  5.787E-24  1.387E-14
8.954E+01  5.844E-24  1.388E-14
8.872E+01  5.901E-24  1.389E-14
8.790E+01  5.958E-24  1.389E-14
8.710E+01  6.014E-24  1.390E-14
8.630E+01  6.070E-24  1.390E-14
8.551E+01  6.126E-24  1.389E-14
8.472E+01  6.180E-24  1.389E-14
8.395E+01  6.233E-24  1.388E-14
8.318E+01  6.286E-24  1.387E-14
8.241E+01  6.339E-24  1.386E-14
8.166E+01  6.391E-24  1.384E-14
8.091E+01  6.443E-24  1.383E-14
8.017E+01  6.494E-24  1.381E-14
7.943E+01  6.543E-24  1.379E-14
7.870E+01  6.592E-24  1.376E-14
7.798E+01  6.641E-24  1.374E-14
7.727E+01  6.688E-24  1.371E-14
7.656E+01  6.736E-24  1.368E-14
7.586E+01  6.782E-24  1.365E-14
7.516E+01  6.828E-24  1.361E-14
7.447E+01  6.873E-24  1.358E-14
7.379E+01  6.916E-24  1.354E-14
7.311E+01  6.959E-24  1.350E-14
7.244E+01  7.001E-24  1.345E-14
7.178E+01  7.042E-24  1.341E-14
7.112E+01  7.082E-24  1.336E-14
7.047E+01  7.122E-24  1.331E-14
6.982E+01  7.163E-24  1.327E-14
6.918E+01  7.202E-24  1.322E-14
6.855E+01  7.239E-24  1.316E-14
6.792E+01  7.276E-24  1.311E-14
6.730E+01  7.311E-24  1.305E-14
6.668E+01  7.347E-24  1.299E-14
6.607E+01  7.382E-24  1.294E-14
6.546E+01  7.416E-24  1.288E-14
6.486E+01  7.449E-24  1.282E-14
6.427E+01  7.481E-24  1.275E-14
6.368E+01  7.512E-24  1.269E-14
6.310E+01  7.544E-24  1.263E-14
6.252E+01  7.575E-24  1.256E-14
6.194E+01  7.605E-24  1.250E-14
6.138E+01  7.635E-24  1.243E-14
6.081E+01  7.664E-24  1.236E-14
6.026E+01  7.692E-24  1.229E-14
5.970E+01  7.719E-24  1.222E-14
5.916E+01  7.746E-24  1.215E-14
5.861E+01  7.771E-24  1.208E-14
5.808E+01  7.796E-24  1.201E-14
5.754E+01  7.820E-24  1.194E-14
5.702E+01  7.843E-24  1.186E-14
5.649E+01  7.866E-24  1.179E-14
5.598E+01  7.889E-24  1.171E-14
5.546E+01  7.912E-24  1.164E-14
5.495E+01  7.934E-24  1.157E-14
5.445E+01  7.956E-24  1.149E-14
5.395E+01  7.978E-24  1.142E-14
5.346E+01  7.999E-24  1.134E-14
5.297E+01  8.020E-24  1.127E-14
5.248E+01  8.040E-24  1.119E-14
5.200E+01  8.060E-24  1.112E-14
5.152E+01  8.079E-24  1.104E-14
5.105E+01  8.097E-24  1.096E-14
5.058E+01  8.115E-24  1.089E-14
5.012E+01  8.133E-24  1.081E-14
4.966E+01  8.150E-24  1.074E-14
4.920E+01  8.166E-24  1.066E-14
4.875E+01  8.182E-24  1.058E-14
4.831E+01  8.199E-24  1.051E-14
4.786E+01  8.214E-24  1.043E-14
4.742E+01  8.230E-24  1.035E-14
4.699E+01  8.246E-24  1.028E-14
4.656E+01  8.261E-24  1.020E-14
4.613E+01  8.277E-24  1.013E-14
4.571E+01  8.292E-24  1.005E-14
4.529E+01  8.307E-24  9.979E-15
4.487E+01  8.322E-24  9.906E-15
4.446E+01  8.338E-24  9.834E-15
4.406E+01  8.353E-24  9.761E-15
4.365E+01  8.367E-24  9.689E-15
4.325E+01  8.382E-24  9.616E-15
4.285E+01  8.395E-24  9.543E-15
4.246E+01  8.409E-24  9.471E-15
4.207E+01  8.421E-24  9.398E-15
4.169E+01  8.433E-24  9.325E-15
4.130E+01  8.444E-24  9.252E-15
4.093E+01  8.454E-24  9.177E-15
4.055E+01  8.462E-24  9.102E-15
4.018E+01  8.469E-24  9.026E-15
3.981E+01  8.475E-24  8.949E-15
3.945E+01  8.479E-24  8.872E-15
3.908E+01  8.481E-24  8.793E-15
3.873E+01  8.482E-24  8.713E-15
3.837E+01  8.481E-24  8.632E-15
3.802E+01  8.477E-24  8.549E-15
3.767E+01  8.470E-24  8.464E-15
3.733E+01  8.458E-24  8.374E-15
3.698E+01  8.442E-24  8.282E-15
3.664E+01  8.423E-24  8.188E-15
3.631E+01  8.402E-24  8.092E-15
3.597E+01  8.377E-24  7.994E-15
3.565E+01  8.349E-24  7.895E-15
3.532E+01  8.318E-24  7.793E-15
3.499E+01  8.282E-24  7.688E-15
3.467E+01  8.243E-24  7.582E-15
3.436E+01  8.199E-24  7.472E-15
3.404E+01  8.152E-24  7.361E-15
3.373E+01  8.099E-24  7.246E-15
3.342E+01  8.043E-24  7.130E-15
3.311E+01  7.985E-24  7.014E-15
3.281E+01  7.923E-24  6.895E-15
3.251E+01  7.856E-24  6.775E-15
3.221E+01  7.785E-24  6.652E-15
3.192E+01  7.710E-24  6.528E-15
3.162E+01  7.632E-24  6.402E-15
3.133E+01  7.550E-24  6.275E-15
3.105E+01  7.465E-24  6.147E-15
3.076E+01  7.377E-24  6.019E-15
3.048E+01  7.287E-24  5.891E-15
3.020E+01  7.195E-24  5.763E-15
2.992E+01  7.100E-24  5.635E-15
2.965E+01  7.002E-24  5.507E-15
2.938E+01  6.903E-24  5.379E-15
2.911E+01  6.804E-24  5.253E-15
2.884E+01  6.704E-24  5.128E-15
2.858E+01  6.604E-24  5.006E-15
2.831E+01  6.504E-24  4.885E-15
2.805E+01  6.404E-24  4.766E-15
2.780E+01  6.305E-24  4.649E-15
2.754E+01  6.207E-24  4.535E-15
2.729E+01  6.110E-24  4.423E-15
2.704E+01  6.015E-24  4.314E-15
2.679E+01  5.921E-24  4.208E-15
2.655E+01  5.828E-24  4.104E-15
2.630E+01  5.737E-24  4.003E-15
2.606E+01  5.647E-24  3.904E-15
2.582E+01  5.559E-24  3.808E-15
2.559E+01  5.472E-24  3.714E-15
2.535E+01  5.387E-24  3.622E-15
2.512E+01  5.303E-24  3.533E-15
2.489E+01  5.220E-24  3.446E-15
2.466E+01  5.138E-24  3.361E-15
2.443E+01  5.057E-24  3.278E-15
2.421E+01  4.976E-24  3.195E-15
2.399E+01  4.893E-24  3.114E-15
2.377E+01  4.814E-24  3.035E-15
2.355E+01  4.741E-24  2.961E-15
2.333E+01  4.666E-24  2.888E-15
2.312E+01  4.586E-24  2.813E-15
2.291E+01  4.510E-24  2.740E-15
2.270E+01  4.441E-24  2.674E-15
2.249E+01  4.378E-24  2.612E-15
2.228E+01  4.318E-24  2.552E-15
2.208E+01  4.256E-24  2.492E-15
2.188E+01  4.188E-24  2.430E-15
2.168E+01  4.117E-24  2.367E-15
2.148E+01  4.048E-24  2.306E-15
2.128E+01  3.983E-24  2.248E-15
2.109E+01  3.923E-24  2.194E-15
2.089E+01  3.861E-24  2.140E-15
2.070E+01  3.797E-24  2.085E-15
2.051E+01  3.732E-24  2.031E-15
2.032E+01  3.671E-24  1.979E-15
2.014E+01  3.622E-24  1.935E-15
1.995E+01  3.572E-24  1.890E-15
1.977E+01  3.518E-24  1.845E-15
1.959E+01  3.460E-24  1.798E-15
1.941E+01  3.396E-24  1.748E-15
1.923E+01  3.325E-24  1.696E-15
1.905E+01  3.249E-24  1.642E-15
1.888E+01  3.167E-24  1.586E-15
1.871E+01  3.080E-24  1.528E-15
1.854E+01  2.988E-24  1.469E-15
1.837E+01  2.892E-24  1.409E-15
1.820E+01  2.794E-24  1.349E-15
1.803E+01  2.699E-24  1.291E-15
1.786E+01  2.610E-24  1.237E-15
1.770E+01  2.501E-24  1.174E-15
1.754E+01  2.406E-24  1.120E-15
1.738E+01  2.343E-24  1.080E-15
1.722E+01  2.214E-24  1.011E-15
1.706E+01  2.106E-24  9.530E-16
1.690E+01  1.995E-24  8.947E-16
1.675E+01  1.884E-24  8.370E-16
1.660E+01  1.791E-24  7.885E-16
1.644E+01  1.741E-24  7.594E-16
1.629E+01  1.579E-24  6.826E-16
1.614E+01  1.470E-24  6.294E-16
1.600E+01  1.394E-24  5.914E-16
1.585E+01  1.317E-24  5.535E-16
1.570E+01  1.219E-24  5.077E-16
1.556E+01  1.139E-24  4.700E-16
1.542E+01  1.069E-24  4.373E-16
1.528E+01  1.007E-24  4.079E-16
1.514E+01  9.494E-25  3.812E-16
1.500E+01  8.972E-25  3.569E-16
1.486E+01  8.484E-25  3.344E-16
1.472E+01  8.035E-25  3.138E-16
1.459E+01  7.628E-25  2.952E-16
1.445E+01  7.291E-25  2.796E-16
1.432E+01  7.047E-25  2.677E-16
1.419E+01  6.861E-25  2.583E-16
1.406E+01  6.567E-25  2.449E-16
1.393E+01  6.346E-25  2.345E-16
1.380E+01  6.242E-25  2.286E-16
1.368E+01  6.279E-25  2.278E-16
1.355E+01  6.273E-25  2.255E-16
1.343E+01  6.137E-25  2.186E-16
1.330E+01  6.107E-25  2.155E-16
1.318E+01  6.151E-25  2.151E-16
1.306E+01  6.258E-25  2.168E-16
1.294E+01  6.466E-25  2.220E-16
1.282E+01  6.825E-25  2.322E-16
1.271E+01  7.273E-25  2.451E-16
1.259E+01  7.462E-25  2.492E-16
1.247E+01  7.197E-25  2.381E-16
1.236E+01  6.876E-25  2.254E-16
1.225E+01  6.732E-25  2.187E-16
1.213E+01  6.767E-25  2.178E-16
1.202E+01  6.848E-25  2.184E-16
1.191E+01  6.800E-25  2.149E-16
1.180E+01  6.679E-25  2.091E-16
1.169E+01  6.651E-25  2.063E-16
1.159E+01  6.830E-25  2.099E-16
1.148E+01  7.448E-25  2.268E-16
1.138E+01  8.630E-25  2.604E-16
1.127E+01  9.991E-25  2.987E-16
1.117E+01  8.473E-25  2.510E-16
1.107E+01  6.967E-25  2.045E-16
1.096E+01  6.456E-25  1.878E-16
1.086E+01  6.246E-25  1.800E-16
1.076E+01  6.174E-25  1.763E-16
1.067E+01  6.178E-25  1.748E-16
1.057E+01  6.229E-25  1.746E-16
1.047E+01  6.290E-25  1.747E-16
1.038E+01  6.331E-25  1.742E-16
1.028E+01  6.339E-25  1.728E-16
1.019E+01  6.317E-25  1.707E-16
1.009E+01  6.286E-25  1.683E-16
1.000E+01  6.261E-25  1.661E-16
9.908E+00  6.256E-25  1.644E-16
9.817E+00  6.263E-25  1.631E-16
9.727E+00  6.280E-25  1.621E-16
9.638E+00  6.299E-25  1.611E-16
9.550E+00  6.288E-25  1.593E-16
9.462E+00  6.230E-25  1.564E-16
9.376E+00  6.114E-25  1.520E-16
9.290E+00  5.933E-25  1.462E-16
9.204E+00  5.696E-25  1.391E-16
9.120E+00  5.423E-25  1.312E-16
9.036E+00  5.143E-25  1.233E-16
8.954E+00  4.896E-25  1.163E-16
8.872E+00  4.732E-25  1.113E-16
8.790E+00  4.705E-25  1.097E-16
8.710E+00  4.859E-25  1.123E-16
8.630E+00  5.009E-25  1.147E-16
8.551E+00  4.734E-25  1.074E-16
8.472E+00  4.252E-25  9.555E-17
8.395E+00  3.907E-25  8.700E-17
8.318E+00  3.680E-25  8.120E-17
8.241E+00  3.520E-25  7.694E-17
8.166E+00  3.458E-25  7.489E-17
8.091E+00  3.573E-25  7.667E-17
8.017E+00  3.900E-25  8.294E-17
7.943E+00  4.408E-25  9.288E-17
7.870E+00  4.856E-25  1.014E-16
7.798E+00  4.974E-25  1.029E-16
7.727E+00  4.983E-25  1.021E-16
7.656E+00  5.137E-25  1.043E-16
7.586E+00  4.950E-25  9.961E-17
7.516E+00  4.073E-25  8.121E-17
7.447E+00  3.120E-25  6.162E-17
7.379E+00  2.438E-25  4.772E-17
7.311E+00  1.986E-25  3.852E-17
7.244E+00  1.674E-25  3.216E-17
7.178E+00  1.447E-25  2.756E-17
7.112E+00  1.281E-25  2.418E-17
7.047E+00  1.161E-25  2.170E-17
6.982E+00  1.076E-25  1.993E-17
6.918E+00  1.023E-25  1.878E-17
6.855E+00  9.970E-26  1.813E-17
6.792E+00  9.892E-26  1.782E-17
6.730E+00  9.842E-26  1.757E-17
6.668E+00  9.649E-26  1.707E-17
6.607E+00  9.321E-26  1.633E-17
6.546E+00  9.081E-26  1.577E-17
6.486E+00  9.211E-26  1.585E-17
6.427E+00  1.005E-25  1.713E-17
6.368E+00  1.227E-25  2.072E-17
6.310E+00  1.738E-25  2.909E-17
6.252E+00  2.613E-25  4.334E-17
6.194E+00  2.628E-25  4.319E-17
6.138E+00  1.677E-25  2.730E-17
6.081E+00  1.090E-25  1.759E-17
6.026E+00  8.169E-26  1.306E-17
5.970E+00  6.849E-26  1.085E-17
5.916E+00  6.228E-26  9.774E-18
5.861E+00  6.063E-26  9.426E-18
5.808E+00  6.314E-26  9.726E-18
5.754E+00  6.923E-26  1.057E-17
5.702E+00  7.250E-26  1.097E-17
5.649E+00  6.525E-26  9.779E-18
5.598E+00  5.499E-26  8.165E-18
5.546E+00  4.789E-26  7.045E-18
5.495E+00  4.369E-26  6.369E-18
5.445E+00  4.135E-26  5.973E-18
5.395E+00  4.037E-26  5.777E-18
5.346E+00  4.087E-26  5.796E-18
5.297E+00  4.336E-26  6.092E-18
5.248E+00  4.512E-26  6.281E-18
5.200E+00  4.122E-26  5.685E-18
5.152E+00  3.722E-26  5.087E-18
5.105E+00  3.501E-26  4.741E-18
5.058E+00  3.375E-26  4.528E-18
5.012E+00  3.295E-26  4.380E-18
4.966E+00  3.239E-26  4.267E-18
4.920E+00  3.197E-26  4.173E-18
4.875E+00  3.164E-26  4.091E-18
4.831E+00  3.137E-26  4.019E-18
4.786E+00  3.114E-26  3.954E-18
4.742E+00  3.095E-26  3.894E-18
4.699E+00  3.080E-26  3.839E-18
4.656E+00  3.066E-26  3.787E-18
4.613E+00  3.054E-26  3.738E-18
4.571E+00  3.044E-26  3.691E-18
4.529E+00  3.036E-26  3.647E-18
4.487E+00  3.028E-26  3.605E-18
4.446E+00  3.022E-26  3.564E-18
4.406E+00  3.018E-26  3.526E-18
4.365E+00  3.014E-26  3.490E-18
4.325E+00  3.011E-26  3.455E-18
4.285E+00  3.009E-26  3.420E-18
4.246E+00  3.007E-26  3.387E-18
4.207E+00  3.006E-26  3.355E-18
4.169E+00  3.005E-26  3.323E-18
4.130E+00  3.005E-26  3.292E-18
4.093E+00  3.003E-26  3.260E-18
4.055E+00  3.002E-26  3.229E-18
4.018E+00  3.001E-26  3.198E-18
3.981E+00  3.000E-26  3.168E-18
3.945E+00  3.000E-26  3.139E-18
3.908E+00  3.000E-26  3.110E-18
3.873E+00  3.001E-26  3.083E-18
3.837E+00  3.003E-26  3.056E-18
3.802E+00  3.006E-26  3.031E-18
3.767E+00  3.010E-26  3.008E-18
3.733E+00  3.015E-26  2.985E-18
3.698E+00  3.023E-26  2.965E-18
3.664E+00  3.033E-26  2.948E-18
3.631E+00  3.046E-26  2.934E-18
3.597E+00  3.065E-26  2.925E-18
3.565E+00  3.091E-26  2.923E-18
3.532E+00  3.130E-26  2.932E-18
3.499E+00  3.188E-26  2.960E-18
3.467E+00  3.283E-26  3.020E-18
3.436E+00  3.450E-26  3.144E-18
3.404E+00  3.780E-26  3.413E-18
3.373E+00  4.568E-26  4.087E-18
3.342E+00  7.189E-26  6.373E-18
3.311E+00  2.021E-25  1.775E-17
3.281E+00  1.462E-25  1.273E-17
3.251E+00  5.976E-26  5.153E-18
3.221E+00  4.163E-26  3.557E-18
3.192E+00  3.559E-26  3.013E-18
3.162E+00  3.289E-26  2.759E-18
3.133E+00  3.145E-26  2.614E-18
3.105E+00  3.057E-26  2.517E-18
3.076E+00  3.000E-26  2.448E-18
3.048E+00  2.960E-26  2.393E-18
3.020E+00  2.929E-26  2.346E-18
2.992E+00  2.905E-26  2.306E-18
2.965E+00  2.885E-26  2.269E-18
2.938E+00  2.868E-26  2.235E-18
2.911E+00  2.853E-26  2.203E-18
2.884E+00  2.839E-26  2.172E-18
2.858E+00  2.827E-26  2.142E-18
2.831E+00  2.815E-26  2.114E-18
2.805E+00  2.803E-26  2.086E-18
2.780E+00  2.792E-26  2.059E-18
2.754E+00  2.781E-26  2.032E-18
2.729E+00  2.770E-26  2.005E-18
2.704E+00  2.760E-26  1.979E-18
2.679E+00  2.749E-26  1.954E-18
2.655E+00  2.738E-26  1.928E-18
2.630E+00  2.727E-26  1.903E-18
2.606E+00  2.717E-26  1.878E-18
2.582E+00  2.706E-26  1.853E-18
2.559E+00  2.695E-26  1.829E-18
2.535E+00  2.684E-26  1.805E-18
2.512E+00  2.673E-26  1.781E-18
2.489E+00  2.662E-26  1.757E-18
2.466E+00  2.650E-26  1.734E-18
2.443E+00  2.639E-26  1.711E-18
2.421E+00  2.628E-26  1.688E-18
2.399E+00  2.616E-26  1.665E-18
2.377E+00  2.604E-26  1.642E-18
2.355E+00  2.592E-26  1.619E-18
2.333E+00  2.579E-26  1.597E-18
2.312E+00  2.567E-26  1.574E-18
2.291E+00  2.554E-26  1.552E-18
2.270E+00  2.540E-26  1.529E-18
2.249E+00  2.527E-26  1.507E-18
2.228E+00  2.513E-26  1.485E-18
2.208E+00  2.499E-26  1.463E-18
2.188E+00  2.484E-26  1.442E-18
2.168E+00  2.470E-26  1.420E-18
2.148E+00  2.455E-26  1.399E-18
2.128E+00  2.440E-26  1.377E-18
2.109E+00  2.424E-26  1.356E-18
2.089E+00  2.408E-26  1.335E-18
2.070E+00  2.392E-26  1.313E-18
2.051E+00  2.374E-26  1.292E-18
2.032E+00  2.357E-26  1.270E-18
2.014E+00  2.338E-26  1.249E-18
1.995E+00  2.318E-26  1.227E-18
1.977E+00  2.298E-26  1.205E-18
1.959E+00  2.276E-26  1.183E-18
1.941E+00  2.255E-26  1.161E-18
1.923E+00  2.235E-26  1.140E-18
1.905E+00  2.218E-26  1.121E-18
1.888E+00  2.204E-26  1.104E-18
1.871E+00  2.193E-26  1.088E-18
1.854E+00  2.182E-26  1.073E-18
1.837E+00  2.171E-26  1.057E-18
1.820E+00  2.158E-26  1.042E-18
1.803E+00  2.145E-26  1.026E-18
1.786E+00  2.130E-26  1.009E-18
1.770E+00  2.115E-26  9.930E-19
1.754E+00  2.099E-26  9.767E-19
1.738E+00  2.083E-26  9.603E-19
1.722E+00  2.067E-26  9.440E-19
1.706E+00  2.050E-26  9.278E-19
1.690E+00  2.033E-26  9.117E-19
1.675E+00  2.016E-26  8.957E-19
1.660E+00  1.999E-26  8.799E-19
1.644E+00  1.981E-26  8.642E-19
1.629E+00  1.964E-26  8.486E-19
1.614E+00  1.946E-26  8.332E-19
1.600E+00  1.928E-26  8.180E-19
1.585E+00  1.910E-26  8.029E-19
1.570E+00  1.892E-26  7.880E-19
1.556E+00  1.874E-26  7.734E-19
1.542E+00  1.856E-26  7.589E-19
1.528E+00  1.838E-26  7.446E-19
1.514E+00  1.820E-26  7.306E-19
1.500E+00  1.802E-26  7.168E-19
1.486E+00  1.784E-26  7.033E-19
1.472E+00  1.767E-26  6.901E-19
1.459E+00  1.750E-26  6.772E-19
1.445E+00  1.734E-26  6.647E-19
1.432E+00  1.718E-26  6.526E-19
1.419E+00  1.703E-26  6.409E-19
1.406E+00  1.688E-26  6.296E-19
1.393E+00  1.675E-26  6.189E-19
1.380E+00  1.663E-26  6.088E-19
1.368E+00  1.652E-26  5.994E-19
1.355E+00  1.643E-26  5.906E-19
1.343E+00  1.636E-26  5.828E-19
1.330E+00  1.631E-26  5.757E-19
1.318E+00  1.629E-26  5.695E-19
1.306E+00  1.627E-26  5.637E-19
1.294E+00  1.624E-26  5.576E-19
1.282E+00  1.618E-26  5.503E-19
1.271E+00  1.603E-26  5.404E-19
1.259E+00  1.578E-26  5.270E-19
1.247E+00  1.542E-26  5.103E-19
1.236E+00  1.499E-26  4.915E-19
1.225E+00  1.454E-26  4.723E-19
1.213E+00  1.410E-26  4.538E-19
1.202E+00  1.369E-26  4.367E-19
1.191E+00  1.333E-26  4.212E-19
1.180E+00  1.301E-26  4.073E-19
1.169E+00  1.272E-26  3.947E-19
1.159E+00  1.247E-26  3.834E-19
1.148E+00  1.226E-26  3.732E-19
1.138E+00  1.207E-26  3.642E-19
1.127E+00  1.192E-26  3.564E-19
1.117E+00  1.181E-26  3.499E-19
1.107E+00  1.176E-26  3.452E-19
1.096E+00  1.179E-26  3.428E-19
1.086E+00  1.193E-26  3.437E-19
1.076E+00  1.221E-26  3.486E-19
1.067E+00  1.261E-26  3.568E-19
1.057E+00  1.290E-26  3.617E-19
1.047E+00  1.266E-26  3.518E-19
1.038E+00  1.185E-26  3.262E-19
1.028E+00  1.092E-26  2.979E-19
1.019E+00  1.016E-26  2.746E-19
1.009E+00  9.592E-27  2.568E-19
1.000E+00  9.159E-27  2.429E-19
