Dust emission from Draine & Li (2007): ApJ 657, 810-837
================================================================
         7 = grain model
 4.000E-08 4.000E-01 4.500E-05 = a_01 (cm) , sigma_1 , b_C1/0.92
 2.500E-07 4.000E-01 1.500E-05 = a_02 (cm) , sigma_2 , b_C2/0.92
 2.500E+00 1.000E+03 2.000E+00 = Umin , Umax, beta (dN/dU propto U^{-beta})
 1.502E+01 = <U> 
     mmp83 = radfield
 6.868E-23 = power/H (erg s-1)
 band   nu*P_nu(band) j_nu(band)
 (um)   (erg s-1 H-1)(Jy cm2 sr-1 H-1)
1.270E+00  2.747E-25  9.255E-18 COBE-DIRBE
2.220E+00  3.510E-25  2.067E-17 COBE-DIRBE
3.530E+00  2.283E-24  2.138E-16 COBE-DIRBE
4.880E+00  1.061E-24  1.374E-16 COBE-DIRBE
1.229E+01  9.405E-24  3.066E-15 COBE-DIRBE
2.079E+01  7.917E-24  4.366E-15 COBE-DIRBE
5.599E+01  3.542E-23  5.261E-14 COBE-DIRBE
9.770E+01  2.715E-23  7.035E-14 COBE-DIRBE
1.479E+02  1.423E-23  5.580E-14 COBE-DIRBE
2.479E+02  3.424E-24  2.251E-14 COBE-DIRBE
1.200E+01  9.933E-24  3.162E-15 IRAS
2.500E+01  8.448E-24  5.602E-15 IRAS
6.000E+01  3.509E-23  5.585E-14 IRAS
1.000E+02  2.637E-23  6.994E-14 IRAS
3.550E+00  2.655E-24  2.500E-16 SST-IRAC
4.493E+00  7.443E-25  8.871E-17 SST-IRAC
5.731E+00  6.277E-24  9.542E-16 SST-IRAC
7.872E+00  1.454E-23  3.037E-15 SST-IRAC
2.368E+01  7.192E-24  4.518E-15 SST-MIPS
7.142E+01  3.188E-23  6.040E-14 SST-MIPS
1.559E+02  1.174E-23  4.856E-14 SST-MIPS
1.600E+01  7.734E-24  3.283E-15 SST-IRSPU
2.200E+01  7.424E-24  4.332E-15 SST-IRSPU











lambda    nu*dP/dnu     j_nu
 (um)   (erg s-1 H-1)(Jy cm2 sr-1 H-1)
1.000E+04  7.453E-31  1.977E-19
9.908E+03  7.726E-31  2.031E-19
9.817E+03  8.009E-31  2.086E-19
9.727E+03  8.302E-31  2.142E-19
9.638E+03  8.605E-31  2.200E-19
9.550E+03  8.920E-31  2.260E-19
9.462E+03  9.246E-31  2.321E-19
9.376E+03  9.584E-31  2.384E-19
9.290E+03  9.935E-31  2.448E-19
9.204E+03  1.030E-30  2.514E-19
9.120E+03  1.068E-30  2.583E-19
9.036E+03  1.107E-30  2.653E-19
8.954E+03  1.147E-30  2.724E-19
8.872E+03  1.189E-30  2.797E-19
8.790E+03  1.232E-30  2.873E-19
8.710E+03  1.277E-30  2.950E-19
8.630E+03  1.323E-30  3.029E-19
8.551E+03  1.372E-30  3.111E-19
8.472E+03  1.422E-30  3.195E-19
8.395E+03  1.474E-30  3.282E-19
8.318E+03  1.528E-30  3.370E-19
8.241E+03  1.583E-30  3.461E-19
8.166E+03  1.641E-30  3.555E-19
8.091E+03  1.701E-30  3.652E-19
8.017E+03  1.764E-30  3.751E-19
7.943E+03  1.828E-30  3.853E-19
7.870E+03  1.896E-30  3.957E-19
7.798E+03  1.965E-30  4.065E-19
7.727E+03  2.037E-30  4.176E-19
7.656E+03  2.112E-30  4.289E-19
7.586E+03  2.190E-30  4.406E-19
7.516E+03  2.270E-30  4.527E-19
7.447E+03  2.354E-30  4.650E-19
7.379E+03  2.441E-30  4.778E-19
7.311E+03  2.531E-30  4.908E-19
7.244E+03  2.624E-30  5.043E-19
7.178E+03  2.721E-30  5.181E-19
7.112E+03  2.822E-30  5.323E-19
7.047E+03  2.926E-30  5.469E-19
6.982E+03  3.034E-30  5.619E-19
6.918E+03  3.146E-30  5.773E-19
6.855E+03  3.262E-30  5.932E-19
6.792E+03  3.383E-30  6.095E-19
6.730E+03  3.508E-30  6.262E-19
6.668E+03  3.638E-30  6.434E-19
6.607E+03  3.773E-30  6.612E-19
6.546E+03  3.913E-30  6.794E-19
6.486E+03  4.058E-30  6.981E-19
6.427E+03  4.208E-30  7.174E-19
6.368E+03  4.365E-30  7.373E-19
6.310E+03  4.527E-30  7.577E-19
6.252E+03  4.695E-30  7.786E-19
6.194E+03  4.870E-30  8.002E-19
6.138E+03  5.052E-30  8.224E-19
6.081E+03  5.240E-30  8.453E-19
6.026E+03  5.435E-30  8.687E-19
5.970E+03  5.638E-30  8.929E-19
5.916E+03  5.849E-30  9.178E-19
5.861E+03  6.067E-30  9.433E-19
5.808E+03  6.294E-30  9.696E-19
5.754E+03  6.530E-30  9.967E-19
5.702E+03  6.774E-30  1.025E-18
5.649E+03  7.028E-30  1.053E-18
5.598E+03  7.292E-30  1.083E-18
5.546E+03  7.565E-30  1.113E-18
5.495E+03  7.849E-30  1.144E-18
5.445E+03  8.144E-30  1.176E-18
5.395E+03  8.450E-30  1.209E-18
5.346E+03  8.768E-30  1.243E-18
5.297E+03  9.098E-30  1.278E-18
5.248E+03  9.440E-30  1.314E-18
5.200E+03  9.796E-30  1.351E-18
5.152E+03  1.016E-29  1.389E-18
5.105E+03  1.055E-29  1.428E-18
5.058E+03  1.095E-29  1.469E-18
5.012E+03  1.136E-29  1.510E-18
4.966E+03  1.179E-29  1.553E-18
4.920E+03  1.223E-29  1.597E-18
4.875E+03  1.270E-29  1.642E-18
4.831E+03  1.318E-29  1.688E-18
4.786E+03  1.368E-29  1.736E-18
4.742E+03  1.419E-29  1.785E-18
4.699E+03  1.473E-29  1.836E-18
4.656E+03  1.529E-29  1.888E-18
4.613E+03  1.587E-29  1.942E-18
4.571E+03  1.647E-29  1.997E-18
4.529E+03  1.710E-29  2.054E-18
4.487E+03  1.775E-29  2.113E-18
4.446E+03  1.843E-29  2.173E-18
4.406E+03  1.913E-29  2.235E-18
4.365E+03  1.986E-29  2.299E-18
4.325E+03  2.061E-29  2.365E-18
4.285E+03  2.140E-29  2.433E-18
4.246E+03  2.222E-29  2.502E-18
4.207E+03  2.307E-29  2.574E-18
4.169E+03  2.395E-29  2.648E-18
4.130E+03  2.487E-29  2.724E-18
4.093E+03  2.582E-29  2.803E-18
4.055E+03  2.681E-29  2.883E-18
4.018E+03  2.783E-29  2.966E-18
3.981E+03  2.890E-29  3.052E-18
3.945E+03  3.001E-29  3.140E-18
3.908E+03  3.116E-29  3.230E-18
3.873E+03  3.235E-29  3.324E-18
3.837E+03  3.360E-29  3.420E-18
3.802E+03  3.489E-29  3.518E-18
3.767E+03  3.623E-29  3.620E-18
3.733E+03  3.762E-29  3.725E-18
3.698E+03  3.907E-29  3.833E-18
3.664E+03  4.058E-29  3.945E-18
3.631E+03  4.215E-29  4.059E-18
3.597E+03  4.377E-29  4.177E-18
3.565E+03  4.547E-29  4.299E-18
3.532E+03  4.722E-29  4.424E-18
3.499E+03  4.905E-29  4.553E-18
3.467E+03  5.095E-29  4.686E-18
3.436E+03  5.293E-29  4.823E-18
3.404E+03  5.498E-29  4.964E-18
3.373E+03  5.711E-29  5.110E-18
3.342E+03  5.933E-29  5.260E-18
3.311E+03  6.164E-29  5.414E-18
3.281E+03  6.404E-29  5.573E-18
3.251E+03  6.653E-29  5.737E-18
3.221E+03  6.912E-29  5.906E-18
3.192E+03  7.182E-29  6.080E-18
3.162E+03  7.462E-29  6.259E-18
3.133E+03  7.753E-29  6.444E-18
3.105E+03  8.056E-29  6.634E-18
3.076E+03  8.371E-29  6.830E-18
3.048E+03  8.698E-29  7.032E-18
3.020E+03  9.038E-29  7.240E-18
2.992E+03  9.392E-29  7.455E-18
2.965E+03  9.759E-29  7.675E-18
2.938E+03  1.014E-28  7.902E-18
2.911E+03  1.054E-28  8.135E-18
2.884E+03  1.095E-28  8.376E-18
2.858E+03  1.138E-28  8.625E-18
2.831E+03  1.182E-28  8.880E-18
2.805E+03  1.229E-28  9.144E-18
2.780E+03  1.277E-28  9.416E-18
2.754E+03  1.327E-28  9.696E-18
2.729E+03  1.379E-28  9.985E-18
2.704E+03  1.434E-28  1.028E-17
2.679E+03  1.490E-28  1.059E-17
2.655E+03  1.549E-28  1.091E-17
2.630E+03  1.610E-28  1.123E-17
2.606E+03  1.673E-28  1.157E-17
2.582E+03  1.739E-28  1.191E-17
2.559E+03  1.808E-28  1.227E-17
2.535E+03  1.880E-28  1.264E-17
2.512E+03  1.954E-28  1.302E-17
2.489E+03  2.031E-28  1.341E-17
2.466E+03  2.112E-28  1.381E-17
2.443E+03  2.195E-28  1.423E-17
2.421E+03  2.282E-28  1.466E-17
2.399E+03  2.373E-28  1.510E-17
2.377E+03  2.467E-28  1.555E-17
2.355E+03  2.565E-28  1.602E-17
2.333E+03  2.667E-28  1.651E-17
2.312E+03  2.773E-28  1.701E-17
2.291E+03  2.883E-28  1.752E-17
2.270E+03  2.998E-28  1.805E-17
2.249E+03  3.118E-28  1.860E-17
2.228E+03  3.242E-28  1.916E-17
2.208E+03  3.371E-28  1.974E-17
2.188E+03  3.505E-28  2.034E-17
2.168E+03  3.645E-28  2.096E-17
2.148E+03  3.791E-28  2.160E-17
2.128E+03  3.942E-28  2.225E-17
2.109E+03  4.100E-28  2.293E-17
2.089E+03  4.264E-28  2.363E-17
2.070E+03  4.434E-28  2.435E-17
2.051E+03  4.612E-28  2.509E-17
2.032E+03  4.796E-28  2.586E-17
2.014E+03  4.988E-28  2.664E-17
1.995E+03  5.188E-28  2.746E-17
1.977E+03  5.396E-28  2.829E-17
1.959E+03  5.612E-28  2.916E-17
1.941E+03  5.837E-28  3.005E-17
1.923E+03  6.071E-28  3.097E-17
1.905E+03  6.314E-28  3.191E-17
1.888E+03  6.567E-28  3.289E-17
1.871E+03  6.831E-28  3.390E-17
1.854E+03  7.105E-28  3.493E-17
1.837E+03  7.391E-28  3.600E-17
1.820E+03  7.688E-28  3.711E-17
1.803E+03  7.997E-28  3.824E-17
1.786E+03  8.318E-28  3.942E-17
1.770E+03  8.653E-28  4.063E-17
1.754E+03  9.001E-28  4.187E-17
1.738E+03  9.363E-28  4.316E-17
1.722E+03  9.740E-28  4.449E-17
1.706E+03  1.013E-27  4.585E-17
1.690E+03  1.054E-27  4.726E-17
1.675E+03  1.096E-27  4.871E-17
1.660E+03  1.141E-27  5.021E-17
1.644E+03  1.187E-27  5.176E-17
1.629E+03  1.234E-27  5.335E-17
1.614E+03  1.284E-27  5.499E-17
1.600E+03  1.336E-27  5.668E-17
1.585E+03  1.390E-27  5.843E-17
1.570E+03  1.446E-27  6.023E-17
1.556E+03  1.504E-27  6.208E-17
1.542E+03  1.565E-27  6.399E-17
1.528E+03  1.628E-27  6.596E-17
1.514E+03  1.694E-27  6.799E-17
1.500E+03  1.762E-27  7.009E-17
1.486E+03  1.833E-27  7.225E-17
1.472E+03  1.907E-27  7.448E-17
1.459E+03  1.984E-27  7.677E-17
1.445E+03  2.064E-27  7.914E-17
1.432E+03  2.147E-27  8.158E-17
1.419E+03  2.234E-27  8.410E-17
1.406E+03  2.324E-27  8.669E-17
1.393E+03  2.418E-27  8.937E-17
1.380E+03  2.516E-27  9.213E-17
1.368E+03  2.618E-27  9.497E-17
1.355E+03  2.723E-27  9.790E-17
1.343E+03  2.833E-27  1.009E-16
1.330E+03  2.948E-27  1.040E-16
1.318E+03  3.067E-27  1.072E-16
1.306E+03  3.191E-27  1.106E-16
1.294E+03  3.320E-27  1.140E-16
1.282E+03  3.454E-27  1.175E-16
1.271E+03  3.593E-27  1.211E-16
1.259E+03  3.738E-27  1.248E-16
1.247E+03  3.889E-27  1.287E-16
1.236E+03  4.046E-27  1.326E-16
1.225E+03  4.209E-27  1.367E-16
1.213E+03  4.379E-27  1.409E-16
1.202E+03  4.556E-27  1.453E-16
1.191E+03  4.739E-27  1.498E-16
1.180E+03  4.930E-27  1.544E-16
1.169E+03  5.129E-27  1.591E-16
1.159E+03  5.336E-27  1.640E-16
1.148E+03  5.550E-27  1.690E-16
1.138E+03  5.774E-27  1.742E-16
1.127E+03  6.006E-27  1.796E-16
1.117E+03  6.248E-27  1.851E-16
1.107E+03  6.499E-27  1.908E-16
1.096E+03  6.761E-27  1.966E-16
1.086E+03  7.033E-27  2.027E-16
1.076E+03  7.315E-27  2.089E-16
1.067E+03  7.609E-27  2.153E-16
1.057E+03  7.914E-27  2.219E-16
1.047E+03  8.232E-27  2.287E-16
1.038E+03  8.562E-27  2.356E-16
1.028E+03  8.905E-27  2.428E-16
1.019E+03  9.262E-27  2.503E-16
1.009E+03  9.633E-27  2.579E-16
1.000E+03  1.002E-26  2.658E-16
9.908E+02  1.042E-26  2.739E-16
9.817E+02  1.084E-26  2.822E-16
9.727E+02  1.127E-26  2.908E-16
9.638E+02  1.172E-26  2.997E-16
9.550E+02  1.219E-26  3.088E-16
9.462E+02  1.268E-26  3.182E-16
9.376E+02  1.319E-26  3.279E-16
9.290E+02  1.371E-26  3.379E-16
9.204E+02  1.426E-26  3.482E-16
9.120E+02  1.483E-26  3.587E-16
9.036E+02  1.542E-26  3.696E-16
8.954E+02  1.603E-26  3.808E-16
8.872E+02  1.667E-26  3.923E-16
8.790E+02  1.733E-26  4.042E-16
8.710E+02  1.802E-26  4.164E-16
8.630E+02  1.874E-26  4.289E-16
8.551E+02  1.948E-26  4.418E-16
8.472E+02  2.025E-26  4.551E-16
8.395E+02  2.105E-26  4.688E-16
8.318E+02  2.188E-26  4.829E-16
8.241E+02  2.275E-26  4.973E-16
8.166E+02  2.365E-26  5.122E-16
8.091E+02  2.458E-26  5.275E-16
8.017E+02  2.555E-26  5.433E-16
7.943E+02  2.655E-26  5.595E-16
7.870E+02  2.760E-26  5.762E-16
7.798E+02  2.868E-26  5.933E-16
7.727E+02  2.981E-26  6.109E-16
7.656E+02  3.098E-26  6.291E-16
7.586E+02  3.219E-26  6.478E-16
7.516E+02  3.345E-26  6.670E-16
7.447E+02  3.476E-26  6.868E-16
7.379E+02  3.613E-26  7.071E-16
7.311E+02  3.754E-26  7.281E-16
7.244E+02  3.902E-26  7.497E-16
7.178E+02  4.054E-26  7.720E-16
7.112E+02  4.213E-26  7.948E-16
7.047E+02  4.378E-26  8.184E-16
6.982E+02  4.550E-26  8.426E-16
6.918E+02  4.727E-26  8.676E-16
6.855E+02  4.912E-26  8.932E-16
6.792E+02  5.104E-26  9.196E-16
6.730E+02  5.303E-26  9.467E-16
6.668E+02  5.510E-26  9.745E-16
6.607E+02  5.724E-26  1.003E-15
6.546E+02  5.948E-26  1.033E-15
6.486E+02  6.180E-26  1.063E-15
6.427E+02  6.422E-26  1.095E-15
6.368E+02  6.673E-26  1.127E-15
6.310E+02  6.933E-26  1.160E-15
6.252E+02  7.204E-26  1.195E-15
6.194E+02  7.485E-26  1.230E-15
6.138E+02  7.777E-26  1.266E-15
6.081E+02  8.081E-26  1.304E-15
6.026E+02  8.396E-26  1.342E-15
5.970E+02  8.724E-26  1.382E-15
5.916E+02  9.064E-26  1.422E-15
5.861E+02  9.417E-26  1.464E-15
5.808E+02  9.784E-26  1.507E-15
5.754E+02  1.017E-25  1.552E-15
5.702E+02  1.056E-25  1.597E-15
5.649E+02  1.097E-25  1.644E-15
5.598E+02  1.140E-25  1.693E-15
5.546E+02  1.184E-25  1.742E-15
5.495E+02  1.230E-25  1.794E-15
5.445E+02  1.278E-25  1.846E-15
5.395E+02  1.328E-25  1.900E-15
5.346E+02  1.380E-25  1.956E-15
5.297E+02  1.433E-25  2.014E-15
5.248E+02  1.489E-25  2.073E-15
5.200E+02  1.547E-25  2.133E-15
5.152E+02  1.607E-25  2.196E-15
5.105E+02  1.669E-25  2.260E-15
5.058E+02  1.734E-25  2.326E-15
5.012E+02  1.801E-25  2.394E-15
4.966E+02  1.871E-25  2.464E-15
4.920E+02  1.943E-25  2.536E-15
4.875E+02  2.018E-25  2.610E-15
4.831E+02  2.096E-25  2.686E-15
4.786E+02  2.177E-25  2.764E-15
4.742E+02  2.261E-25  2.844E-15
4.699E+02  2.348E-25  2.927E-15
4.656E+02  2.439E-25  3.012E-15
4.613E+02  2.533E-25  3.099E-15
4.571E+02  2.630E-25  3.189E-15
4.529E+02  2.732E-25  3.282E-15
4.487E+02  2.837E-25  3.377E-15
4.446E+02  2.946E-25  3.474E-15
4.406E+02  3.059E-25  3.574E-15
4.365E+02  3.176E-25  3.677E-15
4.325E+02  3.297E-25  3.783E-15
4.285E+02  3.424E-25  3.892E-15
4.246E+02  3.555E-25  4.004E-15
4.207E+02  3.690E-25  4.119E-15
4.169E+02  3.831E-25  4.237E-15
4.130E+02  3.977E-25  4.358E-15
4.093E+02  4.129E-25  4.483E-15
4.055E+02  4.286E-25  4.611E-15
4.018E+02  4.449E-25  4.742E-15
3.981E+02  4.619E-25  4.877E-15
3.945E+02  4.794E-25  5.016E-15
3.908E+02  4.976E-25  5.159E-15
3.873E+02  5.165E-25  5.305E-15
3.837E+02  5.361E-25  5.456E-15
3.802E+02  5.563E-25  5.611E-15
3.767E+02  5.774E-25  5.769E-15
3.733E+02  5.991E-25  5.932E-15
3.698E+02  6.217E-25  6.099E-15
3.664E+02  6.452E-25  6.271E-15
3.631E+02  6.694E-25  6.447E-15
3.597E+02  6.946E-25  6.628E-15
3.565E+02  7.206E-25  6.813E-15
3.532E+02  7.476E-25  7.004E-15
3.499E+02  7.756E-25  7.199E-15
3.467E+02  8.045E-25  7.400E-15
3.436E+02  8.345E-25  7.605E-15
3.404E+02  8.656E-25  7.816E-15
3.373E+02  8.978E-25  8.032E-15
3.342E+02  9.311E-25  8.254E-15
3.311E+02  9.656E-25  8.482E-15
3.281E+02  1.001E-24  8.715E-15
3.251E+02  1.038E-24  8.953E-15
3.221E+02  1.077E-24  9.198E-15
3.192E+02  1.116E-24  9.449E-15
3.162E+02  1.157E-24  9.707E-15
3.133E+02  1.200E-24  9.970E-15
3.105E+02  1.243E-24  1.024E-14
3.076E+02  1.289E-24  1.052E-14
3.048E+02  1.336E-24  1.080E-14
3.020E+02  1.384E-24  1.109E-14
2.992E+02  1.435E-24  1.139E-14
2.965E+02  1.487E-24  1.169E-14
2.938E+02  1.540E-24  1.200E-14
2.911E+02  1.596E-24  1.232E-14
2.884E+02  1.653E-24  1.265E-14
2.858E+02  1.713E-24  1.298E-14
2.831E+02  1.774E-24  1.332E-14
2.805E+02  1.837E-24  1.367E-14
2.780E+02  1.903E-24  1.403E-14
2.754E+02  1.970E-24  1.439E-14
2.729E+02  2.040E-24  1.477E-14
2.704E+02  2.113E-24  1.515E-14
2.679E+02  2.188E-24  1.555E-14
2.655E+02  2.265E-24  1.595E-14
2.630E+02  2.345E-24  1.636E-14
2.606E+02  2.427E-24  1.678E-14
2.582E+02  2.512E-24  1.721E-14
2.559E+02  2.600E-24  1.764E-14
2.535E+02  2.689E-24  1.809E-14
2.512E+02  2.782E-24  1.853E-14
2.489E+02  2.875E-24  1.898E-14
2.466E+02  2.970E-24  1.943E-14
2.443E+02  3.067E-24  1.988E-14
2.421E+02  3.166E-24  2.033E-14
2.399E+02  3.267E-24  2.079E-14
2.377E+02  3.370E-24  2.125E-14
2.355E+02  3.475E-24  2.171E-14
2.333E+02  3.583E-24  2.218E-14
2.312E+02  3.694E-24  2.265E-14
2.291E+02  3.807E-24  2.314E-14
2.270E+02  3.924E-24  2.363E-14
2.249E+02  4.043E-24  2.412E-14
2.228E+02  4.166E-24  2.463E-14
2.208E+02  4.292E-24  2.514E-14
2.188E+02  4.421E-24  2.566E-14
2.168E+02  4.553E-24  2.618E-14
2.148E+02  4.689E-24  2.671E-14
2.128E+02  4.827E-24  2.725E-14
2.109E+02  4.969E-24  2.780E-14
2.089E+02  5.115E-24  2.835E-14
2.070E+02  5.264E-24  2.891E-14
2.051E+02  5.416E-24  2.947E-14
2.032E+02  5.572E-24  3.004E-14
2.014E+02  5.732E-24  3.062E-14
1.995E+02  5.895E-24  3.120E-14
1.977E+02  6.062E-24  3.179E-14
1.959E+02  6.233E-24  3.238E-14
1.941E+02  6.407E-24  3.299E-14
1.923E+02  6.585E-24  3.359E-14
1.905E+02  6.768E-24  3.421E-14
1.888E+02  6.954E-24  3.483E-14
1.871E+02  7.145E-24  3.546E-14
1.854E+02  7.340E-24  3.609E-14
1.837E+02  7.539E-24  3.673E-14
1.820E+02  7.742E-24  3.737E-14
1.803E+02  7.950E-24  3.802E-14
1.786E+02  8.162E-24  3.868E-14
1.770E+02  8.379E-24  3.934E-14
1.754E+02  8.601E-24  4.001E-14
1.738E+02  8.827E-24  4.069E-14
1.722E+02  9.059E-24  4.138E-14
1.706E+02  9.296E-24  4.207E-14
1.690E+02  9.537E-24  4.276E-14
1.675E+02  9.785E-24  4.347E-14
1.660E+02  1.004E-23  4.419E-14
1.644E+02  1.030E-23  4.492E-14
1.629E+02  1.056E-23  4.565E-14
1.614E+02  1.083E-23  4.640E-14
1.600E+02  1.111E-23  4.715E-14
1.585E+02  1.140E-23  4.792E-14
1.570E+02  1.169E-23  4.870E-14
1.556E+02  1.199E-23  4.950E-14
1.542E+02  1.230E-23  5.031E-14
1.528E+02  1.262E-23  5.113E-14
1.514E+02  1.295E-23  5.198E-14
1.500E+02  1.328E-23  5.283E-14
1.486E+02  1.362E-23  5.370E-14
1.472E+02  1.397E-23  5.457E-14
1.459E+02  1.433E-23  5.544E-14
1.445E+02  1.468E-23  5.630E-14
1.432E+02  1.504E-23  5.714E-14
1.419E+02  1.539E-23  5.792E-14
1.406E+02  1.572E-23  5.863E-14
1.393E+02  1.604E-23  5.926E-14
1.380E+02  1.633E-23  5.980E-14
1.368E+02  1.661E-23  6.025E-14
1.355E+02  1.686E-23  6.062E-14
1.343E+02  1.711E-23  6.094E-14
1.330E+02  1.735E-23  6.122E-14
1.318E+02  1.758E-23  6.148E-14
1.306E+02  1.782E-23  6.173E-14
1.294E+02  1.806E-23  6.199E-14
1.282E+02  1.830E-23  6.226E-14
1.271E+02  1.855E-23  6.252E-14
1.259E+02  1.881E-23  6.280E-14
1.247E+02  1.907E-23  6.309E-14
1.236E+02  1.934E-23  6.339E-14
1.225E+02  1.961E-23  6.370E-14
1.213E+02  1.989E-23  6.402E-14
1.202E+02  2.017E-23  6.434E-14
1.191E+02  2.046E-23  6.466E-14
1.180E+02  2.075E-23  6.498E-14
1.169E+02  2.105E-23  6.530E-14
1.159E+02  2.134E-23  6.560E-14
1.148E+02  2.164E-23  6.592E-14
1.138E+02  2.195E-23  6.623E-14
1.127E+02  2.225E-23  6.653E-14
1.117E+02  2.256E-23  6.684E-14
1.107E+02  2.287E-23  6.714E-14
1.096E+02  2.319E-23  6.744E-14
1.086E+02  2.350E-23  6.773E-14
1.076E+02  2.382E-23  6.801E-14
1.067E+02  2.414E-23  6.829E-14
1.057E+02  2.446E-23  6.856E-14
1.047E+02  2.477E-23  6.881E-14
1.038E+02  2.509E-23  6.906E-14
1.028E+02  2.541E-23  6.929E-14
1.019E+02  2.572E-23  6.950E-14
1.009E+02  2.604E-23  6.971E-14
1.000E+02  2.635E-23  6.990E-14
9.908E+01  2.666E-23  7.007E-14
9.817E+01  2.697E-23  7.024E-14
9.727E+01  2.728E-23  7.038E-14
9.638E+01  2.758E-23  7.052E-14
9.550E+01  2.789E-23  7.064E-14
9.462E+01  2.819E-23  7.075E-14
9.376E+01  2.848E-23  7.084E-14
9.290E+01  2.878E-23  7.091E-14
9.204E+01  2.907E-23  7.097E-14
9.120E+01  2.935E-23  7.101E-14
9.036E+01  2.964E-23  7.104E-14
8.954E+01  2.992E-23  7.105E-14
8.872E+01  3.019E-23  7.105E-14
8.790E+01  3.047E-23  7.104E-14
8.710E+01  3.073E-23  7.100E-14
8.630E+01  3.100E-23  7.096E-14
8.551E+01  3.126E-23  7.090E-14
8.472E+01  3.151E-23  7.080E-14
8.395E+01  3.176E-23  7.071E-14
8.318E+01  3.200E-23  7.061E-14
8.241E+01  3.224E-23  7.048E-14
8.166E+01  3.248E-23  7.035E-14
8.091E+01  3.271E-23  7.021E-14
8.017E+01  3.294E-23  7.005E-14
7.943E+01  3.316E-23  6.987E-14
7.870E+01  3.337E-23  6.967E-14
7.798E+01  3.358E-23  6.946E-14
7.727E+01  3.378E-23  6.924E-14
7.656E+01  3.398E-23  6.900E-14
7.586E+01  3.416E-23  6.875E-14
7.516E+01  3.435E-23  6.848E-14
7.447E+01  3.452E-23  6.820E-14
7.379E+01  3.468E-23  6.788E-14
7.311E+01  3.484E-23  6.757E-14
7.244E+01  3.499E-23  6.723E-14
7.178E+01  3.513E-23  6.688E-14
7.112E+01  3.527E-23  6.653E-14
7.047E+01  3.540E-23  6.617E-14
6.982E+01  3.553E-23  6.580E-14
6.918E+01  3.565E-23  6.542E-14
6.855E+01  3.576E-23  6.502E-14
6.792E+01  3.586E-23  6.461E-14
6.730E+01  3.596E-23  6.419E-14
6.668E+01  3.605E-23  6.376E-14
6.607E+01  3.613E-23  6.332E-14
6.546E+01  3.620E-23  6.286E-14
6.486E+01  3.627E-23  6.240E-14
6.427E+01  3.633E-23  6.193E-14
6.368E+01  3.638E-23  6.145E-14
6.310E+01  3.643E-23  6.096E-14
6.252E+01  3.647E-23  6.047E-14
6.194E+01  3.650E-23  5.998E-14
6.138E+01  3.653E-23  5.947E-14
6.081E+01  3.655E-23  5.896E-14
6.026E+01  3.656E-23  5.844E-14
5.970E+01  3.657E-23  5.791E-14
5.916E+01  3.657E-23  5.738E-14
5.861E+01  3.655E-23  5.683E-14
5.808E+01  3.654E-23  5.629E-14
5.754E+01  3.652E-23  5.574E-14
5.702E+01  3.649E-23  5.518E-14
5.649E+01  3.645E-23  5.463E-14
5.598E+01  3.642E-23  5.407E-14
5.546E+01  3.637E-23  5.351E-14
5.495E+01  3.632E-23  5.295E-14
5.445E+01  3.627E-23  5.238E-14
5.395E+01  3.621E-23  5.182E-14
5.346E+01  3.614E-23  5.125E-14
5.297E+01  3.607E-23  5.068E-14
5.248E+01  3.600E-23  5.011E-14
5.200E+01  3.591E-23  4.954E-14
5.152E+01  3.583E-23  4.897E-14
5.105E+01  3.573E-23  4.839E-14
5.058E+01  3.564E-23  4.782E-14
5.012E+01  3.554E-23  4.724E-14
4.966E+01  3.543E-23  4.667E-14
4.920E+01  3.532E-23  4.610E-14
4.875E+01  3.520E-23  4.552E-14
4.831E+01  3.508E-23  4.495E-14
4.786E+01  3.496E-23  4.438E-14
4.742E+01  3.483E-23  4.382E-14
4.699E+01  3.470E-23  4.325E-14
4.656E+01  3.456E-23  4.268E-14
4.613E+01  3.442E-23  4.212E-14
4.571E+01  3.428E-23  4.156E-14
4.529E+01  3.412E-23  4.100E-14
4.487E+01  3.397E-23  4.044E-14
4.446E+01  3.381E-23  3.988E-14
4.406E+01  3.364E-23  3.932E-14
4.365E+01  3.347E-23  3.876E-14
4.325E+01  3.329E-23  3.820E-14
4.285E+01  3.311E-23  3.763E-14
4.246E+01  3.291E-23  3.707E-14
4.207E+01  3.271E-23  3.650E-14
4.169E+01  3.250E-23  3.593E-14
4.130E+01  3.227E-23  3.536E-14
4.093E+01  3.204E-23  3.478E-14
4.055E+01  3.179E-23  3.420E-14
4.018E+01  3.154E-23  3.361E-14
3.981E+01  3.127E-23  3.302E-14
3.945E+01  3.098E-23  3.242E-14
3.908E+01  3.069E-23  3.181E-14
3.873E+01  3.037E-23  3.120E-14
3.837E+01  3.004E-23  3.057E-14
3.802E+01  2.969E-23  2.994E-14
3.767E+01  2.932E-23  2.930E-14
3.733E+01  2.893E-23  2.864E-14
3.698E+01  2.852E-23  2.797E-14
3.664E+01  2.809E-23  2.730E-14
3.631E+01  2.764E-23  2.662E-14
3.597E+01  2.716E-23  2.592E-14
3.565E+01  2.667E-23  2.522E-14
3.532E+01  2.616E-23  2.451E-14
3.499E+01  2.563E-23  2.379E-14
3.467E+01  2.507E-23  2.306E-14
3.436E+01  2.451E-23  2.233E-14
3.404E+01  2.392E-23  2.160E-14
3.373E+01  2.332E-23  2.086E-14
3.342E+01  2.270E-23  2.012E-14
3.311E+01  2.208E-23  1.939E-14
3.281E+01  2.144E-23  1.866E-14
3.251E+01  2.079E-23  1.793E-14
3.221E+01  2.015E-23  1.721E-14
3.192E+01  1.950E-23  1.651E-14
3.162E+01  1.885E-23  1.581E-14
3.133E+01  1.820E-23  1.513E-14
3.105E+01  1.756E-23  1.446E-14
3.076E+01  1.693E-23  1.381E-14
3.048E+01  1.631E-23  1.319E-14
3.020E+01  1.570E-23  1.258E-14
2.992E+01  1.512E-23  1.200E-14
2.965E+01  1.454E-23  1.144E-14
2.938E+01  1.399E-23  1.090E-14
2.911E+01  1.345E-23  1.039E-14
2.884E+01  1.294E-23  9.900E-15
2.858E+01  1.245E-23  9.438E-15
2.831E+01  1.198E-23  9.001E-15
2.805E+01  1.154E-23  8.589E-15
2.780E+01  1.112E-23  8.202E-15
2.754E+01  1.073E-23  7.838E-15
2.729E+01  1.035E-23  7.495E-15
2.704E+01  1.000E-23  7.176E-15
2.679E+01  9.678E-24  6.878E-15
2.655E+01  9.372E-24  6.599E-15
2.630E+01  9.088E-24  6.340E-15
2.606E+01  8.821E-24  6.098E-15
2.582E+01  8.576E-24  5.875E-15
2.559E+01  8.350E-24  5.667E-15
2.535E+01  8.141E-24  5.475E-15
2.512E+01  7.950E-24  5.297E-15
2.489E+01  7.772E-24  5.131E-15
2.466E+01  7.610E-24  4.978E-15
2.443E+01  7.462E-24  4.836E-15
2.421E+01  7.327E-24  4.706E-15
2.399E+01  7.205E-24  4.585E-15
2.377E+01  7.094E-24  4.473E-15
2.355E+01  6.995E-24  4.370E-15
2.333E+01  6.908E-24  4.276E-15
2.312E+01  6.829E-24  4.188E-15
2.291E+01  6.759E-24  4.107E-15
2.270E+01  6.699E-24  4.033E-15
2.249E+01  6.649E-24  3.967E-15
2.228E+01  6.607E-24  3.906E-15
2.208E+01  6.572E-24  3.849E-15
2.188E+01  6.542E-24  3.796E-15
2.168E+01  6.517E-24  3.748E-15
2.148E+01  6.501E-24  3.704E-15
2.128E+01  6.489E-24  3.663E-15
2.109E+01  6.485E-24  3.627E-15
2.089E+01  6.486E-24  3.594E-15
2.070E+01  6.491E-24  3.564E-15
2.051E+01  6.502E-24  3.537E-15
2.032E+01  6.518E-24  3.514E-15
2.014E+01  6.543E-24  3.495E-15
1.995E+01  6.572E-24  3.478E-15
1.977E+01  6.608E-24  3.465E-15
1.959E+01  6.648E-24  3.454E-15
1.941E+01  6.697E-24  3.448E-15
1.923E+01  6.755E-24  3.446E-15
1.905E+01  6.824E-24  3.449E-15
1.888E+01  6.907E-24  3.459E-15
1.871E+01  7.013E-24  3.480E-15
1.854E+01  7.152E-24  3.516E-15
1.837E+01  7.342E-24  3.577E-15
1.820E+01  7.636E-24  3.686E-15
1.803E+01  8.208E-24  3.925E-15
1.786E+01  9.140E-24  4.331E-15
1.770E+01  9.172E-24  4.306E-15
1.754E+01  1.008E-23  4.690E-15
1.738E+01  1.256E-23  5.789E-15
1.722E+01  1.163E-23  5.312E-15
1.706E+01  1.157E-23  5.235E-15
1.690E+01  1.125E-23  5.046E-15
1.675E+01  1.074E-23  4.772E-15
1.660E+01  1.110E-23  4.886E-15
1.644E+01  1.348E-23  5.878E-15
1.629E+01  9.860E-24  4.261E-15
1.614E+01  8.661E-24  3.709E-15
1.600E+01  8.980E-24  3.810E-15
1.585E+01  8.979E-24  3.775E-15
1.570E+01  7.653E-24  3.188E-15
1.556E+01  7.028E-24  2.901E-15
1.542E+01  6.729E-24  2.752E-15
1.528E+01  6.551E-24  2.655E-15
1.514E+01  6.430E-24  2.582E-15
1.500E+01  6.346E-24  2.524E-15
1.486E+01  6.290E-24  2.479E-15
1.472E+01  6.270E-24  2.449E-15
1.459E+01  6.305E-24  2.440E-15
1.445E+01  6.458E-24  2.476E-15
1.432E+01  6.873E-24  2.611E-15
1.419E+01  7.332E-24  2.760E-15
1.406E+01  6.904E-24  2.575E-15
1.393E+01  6.581E-24  2.432E-15
1.380E+01  6.686E-24  2.448E-15
1.368E+01  7.352E-24  2.667E-15
1.355E+01  7.636E-24  2.745E-15
1.343E+01  7.076E-24  2.520E-15
1.330E+01  7.108E-24  2.509E-15
1.318E+01  7.549E-24  2.640E-15
1.306E+01  8.409E-24  2.913E-15
1.294E+01  9.889E-24  3.395E-15
1.282E+01  1.226E-23  4.171E-15
1.271E+01  1.521E-23  5.128E-15
1.259E+01  1.650E-23  5.511E-15
1.247E+01  1.483E-23  4.907E-15
1.236E+01  1.277E-23  4.185E-15
1.225E+01  1.191E-23  3.870E-15
1.213E+01  1.217E-23  3.919E-15
1.202E+01  1.264E-23  4.030E-15
1.191E+01  1.221E-23  3.857E-15
1.180E+01  1.124E-23  3.520E-15
1.169E+01  1.094E-23  3.395E-15
1.159E+01  1.219E-23  3.746E-15
1.148E+01  1.634E-23  4.976E-15
1.138E+01  2.509E-23  7.572E-15
1.127E+01  3.502E-23  1.047E-14
1.117E+01  2.392E-23  7.086E-15
1.107E+01  1.264E-23  3.710E-15
1.096E+01  8.624E-24  2.508E-15
1.086E+01  6.731E-24  1.940E-15
1.076E+01  5.695E-24  1.626E-15
1.067E+01  5.068E-24  1.434E-15
1.057E+01  4.660E-24  1.306E-15
1.047E+01  4.381E-24  1.217E-15
1.038E+01  4.184E-24  1.151E-15
1.028E+01  4.041E-24  1.102E-15
1.019E+01  3.937E-24  1.064E-15
1.009E+01  3.865E-24  1.035E-15
1.000E+01  3.819E-24  1.013E-15
9.908E+00  3.799E-24  9.984E-16
9.817E+00  3.802E-24  9.900E-16
9.727E+00  3.828E-24  9.876E-16
9.638E+00  3.878E-24  9.914E-16
9.550E+00  3.953E-24  1.001E-15
9.462E+00  4.058E-24  1.018E-15
9.376E+00  4.198E-24  1.044E-15
9.290E+00  4.387E-24  1.081E-15
9.204E+00  4.643E-24  1.134E-15
9.120E+00  5.002E-24  1.210E-15
9.036E+00  5.522E-24  1.324E-15
8.954E+00  6.307E-24  1.498E-15
8.872E+00  7.555E-24  1.778E-15
8.790E+00  9.607E-24  2.240E-15
8.710E+00  1.275E-23  2.945E-15
8.630E+00  1.569E-23  3.591E-15
8.551E+00  1.533E-23  3.476E-15
8.472E+00  1.329E-23  2.986E-15
8.395E+00  1.224E-23  2.726E-15
8.318E+00  1.217E-23  2.685E-15
8.241E+00  1.270E-23  2.776E-15
8.166E+00  1.405E-23  3.043E-15
8.091E+00  1.663E-23  3.569E-15
8.017E+00  2.076E-23  4.415E-15
7.943E+00  2.623E-23  5.528E-15
7.870E+00  3.124E-23  6.522E-15
7.798E+00  3.362E-23  6.954E-15
7.727E+00  3.501E-23  7.176E-15
7.656E+00  3.747E-23  7.610E-15
7.586E+00  3.704E-23  7.453E-15
7.516E+00  3.062E-23  6.104E-15
7.447E+00  2.322E-23  4.587E-15
7.379E+00  1.788E-23  3.499E-15
7.311E+00  1.432E-23  2.778E-15
7.244E+00  1.187E-23  2.280E-15
7.178E+00  1.008E-23  1.920E-15
7.112E+00  8.769E-24  1.654E-15
7.047E+00  7.815E-24  1.461E-15
6.982E+00  7.168E-24  1.328E-15
6.918E+00  6.796E-24  1.247E-15
6.855E+00  6.668E-24  1.212E-15
6.792E+00  6.715E-24  1.210E-15
6.730E+00  6.785E-24  1.211E-15
6.668E+00  6.705E-24  1.186E-15
6.607E+00  6.479E-24  1.135E-15
6.546E+00  6.338E-24  1.101E-15
6.486E+00  6.584E-24  1.133E-15
6.427E+00  7.599E-24  1.295E-15
6.368E+00  1.014E-23  1.713E-15
6.310E+00  1.595E-23  2.670E-15
6.252E+00  2.596E-23  4.305E-15
6.194E+00  2.646E-23  4.348E-15
6.138E+00  1.590E-23  2.588E-15
6.081E+00  9.320E-24  1.503E-15
6.026E+00  6.256E-24  9.999E-16
5.970E+00  4.794E-24  7.593E-16
5.916E+00  4.133E-24  6.486E-16
5.861E+00  4.003E-24  6.224E-16
5.808E+00  4.374E-24  6.738E-16
5.754E+00  5.187E-24  7.918E-16
5.702E+00  5.663E-24  8.564E-16
5.649E+00  4.829E-24  7.237E-16
5.598E+00  3.600E-24  5.345E-16
5.546E+00  2.748E-24  4.043E-16
5.495E+00  2.251E-24  3.282E-16
5.445E+00  1.983E-24  2.864E-16
5.395E+00  1.885E-24  2.698E-16
5.346E+00  1.978E-24  2.804E-16
5.297E+00  2.330E-24  3.273E-16
5.248E+00  2.588E-24  3.603E-16
5.200E+00  2.095E-24  2.889E-16
5.152E+00  1.581E-24  2.161E-16
5.105E+00  1.299E-24  1.760E-16
5.058E+00  1.142E-24  1.532E-16
5.012E+00  1.044E-24  1.388E-16
4.966E+00  9.756E-25  1.285E-16
4.920E+00  9.246E-25  1.207E-16
4.875E+00  8.845E-25  1.144E-16
4.831E+00  8.517E-25  1.091E-16
4.786E+00  8.241E-25  1.046E-16
4.742E+00  8.003E-25  1.007E-16
4.699E+00  7.797E-25  9.718E-17
4.656E+00  7.614E-25  9.404E-17
4.613E+00  7.451E-25  9.118E-17
4.571E+00  7.305E-25  8.857E-17
4.529E+00  7.173E-25  8.618E-17
4.487E+00  7.053E-25  8.396E-17
4.446E+00  6.944E-25  8.190E-17
4.406E+00  6.845E-25  7.999E-17
4.365E+00  6.754E-25  7.821E-17
4.325E+00  6.671E-25  7.653E-17
4.285E+00  6.595E-25  7.497E-17
4.246E+00  6.526E-25  7.350E-17
4.207E+00  6.463E-25  7.212E-17
4.169E+00  6.405E-25  7.083E-17
4.130E+00  6.354E-25  6.962E-17
4.093E+00  6.308E-25  6.848E-17
4.055E+00  6.269E-25  6.743E-17
4.018E+00  6.235E-25  6.645E-17
3.981E+00  6.208E-25  6.556E-17
3.945E+00  6.188E-25  6.475E-17
3.908E+00  6.176E-25  6.403E-17
3.873E+00  6.173E-25  6.341E-17
3.837E+00  6.181E-25  6.291E-17
3.802E+00  6.202E-25  6.255E-17
3.767E+00  6.239E-25  6.235E-17
3.733E+00  6.297E-25  6.234E-17
3.698E+00  6.380E-25  6.259E-17
3.664E+00  6.499E-25  6.317E-17
3.631E+00  6.666E-25  6.420E-17
3.597E+00  6.902E-25  6.586E-17
3.565E+00  7.240E-25  6.845E-17
3.532E+00  7.737E-25  7.248E-17
3.499E+00  8.497E-25  7.887E-17
3.467E+00  9.724E-25  8.944E-17
3.436E+00  1.187E-24  1.082E-16
3.404E+00  1.612E-24  1.456E-16
3.373E+00  2.626E-24  2.349E-16
3.342E+00  5.985E-24  5.306E-16
3.311E+00  2.264E-23  1.989E-15
3.281E+00  1.546E-23  1.346E-15
3.251E+00  4.416E-24  3.808E-16
3.221E+00  2.108E-24  1.801E-16
3.192E+00  1.344E-24  1.138E-16
3.162E+00  1.007E-24  8.447E-17
3.133E+00  8.296E-25  6.895E-17
3.105E+00  7.246E-25  5.967E-17
3.076E+00  6.572E-25  5.362E-17
3.048E+00  6.109E-25  4.939E-17
3.020E+00  5.775E-25  4.626E-17
2.992E+00  5.524E-25  4.385E-17
2.965E+00  5.328E-25  4.190E-17
2.938E+00  5.171E-25  4.029E-17
2.911E+00  5.041E-25  3.892E-17
2.884E+00  4.931E-25  3.772E-17
2.858E+00  4.836E-25  3.666E-17
2.831E+00  4.752E-25  3.569E-17
2.805E+00  4.678E-25  3.481E-17
2.780E+00  4.610E-25  3.399E-17
2.754E+00  4.548E-25  3.322E-17
2.729E+00  4.490E-25  3.250E-17
2.704E+00  4.435E-25  3.181E-17
2.679E+00  4.384E-25  3.115E-17
2.655E+00  4.335E-25  3.052E-17
2.630E+00  4.287E-25  2.991E-17
2.606E+00  4.242E-25  2.932E-17
2.582E+00  4.197E-25  2.875E-17
2.559E+00  4.154E-25  2.819E-17
2.535E+00  4.111E-25  2.765E-17
2.512E+00  4.069E-25  2.711E-17
2.489E+00  4.028E-25  2.659E-17
2.466E+00  3.987E-25  2.608E-17
2.443E+00  3.946E-25  2.557E-17
2.421E+00  3.905E-25  2.508E-17
2.399E+00  3.865E-25  2.459E-17
2.377E+00  3.825E-25  2.412E-17
2.355E+00  3.785E-25  2.365E-17
2.333E+00  3.746E-25  2.319E-17
2.312E+00  3.707E-25  2.273E-17
2.291E+00  3.668E-25  2.229E-17
2.270E+00  3.628E-25  2.185E-17
2.249E+00  3.589E-25  2.141E-17
2.228E+00  3.548E-25  2.097E-17
2.208E+00  3.508E-25  2.054E-17
2.188E+00  3.466E-25  2.011E-17
2.168E+00  3.423E-25  1.968E-17
2.148E+00  3.379E-25  1.925E-17
2.128E+00  3.333E-25  1.882E-17
2.109E+00  3.285E-25  1.837E-17
2.089E+00  3.233E-25  1.792E-17
2.070E+00  3.178E-25  1.745E-17
2.051E+00  3.118E-25  1.696E-17
2.032E+00  3.051E-25  1.645E-17
2.014E+00  2.977E-25  1.590E-17
1.995E+00  2.894E-25  1.532E-17
1.977E+00  2.801E-25  1.469E-17
1.959E+00  2.703E-25  1.404E-17
1.941E+00  2.607E-25  1.342E-17
1.923E+00  2.532E-25  1.292E-17
1.905E+00  2.496E-25  1.261E-17
1.888E+00  2.504E-25  1.254E-17
1.871E+00  2.543E-25  1.262E-17
1.854E+00  2.593E-25  1.275E-17
1.837E+00  2.637E-25  1.285E-17
1.820E+00  2.669E-25  1.288E-17
1.803E+00  2.688E-25  1.286E-17
1.786E+00  2.696E-25  1.278E-17
1.770E+00  2.696E-25  1.266E-17
1.754E+00  2.690E-25  1.251E-17
1.738E+00  2.679E-25  1.235E-17
1.722E+00  2.665E-25  1.217E-17
1.706E+00  2.649E-25  1.199E-17
1.690E+00  2.631E-25  1.180E-17
1.675E+00  2.612E-25  1.161E-17
1.660E+00  2.593E-25  1.142E-17
1.644E+00  2.574E-25  1.123E-17
1.629E+00  2.554E-25  1.104E-17
1.614E+00  2.536E-25  1.086E-17
1.600E+00  2.517E-25  1.068E-17
1.585E+00  2.500E-25  1.051E-17
1.570E+00  2.485E-25  1.035E-17
1.556E+00  2.470E-25  1.020E-17
1.542E+00  2.458E-25  1.005E-17
1.528E+00  2.448E-25  9.920E-18
1.514E+00  2.441E-25  9.801E-18
1.500E+00  2.437E-25  9.695E-18
1.486E+00  2.437E-25  9.604E-18
1.472E+00  2.441E-25  9.532E-18
1.459E+00  2.450E-25  9.480E-18
1.445E+00  2.465E-25  9.452E-18
1.432E+00  2.488E-25  9.452E-18
1.419E+00  2.519E-25  9.483E-18
1.406E+00  2.561E-25  9.552E-18
1.393E+00  2.616E-25  9.666E-18
1.380E+00  2.685E-25  9.832E-18
1.368E+00  2.773E-25  1.006E-17
1.355E+00  2.881E-25  1.036E-17
1.343E+00  3.013E-25  1.073E-17
1.330E+00  3.170E-25  1.119E-17
1.318E+00  3.349E-25  1.171E-17
1.306E+00  3.539E-25  1.226E-17
1.294E+00  3.718E-25  1.277E-17
1.282E+00  3.850E-25  1.309E-17
1.271E+00  3.888E-25  1.310E-17
1.259E+00  3.802E-25  1.270E-17
1.247E+00  3.594E-25  1.189E-17
1.236E+00  3.304E-25  1.083E-17
1.225E+00  2.986E-25  9.701E-18
1.213E+00  2.686E-25  8.644E-18
1.202E+00  2.426E-25  7.737E-18
1.191E+00  2.215E-25  7.000E-18
1.180E+00  2.052E-25  6.424E-18
1.169E+00  1.931E-25  5.991E-18
1.159E+00  1.849E-25  5.683E-18
1.148E+00  1.802E-25  5.487E-18
1.138E+00  1.790E-25  5.401E-18
1.127E+00  1.816E-25  5.431E-18
1.117E+00  1.889E-25  5.597E-18
1.107E+00  2.023E-25  5.939E-18
1.096E+00  2.242E-25  6.520E-18
1.086E+00  2.580E-25  7.435E-18
1.076E+00  3.072E-25  8.772E-18
1.067E+00  3.689E-25  1.044E-17
1.057E+00  4.182E-25  1.172E-17
1.047E+00  4.098E-25  1.138E-17
1.038E+00  3.399E-25  9.356E-18
1.028E+00  2.575E-25  7.023E-18
1.019E+00  1.936E-25  5.231E-18
1.009E+00  1.503E-25  4.024E-18
1.000E+00  1.216E-25  3.226E-18
