Dust emission from Draine & Li (2007): ApJ 657, 810-837
================================================================
        11 = grain model
 4.000E-08 4.000E-01 0.000E+00 = a_01 (cm) , sigma_1 , b_C1/0.92
 2.500E-07 4.000E-01 0.000E+00 = a_02 (cm) , sigma_2 , b_C2/0.92
 2.500E+00 1.000E+06 2.000E+00 = Umin , Umax, beta (dN/dU propto U^{-beta})
 3.225E+01 = <U> 
     mmp83 = radfield
 1.779E-23 = power/H (erg s-1)
 band   nu*P_nu(band) j_nu(band)
 (um)   (erg s-1 H-1)(Jy cm2 sr-1 H-1)
1.270E+00  1.838E-26  6.193E-19 COBE-DIRBE
2.220E+00  3.082E-26  1.815E-18 COBE-DIRBE
3.530E+00  5.902E-26  5.526E-18 COBE-DIRBE
4.880E+00  7.240E-26  9.372E-18 COBE-DIRBE
1.229E+01  2.090E-24  6.814E-16 COBE-DIRBE
2.079E+01  6.504E-24  3.587E-15 COBE-DIRBE
5.599E+01  8.143E-24  1.209E-14 COBE-DIRBE
9.770E+01  5.328E-24  1.381E-14 COBE-DIRBE
1.479E+02  2.710E-24  1.063E-14 COBE-DIRBE
2.479E+02  6.724E-25  4.421E-15 COBE-DIRBE
1.200E+01  1.758E-24  5.597E-16 IRAS
2.500E+01  7.294E-24  4.837E-15 IRAS
6.000E+01  7.927E-24  1.262E-14 IRAS
1.000E+02  5.160E-24  1.369E-14 IRAS
3.550E+00  6.303E-26  5.936E-18 SST-IRAC
4.493E+00  5.831E-26  6.949E-18 SST-IRAC
5.731E+00  1.837E-25  2.793E-17 SST-IRAC
7.872E+00  8.144E-25  1.701E-16 SST-IRAC
2.368E+01  7.112E-24  4.467E-15 SST-MIPS
7.142E+01  6.545E-24  1.240E-14 SST-MIPS
1.559E+02  2.233E-24  9.233E-15 SST-MIPS
1.600E+01  3.312E-24  1.405E-15 SST-IRSPU
2.200E+01  7.240E-24  4.225E-15 SST-IRSPU











lambda    nu*dP/dnu     j_nu
 (um)   (erg s-1 H-1)(Jy cm2 sr-1 H-1)
1.000E+04  1.667E-31  4.422E-20
9.908E+03  1.728E-31  4.541E-20
9.817E+03  1.790E-31  4.663E-20
9.727E+03  1.855E-31  4.788E-20
9.638E+03  1.923E-31  4.916E-20
9.550E+03  1.993E-31  5.048E-20
9.462E+03  2.065E-31  5.183E-20
9.376E+03  2.140E-31  5.322E-20
9.290E+03  2.217E-31  5.464E-20
9.204E+03  2.298E-31  5.611E-20
9.120E+03  2.381E-31  5.761E-20
9.036E+03  2.468E-31  5.915E-20
8.954E+03  2.557E-31  6.073E-20
8.872E+03  2.649E-31  6.234E-20
8.790E+03  2.745E-31  6.400E-20
8.710E+03  2.844E-31  6.570E-20
8.630E+03  2.947E-31  6.745E-20
8.551E+03  3.053E-31  6.925E-20
8.472E+03  3.164E-31  7.110E-20
8.395E+03  3.278E-31  7.299E-20
8.318E+03  3.397E-31  7.494E-20
8.241E+03  3.520E-31  7.695E-20
8.166E+03  3.648E-31  7.901E-20
8.091E+03  3.780E-31  8.112E-20
8.017E+03  3.917E-31  8.330E-20
7.943E+03  4.059E-31  8.553E-20
7.870E+03  4.207E-31  8.783E-20
7.798E+03  4.360E-31  9.019E-20
7.727E+03  4.519E-31  9.262E-20
7.656E+03  4.683E-31  9.511E-20
7.586E+03  4.854E-31  9.767E-20
7.516E+03  5.031E-31  1.003E-19
7.447E+03  5.214E-31  1.030E-19
7.379E+03  5.405E-31  1.058E-19
7.311E+03  5.602E-31  1.087E-19
7.244E+03  5.807E-31  1.116E-19
7.178E+03  6.019E-31  1.146E-19
7.112E+03  6.240E-31  1.177E-19
7.047E+03  6.468E-31  1.209E-19
6.982E+03  6.705E-31  1.242E-19
6.918E+03  6.950E-31  1.275E-19
6.855E+03  7.204E-31  1.310E-19
6.792E+03  7.468E-31  1.345E-19
6.730E+03  7.742E-31  1.382E-19
6.668E+03  8.026E-31  1.420E-19
6.607E+03  8.320E-31  1.458E-19
6.546E+03  8.626E-31  1.498E-19
6.486E+03  8.943E-31  1.539E-19
6.427E+03  9.271E-31  1.581E-19
6.368E+03  9.612E-31  1.624E-19
6.310E+03  9.966E-31  1.668E-19
6.252E+03  1.033E-30  1.714E-19
6.194E+03  1.071E-30  1.760E-19
6.138E+03  1.111E-30  1.809E-19
6.081E+03  1.152E-30  1.858E-19
6.026E+03  1.195E-30  1.909E-19
5.970E+03  1.239E-30  1.962E-19
5.916E+03  1.284E-30  2.016E-19
5.861E+03  1.332E-30  2.071E-19
5.808E+03  1.381E-30  2.128E-19
5.754E+03  1.432E-30  2.187E-19
5.702E+03  1.486E-30  2.247E-19
5.649E+03  1.541E-30  2.309E-19
5.598E+03  1.598E-30  2.372E-19
5.546E+03  1.657E-30  2.438E-19
5.495E+03  1.719E-30  2.505E-19
5.445E+03  1.783E-30  2.575E-19
5.395E+03  1.849E-30  2.646E-19
5.346E+03  1.918E-30  2.719E-19
5.297E+03  1.989E-30  2.795E-19
5.248E+03  2.063E-30  2.872E-19
5.200E+03  2.140E-30  2.952E-19
5.152E+03  2.220E-30  3.034E-19
5.105E+03  2.303E-30  3.119E-19
5.058E+03  2.389E-30  3.205E-19
5.012E+03  2.478E-30  3.295E-19
4.966E+03  2.571E-30  3.386E-19
4.920E+03  2.667E-30  3.481E-19
4.875E+03  2.767E-30  3.578E-19
4.831E+03  2.870E-30  3.678E-19
4.786E+03  2.978E-30  3.780E-19
4.742E+03  3.089E-30  3.886E-19
4.699E+03  3.205E-30  3.995E-19
4.656E+03  3.325E-30  4.107E-19
4.613E+03  3.450E-30  4.222E-19
4.571E+03  3.580E-30  4.341E-19
4.529E+03  3.715E-30  4.462E-19
4.487E+03  3.854E-30  4.588E-19
4.446E+03  3.999E-30  4.717E-19
4.406E+03  4.150E-30  4.850E-19
4.365E+03  4.307E-30  4.987E-19
4.325E+03  4.469E-30  5.127E-19
4.285E+03  4.638E-30  5.272E-19
4.246E+03  4.813E-30  5.421E-19
4.207E+03  4.995E-30  5.574E-19
4.169E+03  5.184E-30  5.732E-19
4.130E+03  5.380E-30  5.895E-19
4.093E+03  5.584E-30  6.062E-19
4.055E+03  5.795E-30  6.234E-19
4.018E+03  6.015E-30  6.411E-19
3.981E+03  6.243E-30  6.593E-19
3.945E+03  6.479E-30  6.780E-19
3.908E+03  6.725E-30  6.972E-19
3.873E+03  6.980E-30  7.170E-19
3.837E+03  7.245E-30  7.374E-19
3.802E+03  7.520E-30  7.584E-19
3.767E+03  7.806E-30  7.800E-19
3.733E+03  8.103E-30  8.023E-19
3.698E+03  8.412E-30  8.252E-19
3.664E+03  8.733E-30  8.488E-19
3.631E+03  9.066E-30  8.731E-19
3.597E+03  9.412E-30  8.982E-19
3.565E+03  9.772E-30  9.239E-19
3.532E+03  1.015E-29  9.504E-19
3.499E+03  1.053E-29  9.778E-19
3.467E+03  1.094E-29  1.006E-18
3.436E+03  1.136E-29  1.035E-18
3.404E+03  1.179E-29  1.065E-18
3.373E+03  1.224E-29  1.095E-18
3.342E+03  1.271E-29  1.127E-18
3.311E+03  1.320E-29  1.160E-18
3.281E+03  1.371E-29  1.193E-18
3.251E+03  1.424E-29  1.228E-18
3.221E+03  1.479E-29  1.263E-18
3.192E+03  1.536E-29  1.300E-18
3.162E+03  1.595E-29  1.338E-18
3.133E+03  1.656E-29  1.377E-18
3.105E+03  1.720E-29  1.417E-18
3.076E+03  1.787E-29  1.458E-18
3.048E+03  1.856E-29  1.500E-18
3.020E+03  1.927E-29  1.544E-18
2.992E+03  2.002E-29  1.589E-18
2.965E+03  2.079E-29  1.635E-18
2.938E+03  2.160E-29  1.683E-18
2.911E+03  2.243E-29  1.732E-18
2.884E+03  2.330E-29  1.782E-18
2.858E+03  2.420E-29  1.834E-18
2.831E+03  2.514E-29  1.888E-18
2.805E+03  2.611E-29  1.943E-18
2.780E+03  2.712E-29  2.000E-18
2.754E+03  2.817E-29  2.058E-18
2.729E+03  2.927E-29  2.119E-18
2.704E+03  3.041E-29  2.181E-18
2.679E+03  3.159E-29  2.245E-18
2.655E+03  3.282E-29  2.311E-18
2.630E+03  3.410E-29  2.379E-18
2.606E+03  3.543E-29  2.449E-18
2.582E+03  3.681E-29  2.521E-18
2.559E+03  3.824E-29  2.596E-18
2.535E+03  3.974E-29  2.672E-18
2.512E+03  4.129E-29  2.751E-18
2.489E+03  4.290E-29  2.833E-18
2.466E+03  4.458E-29  2.916E-18
2.443E+03  4.633E-29  3.003E-18
2.421E+03  4.814E-29  3.092E-18
2.399E+03  5.003E-29  3.183E-18
2.377E+03  5.199E-29  3.278E-18
2.355E+03  5.403E-29  3.375E-18
2.333E+03  5.615E-29  3.476E-18
2.312E+03  5.836E-29  3.579E-18
2.291E+03  6.065E-29  3.686E-18
2.270E+03  6.304E-29  3.796E-18
2.249E+03  6.552E-29  3.909E-18
2.228E+03  6.810E-29  4.025E-18
2.208E+03  7.078E-29  4.146E-18
2.188E+03  7.357E-29  4.270E-18
2.168E+03  7.647E-29  4.397E-18
2.148E+03  7.949E-29  4.529E-18
2.128E+03  8.263E-29  4.664E-18
2.109E+03  8.589E-29  4.804E-18
2.089E+03  8.928E-29  4.948E-18
2.070E+03  9.281E-29  5.096E-18
2.051E+03  9.648E-29  5.249E-18
2.032E+03  1.003E-28  5.407E-18
2.014E+03  1.043E-28  5.569E-18
1.995E+03  1.084E-28  5.736E-18
1.977E+03  1.127E-28  5.909E-18
1.959E+03  1.171E-28  6.086E-18
1.941E+03  1.218E-28  6.269E-18
1.923E+03  1.266E-28  6.458E-18
1.905E+03  1.316E-28  6.652E-18
1.888E+03  1.368E-28  6.852E-18
1.871E+03  1.423E-28  7.059E-18
1.854E+03  1.479E-28  7.271E-18
1.837E+03  1.538E-28  7.491E-18
1.820E+03  1.599E-28  7.717E-18
1.803E+03  1.662E-28  7.950E-18
1.786E+03  1.728E-28  8.190E-18
1.770E+03  1.797E-28  8.437E-18
1.754E+03  1.868E-28  8.692E-18
1.738E+03  1.943E-28  8.955E-18
1.722E+03  2.020E-28  9.226E-18
1.706E+03  2.100E-28  9.505E-18
1.690E+03  2.184E-28  9.792E-18
1.675E+03  2.271E-28  1.009E-17
1.660E+03  2.361E-28  1.039E-17
1.644E+03  2.455E-28  1.071E-17
1.629E+03  2.553E-28  1.103E-17
1.614E+03  2.655E-28  1.137E-17
1.600E+03  2.760E-28  1.171E-17
1.585E+03  2.870E-28  1.207E-17
1.570E+03  2.985E-28  1.243E-17
1.556E+03  3.104E-28  1.281E-17
1.542E+03  3.227E-28  1.320E-17
1.528E+03  3.356E-28  1.360E-17
1.514E+03  3.490E-28  1.401E-17
1.500E+03  3.629E-28  1.444E-17
1.486E+03  3.774E-28  1.487E-17
1.472E+03  3.924E-28  1.533E-17
1.459E+03  4.081E-28  1.579E-17
1.445E+03  4.244E-28  1.627E-17
1.432E+03  4.413E-28  1.677E-17
1.419E+03  4.589E-28  1.727E-17
1.406E+03  4.772E-28  1.780E-17
1.393E+03  4.963E-28  1.834E-17
1.380E+03  5.161E-28  1.890E-17
1.368E+03  5.367E-28  1.947E-17
1.355E+03  5.582E-28  2.006E-17
1.343E+03  5.804E-28  2.067E-17
1.330E+03  6.036E-28  2.130E-17
1.318E+03  6.277E-28  2.195E-17
1.306E+03  6.528E-28  2.262E-17
1.294E+03  6.788E-28  2.330E-17
1.282E+03  7.059E-28  2.401E-17
1.271E+03  7.341E-28  2.474E-17
1.259E+03  7.634E-28  2.549E-17
1.247E+03  7.938E-28  2.627E-17
1.236E+03  8.255E-28  2.706E-17
1.225E+03  8.584E-28  2.788E-17
1.213E+03  8.926E-28  2.873E-17
1.202E+03  9.282E-28  2.960E-17
1.191E+03  9.652E-28  3.050E-17
1.180E+03  1.004E-27  3.142E-17
1.169E+03  1.044E-27  3.237E-17
1.159E+03  1.085E-27  3.335E-17
1.148E+03  1.128E-27  3.436E-17
1.138E+03  1.173E-27  3.540E-17
1.127E+03  1.220E-27  3.648E-17
1.117E+03  1.268E-27  3.758E-17
1.107E+03  1.319E-27  3.871E-17
1.096E+03  1.371E-27  3.988E-17
1.086E+03  1.426E-27  4.109E-17
1.076E+03  1.482E-27  4.233E-17
1.067E+03  1.541E-27  4.360E-17
1.057E+03  1.602E-27  4.492E-17
1.047E+03  1.666E-27  4.627E-17
1.038E+03  1.732E-27  4.766E-17
1.028E+03  1.800E-27  4.909E-17
1.019E+03  1.872E-27  5.057E-17
1.009E+03  1.946E-27  5.209E-17
1.000E+03  2.023E-27  5.365E-17
9.908E+02  2.103E-27  5.526E-17
9.817E+02  2.186E-27  5.693E-17
9.727E+02  2.272E-27  5.863E-17
9.638E+02  2.362E-27  6.039E-17
9.550E+02  2.456E-27  6.221E-17
9.462E+02  2.553E-27  6.407E-17
9.376E+02  2.653E-27  6.599E-17
9.290E+02  2.758E-27  6.796E-17
9.204E+02  2.867E-27  6.999E-17
9.120E+02  2.980E-27  7.209E-17
9.036E+02  3.097E-27  7.424E-17
8.954E+02  3.219E-27  7.645E-17
8.872E+02  3.345E-27  7.872E-17
8.790E+02  3.476E-27  8.106E-17
8.710E+02  3.613E-27  8.347E-17
8.630E+02  3.754E-27  8.594E-17
8.551E+02  3.901E-27  8.848E-17
8.472E+02  4.054E-27  9.110E-17
8.395E+02  4.212E-27  9.379E-17
8.318E+02  4.376E-27  9.656E-17
8.241E+02  4.547E-27  9.940E-17
8.166E+02  4.724E-27  1.023E-16
8.091E+02  4.908E-27  1.053E-16
8.017E+02  5.098E-27  1.084E-16
7.943E+02  5.296E-27  1.116E-16
7.870E+02  5.502E-27  1.149E-16
7.798E+02  5.715E-27  1.182E-16
7.727E+02  5.936E-27  1.217E-16
7.656E+02  6.166E-27  1.252E-16
7.586E+02  6.404E-27  1.289E-16
7.516E+02  6.651E-27  1.326E-16
7.447E+02  6.908E-27  1.365E-16
7.379E+02  7.176E-27  1.405E-16
7.311E+02  7.453E-27  1.445E-16
7.244E+02  7.741E-27  1.488E-16
7.178E+02  8.041E-27  1.531E-16
7.112E+02  8.351E-27  1.576E-16
7.047E+02  8.674E-27  1.621E-16
6.982E+02  9.009E-27  1.669E-16
6.918E+02  9.357E-27  1.717E-16
6.855E+02  9.718E-27  1.767E-16
6.792E+02  1.009E-26  1.818E-16
6.730E+02  1.048E-26  1.871E-16
6.668E+02  1.088E-26  1.925E-16
6.607E+02  1.130E-26  1.981E-16
6.546E+02  1.174E-26  2.038E-16
6.486E+02  1.219E-26  2.097E-16
6.427E+02  1.266E-26  2.159E-16
6.368E+02  1.315E-26  2.221E-16
6.310E+02  1.366E-26  2.286E-16
6.252E+02  1.419E-26  2.353E-16
6.194E+02  1.473E-26  2.421E-16
6.138E+02  1.530E-26  2.491E-16
6.081E+02  1.589E-26  2.564E-16
6.026E+02  1.651E-26  2.638E-16
5.970E+02  1.714E-26  2.715E-16
5.916E+02  1.781E-26  2.794E-16
5.861E+02  1.849E-26  2.875E-16
5.808E+02  1.921E-26  2.959E-16
5.754E+02  1.995E-26  3.045E-16
5.702E+02  2.072E-26  3.133E-16
5.649E+02  2.152E-26  3.224E-16
5.598E+02  2.235E-26  3.318E-16
5.546E+02  2.321E-26  3.415E-16
5.495E+02  2.411E-26  3.514E-16
5.445E+02  2.504E-26  3.616E-16
5.395E+02  2.600E-26  3.721E-16
5.346E+02  2.700E-26  3.829E-16
5.297E+02  2.804E-26  3.940E-16
5.248E+02  2.913E-26  4.055E-16
5.200E+02  3.025E-26  4.172E-16
5.152E+02  3.141E-26  4.293E-16
5.105E+02  3.263E-26  4.418E-16
5.058E+02  3.388E-26  4.546E-16
5.012E+02  3.519E-26  4.678E-16
4.966E+02  3.654E-26  4.813E-16
4.920E+02  3.795E-26  4.953E-16
4.875E+02  3.941E-26  5.096E-16
4.831E+02  4.092E-26  5.243E-16
4.786E+02  4.249E-26  5.395E-16
4.742E+02  4.413E-26  5.551E-16
4.699E+02  4.582E-26  5.711E-16
4.656E+02  4.758E-26  5.876E-16
4.613E+02  4.940E-26  6.045E-16
4.571E+02  5.130E-26  6.220E-16
4.529E+02  5.327E-26  6.399E-16
4.487E+02  5.530E-26  6.583E-16
4.446E+02  5.742E-26  6.772E-16
4.406E+02  5.962E-26  6.967E-16
4.365E+02  6.190E-26  7.167E-16
4.325E+02  6.426E-26  7.372E-16
4.285E+02  6.671E-26  7.584E-16
4.246E+02  6.926E-26  7.801E-16
4.207E+02  7.190E-26  8.024E-16
4.169E+02  7.464E-26  8.254E-16
4.130E+02  7.748E-26  8.489E-16
4.093E+02  8.043E-26  8.732E-16
4.055E+02  8.350E-26  8.981E-16
4.018E+02  8.667E-26  9.237E-16
3.981E+02  8.996E-26  9.500E-16
3.945E+02  9.338E-26  9.771E-16
3.908E+02  9.693E-26  1.005E-15
3.873E+02  1.006E-25  1.034E-15
3.837E+02  1.044E-25  1.063E-15
3.802E+02  1.084E-25  1.093E-15
3.767E+02  1.125E-25  1.124E-15
3.733E+02  1.167E-25  1.156E-15
3.698E+02  1.212E-25  1.189E-15
3.664E+02  1.257E-25  1.222E-15
3.631E+02  1.305E-25  1.257E-15
3.597E+02  1.354E-25  1.292E-15
3.565E+02  1.405E-25  1.328E-15
3.532E+02  1.458E-25  1.365E-15
3.499E+02  1.512E-25  1.404E-15
3.467E+02  1.569E-25  1.443E-15
3.436E+02  1.628E-25  1.483E-15
3.404E+02  1.689E-25  1.525E-15
3.373E+02  1.752E-25  1.567E-15
3.342E+02  1.817E-25  1.611E-15
3.311E+02  1.885E-25  1.656E-15
3.281E+02  1.955E-25  1.701E-15
3.251E+02  2.028E-25  1.748E-15
3.221E+02  2.103E-25  1.797E-15
3.192E+02  2.181E-25  1.846E-15
3.162E+02  2.262E-25  1.897E-15
3.133E+02  2.345E-25  1.949E-15
3.105E+02  2.431E-25  2.002E-15
3.076E+02  2.521E-25  2.057E-15
3.048E+02  2.613E-25  2.113E-15
3.020E+02  2.709E-25  2.170E-15
2.992E+02  2.808E-25  2.229E-15
2.965E+02  2.911E-25  2.289E-15
2.938E+02  3.017E-25  2.351E-15
2.911E+02  3.127E-25  2.414E-15
2.884E+02  3.241E-25  2.479E-15
2.858E+02  3.358E-25  2.545E-15
2.831E+02  3.480E-25  2.613E-15
2.805E+02  3.605E-25  2.683E-15
2.780E+02  3.735E-25  2.754E-15
2.754E+02  3.869E-25  2.827E-15
2.729E+02  4.008E-25  2.901E-15
2.704E+02  4.152E-25  2.978E-15
2.679E+02  4.301E-25  3.057E-15
2.655E+02  4.456E-25  3.137E-15
2.630E+02  4.615E-25  3.220E-15
2.606E+02  4.780E-25  3.304E-15
2.582E+02  4.950E-25  3.390E-15
2.559E+02  5.124E-25  3.478E-15
2.535E+02  5.304E-25  3.567E-15
2.512E+02  5.488E-25  3.657E-15
2.489E+02  5.674E-25  3.746E-15
2.466E+02  5.861E-25  3.834E-15
2.443E+02  6.053E-25  3.923E-15
2.421E+02  6.248E-25  4.012E-15
2.399E+02  6.447E-25  4.102E-15
2.377E+02  6.648E-25  4.191E-15
2.355E+02  6.853E-25  4.281E-15
2.333E+02  7.064E-25  4.372E-15
2.312E+02  7.280E-25  4.465E-15
2.291E+02  7.502E-25  4.559E-15
2.270E+02  7.730E-25  4.654E-15
2.249E+02  7.963E-25  4.750E-15
2.228E+02  8.202E-25  4.848E-15
2.208E+02  8.447E-25  4.947E-15
2.188E+02  8.698E-25  5.048E-15
2.168E+02  8.955E-25  5.149E-15
2.148E+02  9.219E-25  5.252E-15
2.128E+02  9.488E-25  5.356E-15
2.109E+02  9.764E-25  5.461E-15
2.089E+02  1.005E-24  5.567E-15
2.070E+02  1.033E-24  5.675E-15
2.051E+02  1.063E-24  5.783E-15
2.032E+02  1.093E-24  5.892E-15
2.014E+02  1.124E-24  6.003E-15
1.995E+02  1.155E-24  6.114E-15
1.977E+02  1.187E-24  6.227E-15
1.959E+02  1.220E-24  6.340E-15
1.941E+02  1.254E-24  6.455E-15
1.923E+02  1.288E-24  6.570E-15
1.905E+02  1.323E-24  6.686E-15
1.888E+02  1.358E-24  6.803E-15
1.871E+02  1.395E-24  6.921E-15
1.854E+02  1.432E-24  7.040E-15
1.837E+02  1.470E-24  7.159E-15
1.820E+02  1.508E-24  7.280E-15
1.803E+02  1.547E-24  7.401E-15
1.786E+02  1.587E-24  7.523E-15
1.770E+02  1.628E-24  7.645E-15
1.754E+02  1.670E-24  7.768E-15
1.738E+02  1.712E-24  7.892E-15
1.722E+02  1.755E-24  8.016E-15
1.706E+02  1.799E-24  8.142E-15
1.690E+02  1.844E-24  8.268E-15
1.675E+02  1.889E-24  8.394E-15
1.660E+02  1.936E-24  8.522E-15
1.644E+02  1.983E-24  8.650E-15
1.629E+02  2.031E-24  8.778E-15
1.614E+02  2.080E-24  8.908E-15
1.600E+02  2.130E-24  9.038E-15
1.585E+02  2.181E-24  9.170E-15
1.570E+02  2.233E-24  9.302E-15
1.556E+02  2.286E-24  9.435E-15
1.542E+02  2.340E-24  9.570E-15
1.528E+02  2.395E-24  9.706E-15
1.514E+02  2.452E-24  9.843E-15
1.500E+02  2.509E-24  9.981E-15
1.486E+02  2.568E-24  1.012E-14
1.472E+02  2.628E-24  1.026E-14
1.459E+02  2.689E-24  1.040E-14
1.445E+02  2.751E-24  1.055E-14
1.432E+02  2.813E-24  1.069E-14
1.419E+02  2.875E-24  1.082E-14
1.406E+02  2.936E-24  1.095E-14
1.393E+02  2.995E-24  1.107E-14
1.380E+02  3.053E-24  1.118E-14
1.368E+02  3.109E-24  1.128E-14
1.355E+02  3.163E-24  1.137E-14
1.343E+02  3.216E-24  1.146E-14
1.330E+02  3.269E-24  1.154E-14
1.318E+02  3.323E-24  1.162E-14
1.306E+02  3.376E-24  1.170E-14
1.294E+02  3.430E-24  1.178E-14
1.282E+02  3.486E-24  1.186E-14
1.271E+02  3.541E-24  1.194E-14
1.259E+02  3.598E-24  1.202E-14
1.247E+02  3.655E-24  1.209E-14
1.236E+02  3.714E-24  1.217E-14
1.225E+02  3.772E-24  1.225E-14
1.213E+02  3.832E-24  1.233E-14
1.202E+02  3.892E-24  1.241E-14
1.191E+02  3.952E-24  1.249E-14
1.180E+02  4.013E-24  1.257E-14
1.169E+02  4.074E-24  1.264E-14
1.159E+02  4.135E-24  1.271E-14
1.148E+02  4.197E-24  1.278E-14
1.138E+02  4.259E-24  1.285E-14
1.127E+02  4.321E-24  1.292E-14
1.117E+02  4.384E-24  1.299E-14
1.107E+02  4.447E-24  1.305E-14
1.096E+02  4.510E-24  1.312E-14
1.086E+02  4.574E-24  1.318E-14
1.076E+02  4.637E-24  1.324E-14
1.067E+02  4.701E-24  1.330E-14
1.057E+02  4.765E-24  1.336E-14
1.047E+02  4.829E-24  1.341E-14
1.038E+02  4.893E-24  1.346E-14
1.028E+02  4.956E-24  1.351E-14
1.019E+02  5.019E-24  1.356E-14
1.009E+02  5.082E-24  1.361E-14
1.000E+02  5.145E-24  1.365E-14
9.908E+01  5.208E-24  1.369E-14
9.817E+01  5.270E-24  1.372E-14
9.727E+01  5.332E-24  1.376E-14
9.638E+01  5.394E-24  1.379E-14
9.550E+01  5.456E-24  1.382E-14
9.462E+01  5.517E-24  1.385E-14
9.376E+01  5.578E-24  1.387E-14
9.290E+01  5.638E-24  1.389E-14
9.204E+01  5.698E-24  1.391E-14
9.120E+01  5.758E-24  1.393E-14
9.036E+01  5.817E-24  1.394E-14
8.954E+01  5.876E-24  1.395E-14
8.872E+01  5.934E-24  1.396E-14
8.790E+01  5.992E-24  1.397E-14
8.710E+01  6.050E-24  1.398E-14
8.630E+01  6.107E-24  1.398E-14
8.551E+01  6.164E-24  1.398E-14
8.472E+01  6.220E-24  1.398E-14
8.395E+01  6.275E-24  1.397E-14
8.318E+01  6.330E-24  1.397E-14
8.241E+01  6.384E-24  1.396E-14
8.166E+01  6.438E-24  1.395E-14
8.091E+01  6.492E-24  1.393E-14
8.017E+01  6.545E-24  1.392E-14
7.943E+01  6.597E-24  1.390E-14
7.870E+01  6.648E-24  1.388E-14
7.798E+01  6.698E-24  1.386E-14
7.727E+01  6.749E-24  1.383E-14
7.656E+01  6.798E-24  1.381E-14
7.586E+01  6.848E-24  1.378E-14
7.516E+01  6.896E-24  1.375E-14
7.447E+01  6.944E-24  1.372E-14
7.379E+01  6.990E-24  1.368E-14
7.311E+01  7.036E-24  1.365E-14
7.244E+01  7.081E-24  1.361E-14
7.178E+01  7.125E-24  1.357E-14
7.112E+01  7.168E-24  1.352E-14
7.047E+01  7.212E-24  1.348E-14
6.982E+01  7.256E-24  1.344E-14
6.918E+01  7.299E-24  1.340E-14
6.855E+01  7.340E-24  1.335E-14
6.792E+01  7.381E-24  1.330E-14
6.730E+01  7.420E-24  1.325E-14
6.668E+01  7.460E-24  1.320E-14
6.607E+01  7.500E-24  1.314E-14
6.546E+01  7.539E-24  1.309E-14
6.486E+01  7.577E-24  1.304E-14
6.427E+01  7.614E-24  1.298E-14
6.368E+01  7.650E-24  1.292E-14
6.310E+01  7.687E-24  1.287E-14
6.252E+01  7.723E-24  1.281E-14
6.194E+01  7.759E-24  1.275E-14
6.138E+01  7.795E-24  1.269E-14
6.081E+01  7.831E-24  1.263E-14
6.026E+01  7.865E-24  1.257E-14
5.970E+01  7.899E-24  1.251E-14
5.916E+01  7.933E-24  1.245E-14
5.861E+01  7.965E-24  1.238E-14
5.808E+01  7.997E-24  1.232E-14
5.754E+01  8.029E-24  1.226E-14
5.702E+01  8.061E-24  1.219E-14
5.649E+01  8.092E-24  1.213E-14
5.598E+01  8.123E-24  1.206E-14
5.546E+01  8.155E-24  1.200E-14
5.495E+01  8.186E-24  1.193E-14
5.445E+01  8.218E-24  1.187E-14
5.395E+01  8.249E-24  1.181E-14
5.346E+01  8.281E-24  1.174E-14
5.297E+01  8.312E-24  1.168E-14
5.248E+01  8.343E-24  1.161E-14
5.200E+01  8.374E-24  1.155E-14
5.152E+01  8.405E-24  1.149E-14
5.105E+01  8.435E-24  1.142E-14
5.058E+01  8.466E-24  1.136E-14
5.012E+01  8.496E-24  1.130E-14
4.966E+01  8.527E-24  1.123E-14
4.920E+01  8.557E-24  1.117E-14
4.875E+01  8.587E-24  1.111E-14
4.831E+01  8.618E-24  1.104E-14
4.786E+01  8.649E-24  1.098E-14
4.742E+01  8.681E-24  1.092E-14
4.699E+01  8.713E-24  1.086E-14
4.656E+01  8.745E-24  1.080E-14
4.613E+01  8.778E-24  1.074E-14
4.571E+01  8.811E-24  1.068E-14
4.529E+01  8.844E-24  1.063E-14
4.487E+01  8.879E-24  1.057E-14
4.446E+01  8.914E-24  1.051E-14
4.406E+01  8.950E-24  1.046E-14
4.365E+01  8.986E-24  1.040E-14
4.325E+01  9.022E-24  1.035E-14
4.285E+01  9.058E-24  1.030E-14
4.246E+01  9.095E-24  1.024E-14
4.207E+01  9.131E-24  1.019E-14
4.169E+01  9.168E-24  1.014E-14
4.130E+01  9.205E-24  1.008E-14
4.093E+01  9.240E-24  1.003E-14
4.055E+01  9.275E-24  9.977E-15
4.018E+01  9.310E-24  9.922E-15
3.981E+01  9.344E-24  9.868E-15
3.945E+01  9.378E-24  9.812E-15
3.908E+01  9.410E-24  9.756E-15
3.873E+01  9.441E-24  9.698E-15
3.837E+01  9.471E-24  9.640E-15
3.802E+01  9.499E-24  9.580E-15
3.767E+01  9.525E-24  9.518E-15
3.733E+01  9.546E-24  9.451E-15
3.698E+01  9.563E-24  9.381E-15
3.664E+01  9.578E-24  9.310E-15
3.631E+01  9.591E-24  9.237E-15
3.597E+01  9.601E-24  9.162E-15
3.565E+01  9.608E-24  9.084E-15
3.532E+01  9.612E-24  9.005E-15
3.499E+01  9.612E-24  8.922E-15
3.467E+01  9.608E-24  8.837E-15
3.436E+01  9.600E-24  8.749E-15
3.404E+01  9.588E-24  8.658E-15
3.373E+01  9.572E-24  8.564E-15
3.342E+01  9.551E-24  8.467E-15
3.311E+01  9.529E-24  8.370E-15
3.281E+01  9.502E-24  8.270E-15
3.251E+01  9.470E-24  8.166E-15
3.221E+01  9.434E-24  8.061E-15
3.192E+01  9.393E-24  7.952E-15
3.162E+01  9.349E-24  7.842E-15
3.133E+01  9.300E-24  7.729E-15
3.105E+01  9.247E-24  7.615E-15
3.076E+01  9.191E-24  7.500E-15
3.048E+01  9.132E-24  7.383E-15
3.020E+01  9.071E-24  7.266E-15
2.992E+01  9.006E-24  7.148E-15
2.965E+01  8.938E-24  7.029E-15
2.938E+01  8.867E-24  6.910E-15
2.911E+01  8.796E-24  6.791E-15
2.884E+01  8.724E-24  6.674E-15
2.858E+01  8.651E-24  6.557E-15
2.831E+01  8.578E-24  6.442E-15
2.805E+01  8.505E-24  6.329E-15
2.780E+01  8.433E-24  6.218E-15
2.754E+01  8.361E-24  6.108E-15
2.729E+01  8.291E-24  6.002E-15
2.704E+01  8.222E-24  5.897E-15
2.679E+01  8.154E-24  5.795E-15
2.655E+01  8.088E-24  5.695E-15
2.630E+01  8.023E-24  5.598E-15
2.606E+01  7.960E-24  5.503E-15
2.582E+01  7.898E-24  5.410E-15
2.559E+01  7.838E-24  5.320E-15
2.535E+01  7.780E-24  5.232E-15
2.512E+01  7.724E-24  5.146E-15
2.489E+01  7.668E-24  5.062E-15
2.466E+01  7.613E-24  4.980E-15
2.443E+01  7.559E-24  4.900E-15
2.421E+01  7.504E-24  4.819E-15
2.399E+01  7.447E-24  4.739E-15
2.377E+01  7.394E-24  4.662E-15
2.355E+01  7.349E-24  4.591E-15
2.333E+01  7.301E-24  4.519E-15
2.312E+01  7.246E-24  4.444E-15
2.291E+01  7.194E-24  4.372E-15
2.270E+01  7.154E-24  4.308E-15
2.249E+01  7.122E-24  4.249E-15
2.228E+01  7.096E-24  4.194E-15
2.208E+01  7.065E-24  4.138E-15
2.188E+01  7.025E-24  4.077E-15
2.168E+01  6.979E-24  4.013E-15
2.148E+01  6.933E-24  3.950E-15
2.128E+01  6.896E-24  3.893E-15
2.109E+01  6.865E-24  3.840E-15
2.089E+01  6.831E-24  3.786E-15
2.070E+01  6.792E-24  3.730E-15
2.051E+01  6.751E-24  3.673E-15
2.032E+01  6.714E-24  3.620E-15
2.014E+01  6.700E-24  3.579E-15
1.995E+01  6.683E-24  3.537E-15
1.977E+01  6.660E-24  3.492E-15
1.959E+01  6.625E-24  3.442E-15
1.941E+01  6.578E-24  3.386E-15
1.923E+01  6.517E-24  3.324E-15
1.905E+01  6.442E-24  3.256E-15
1.888E+01  6.354E-24  3.182E-15
1.871E+01  6.250E-24  3.102E-15
1.854E+01  6.133E-24  3.016E-15
1.837E+01  6.004E-24  2.925E-15
1.820E+01  5.864E-24  2.831E-15
1.803E+01  5.722E-24  2.736E-15
1.786E+01  5.577E-24  2.643E-15
1.770E+01  5.404E-24  2.538E-15
1.754E+01  5.240E-24  2.438E-15
1.738E+01  5.104E-24  2.353E-15
1.722E+01  4.893E-24  2.235E-15
1.706E+01  4.703E-24  2.129E-15
1.690E+01  4.509E-24  2.022E-15
1.675E+01  4.312E-24  1.916E-15
1.660E+01  4.132E-24  1.819E-15
1.644E+01  3.998E-24  1.744E-15
1.629E+01  3.742E-24  1.617E-15
1.614E+01  3.546E-24  1.518E-15
1.600E+01  3.387E-24  1.437E-15
1.585E+01  3.229E-24  1.358E-15
1.570E+01  3.051E-24  1.271E-15
1.556E+01  2.894E-24  1.195E-15
1.542E+01  2.753E-24  1.126E-15
1.528E+01  2.621E-24  1.062E-15
1.514E+01  2.498E-24  1.003E-15
1.500E+01  2.385E-24  9.489E-16
1.486E+01  2.278E-24  8.978E-16
1.472E+01  2.177E-24  8.502E-16
1.459E+01  2.084E-24  8.063E-16
1.445E+01  2.004E-24  7.685E-16
1.432E+01  1.941E-24  7.375E-16
1.419E+01  1.893E-24  7.124E-16
1.406E+01  1.839E-24  6.859E-16
1.393E+01  1.803E-24  6.661E-16
1.380E+01  1.787E-24  6.541E-16
1.368E+01  1.794E-24  6.509E-16
1.355E+01  1.801E-24  6.475E-16
1.343E+01  1.796E-24  6.396E-16
1.330E+01  1.803E-24  6.363E-16
1.318E+01  1.819E-24  6.362E-16
1.306E+01  1.842E-24  6.382E-16
1.294E+01  1.877E-24  6.445E-16
1.282E+01  1.933E-24  6.575E-16
1.271E+01  2.000E-24  6.741E-16
1.259E+01  2.036E-24  6.800E-16
1.247E+01  2.017E-24  6.675E-16
1.236E+01  1.990E-24  6.524E-16
1.225E+01  1.981E-24  6.434E-16
1.213E+01  1.995E-24  6.420E-16
1.202E+01  2.016E-24  6.430E-16
1.191E+01  2.021E-24  6.387E-16
1.180E+01  2.016E-24  6.311E-16
1.169E+01  2.019E-24  6.265E-16
1.159E+01  2.045E-24  6.287E-16
1.148E+01  2.142E-24  6.522E-16
1.138E+01  2.274E-24  6.861E-16
1.127E+01  2.445E-24  7.310E-16
1.117E+01  2.259E-24  6.692E-16
1.107E+01  2.072E-24  6.083E-16
1.096E+01  2.007E-24  5.838E-16
1.086E+01  1.980E-24  5.706E-16
1.076E+01  1.972E-24  5.631E-16
1.067E+01  1.976E-24  5.589E-16
1.057E+01  1.987E-24  5.569E-16
1.047E+01  1.995E-24  5.542E-16
1.038E+01  1.994E-24  5.487E-16
1.028E+01  1.979E-24  5.397E-16
1.019E+01  1.954E-24  5.278E-16
1.009E+01  1.924E-24  5.150E-16
1.000E+01  1.894E-24  5.024E-16
9.908E+00  1.869E-24  4.911E-16
9.817E+00  1.846E-24  4.807E-16
9.727E+00  1.824E-24  4.707E-16
9.638E+00  1.802E-24  4.608E-16
9.550E+00  1.771E-24  4.486E-16
9.462E+00  1.727E-24  4.335E-16
9.376E+00  1.668E-24  4.148E-16
9.290E+00  1.593E-24  3.926E-16
9.204E+00  1.506E-24  3.676E-16
9.120E+00  1.411E-24  3.413E-16
9.036E+00  1.315E-24  3.152E-16
8.954E+00  1.227E-24  2.915E-16
8.872E+00  1.156E-24  2.721E-16
8.790E+00  1.111E-24  2.592E-16
8.710E+00  1.098E-24  2.538E-16
8.630E+00  1.091E-24  2.496E-16
8.551E+00  1.026E-24  2.326E-16
8.472E+00  9.329E-25  2.097E-16
8.395E+00  8.616E-25  1.919E-16
8.318E+00  8.087E-25  1.784E-16
8.241E+00  7.668E-25  1.676E-16
8.166E+00  7.415E-25  1.606E-16
8.091E+00  7.460E-25  1.601E-16
8.017E+00  7.859E-25  1.671E-16
7.943E+00  8.564E-25  1.804E-16
7.870E+00  9.202E-25  1.921E-16
7.798E+00  9.350E-25  1.934E-16
7.727E+00  9.339E-25  1.914E-16
7.656E+00  9.565E-25  1.942E-16
7.586E+00  9.260E-25  1.863E-16
7.516E+00  7.855E-25  1.566E-16
7.447E+00  6.317E-25  1.248E-16
7.379E+00  5.203E-25  1.018E-16
7.311E+00  4.453E-25  8.636E-17
7.244E+00  3.923E-25  7.539E-17
7.178E+00  3.530E-25  6.721E-17
7.112E+00  3.233E-25  6.099E-17
7.047E+00  3.008E-25  5.622E-17
6.982E+00  2.841E-25  5.261E-17
6.918E+00  2.726E-25  5.002E-17
6.855E+00  2.655E-25  4.827E-17
6.792E+00  2.614E-25  4.710E-17
6.730E+00  2.579E-25  4.604E-17
6.668E+00  2.520E-25  4.456E-17
6.607E+00  2.438E-25  4.272E-17
6.546E+00  2.371E-25  4.116E-17
6.486E+00  2.366E-25  4.071E-17
6.427E+00  2.482E-25  4.231E-17
6.368E+00  2.832E-25  4.784E-17
6.310E+00  3.671E-25  6.144E-17
6.252E+00  5.147E-25  8.536E-17
6.194E+00  5.152E-25  8.465E-17
6.138E+00  3.506E-25  5.708E-17
6.081E+00  2.481E-25  4.002E-17
6.026E+00  1.990E-25  3.180E-17
5.970E+00  1.740E-25  2.756E-17
5.916E+00  1.611E-25  2.528E-17
5.861E+00  1.559E-25  2.425E-17
5.808E+00  1.580E-25  2.434E-17
5.754E+00  1.662E-25  2.536E-17
5.702E+00  1.696E-25  2.564E-17
5.649E+00  1.550E-25  2.323E-17
5.598E+00  1.353E-25  2.009E-17
5.546E+00  1.211E-25  1.782E-17
5.495E+00  1.120E-25  1.632E-17
5.445E+00  1.060E-25  1.531E-17
5.395E+00  1.024E-25  1.465E-17
5.346E+00  1.014E-25  1.437E-17
5.297E+00  1.037E-25  1.457E-17
5.248E+00  1.049E-25  1.460E-17
5.200E+00  9.650E-26  1.331E-17
5.152E+00  8.807E-26  1.204E-17
5.105E+00  8.269E-26  1.120E-17
5.058E+00  7.897E-26  1.060E-17
5.012E+00  7.606E-26  1.011E-17
4.966E+00  7.360E-26  9.696E-18
4.920E+00  7.143E-26  9.322E-18
4.875E+00  6.944E-26  8.980E-18
4.831E+00  6.761E-26  8.663E-18
4.786E+00  6.590E-26  8.366E-18
4.742E+00  6.430E-26  8.088E-18
4.699E+00  6.279E-26  7.827E-18
4.656E+00  6.137E-26  7.579E-18
4.613E+00  6.002E-26  7.345E-18
4.571E+00  5.875E-26  7.123E-18
4.529E+00  5.753E-26  6.912E-18
4.487E+00  5.639E-26  6.712E-18
4.446E+00  5.530E-26  6.522E-18
4.406E+00  5.427E-26  6.342E-18
4.365E+00  5.330E-26  6.171E-18
4.325E+00  5.237E-26  6.009E-18
4.285E+00  5.150E-26  5.854E-18
4.246E+00  5.067E-26  5.707E-18
4.207E+00  4.988E-26  5.566E-18
4.169E+00  4.913E-26  5.433E-18
4.130E+00  4.843E-26  5.306E-18
4.093E+00  4.774E-26  5.183E-18
4.055E+00  4.709E-26  5.065E-18
4.018E+00  4.648E-26  4.953E-18
3.981E+00  4.589E-26  4.847E-18
3.945E+00  4.535E-26  4.745E-18
3.908E+00  4.484E-26  4.648E-18
3.873E+00  4.436E-26  4.557E-18
3.837E+00  4.393E-26  4.471E-18
3.802E+00  4.353E-26  4.390E-18
3.767E+00  4.317E-26  4.314E-18
3.733E+00  4.286E-26  4.243E-18
3.698E+00  4.259E-26  4.178E-18
3.664E+00  4.238E-26  4.120E-18
3.631E+00  4.224E-26  4.069E-18
3.597E+00  4.219E-26  4.027E-18
3.565E+00  4.227E-26  3.997E-18
3.532E+00  4.253E-26  3.984E-18
3.499E+00  4.308E-26  3.999E-18
3.467E+00  4.414E-26  4.060E-18
3.436E+00  4.620E-26  4.210E-18
3.404E+00  5.049E-26  4.559E-18
3.373E+00  6.106E-26  5.463E-18
3.342E+00  9.658E-26  8.562E-18
3.311E+00  2.736E-25  2.403E-17
3.281E+00  1.971E-25  1.715E-17
3.251E+00  7.934E-26  6.842E-18
3.221E+00  5.458E-26  4.664E-18
3.192E+00  4.626E-26  3.917E-18
3.162E+00  4.249E-26  3.564E-18
3.133E+00  4.043E-26  3.360E-18
3.105E+00  3.914E-26  3.224E-18
3.076E+00  3.828E-26  3.124E-18
3.048E+00  3.765E-26  3.044E-18
3.020E+00  3.717E-26  2.977E-18
2.992E+00  3.677E-26  2.919E-18
2.965E+00  3.644E-26  2.866E-18
2.938E+00  3.615E-26  2.817E-18
2.911E+00  3.589E-26  2.771E-18
2.884E+00  3.566E-26  2.728E-18
2.858E+00  3.544E-26  2.686E-18
2.831E+00  3.524E-26  2.647E-18
2.805E+00  3.505E-26  2.608E-18
2.780E+00  3.487E-26  2.571E-18
2.754E+00  3.469E-26  2.534E-18
2.729E+00  3.452E-26  2.499E-18
2.704E+00  3.435E-26  2.464E-18
2.679E+00  3.419E-26  2.430E-18
2.655E+00  3.403E-26  2.396E-18
2.630E+00  3.387E-26  2.363E-18
2.606E+00  3.371E-26  2.330E-18
2.582E+00  3.355E-26  2.298E-18
2.559E+00  3.340E-26  2.267E-18
2.535E+00  3.324E-26  2.235E-18
2.512E+00  3.309E-26  2.204E-18
2.489E+00  3.293E-26  2.174E-18
2.466E+00  3.278E-26  2.144E-18
2.443E+00  3.262E-26  2.114E-18
2.421E+00  3.247E-26  2.085E-18
2.399E+00  3.231E-26  2.056E-18
2.377E+00  3.215E-26  2.027E-18
2.355E+00  3.199E-26  1.999E-18
2.333E+00  3.183E-26  1.970E-18
2.312E+00  3.166E-26  1.942E-18
2.291E+00  3.149E-26  1.914E-18
2.270E+00  3.132E-26  1.886E-18
2.249E+00  3.115E-26  1.858E-18
2.228E+00  3.097E-26  1.831E-18
2.208E+00  3.079E-26  1.803E-18
2.188E+00  3.061E-26  1.776E-18
2.168E+00  3.042E-26  1.749E-18
2.148E+00  3.023E-26  1.722E-18
2.128E+00  3.004E-26  1.696E-18
2.109E+00  2.985E-26  1.669E-18
2.089E+00  2.965E-26  1.643E-18
2.070E+00  2.944E-26  1.617E-18
2.051E+00  2.922E-26  1.590E-18
2.032E+00  2.900E-26  1.563E-18
2.014E+00  2.877E-26  1.537E-18
1.995E+00  2.852E-26  1.510E-18
1.977E+00  2.826E-26  1.482E-18
1.959E+00  2.800E-26  1.455E-18
1.941E+00  2.774E-26  1.428E-18
1.923E+00  2.749E-26  1.402E-18
1.905E+00  2.728E-26  1.379E-18
1.888E+00  2.711E-26  1.357E-18
1.871E+00  2.696E-26  1.338E-18
1.854E+00  2.683E-26  1.319E-18
1.837E+00  2.669E-26  1.300E-18
1.820E+00  2.654E-26  1.281E-18
1.803E+00  2.637E-26  1.261E-18
1.786E+00  2.619E-26  1.241E-18
1.770E+00  2.600E-26  1.221E-18
1.754E+00  2.581E-26  1.201E-18
1.738E+00  2.561E-26  1.181E-18
1.722E+00  2.541E-26  1.161E-18
1.706E+00  2.520E-26  1.141E-18
1.690E+00  2.500E-26  1.121E-18
1.675E+00  2.478E-26  1.101E-18
1.660E+00  2.457E-26  1.082E-18
1.644E+00  2.436E-26  1.062E-18
1.629E+00  2.414E-26  1.043E-18
1.614E+00  2.392E-26  1.024E-18
1.600E+00  2.370E-26  1.006E-18
1.585E+00  2.348E-26  9.871E-19
1.570E+00  2.326E-26  9.688E-19
1.556E+00  2.304E-26  9.508E-19
1.542E+00  2.281E-26  9.330E-19
1.528E+00  2.259E-26  9.154E-19
1.514E+00  2.237E-26  8.982E-19
1.500E+00  2.215E-26  8.813E-19
1.486E+00  2.194E-26  8.647E-19
1.472E+00  2.173E-26  8.485E-19
1.459E+00  2.152E-26  8.327E-19
1.445E+00  2.132E-26  8.173E-19
1.432E+00  2.112E-26  8.025E-19
1.419E+00  2.094E-26  7.881E-19
1.406E+00  2.076E-26  7.744E-19
1.393E+00  2.060E-26  7.613E-19
1.380E+00  2.045E-26  7.489E-19
1.368E+00  2.032E-26  7.373E-19
1.355E+00  2.022E-26  7.267E-19
1.343E+00  2.013E-26  7.171E-19
1.330E+00  2.008E-26  7.085E-19
1.318E+00  2.005E-26  7.009E-19
1.306E+00  2.003E-26  6.939E-19
1.294E+00  2.000E-26  6.866E-19
1.282E+00  1.992E-26  6.776E-19
1.271E+00  1.974E-26  6.655E-19
1.259E+00  1.943E-26  6.490E-19
1.247E+00  1.899E-26  6.284E-19
1.236E+00  1.846E-26  6.053E-19
1.225E+00  1.790E-26  5.815E-19
1.213E+00  1.736E-26  5.587E-19
1.202E+00  1.686E-26  5.376E-19
1.191E+00  1.641E-26  5.185E-19
1.180E+00  1.601E-26  5.014E-19
1.169E+00  1.566E-26  4.859E-19
1.159E+00  1.536E-26  4.720E-19
1.148E+00  1.509E-26  4.596E-19
1.138E+00  1.486E-26  4.485E-19
1.127E+00  1.468E-26  4.389E-19
1.117E+00  1.455E-26  4.310E-19
1.107E+00  1.449E-26  4.252E-19
1.096E+00  1.452E-26  4.224E-19
1.086E+00  1.470E-26  4.236E-19
1.076E+00  1.505E-26  4.299E-19
1.067E+00  1.556E-26  4.401E-19
1.057E+00  1.592E-26  4.463E-19
1.047E+00  1.563E-26  4.341E-19
1.038E+00  1.463E-26  4.025E-19
1.028E+00  1.347E-26  3.674E-19
1.019E+00  1.253E-26  3.386E-19
1.009E+00  1.183E-26  3.167E-19
1.000E+00  1.130E-26  2.996E-19
