Dust emission from Draine & Li (2007): ApJ 657, 810-837
================================================================
        10 = grain model
 4.000E-08 4.000E-01 5.000E-06 = a_01 (cm) , sigma_1 , b_C1/0.92
 2.500E-07 4.000E-01 5.000E-06 = a_02 (cm) , sigma_2 , b_C2/0.92
 2.500E+00 1.000E+05 2.000E+00 = Umin , Umax, beta (dN/dU propto U^{-beta})
 2.649E+01 = <U> 
     mmp83 = radfield
 2.766E-23 = power/H (erg s-1)
 band   nu*P_nu(band) j_nu(band)
 (um)   (erg s-1 H-1)(Jy cm2 sr-1 H-1)
1.270E+00  7.771E-26  2.618E-18 COBE-DIRBE
2.220E+00  1.047E-25  6.164E-18 COBE-DIRBE
3.530E+00  5.563E-25  5.209E-17 COBE-DIRBE
4.880E+00  2.788E-25  3.609E-17 COBE-DIRBE
1.229E+01  3.977E-24  1.297E-15 COBE-DIRBE
2.079E+01  7.441E-24  4.103E-15 COBE-DIRBE
5.599E+01  1.240E-23  1.842E-14 COBE-DIRBE
9.770E+01  7.935E-24  2.056E-14 COBE-DIRBE
1.479E+02  4.051E-24  1.589E-14 COBE-DIRBE
2.479E+02  1.011E-24  6.648E-15 COBE-DIRBE
1.200E+01  3.873E-24  1.233E-15 IRAS
2.500E+01  8.632E-24  5.724E-15 IRAS
6.000E+01  1.204E-23  1.916E-14 IRAS
1.000E+02  7.680E-24  2.037E-14 IRAS
3.550E+00  6.427E-25  6.053E-17 SST-IRAC
4.493E+00  2.008E-25  2.393E-17 SST-IRAC
5.731E+00  1.641E-24  2.495E-16 SST-IRAC
7.872E+00  4.719E-24  9.854E-16 SST-IRAC
2.368E+01  8.231E-24  5.170E-15 SST-MIPS
7.142E+01  9.847E-24  1.866E-14 SST-MIPS
1.559E+02  3.343E-24  1.382E-14 SST-MIPS
1.600E+01  4.526E-24  1.921E-15 SST-IRSPU
2.200E+01  8.156E-24  4.760E-15 SST-IRSPU











lambda    nu*dP/dnu     j_nu
 (um)   (erg s-1 H-1)(Jy cm2 sr-1 H-1)
1.000E+04  2.575E-31  6.831E-20
9.908E+03  2.669E-31  7.016E-20
9.817E+03  2.766E-31  7.204E-20
9.727E+03  2.867E-31  7.398E-20
9.638E+03  2.972E-31  7.598E-20
9.550E+03  3.080E-31  7.802E-20
9.462E+03  3.192E-31  8.012E-20
9.376E+03  3.309E-31  8.228E-20
9.290E+03  3.429E-31  8.450E-20
9.204E+03  3.554E-31  8.677E-20
9.120E+03  3.684E-31  8.911E-20
9.036E+03  3.818E-31  9.151E-20
8.954E+03  3.956E-31  9.396E-20
8.872E+03  4.100E-31  9.647E-20
8.790E+03  4.248E-31  9.905E-20
8.710E+03  4.402E-31  1.017E-19
8.630E+03  4.562E-31  1.044E-19
8.551E+03  4.728E-31  1.072E-19
8.472E+03  4.899E-31  1.101E-19
8.395E+03  5.077E-31  1.131E-19
8.318E+03  5.262E-31  1.161E-19
8.241E+03  5.453E-31  1.192E-19
8.166E+03  5.652E-31  1.224E-19
8.091E+03  5.858E-31  1.257E-19
8.017E+03  6.072E-31  1.291E-19
7.943E+03  6.293E-31  1.326E-19
7.870E+03  6.523E-31  1.362E-19
7.798E+03  6.761E-31  1.399E-19
7.727E+03  7.008E-31  1.436E-19
7.656E+03  7.264E-31  1.475E-19
7.586E+03  7.530E-31  1.515E-19
7.516E+03  7.806E-31  1.556E-19
7.447E+03  8.092E-31  1.599E-19
7.379E+03  8.388E-31  1.642E-19
7.311E+03  8.696E-31  1.687E-19
7.244E+03  9.015E-31  1.732E-19
7.178E+03  9.346E-31  1.780E-19
7.112E+03  9.690E-31  1.828E-19
7.047E+03  1.005E-30  1.878E-19
6.982E+03  1.041E-30  1.929E-19
6.918E+03  1.080E-30  1.981E-19
6.855E+03  1.119E-30  2.035E-19
6.792E+03  1.161E-30  2.091E-19
6.730E+03  1.203E-30  2.148E-19
6.668E+03  1.248E-30  2.207E-19
6.607E+03  1.294E-30  2.267E-19
6.546E+03  1.341E-30  2.329E-19
6.486E+03  1.391E-30  2.393E-19
6.427E+03  1.442E-30  2.458E-19
6.368E+03  1.495E-30  2.526E-19
6.310E+03  1.550E-30  2.595E-19
6.252E+03  1.608E-30  2.666E-19
6.194E+03  1.667E-30  2.740E-19
6.138E+03  1.729E-30  2.815E-19
6.081E+03  1.793E-30  2.892E-19
6.026E+03  1.860E-30  2.972E-19
5.970E+03  1.929E-30  3.054E-19
5.916E+03  2.000E-30  3.138E-19
5.861E+03  2.074E-30  3.225E-19
5.808E+03  2.151E-30  3.314E-19
5.754E+03  2.231E-30  3.406E-19
5.702E+03  2.314E-30  3.500E-19
5.649E+03  2.401E-30  3.597E-19
5.598E+03  2.490E-30  3.697E-19
5.546E+03  2.583E-30  3.800E-19
5.495E+03  2.679E-30  3.905E-19
5.445E+03  2.779E-30  4.014E-19
5.395E+03  2.883E-30  4.125E-19
5.346E+03  2.990E-30  4.240E-19
5.297E+03  3.102E-30  4.358E-19
5.248E+03  3.218E-30  4.480E-19
5.200E+03  3.338E-30  4.605E-19
5.152E+03  3.463E-30  4.733E-19
5.105E+03  3.593E-30  4.866E-19
5.058E+03  3.728E-30  5.002E-19
5.012E+03  3.867E-30  5.141E-19
4.966E+03  4.012E-30  5.285E-19
4.920E+03  4.163E-30  5.433E-19
4.875E+03  4.319E-30  5.585E-19
4.831E+03  4.481E-30  5.742E-19
4.786E+03  4.649E-30  5.903E-19
4.742E+03  4.824E-30  6.068E-19
4.699E+03  5.005E-30  6.239E-19
4.656E+03  5.194E-30  6.414E-19
4.613E+03  5.389E-30  6.595E-19
4.571E+03  5.592E-30  6.781E-19
4.529E+03  5.803E-30  6.972E-19
4.487E+03  6.022E-30  7.168E-19
4.446E+03  6.250E-30  7.371E-19
4.406E+03  6.486E-30  7.579E-19
4.365E+03  6.731E-30  7.793E-19
4.325E+03  6.985E-30  8.014E-19
4.285E+03  7.250E-30  8.241E-19
4.246E+03  7.524E-30  8.475E-19
4.207E+03  7.809E-30  8.715E-19
4.169E+03  8.105E-30  8.962E-19
4.130E+03  8.413E-30  9.217E-19
4.093E+03  8.732E-30  9.479E-19
4.055E+03  9.063E-30  9.749E-19
4.018E+03  9.408E-30  1.003E-18
3.981E+03  9.765E-30  1.031E-18
3.945E+03  1.014E-29  1.061E-18
3.908E+03  1.052E-29  1.091E-18
3.873E+03  1.092E-29  1.122E-18
3.837E+03  1.134E-29  1.154E-18
3.802E+03  1.177E-29  1.187E-18
3.767E+03  1.222E-29  1.221E-18
3.733E+03  1.268E-29  1.256E-18
3.698E+03  1.317E-29  1.291E-18
3.664E+03  1.367E-29  1.329E-18
3.631E+03  1.419E-29  1.367E-18
3.597E+03  1.473E-29  1.406E-18
3.565E+03  1.530E-29  1.446E-18
3.532E+03  1.588E-29  1.488E-18
3.499E+03  1.649E-29  1.531E-18
3.467E+03  1.712E-29  1.575E-18
3.436E+03  1.778E-29  1.620E-18
3.404E+03  1.846E-29  1.667E-18
3.373E+03  1.917E-29  1.715E-18
3.342E+03  1.991E-29  1.765E-18
3.311E+03  2.067E-29  1.816E-18
3.281E+03  2.147E-29  1.868E-18
3.251E+03  2.229E-29  1.923E-18
3.221E+03  2.315E-29  1.978E-18
3.192E+03  2.405E-29  2.036E-18
3.162E+03  2.497E-29  2.095E-18
3.133E+03  2.594E-29  2.156E-18
3.105E+03  2.694E-29  2.218E-18
3.076E+03  2.798E-29  2.283E-18
3.048E+03  2.906E-29  2.350E-18
3.020E+03  3.019E-29  2.418E-18
2.992E+03  3.135E-29  2.489E-18
2.965E+03  3.256E-29  2.561E-18
2.938E+03  3.382E-29  2.635E-18
2.911E+03  3.513E-29  2.712E-18
2.884E+03  3.649E-29  2.791E-18
2.858E+03  3.790E-29  2.873E-18
2.831E+03  3.937E-29  2.957E-18
2.805E+03  4.089E-29  3.043E-18
2.780E+03  4.248E-29  3.132E-18
2.754E+03  4.413E-29  3.224E-18
2.729E+03  4.584E-29  3.318E-18
2.704E+03  4.762E-29  3.415E-18
2.679E+03  4.947E-29  3.516E-18
2.655E+03  5.139E-29  3.619E-18
2.630E+03  5.339E-29  3.725E-18
2.606E+03  5.547E-29  3.835E-18
2.582E+03  5.764E-29  3.948E-18
2.559E+03  5.988E-29  4.064E-18
2.535E+03  6.222E-29  4.184E-18
2.512E+03  6.465E-29  4.307E-18
2.489E+03  6.717E-29  4.435E-18
2.466E+03  6.980E-29  4.566E-18
2.443E+03  7.253E-29  4.701E-18
2.421E+03  7.536E-29  4.840E-18
2.399E+03  7.831E-29  4.983E-18
2.377E+03  8.138E-29  5.131E-18
2.355E+03  8.457E-29  5.283E-18
2.333E+03  8.788E-29  5.440E-18
2.312E+03  9.133E-29  5.601E-18
2.291E+03  9.491E-29  5.768E-18
2.270E+03  9.864E-29  5.939E-18
2.249E+03  1.025E-28  6.116E-18
2.228E+03  1.065E-28  6.298E-18
2.208E+03  1.107E-28  6.485E-18
2.188E+03  1.151E-28  6.679E-18
2.168E+03  1.196E-28  6.878E-18
2.148E+03  1.243E-28  7.083E-18
2.128E+03  1.292E-28  7.294E-18
2.109E+03  1.343E-28  7.512E-18
2.089E+03  1.396E-28  7.737E-18
2.070E+03  1.451E-28  7.968E-18
2.051E+03  1.508E-28  8.206E-18
2.032E+03  1.568E-28  8.452E-18
2.014E+03  1.630E-28  8.704E-18
1.995E+03  1.694E-28  8.965E-18
1.977E+03  1.761E-28  9.233E-18
1.959E+03  1.830E-28  9.510E-18
1.941E+03  1.902E-28  9.795E-18
1.923E+03  1.978E-28  1.009E-17
1.905E+03  2.056E-28  1.039E-17
1.888E+03  2.137E-28  1.070E-17
1.871E+03  2.222E-28  1.102E-17
1.854E+03  2.309E-28  1.135E-17
1.837E+03  2.401E-28  1.170E-17
1.820E+03  2.496E-28  1.205E-17
1.803E+03  2.595E-28  1.241E-17
1.786E+03  2.697E-28  1.278E-17
1.770E+03  2.804E-28  1.317E-17
1.754E+03  2.915E-28  1.356E-17
1.738E+03  3.031E-28  1.397E-17
1.722E+03  3.151E-28  1.439E-17
1.706E+03  3.276E-28  1.483E-17
1.690E+03  3.406E-28  1.527E-17
1.675E+03  3.541E-28  1.573E-17
1.660E+03  3.681E-28  1.621E-17
1.644E+03  3.828E-28  1.669E-17
1.629E+03  3.979E-28  1.720E-17
1.614E+03  4.137E-28  1.772E-17
1.600E+03  4.302E-28  1.825E-17
1.585E+03  4.472E-28  1.880E-17
1.570E+03  4.650E-28  1.937E-17
1.556E+03  4.834E-28  1.995E-17
1.542E+03  5.026E-28  2.056E-17
1.528E+03  5.226E-28  2.118E-17
1.514E+03  5.433E-28  2.181E-17
1.500E+03  5.649E-28  2.247E-17
1.486E+03  5.874E-28  2.315E-17
1.472E+03  6.107E-28  2.385E-17
1.459E+03  6.350E-28  2.457E-17
1.445E+03  6.603E-28  2.532E-17
1.432E+03  6.865E-28  2.608E-17
1.419E+03  7.138E-28  2.687E-17
1.406E+03  7.422E-28  2.768E-17
1.393E+03  7.717E-28  2.852E-17
1.380E+03  8.024E-28  2.938E-17
1.368E+03  8.343E-28  3.027E-17
1.355E+03  8.675E-28  3.118E-17
1.343E+03  9.020E-28  3.213E-17
1.330E+03  9.379E-28  3.310E-17
1.318E+03  9.752E-28  3.410E-17
1.306E+03  1.014E-27  3.513E-17
1.294E+03  1.054E-27  3.619E-17
1.282E+03  1.096E-27  3.729E-17
1.271E+03  1.140E-27  3.841E-17
1.259E+03  1.185E-27  3.957E-17
1.247E+03  1.232E-27  4.077E-17
1.236E+03  1.281E-27  4.200E-17
1.225E+03  1.332E-27  4.326E-17
1.213E+03  1.385E-27  4.457E-17
1.202E+03  1.440E-27  4.591E-17
1.191E+03  1.497E-27  4.730E-17
1.180E+03  1.556E-27  4.872E-17
1.169E+03  1.618E-27  5.019E-17
1.159E+03  1.682E-27  5.171E-17
1.148E+03  1.749E-27  5.326E-17
1.138E+03  1.818E-27  5.487E-17
1.127E+03  1.890E-27  5.652E-17
1.117E+03  1.965E-27  5.822E-17
1.107E+03  2.043E-27  5.997E-17
1.096E+03  2.124E-27  6.177E-17
1.086E+03  2.208E-27  6.362E-17
1.076E+03  2.295E-27  6.553E-17
1.067E+03  2.386E-27  6.750E-17
1.057E+03  2.480E-27  6.953E-17
1.047E+03  2.578E-27  7.161E-17
1.038E+03  2.680E-27  7.375E-17
1.028E+03  2.786E-27  7.596E-17
1.019E+03  2.895E-27  7.823E-17
1.009E+03  3.010E-27  8.057E-17
1.000E+03  3.128E-27  8.298E-17
9.908E+02  3.252E-27  8.546E-17
9.817E+02  3.380E-27  8.801E-17
9.727E+02  3.513E-27  9.064E-17
9.638E+02  3.651E-27  9.335E-17
9.550E+02  3.795E-27  9.614E-17
9.462E+02  3.944E-27  9.901E-17
9.376E+02  4.100E-27  1.020E-16
9.290E+02  4.261E-27  1.050E-16
9.204E+02  4.428E-27  1.081E-16
9.120E+02  4.602E-27  1.113E-16
9.036E+02  4.783E-27  1.146E-16
8.954E+02  4.970E-27  1.180E-16
8.872E+02  5.165E-27  1.215E-16
8.790E+02  5.366E-27  1.251E-16
8.710E+02  5.576E-27  1.288E-16
8.630E+02  5.794E-27  1.326E-16
8.551E+02  6.020E-27  1.365E-16
8.472E+02  6.254E-27  1.406E-16
8.395E+02  6.498E-27  1.447E-16
8.318E+02  6.751E-27  1.489E-16
8.241E+02  7.013E-27  1.533E-16
8.166E+02  7.285E-27  1.578E-16
8.091E+02  7.568E-27  1.624E-16
8.017E+02  7.861E-27  1.672E-16
7.943E+02  8.165E-27  1.720E-16
7.870E+02  8.481E-27  1.771E-16
7.798E+02  8.809E-27  1.822E-16
7.727E+02  9.149E-27  1.875E-16
7.656E+02  9.502E-27  1.930E-16
7.586E+02  9.868E-27  1.986E-16
7.516E+02  1.025E-26  2.043E-16
7.447E+02  1.064E-26  2.103E-16
7.379E+02  1.105E-26  2.164E-16
7.311E+02  1.148E-26  2.226E-16
7.244E+02  1.192E-26  2.291E-16
7.178E+02  1.238E-26  2.358E-16
7.112E+02  1.286E-26  2.426E-16
7.047E+02  1.336E-26  2.496E-16
6.982E+02  1.387E-26  2.569E-16
6.918E+02  1.440E-26  2.643E-16
6.855E+02  1.496E-26  2.720E-16
6.792E+02  1.553E-26  2.799E-16
6.730E+02  1.613E-26  2.879E-16
6.668E+02  1.675E-26  2.962E-16
6.607E+02  1.739E-26  3.048E-16
6.546E+02  1.806E-26  3.136E-16
6.486E+02  1.875E-26  3.227E-16
6.427E+02  1.948E-26  3.320E-16
6.368E+02  2.023E-26  3.416E-16
6.310E+02  2.100E-26  3.515E-16
6.252E+02  2.181E-26  3.617E-16
6.194E+02  2.265E-26  3.722E-16
6.138E+02  2.352E-26  3.830E-16
6.081E+02  2.443E-26  3.941E-16
6.026E+02  2.537E-26  4.055E-16
5.970E+02  2.635E-26  4.173E-16
5.916E+02  2.736E-26  4.293E-16
5.861E+02  2.841E-26  4.418E-16
5.808E+02  2.951E-26  4.545E-16
5.754E+02  3.064E-26  4.677E-16
5.702E+02  3.182E-26  4.812E-16
5.649E+02  3.304E-26  4.952E-16
5.598E+02  3.431E-26  5.095E-16
5.546E+02  3.563E-26  5.242E-16
5.495E+02  3.700E-26  5.394E-16
5.445E+02  3.843E-26  5.550E-16
5.395E+02  3.990E-26  5.710E-16
5.346E+02  4.144E-26  5.875E-16
5.297E+02  4.303E-26  6.045E-16
5.248E+02  4.468E-26  6.220E-16
5.200E+02  4.640E-26  6.400E-16
5.152E+02  4.818E-26  6.584E-16
5.105E+02  5.003E-26  6.775E-16
5.058E+02  5.195E-26  6.970E-16
5.012E+02  5.394E-26  7.171E-16
4.966E+02  5.601E-26  7.378E-16
4.920E+02  5.815E-26  7.590E-16
4.875E+02  6.038E-26  7.809E-16
4.831E+02  6.269E-26  8.033E-16
4.786E+02  6.509E-26  8.264E-16
4.742E+02  6.758E-26  8.502E-16
4.699E+02  7.017E-26  8.746E-16
4.656E+02  7.285E-26  8.997E-16
4.613E+02  7.563E-26  9.255E-16
4.571E+02  7.852E-26  9.520E-16
4.529E+02  8.152E-26  9.793E-16
4.487E+02  8.463E-26  1.007E-15
4.446E+02  8.785E-26  1.036E-15
4.406E+02  9.120E-26  1.066E-15
4.365E+02  9.466E-26  1.096E-15
4.325E+02  9.826E-26  1.127E-15
4.285E+02  1.020E-25  1.159E-15
4.246E+02  1.059E-25  1.193E-15
4.207E+02  1.099E-25  1.226E-15
4.169E+02  1.141E-25  1.261E-15
4.130E+02  1.184E-25  1.297E-15
4.093E+02  1.229E-25  1.334E-15
4.055E+02  1.275E-25  1.372E-15
4.018E+02  1.323E-25  1.411E-15
3.981E+02  1.374E-25  1.450E-15
3.945E+02  1.425E-25  1.491E-15
3.908E+02  1.479E-25  1.534E-15
3.873E+02  1.535E-25  1.577E-15
3.837E+02  1.593E-25  1.621E-15
3.802E+02  1.653E-25  1.667E-15
3.767E+02  1.715E-25  1.714E-15
3.733E+02  1.780E-25  1.762E-15
3.698E+02  1.847E-25  1.812E-15
3.664E+02  1.916E-25  1.862E-15
3.631E+02  1.988E-25  1.915E-15
3.597E+02  2.062E-25  1.968E-15
3.565E+02  2.139E-25  2.023E-15
3.532E+02  2.219E-25  2.079E-15
3.499E+02  2.302E-25  2.137E-15
3.467E+02  2.388E-25  2.196E-15
3.436E+02  2.477E-25  2.257E-15
3.404E+02  2.569E-25  2.320E-15
3.373E+02  2.664E-25  2.384E-15
3.342E+02  2.763E-25  2.449E-15
3.311E+02  2.865E-25  2.517E-15
3.281E+02  2.971E-25  2.586E-15
3.251E+02  3.081E-25  2.657E-15
3.221E+02  3.194E-25  2.729E-15
3.192E+02  3.312E-25  2.804E-15
3.162E+02  3.434E-25  2.880E-15
3.133E+02  3.559E-25  2.958E-15
3.105E+02  3.689E-25  3.038E-15
3.076E+02  3.824E-25  3.120E-15
3.048E+02  3.964E-25  3.205E-15
3.020E+02  4.108E-25  3.291E-15
2.992E+02  4.257E-25  3.379E-15
2.965E+02  4.411E-25  3.469E-15
2.938E+02  4.571E-25  3.562E-15
2.911E+02  4.736E-25  3.657E-15
2.884E+02  4.907E-25  3.754E-15
2.858E+02  5.083E-25  3.853E-15
2.831E+02  5.265E-25  3.955E-15
2.805E+02  5.454E-25  4.059E-15
2.780E+02  5.648E-25  4.165E-15
2.754E+02  5.850E-25  4.274E-15
2.729E+02  6.058E-25  4.385E-15
2.704E+02  6.274E-25  4.500E-15
2.679E+02  6.497E-25  4.618E-15
2.655E+02  6.728E-25  4.738E-15
2.630E+02  6.966E-25  4.860E-15
2.606E+02  7.213E-25  4.986E-15
2.582E+02  7.467E-25  5.115E-15
2.559E+02  7.728E-25  5.245E-15
2.535E+02  7.996E-25  5.377E-15
2.512E+02  8.271E-25  5.511E-15
2.489E+02  8.549E-25  5.644E-15
2.466E+02  8.829E-25  5.775E-15
2.443E+02  9.115E-25  5.908E-15
2.421E+02  9.407E-25  6.041E-15
2.399E+02  9.705E-25  6.175E-15
2.377E+02  1.000E-24  6.308E-15
2.355E+02  1.031E-24  6.442E-15
2.333E+02  1.063E-24  6.578E-15
2.312E+02  1.095E-24  6.716E-15
2.291E+02  1.128E-24  6.856E-15
2.270E+02  1.162E-24  6.998E-15
2.249E+02  1.197E-24  7.141E-15
2.228E+02  1.233E-24  7.287E-15
2.208E+02  1.269E-24  7.434E-15
2.188E+02  1.307E-24  7.584E-15
2.168E+02  1.345E-24  7.735E-15
2.148E+02  1.384E-24  7.888E-15
2.128E+02  1.425E-24  8.042E-15
2.109E+02  1.466E-24  8.199E-15
2.089E+02  1.508E-24  8.356E-15
2.070E+02  1.551E-24  8.516E-15
2.051E+02  1.595E-24  8.676E-15
2.032E+02  1.640E-24  8.839E-15
2.014E+02  1.685E-24  9.003E-15
1.995E+02  1.732E-24  9.169E-15
1.977E+02  1.780E-24  9.336E-15
1.959E+02  1.829E-24  9.504E-15
1.941E+02  1.879E-24  9.673E-15
1.923E+02  1.930E-24  9.844E-15
1.905E+02  1.982E-24  1.002E-14
1.888E+02  2.035E-24  1.019E-14
1.871E+02  2.089E-24  1.037E-14
1.854E+02  2.144E-24  1.054E-14
1.837E+02  2.200E-24  1.072E-14
1.820E+02  2.258E-24  1.090E-14
1.803E+02  2.316E-24  1.108E-14
1.786E+02  2.376E-24  1.126E-14
1.770E+02  2.436E-24  1.144E-14
1.754E+02  2.498E-24  1.162E-14
1.738E+02  2.561E-24  1.181E-14
1.722E+02  2.625E-24  1.199E-14
1.706E+02  2.691E-24  1.218E-14
1.690E+02  2.757E-24  1.236E-14
1.675E+02  2.825E-24  1.255E-14
1.660E+02  2.894E-24  1.274E-14
1.644E+02  2.965E-24  1.293E-14
1.629E+02  3.037E-24  1.312E-14
1.614E+02  3.110E-24  1.332E-14
1.600E+02  3.185E-24  1.351E-14
1.585E+02  3.261E-24  1.371E-14
1.570E+02  3.339E-24  1.391E-14
1.556E+02  3.419E-24  1.411E-14
1.542E+02  3.500E-24  1.432E-14
1.528E+02  3.584E-24  1.452E-14
1.514E+02  3.669E-24  1.473E-14
1.500E+02  3.757E-24  1.495E-14
1.486E+02  3.847E-24  1.516E-14
1.472E+02  3.939E-24  1.538E-14
1.459E+02  4.033E-24  1.561E-14
1.445E+02  4.128E-24  1.583E-14
1.432E+02  4.224E-24  1.605E-14
1.419E+02  4.320E-24  1.626E-14
1.406E+02  4.413E-24  1.646E-14
1.393E+02  4.503E-24  1.664E-14
1.380E+02  4.588E-24  1.680E-14
1.368E+02  4.669E-24  1.694E-14
1.355E+02  4.746E-24  1.706E-14
1.343E+02  4.821E-24  1.717E-14
1.330E+02  4.896E-24  1.728E-14
1.318E+02  4.970E-24  1.738E-14
1.306E+02  5.045E-24  1.748E-14
1.294E+02  5.122E-24  1.758E-14
1.282E+02  5.200E-24  1.769E-14
1.271E+02  5.280E-24  1.779E-14
1.259E+02  5.361E-24  1.790E-14
1.247E+02  5.444E-24  1.801E-14
1.236E+02  5.528E-24  1.812E-14
1.225E+02  5.613E-24  1.823E-14
1.213E+02  5.699E-24  1.834E-14
1.202E+02  5.787E-24  1.845E-14
1.191E+02  5.875E-24  1.856E-14
1.180E+02  5.964E-24  1.867E-14
1.169E+02  6.054E-24  1.878E-14
1.159E+02  6.143E-24  1.888E-14
1.148E+02  6.234E-24  1.899E-14
1.138E+02  6.325E-24  1.909E-14
1.127E+02  6.417E-24  1.919E-14
1.117E+02  6.510E-24  1.928E-14
1.107E+02  6.603E-24  1.938E-14
1.096E+02  6.697E-24  1.948E-14
1.086E+02  6.791E-24  1.957E-14
1.076E+02  6.886E-24  1.966E-14
1.067E+02  6.981E-24  1.975E-14
1.057E+02  7.076E-24  1.984E-14
1.047E+02  7.171E-24  1.992E-14
1.038E+02  7.267E-24  2.000E-14
1.028E+02  7.362E-24  2.008E-14
1.019E+02  7.457E-24  2.015E-14
1.009E+02  7.551E-24  2.022E-14
1.000E+02  7.646E-24  2.028E-14
9.908E+01  7.740E-24  2.034E-14
9.817E+01  7.834E-24  2.040E-14
9.727E+01  7.927E-24  2.045E-14
9.638E+01  8.020E-24  2.051E-14
9.550E+01  8.113E-24  2.055E-14
9.462E+01  8.206E-24  2.060E-14
9.376E+01  8.298E-24  2.064E-14
9.290E+01  8.390E-24  2.067E-14
9.204E+01  8.482E-24  2.071E-14
9.120E+01  8.572E-24  2.074E-14
9.036E+01  8.662E-24  2.076E-14
8.954E+01  8.752E-24  2.079E-14
8.872E+01  8.841E-24  2.081E-14
8.790E+01  8.931E-24  2.082E-14
8.710E+01  9.019E-24  2.084E-14
8.630E+01  9.107E-24  2.085E-14
8.551E+01  9.195E-24  2.086E-14
8.472E+01  9.281E-24  2.086E-14
8.395E+01  9.367E-24  2.086E-14
8.318E+01  9.452E-24  2.085E-14
8.241E+01  9.536E-24  2.085E-14
8.166E+01  9.620E-24  2.084E-14
8.091E+01  9.704E-24  2.083E-14
8.017E+01  9.787E-24  2.081E-14
7.943E+01  9.868E-24  2.079E-14
7.870E+01  9.949E-24  2.077E-14
7.798E+01  1.003E-23  2.074E-14
7.727E+01  1.011E-23  2.072E-14
7.656E+01  1.019E-23  2.069E-14
7.586E+01  1.026E-23  2.065E-14
7.516E+01  1.034E-23  2.062E-14
7.447E+01  1.042E-23  2.058E-14
7.379E+01  1.049E-23  2.053E-14
7.311E+01  1.056E-23  2.048E-14
7.244E+01  1.063E-23  2.043E-14
7.178E+01  1.070E-23  2.038E-14
7.112E+01  1.077E-23  2.032E-14
7.047E+01  1.084E-23  2.027E-14
6.982E+01  1.091E-23  2.021E-14
6.918E+01  1.098E-23  2.016E-14
6.855E+01  1.105E-23  2.009E-14
6.792E+01  1.112E-23  2.003E-14
6.730E+01  1.118E-23  1.996E-14
6.668E+01  1.125E-23  1.989E-14
6.607E+01  1.131E-23  1.982E-14
6.546E+01  1.137E-23  1.975E-14
6.486E+01  1.144E-23  1.968E-14
6.427E+01  1.150E-23  1.960E-14
6.368E+01  1.156E-23  1.953E-14
6.310E+01  1.162E-23  1.945E-14
6.252E+01  1.168E-23  1.937E-14
6.194E+01  1.174E-23  1.929E-14
6.138E+01  1.180E-23  1.921E-14
6.081E+01  1.186E-23  1.913E-14
6.026E+01  1.192E-23  1.905E-14
5.970E+01  1.198E-23  1.897E-14
5.916E+01  1.203E-23  1.888E-14
5.861E+01  1.209E-23  1.879E-14
5.808E+01  1.214E-23  1.871E-14
5.754E+01  1.220E-23  1.862E-14
5.702E+01  1.225E-23  1.853E-14
5.649E+01  1.231E-23  1.844E-14
5.598E+01  1.236E-23  1.835E-14
5.546E+01  1.241E-23  1.826E-14
5.495E+01  1.247E-23  1.818E-14
5.445E+01  1.252E-23  1.809E-14
5.395E+01  1.258E-23  1.800E-14
5.346E+01  1.263E-23  1.791E-14
5.297E+01  1.269E-23  1.783E-14
5.248E+01  1.274E-23  1.774E-14
5.200E+01  1.280E-23  1.765E-14
5.152E+01  1.285E-23  1.756E-14
5.105E+01  1.290E-23  1.747E-14
5.058E+01  1.296E-23  1.739E-14
5.012E+01  1.301E-23  1.730E-14
4.966E+01  1.306E-23  1.721E-14
4.920E+01  1.312E-23  1.712E-14
4.875E+01  1.317E-23  1.703E-14
4.831E+01  1.323E-23  1.695E-14
4.786E+01  1.328E-23  1.686E-14
4.742E+01  1.334E-23  1.678E-14
4.699E+01  1.339E-23  1.669E-14
4.656E+01  1.345E-23  1.661E-14
4.613E+01  1.351E-23  1.653E-14
4.571E+01  1.356E-23  1.644E-14
4.529E+01  1.362E-23  1.636E-14
4.487E+01  1.368E-23  1.628E-14
4.446E+01  1.374E-23  1.620E-14
4.406E+01  1.380E-23  1.612E-14
4.365E+01  1.386E-23  1.604E-14
4.325E+01  1.392E-23  1.596E-14
4.285E+01  1.397E-23  1.588E-14
4.246E+01  1.403E-23  1.580E-14
4.207E+01  1.409E-23  1.572E-14
4.169E+01  1.415E-23  1.564E-14
4.130E+01  1.420E-23  1.556E-14
4.093E+01  1.425E-23  1.547E-14
4.055E+01  1.431E-23  1.539E-14
4.018E+01  1.436E-23  1.530E-14
3.981E+01  1.440E-23  1.521E-14
3.945E+01  1.445E-23  1.512E-14
3.908E+01  1.449E-23  1.502E-14
3.873E+01  1.453E-23  1.492E-14
3.837E+01  1.456E-23  1.482E-14
3.802E+01  1.459E-23  1.471E-14
3.767E+01  1.461E-23  1.460E-14
3.733E+01  1.462E-23  1.448E-14
3.698E+01  1.463E-23  1.435E-14
3.664E+01  1.463E-23  1.422E-14
3.631E+01  1.463E-23  1.409E-14
3.597E+01  1.461E-23  1.394E-14
3.565E+01  1.459E-23  1.380E-14
3.532E+01  1.456E-23  1.364E-14
3.499E+01  1.453E-23  1.349E-14
3.467E+01  1.448E-23  1.332E-14
3.436E+01  1.443E-23  1.315E-14
3.404E+01  1.436E-23  1.297E-14
3.373E+01  1.429E-23  1.278E-14
3.342E+01  1.420E-23  1.259E-14
3.311E+01  1.411E-23  1.239E-14
3.281E+01  1.401E-23  1.219E-14
3.251E+01  1.390E-23  1.199E-14
3.221E+01  1.378E-23  1.177E-14
3.192E+01  1.365E-23  1.156E-14
3.162E+01  1.351E-23  1.134E-14
3.133E+01  1.337E-23  1.111E-14
3.105E+01  1.322E-23  1.088E-14
3.076E+01  1.306E-23  1.066E-14
3.048E+01  1.290E-23  1.043E-14
3.020E+01  1.273E-23  1.020E-14
2.992E+01  1.255E-23  9.964E-15
2.965E+01  1.238E-23  9.732E-15
2.938E+01  1.219E-23  9.502E-15
2.911E+01  1.201E-23  9.274E-15
2.884E+01  1.183E-23  9.049E-15
2.858E+01  1.164E-23  8.827E-15
2.831E+01  1.146E-23  8.608E-15
2.805E+01  1.128E-23  8.394E-15
2.780E+01  1.110E-23  8.184E-15
2.754E+01  1.092E-23  7.979E-15
2.729E+01  1.075E-23  7.779E-15
2.704E+01  1.057E-23  7.584E-15
2.679E+01  1.041E-23  7.395E-15
2.655E+01  1.024E-23  7.210E-15
2.630E+01  1.008E-23  7.032E-15
2.606E+01  9.920E-24  6.858E-15
2.582E+01  9.766E-24  6.689E-15
2.559E+01  9.616E-24  6.526E-15
2.535E+01  9.470E-24  6.368E-15
2.512E+01  9.328E-24  6.215E-15
2.489E+01  9.189E-24  6.066E-15
2.466E+01  9.053E-24  5.922E-15
2.443E+01  8.920E-24  5.781E-15
2.421E+01  8.789E-24  5.644E-15
2.399E+01  8.659E-24  5.510E-15
2.377E+01  8.534E-24  5.381E-15
2.355E+01  8.418E-24  5.259E-15
2.333E+01  8.303E-24  5.139E-15
2.312E+01  8.184E-24  5.019E-15
2.291E+01  8.070E-24  4.904E-15
2.270E+01  7.968E-24  4.798E-15
2.249E+01  7.874E-24  4.698E-15
2.228E+01  7.786E-24  4.603E-15
2.208E+01  7.698E-24  4.508E-15
2.188E+01  7.603E-24  4.412E-15
2.168E+01  7.507E-24  4.316E-15
2.148E+01  7.413E-24  4.223E-15
2.128E+01  7.327E-24  4.136E-15
2.109E+01  7.248E-24  4.054E-15
2.089E+01  7.169E-24  3.973E-15
2.070E+01  7.088E-24  3.892E-15
2.051E+01  7.007E-24  3.813E-15
2.032E+01  6.933E-24  3.738E-15
2.014E+01  6.876E-24  3.673E-15
1.995E+01  6.819E-24  3.609E-15
1.977E+01  6.760E-24  3.545E-15
1.959E+01  6.696E-24  3.479E-15
1.941E+01  6.629E-24  3.413E-15
1.923E+01  6.557E-24  3.345E-15
1.905E+01  6.483E-24  3.277E-15
1.888E+01  6.407E-24  3.209E-15
1.871E+01  6.333E-24  3.143E-15
1.854E+01  6.265E-24  3.080E-15
1.837E+01  6.211E-24  3.026E-15
1.820E+01  6.191E-24  2.988E-15
1.803E+01  6.274E-24  3.001E-15
1.786E+01  6.491E-24  3.076E-15
1.770E+01  6.365E-24  2.988E-15
1.754E+01  6.568E-24  3.056E-15
1.738E+01  7.362E-24  3.393E-15
1.722E+01  6.873E-24  3.139E-15
1.706E+01  6.716E-24  3.039E-15
1.690E+01  6.467E-24  2.900E-15
1.675E+01  6.147E-24  2.731E-15
1.660E+01  6.156E-24  2.710E-15
1.644E+01  6.926E-24  3.021E-15
1.629E+01  5.456E-24  2.358E-15
1.614E+01  4.898E-24  2.097E-15
1.600E+01  4.913E-24  2.085E-15
1.585E+01  4.815E-24  2.024E-15
1.570E+01  4.229E-24  1.762E-15
1.556E+01  3.910E-24  1.614E-15
1.542E+01  3.718E-24  1.520E-15
1.528E+01  3.576E-24  1.449E-15
1.514E+01  3.460E-24  1.389E-15
1.500E+01  3.363E-24  1.338E-15
1.486E+01  3.280E-24  1.293E-15
1.472E+01  3.213E-24  1.255E-15
1.459E+01  3.171E-24  1.227E-15
1.445E+01  3.177E-24  1.218E-15
1.432E+01  3.282E-24  1.247E-15
1.419E+01  3.408E-24  1.283E-15
1.406E+01  3.218E-24  1.200E-15
1.393E+01  3.072E-24  1.135E-15
1.380E+01  3.084E-24  1.129E-15
1.368E+01  3.302E-24  1.198E-15
1.355E+01  3.383E-24  1.216E-15
1.343E+01  3.164E-24  1.127E-15
1.330E+01  3.155E-24  1.113E-15
1.318E+01  3.287E-24  1.150E-15
1.306E+01  3.561E-24  1.234E-15
1.294E+01  4.042E-24  1.388E-15
1.282E+01  4.821E-24  1.640E-15
1.271E+01  5.786E-24  1.950E-15
1.259E+01  6.190E-24  2.067E-15
1.247E+01  5.609E-24  1.856E-15
1.236E+01  4.902E-24  1.607E-15
1.225E+01  4.598E-24  1.494E-15
1.213E+01  4.661E-24  1.500E-15
1.202E+01  4.792E-24  1.528E-15
1.191E+01  4.634E-24  1.464E-15
1.180E+01  4.310E-24  1.349E-15
1.169E+01  4.201E-24  1.303E-15
1.159E+01  4.586E-24  1.410E-15
1.148E+01  5.907E-24  1.799E-15
1.138E+01  8.655E-24  2.612E-15
1.127E+01  1.176E-23  3.516E-15
1.117E+01  8.211E-24  2.433E-15
1.107E+01  4.642E-24  1.363E-15
1.096E+01  3.374E-24  9.814E-16
1.086E+01  2.778E-24  8.005E-16
1.076E+01  2.454E-24  7.006E-16
1.067E+01  2.260E-24  6.395E-16
1.057E+01  2.138E-24  5.994E-16
1.047E+01  2.056E-24  5.711E-16
1.038E+01  1.997E-24  5.495E-16
1.028E+01  1.951E-24  5.319E-16
1.019E+01  1.914E-24  5.171E-16
1.009E+01  1.886E-24  5.049E-16
1.000E+01  1.867E-24  4.953E-16
9.908E+00  1.858E-24  4.884E-16
9.817E+00  1.858E-24  4.839E-16
9.727E+00  1.866E-24  4.815E-16
9.638E+00  1.882E-24  4.812E-16
9.550E+00  1.903E-24  4.821E-16
9.462E+00  1.929E-24  4.843E-16
9.376E+00  1.962E-24  4.879E-16
9.290E+00  2.003E-24  4.937E-16
9.204E+00  2.062E-24  5.034E-16
9.120E+00  2.149E-24  5.199E-16
9.036E+00  2.287E-24  5.481E-16
8.954E+00  2.511E-24  5.965E-16
8.872E+00  2.889E-24  6.799E-16
8.790E+00  3.532E-24  8.234E-16
8.710E+00  4.526E-24  1.046E-15
8.630E+00  5.442E-24  1.246E-15
8.551E+00  5.274E-24  1.196E-15
8.472E+00  4.572E-24  1.028E-15
8.395E+00  4.201E-24  9.355E-16
8.318E+00  4.148E-24  9.152E-16
8.241E+00  4.289E-24  9.377E-16
8.166E+00  4.693E-24  1.017E-15
8.091E+00  5.488E-24  1.178E-15
8.017E+00  6.770E-24  1.440E-15
7.943E+00  8.458E-24  1.782E-15
7.870E+00  9.967E-24  2.081E-15
7.798E+00  1.062E-23  2.198E-15
7.727E+00  1.096E-23  2.247E-15
7.656E+00  1.163E-23  2.361E-15
7.586E+00  1.139E-23  2.293E-15
7.516E+00  9.341E-24  1.862E-15
7.447E+00  7.029E-24  1.389E-15
7.379E+00  5.371E-24  1.051E-15
7.311E+00  4.272E-24  8.284E-16
7.244E+00  3.513E-24  6.751E-16
7.178E+00  2.964E-24  5.644E-16
7.112E+00  2.560E-24  4.830E-16
7.047E+00  2.266E-24  4.236E-16
6.982E+00  2.064E-24  3.824E-16
6.918E+00  1.944E-24  3.567E-16
6.855E+00  1.894E-24  3.443E-16
6.792E+00  1.893E-24  3.411E-16
6.730E+00  1.900E-24  3.391E-16
6.668E+00  1.865E-24  3.299E-16
6.607E+00  1.792E-24  3.140E-16
6.546E+00  1.742E-24  3.025E-16
6.486E+00  1.798E-24  3.093E-16
6.427E+00  2.058E-24  3.509E-16
6.368E+00  2.723E-24  4.600E-16
6.310E+00  4.243E-24  7.102E-16
6.252E+00  6.852E-24  1.136E-15
6.194E+00  6.944E-24  1.141E-15
6.138E+00  4.159E-24  6.772E-16
6.081E+00  2.436E-24  3.930E-16
6.026E+00  1.635E-24  2.614E-16
5.970E+00  1.253E-24  1.984E-16
5.916E+00  1.078E-24  1.692E-16
5.861E+00  1.041E-24  1.618E-16
5.808E+00  1.130E-24  1.740E-16
5.754E+00  1.329E-24  2.029E-16
5.702E+00  1.443E-24  2.182E-16
5.649E+00  1.229E-24  1.842E-16
5.598E+00  9.190E-25  1.365E-16
5.546E+00  7.048E-25  1.037E-16
5.495E+00  5.798E-25  8.452E-17
5.445E+00  5.120E-25  7.395E-17
5.395E+00  4.863E-25  6.960E-17
5.346E+00  5.074E-25  7.195E-17
5.297E+00  5.917E-25  8.313E-17
5.248E+00  6.527E-25  9.086E-17
5.200E+00  5.315E-25  7.331E-17
5.152E+00  4.063E-25  5.553E-17
5.105E+00  3.375E-25  4.570E-17
5.058E+00  2.990E-25  4.012E-17
5.012E+00  2.749E-25  3.654E-17
4.966E+00  2.581E-25  3.399E-17
4.920E+00  2.455E-25  3.204E-17
4.875E+00  2.355E-25  3.046E-17
4.831E+00  2.274E-25  2.914E-17
4.786E+00  2.205E-25  2.800E-17
4.742E+00  2.146E-25  2.700E-17
4.699E+00  2.095E-25  2.611E-17
4.656E+00  2.049E-25  2.531E-17
4.613E+00  2.009E-25  2.458E-17
4.571E+00  1.973E-25  2.392E-17
4.529E+00  1.940E-25  2.331E-17
4.487E+00  1.910E-25  2.274E-17
4.446E+00  1.883E-25  2.221E-17
4.406E+00  1.859E-25  2.172E-17
4.365E+00  1.837E-25  2.127E-17
4.325E+00  1.816E-25  2.084E-17
4.285E+00  1.798E-25  2.044E-17
4.246E+00  1.781E-25  2.006E-17
4.207E+00  1.766E-25  1.970E-17
4.169E+00  1.752E-25  1.937E-17
4.130E+00  1.739E-25  1.906E-17
4.093E+00  1.728E-25  1.876E-17
4.055E+00  1.718E-25  1.848E-17
4.018E+00  1.710E-25  1.822E-17
3.981E+00  1.703E-25  1.798E-17
3.945E+00  1.698E-25  1.777E-17
3.908E+00  1.695E-25  1.757E-17
3.873E+00  1.694E-25  1.740E-17
3.837E+00  1.695E-25  1.726E-17
3.802E+00  1.700E-25  1.714E-17
3.767E+00  1.708E-25  1.707E-17
3.733E+00  1.721E-25  1.704E-17
3.698E+00  1.741E-25  1.708E-17
3.664E+00  1.768E-25  1.719E-17
3.631E+00  1.807E-25  1.740E-17
3.597E+00  1.861E-25  1.776E-17
3.565E+00  1.940E-25  1.834E-17
3.532E+00  2.055E-25  1.925E-17
3.499E+00  2.231E-25  2.071E-17
3.467E+00  2.517E-25  2.315E-17
3.436E+00  3.016E-25  2.749E-17
3.404E+00  4.003E-25  3.614E-17
3.373E+00  6.359E-25  5.689E-17
3.342E+00  1.417E-24  1.256E-16
3.311E+00  5.289E-24  4.645E-16
3.281E+00  3.620E-24  3.151E-16
3.251E+00  1.052E-24  9.072E-17
3.221E+00  5.155E-25  4.405E-17
3.192E+00  3.380E-25  2.861E-17
3.162E+00  2.595E-25  2.177E-17
3.133E+00  2.182E-25  1.813E-17
3.105E+00  1.937E-25  1.595E-17
3.076E+00  1.780E-25  1.452E-17
3.048E+00  1.672E-25  1.352E-17
3.020E+00  1.594E-25  1.277E-17
2.992E+00  1.535E-25  1.219E-17
2.965E+00  1.489E-25  1.171E-17
2.938E+00  1.452E-25  1.132E-17
2.911E+00  1.422E-25  1.098E-17
2.884E+00  1.396E-25  1.068E-17
2.858E+00  1.373E-25  1.041E-17
2.831E+00  1.353E-25  1.017E-17
2.805E+00  1.336E-25  9.940E-18
2.780E+00  1.319E-25  9.729E-18
2.754E+00  1.304E-25  9.530E-18
2.729E+00  1.291E-25  9.342E-18
2.704E+00  1.277E-25  9.162E-18
2.679E+00  1.265E-25  8.989E-18
2.655E+00  1.253E-25  8.822E-18
2.630E+00  1.241E-25  8.660E-18
2.606E+00  1.230E-25  8.503E-18
2.582E+00  1.219E-25  8.351E-18
2.559E+00  1.208E-25  8.201E-18
2.535E+00  1.198E-25  8.056E-18
2.512E+00  1.188E-25  7.913E-18
2.489E+00  1.177E-25  7.772E-18
2.466E+00  1.167E-25  7.634E-18
2.443E+00  1.157E-25  7.498E-18
2.421E+00  1.147E-25  7.364E-18
2.399E+00  1.137E-25  7.232E-18
2.377E+00  1.127E-25  7.103E-18
2.355E+00  1.117E-25  6.976E-18
2.333E+00  1.107E-25  6.850E-18
2.312E+00  1.097E-25  6.727E-18
2.291E+00  1.087E-25  6.604E-18
2.270E+00  1.077E-25  6.483E-18
2.249E+00  1.067E-25  6.363E-18
2.228E+00  1.056E-25  6.244E-18
2.208E+00  1.046E-25  6.126E-18
2.188E+00  1.035E-25  6.008E-18
2.168E+00  1.024E-25  5.890E-18
2.148E+00  1.013E-25  5.772E-18
2.128E+00  1.002E-25  5.654E-18
2.109E+00  9.892E-26  5.533E-18
2.089E+00  9.762E-26  5.410E-18
2.070E+00  9.623E-26  5.284E-18
2.051E+00  9.473E-26  5.154E-18
2.032E+00  9.307E-26  5.017E-18
2.014E+00  9.124E-26  4.873E-18
1.995E+00  8.919E-26  4.721E-18
1.977E+00  8.693E-26  4.559E-18
1.959E+00  8.453E-26  4.392E-18
1.941E+00  8.220E-26  4.232E-18
1.923E+00  8.033E-26  4.098E-18
1.905E+00  7.934E-26  4.010E-18
1.888E+00  7.938E-26  3.975E-18
1.871E+00  8.015E-26  3.977E-18
1.854E+00  8.114E-26  3.990E-18
1.837E+00  8.201E-26  3.995E-18
1.820E+00  8.259E-26  3.987E-18
1.803E+00  8.288E-26  3.964E-18
1.786E+00  8.292E-26  3.929E-18
1.770E+00  8.276E-26  3.886E-18
1.754E+00  8.246E-26  3.837E-18
1.738E+00  8.206E-26  3.783E-18
1.722E+00  8.159E-26  3.726E-18
1.706E+00  8.106E-26  3.668E-18
1.690E+00  8.049E-26  3.609E-18
1.675E+00  7.990E-26  3.550E-18
1.660E+00  7.930E-26  3.491E-18
1.644E+00  7.869E-26  3.433E-18
1.629E+00  7.808E-26  3.375E-18
1.614E+00  7.748E-26  3.318E-18
1.600E+00  7.690E-26  3.263E-18
1.585E+00  7.634E-26  3.209E-18
1.570E+00  7.580E-26  3.158E-18
1.556E+00  7.531E-26  3.108E-18
1.542E+00  7.485E-26  3.061E-18
1.528E+00  7.445E-26  3.017E-18
1.514E+00  7.410E-26  2.975E-18
1.500E+00  7.383E-26  2.937E-18
1.486E+00  7.365E-26  2.903E-18
1.472E+00  7.356E-26  2.873E-18
1.459E+00  7.360E-26  2.848E-18
1.445E+00  7.378E-26  2.829E-18
1.432E+00  7.413E-26  2.816E-18
1.419E+00  7.468E-26  2.811E-18
1.406E+00  7.547E-26  2.815E-18
1.393E+00  7.656E-26  2.829E-18
1.380E+00  7.800E-26  2.856E-18
1.368E+00  7.986E-26  2.897E-18
1.355E+00  8.220E-26  2.955E-18
1.343E+00  8.510E-26  3.031E-18
1.330E+00  8.858E-26  3.126E-18
1.318E+00  9.257E-26  3.237E-18
1.306E+00  9.684E-26  3.355E-18
1.294E+00  1.009E-25  3.462E-18
1.282E+00  1.037E-25  3.529E-18
1.271E+00  1.045E-25  3.521E-18
1.259E+00  1.023E-25  3.416E-18
1.247E+00  9.727E-26  3.218E-18
1.236E+00  9.032E-26  2.961E-18
1.225E+00  8.272E-26  2.687E-18
1.213E+00  7.552E-26  2.431E-18
1.202E+00  6.927E-26  2.209E-18
1.191E+00  6.415E-26  2.027E-18
1.180E+00  6.015E-26  1.883E-18
1.169E+00  5.714E-26  1.773E-18
1.159E+00  5.503E-26  1.691E-18
1.148E+00  5.374E-26  1.637E-18
1.138E+00  5.329E-26  1.608E-18
1.127E+00  5.373E-26  1.607E-18
1.117E+00  5.527E-26  1.638E-18
1.107E+00  5.825E-26  1.710E-18
1.096E+00  6.322E-26  1.839E-18
1.086E+00  7.102E-26  2.047E-18
1.076E+00  8.245E-26  2.354E-18
1.067E+00  9.683E-26  2.739E-18
1.057E+00  1.083E-25  3.036E-18
1.047E+00  1.062E-25  2.950E-18
1.038E+00  8.957E-26  2.465E-18
1.028E+00  6.996E-26  1.908E-18
1.019E+00  5.470E-26  1.478E-18
1.009E+00  4.431E-26  1.186E-18
1.000E+00  3.736E-26  9.910E-19
