Dust emission from Draine & Li (2007): ApJ 657, 810-837
================================================================
        10 = grain model
 4.000E-08 4.000E-01 5.000E-06 = a_01 (cm) , sigma_1 , b_C1/0.92
 2.500E-07 4.000E-01 5.000E-06 = a_02 (cm) , sigma_2 , b_C2/0.92
 2.500E+00 1.000E+06 2.000E+00 = Umin , Umax, beta (dN/dU propto U^{-beta})
 3.225E+01 = <U> 
     mmp83 = radfield
 3.366E-23 = power/H (erg s-1)
 band   nu*P_nu(band) j_nu(band)
 (um)   (erg s-1 H-1)(Jy cm2 sr-1 H-1)
1.270E+00  9.737E-26  3.280E-18 COBE-DIRBE
2.220E+00  1.353E-25  7.970E-18 COBE-DIRBE
3.530E+00  7.613E-25  7.128E-17 COBE-DIRBE
4.880E+00  4.758E-25  6.160E-17 COBE-DIRBE
1.229E+01  6.453E-24  2.104E-15 COBE-DIRBE
2.079E+01  1.152E-23  6.351E-15 COBE-DIRBE
5.599E+01  1.287E-23  1.912E-14 COBE-DIRBE
9.770E+01  7.975E-24  2.067E-14 COBE-DIRBE
1.479E+02  4.057E-24  1.592E-14 COBE-DIRBE
2.479E+02  1.012E-24  6.652E-15 COBE-DIRBE
1.200E+01  6.282E-24  2.000E-15 IRAS
2.500E+01  1.249E-23  8.280E-15 IRAS
6.000E+01  1.246E-23  1.984E-14 IRAS
1.000E+02  7.715E-24  2.046E-14 IRAS
3.550E+00  8.779E-25  8.267E-17 SST-IRAC
4.493E+00  3.334E-25  3.974E-17 SST-IRAC
5.731E+00  2.614E-24  3.974E-16 SST-IRAC
7.872E+00  7.283E-24  1.521E-15 SST-IRAC
2.368E+01  1.192E-23  7.489E-15 SST-MIPS
7.142E+01  9.986E-24  1.892E-14 SST-MIPS
1.559E+02  3.347E-24  1.384E-14 SST-MIPS
1.600E+01  7.393E-24  3.138E-15 SST-IRSPU
2.200E+01  1.219E-23  7.114E-15 SST-IRSPU











lambda    nu*dP/dnu     j_nu
 (um)   (erg s-1 H-1)(Jy cm2 sr-1 H-1)
1.000E+04  2.576E-31  6.832E-20
9.908E+03  2.670E-31  7.016E-20
9.817E+03  2.767E-31  7.205E-20
9.727E+03  2.868E-31  7.399E-20
9.638E+03  2.972E-31  7.598E-20
9.550E+03  3.080E-31  7.803E-20
9.462E+03  3.193E-31  8.013E-20
9.376E+03  3.309E-31  8.229E-20
9.290E+03  3.429E-31  8.451E-20
9.204E+03  3.554E-31  8.678E-20
9.120E+03  3.684E-31  8.912E-20
9.036E+03  3.818E-31  9.152E-20
8.954E+03  3.957E-31  9.398E-20
8.872E+03  4.100E-31  9.649E-20
8.790E+03  4.249E-31  9.906E-20
8.710E+03  4.403E-31  1.017E-19
8.630E+03  4.562E-31  1.044E-19
8.551E+03  4.728E-31  1.072E-19
8.472E+03  4.900E-31  1.101E-19
8.395E+03  5.078E-31  1.131E-19
8.318E+03  5.263E-31  1.161E-19
8.241E+03  5.454E-31  1.192E-19
8.166E+03  5.653E-31  1.224E-19
8.091E+03  5.859E-31  1.257E-19
8.017E+03  6.072E-31  1.291E-19
7.943E+03  6.294E-31  1.326E-19
7.870E+03  6.524E-31  1.362E-19
7.798E+03  6.762E-31  1.399E-19
7.727E+03  7.009E-31  1.437E-19
7.656E+03  7.265E-31  1.475E-19
7.586E+03  7.531E-31  1.515E-19
7.516E+03  7.807E-31  1.556E-19
7.447E+03  8.093E-31  1.599E-19
7.379E+03  8.389E-31  1.642E-19
7.311E+03  8.697E-31  1.687E-19
7.244E+03  9.016E-31  1.733E-19
7.178E+03  9.347E-31  1.780E-19
7.112E+03  9.691E-31  1.828E-19
7.047E+03  1.005E-30  1.878E-19
6.982E+03  1.042E-30  1.929E-19
6.918E+03  1.080E-30  1.982E-19
6.855E+03  1.120E-30  2.036E-19
6.792E+03  1.161E-30  2.091E-19
6.730E+03  1.203E-30  2.148E-19
6.668E+03  1.248E-30  2.207E-19
6.607E+03  1.294E-30  2.267E-19
6.546E+03  1.341E-30  2.329E-19
6.486E+03  1.391E-30  2.393E-19
6.427E+03  1.442E-30  2.459E-19
6.368E+03  1.495E-30  2.526E-19
6.310E+03  1.551E-30  2.595E-19
6.252E+03  1.608E-30  2.667E-19
6.194E+03  1.668E-30  2.740E-19
6.138E+03  1.729E-30  2.815E-19
6.081E+03  1.793E-30  2.893E-19
6.026E+03  1.860E-30  2.973E-19
5.970E+03  1.929E-30  3.055E-19
5.916E+03  2.000E-30  3.139E-19
5.861E+03  2.075E-30  3.226E-19
5.808E+03  2.152E-30  3.315E-19
5.754E+03  2.232E-30  3.406E-19
5.702E+03  2.315E-30  3.501E-19
5.649E+03  2.401E-30  3.598E-19
5.598E+03  2.490E-30  3.698E-19
5.546E+03  2.583E-30  3.800E-19
5.495E+03  2.679E-30  3.906E-19
5.445E+03  2.779E-30  4.014E-19
5.395E+03  2.883E-30  4.126E-19
5.346E+03  2.991E-30  4.241E-19
5.297E+03  3.102E-30  4.359E-19
5.248E+03  3.218E-30  4.480E-19
5.200E+03  3.339E-30  4.605E-19
5.152E+03  3.464E-30  4.734E-19
5.105E+03  3.593E-30  4.866E-19
5.058E+03  3.728E-30  5.002E-19
5.012E+03  3.868E-30  5.142E-19
4.966E+03  4.013E-30  5.286E-19
4.920E+03  4.163E-30  5.434E-19
4.875E+03  4.319E-30  5.586E-19
4.831E+03  4.481E-30  5.742E-19
4.786E+03  4.650E-30  5.903E-19
4.742E+03  4.825E-30  6.069E-19
4.699E+03  5.006E-30  6.240E-19
4.656E+03  5.194E-30  6.415E-19
4.613E+03  5.390E-30  6.596E-19
4.571E+03  5.593E-30  6.781E-19
4.529E+03  5.804E-30  6.973E-19
4.487E+03  6.023E-30  7.169E-19
4.446E+03  6.250E-30  7.372E-19
4.406E+03  6.486E-30  7.580E-19
4.365E+03  6.732E-30  7.794E-19
4.325E+03  6.986E-30  8.015E-19
4.285E+03  7.250E-30  8.242E-19
4.246E+03  7.525E-30  8.476E-19
4.207E+03  7.810E-30  8.716E-19
4.169E+03  8.106E-30  8.964E-19
4.130E+03  8.414E-30  9.218E-19
4.093E+03  8.733E-30  9.480E-19
4.055E+03  9.064E-30  9.750E-19
4.018E+03  9.409E-30  1.003E-18
3.981E+03  9.766E-30  1.031E-18
3.945E+03  1.014E-29  1.061E-18
3.908E+03  1.052E-29  1.091E-18
3.873E+03  1.092E-29  1.122E-18
3.837E+03  1.134E-29  1.154E-18
3.802E+03  1.177E-29  1.187E-18
3.767E+03  1.222E-29  1.221E-18
3.733E+03  1.268E-29  1.256E-18
3.698E+03  1.317E-29  1.292E-18
3.664E+03  1.367E-29  1.329E-18
3.631E+03  1.419E-29  1.367E-18
3.597E+03  1.473E-29  1.406E-18
3.565E+03  1.530E-29  1.446E-18
3.532E+03  1.588E-29  1.488E-18
3.499E+03  1.649E-29  1.531E-18
3.467E+03  1.712E-29  1.575E-18
3.436E+03  1.778E-29  1.620E-18
3.404E+03  1.846E-29  1.667E-18
3.373E+03  1.917E-29  1.715E-18
3.342E+03  1.991E-29  1.765E-18
3.311E+03  2.067E-29  1.816E-18
3.281E+03  2.147E-29  1.869E-18
3.251E+03  2.230E-29  1.923E-18
3.221E+03  2.316E-29  1.979E-18
3.192E+03  2.405E-29  2.036E-18
3.162E+03  2.498E-29  2.095E-18
3.133E+03  2.594E-29  2.156E-18
3.105E+03  2.694E-29  2.219E-18
3.076E+03  2.798E-29  2.283E-18
3.048E+03  2.907E-29  2.350E-18
3.020E+03  3.019E-29  2.418E-18
2.992E+03  3.136E-29  2.489E-18
2.965E+03  3.257E-29  2.561E-18
2.938E+03  3.383E-29  2.636E-18
2.911E+03  3.513E-29  2.713E-18
2.884E+03  3.649E-29  2.792E-18
2.858E+03  3.790E-29  2.873E-18
2.831E+03  3.937E-29  2.957E-18
2.805E+03  4.090E-29  3.043E-18
2.780E+03  4.248E-29  3.132E-18
2.754E+03  4.413E-29  3.224E-18
2.729E+03  4.584E-29  3.319E-18
2.704E+03  4.763E-29  3.416E-18
2.679E+03  4.948E-29  3.516E-18
2.655E+03  5.140E-29  3.619E-18
2.630E+03  5.340E-29  3.726E-18
2.606E+03  5.548E-29  3.835E-18
2.582E+03  5.764E-29  3.948E-18
2.559E+03  5.989E-29  4.065E-18
2.535E+03  6.223E-29  4.185E-18
2.512E+03  6.466E-29  4.308E-18
2.489E+03  6.718E-29  4.435E-18
2.466E+03  6.981E-29  4.566E-18
2.443E+03  7.254E-29  4.701E-18
2.421E+03  7.537E-29  4.840E-18
2.399E+03  7.832E-29  4.984E-18
2.377E+03  8.139E-29  5.132E-18
2.355E+03  8.458E-29  5.284E-18
2.333E+03  8.790E-29  5.440E-18
2.312E+03  9.134E-29  5.602E-18
2.291E+03  9.493E-29  5.768E-18
2.270E+03  9.865E-29  5.940E-18
2.249E+03  1.025E-28  6.117E-18
2.228E+03  1.066E-28  6.299E-18
2.208E+03  1.107E-28  6.486E-18
2.188E+03  1.151E-28  6.680E-18
2.168E+03  1.196E-28  6.879E-18
2.148E+03  1.243E-28  7.084E-18
2.128E+03  1.292E-28  7.295E-18
2.109E+03  1.343E-28  7.513E-18
2.089E+03  1.396E-28  7.738E-18
2.070E+03  1.451E-28  7.969E-18
2.051E+03  1.508E-28  8.207E-18
2.032E+03  1.568E-28  8.453E-18
2.014E+03  1.630E-28  8.706E-18
1.995E+03  1.694E-28  8.966E-18
1.977E+03  1.761E-28  9.235E-18
1.959E+03  1.830E-28  9.511E-18
1.941E+03  1.903E-28  9.796E-18
1.923E+03  1.978E-28  1.009E-17
1.905E+03  2.056E-28  1.039E-17
1.888E+03  2.137E-28  1.070E-17
1.871E+03  2.222E-28  1.102E-17
1.854E+03  2.310E-28  1.136E-17
1.837E+03  2.401E-28  1.170E-17
1.820E+03  2.496E-28  1.205E-17
1.803E+03  2.595E-28  1.241E-17
1.786E+03  2.698E-28  1.278E-17
1.770E+03  2.805E-28  1.317E-17
1.754E+03  2.916E-28  1.356E-17
1.738E+03  3.031E-28  1.397E-17
1.722E+03  3.151E-28  1.439E-17
1.706E+03  3.276E-28  1.483E-17
1.690E+03  3.406E-28  1.527E-17
1.675E+03  3.541E-28  1.573E-17
1.660E+03  3.682E-28  1.621E-17
1.644E+03  3.828E-28  1.670E-17
1.629E+03  3.980E-28  1.720E-17
1.614E+03  4.138E-28  1.772E-17
1.600E+03  4.302E-28  1.825E-17
1.585E+03  4.473E-28  1.880E-17
1.570E+03  4.650E-28  1.937E-17
1.556E+03  4.835E-28  1.996E-17
1.542E+03  5.027E-28  2.056E-17
1.528E+03  5.227E-28  2.118E-17
1.514E+03  5.434E-28  2.182E-17
1.500E+03  5.650E-28  2.248E-17
1.486E+03  5.875E-28  2.315E-17
1.472E+03  6.108E-28  2.385E-17
1.459E+03  6.351E-28  2.458E-17
1.445E+03  6.603E-28  2.532E-17
1.432E+03  6.866E-28  2.608E-17
1.419E+03  7.139E-28  2.687E-17
1.406E+03  7.423E-28  2.769E-17
1.393E+03  7.718E-28  2.852E-17
1.380E+03  8.025E-28  2.938E-17
1.368E+03  8.344E-28  3.027E-17
1.355E+03  8.676E-28  3.119E-17
1.343E+03  9.021E-28  3.213E-17
1.330E+03  9.380E-28  3.310E-17
1.318E+03  9.753E-28  3.410E-17
1.306E+03  1.014E-27  3.513E-17
1.294E+03  1.054E-27  3.620E-17
1.282E+03  1.096E-27  3.729E-17
1.271E+03  1.140E-27  3.842E-17
1.259E+03  1.185E-27  3.958E-17
1.247E+03  1.232E-27  4.077E-17
1.236E+03  1.281E-27  4.200E-17
1.225E+03  1.332E-27  4.327E-17
1.213E+03  1.385E-27  4.458E-17
1.202E+03  1.440E-27  4.592E-17
1.191E+03  1.497E-27  4.731E-17
1.180E+03  1.556E-27  4.873E-17
1.169E+03  1.618E-27  5.020E-17
1.159E+03  1.682E-27  5.171E-17
1.148E+03  1.749E-27  5.327E-17
1.138E+03  1.818E-27  5.487E-17
1.127E+03  1.890E-27  5.653E-17
1.117E+03  1.965E-27  5.823E-17
1.107E+03  2.043E-27  5.998E-17
1.096E+03  2.124E-27  6.178E-17
1.086E+03  2.208E-27  6.363E-17
1.076E+03  2.295E-27  6.554E-17
1.067E+03  2.386E-27  6.751E-17
1.057E+03  2.481E-27  6.954E-17
1.047E+03  2.578E-27  7.162E-17
1.038E+03  2.680E-27  7.376E-17
1.028E+03  2.786E-27  7.597E-17
1.019E+03  2.896E-27  7.824E-17
1.009E+03  3.010E-27  8.058E-17
1.000E+03  3.129E-27  8.299E-17
9.908E+02  3.252E-27  8.547E-17
9.817E+02  3.380E-27  8.803E-17
9.727E+02  3.514E-27  9.066E-17
9.638E+02  3.652E-27  9.337E-17
9.550E+02  3.796E-27  9.615E-17
9.462E+02  3.945E-27  9.902E-17
9.376E+02  4.100E-27  1.020E-16
9.290E+02  4.261E-27  1.050E-16
9.204E+02  4.429E-27  1.081E-16
9.120E+02  4.603E-27  1.113E-16
9.036E+02  4.783E-27  1.147E-16
8.954E+02  4.971E-27  1.181E-16
8.872E+02  5.165E-27  1.216E-16
8.790E+02  5.367E-27  1.251E-16
8.710E+02  5.577E-27  1.288E-16
8.630E+02  5.795E-27  1.327E-16
8.551E+02  6.021E-27  1.366E-16
8.472E+02  6.256E-27  1.406E-16
8.395E+02  6.499E-27  1.447E-16
8.318E+02  6.752E-27  1.490E-16
8.241E+02  7.014E-27  1.533E-16
8.166E+02  7.287E-27  1.578E-16
8.091E+02  7.569E-27  1.624E-16
8.017E+02  7.862E-27  1.672E-16
7.943E+02  8.167E-27  1.721E-16
7.870E+02  8.483E-27  1.771E-16
7.798E+02  8.810E-27  1.822E-16
7.727E+02  9.151E-27  1.875E-16
7.656E+02  9.504E-27  1.930E-16
7.586E+02  9.870E-27  1.986E-16
7.516E+02  1.025E-26  2.044E-16
7.447E+02  1.065E-26  2.103E-16
7.379E+02  1.106E-26  2.164E-16
7.311E+02  1.148E-26  2.227E-16
7.244E+02  1.193E-26  2.292E-16
7.178E+02  1.238E-26  2.358E-16
7.112E+02  1.286E-26  2.427E-16
7.047E+02  1.336E-26  2.497E-16
6.982E+02  1.387E-26  2.569E-16
6.918E+02  1.441E-26  2.644E-16
6.855E+02  1.496E-26  2.720E-16
6.792E+02  1.554E-26  2.799E-16
6.730E+02  1.613E-26  2.880E-16
6.668E+02  1.675E-26  2.963E-16
6.607E+02  1.739E-26  3.048E-16
6.546E+02  1.806E-26  3.136E-16
6.486E+02  1.876E-26  3.227E-16
6.427E+02  1.948E-26  3.321E-16
6.368E+02  2.023E-26  3.417E-16
6.310E+02  2.101E-26  3.516E-16
6.252E+02  2.182E-26  3.618E-16
6.194E+02  2.266E-26  3.723E-16
6.138E+02  2.353E-26  3.831E-16
6.081E+02  2.443E-26  3.942E-16
6.026E+02  2.538E-26  4.056E-16
5.970E+02  2.635E-26  4.173E-16
5.916E+02  2.737E-26  4.294E-16
5.861E+02  2.842E-26  4.418E-16
5.808E+02  2.951E-26  4.546E-16
5.754E+02  3.065E-26  4.678E-16
5.702E+02  3.183E-26  4.813E-16
5.649E+02  3.305E-26  4.953E-16
5.598E+02  3.432E-26  5.096E-16
5.546E+02  3.564E-26  5.243E-16
5.495E+02  3.701E-26  5.395E-16
5.445E+02  3.843E-26  5.551E-16
5.395E+02  3.991E-26  5.712E-16
5.346E+02  4.144E-26  5.877E-16
5.297E+02  4.304E-26  6.047E-16
5.248E+02  4.469E-26  6.221E-16
5.200E+02  4.641E-26  6.401E-16
5.152E+02  4.819E-26  6.586E-16
5.105E+02  5.004E-26  6.776E-16
5.058E+02  5.196E-26  6.972E-16
5.012E+02  5.395E-26  7.173E-16
4.966E+02  5.602E-26  7.379E-16
4.920E+02  5.817E-26  7.592E-16
4.875E+02  6.040E-26  7.810E-16
4.831E+02  6.271E-26  8.035E-16
4.786E+02  6.511E-26  8.266E-16
4.742E+02  6.760E-26  8.504E-16
4.699E+02  7.018E-26  8.748E-16
4.656E+02  7.287E-26  8.999E-16
4.613E+02  7.565E-26  9.257E-16
4.571E+02  7.854E-26  9.523E-16
4.529E+02  8.154E-26  9.796E-16
4.487E+02  8.465E-26  1.008E-15
4.446E+02  8.787E-26  1.036E-15
4.406E+02  9.122E-26  1.066E-15
4.365E+02  9.469E-26  1.096E-15
4.325E+02  9.829E-26  1.128E-15
4.285E+02  1.020E-25  1.160E-15
4.246E+02  1.059E-25  1.193E-15
4.207E+02  1.099E-25  1.227E-15
4.169E+02  1.141E-25  1.262E-15
4.130E+02  1.184E-25  1.297E-15
4.093E+02  1.229E-25  1.334E-15
4.055E+02  1.276E-25  1.372E-15
4.018E+02  1.324E-25  1.411E-15
3.981E+02  1.374E-25  1.451E-15
3.945E+02  1.426E-25  1.492E-15
3.908E+02  1.480E-25  1.534E-15
3.873E+02  1.536E-25  1.577E-15
3.837E+02  1.594E-25  1.622E-15
3.802E+02  1.654E-25  1.668E-15
3.767E+02  1.716E-25  1.715E-15
3.733E+02  1.780E-25  1.763E-15
3.698E+02  1.847E-25  1.812E-15
3.664E+02  1.917E-25  1.863E-15
3.631E+02  1.988E-25  1.915E-15
3.597E+02  2.063E-25  1.969E-15
3.565E+02  2.140E-25  2.023E-15
3.532E+02  2.220E-25  2.080E-15
3.499E+02  2.303E-25  2.138E-15
3.467E+02  2.389E-25  2.197E-15
3.436E+02  2.478E-25  2.258E-15
3.404E+02  2.570E-25  2.320E-15
3.373E+02  2.665E-25  2.384E-15
3.342E+02  2.764E-25  2.450E-15
3.311E+02  2.866E-25  2.518E-15
3.281E+02  2.972E-25  2.587E-15
3.251E+02  3.082E-25  2.658E-15
3.221E+02  3.195E-25  2.730E-15
3.192E+02  3.313E-25  2.805E-15
3.162E+02  3.435E-25  2.881E-15
3.133E+02  3.560E-25  2.959E-15
3.105E+02  3.691E-25  3.039E-15
3.076E+02  3.826E-25  3.121E-15
3.048E+02  3.965E-25  3.206E-15
3.020E+02  4.109E-25  3.292E-15
2.992E+02  4.259E-25  3.380E-15
2.965E+02  4.413E-25  3.471E-15
2.938E+02  4.573E-25  3.563E-15
2.911E+02  4.738E-25  3.658E-15
2.884E+02  4.908E-25  3.755E-15
2.858E+02  5.085E-25  3.854E-15
2.831E+02  5.268E-25  3.956E-15
2.805E+02  5.456E-25  4.060E-15
2.780E+02  5.651E-25  4.167E-15
2.754E+02  5.852E-25  4.275E-15
2.729E+02  6.061E-25  4.387E-15
2.704E+02  6.277E-25  4.502E-15
2.679E+02  6.500E-25  4.619E-15
2.655E+02  6.731E-25  4.740E-15
2.630E+02  6.969E-25  4.863E-15
2.606E+02  7.216E-25  4.988E-15
2.582E+02  7.470E-25  5.117E-15
2.559E+02  7.731E-25  5.247E-15
2.535E+02  7.999E-25  5.379E-15
2.512E+02  8.274E-25  5.513E-15
2.489E+02  8.553E-25  5.646E-15
2.466E+02  8.833E-25  5.778E-15
2.443E+02  9.119E-25  5.910E-15
2.421E+02  9.411E-25  6.044E-15
2.399E+02  9.709E-25  6.178E-15
2.377E+02  1.001E-24  6.311E-15
2.355E+02  1.032E-24  6.445E-15
2.333E+02  1.063E-24  6.581E-15
2.312E+02  1.096E-24  6.719E-15
2.291E+02  1.129E-24  6.859E-15
2.270E+02  1.163E-24  7.001E-15
2.249E+02  1.198E-24  7.145E-15
2.228E+02  1.233E-24  7.291E-15
2.208E+02  1.270E-24  7.438E-15
2.188E+02  1.308E-24  7.588E-15
2.168E+02  1.346E-24  7.739E-15
2.148E+02  1.385E-24  7.892E-15
2.128E+02  1.425E-24  8.047E-15
2.109E+02  1.467E-24  8.203E-15
2.089E+02  1.509E-24  8.361E-15
2.070E+02  1.552E-24  8.521E-15
2.051E+02  1.596E-24  8.682E-15
2.032E+02  1.641E-24  8.844E-15
2.014E+02  1.687E-24  9.009E-15
1.995E+02  1.734E-24  9.175E-15
1.977E+02  1.781E-24  9.342E-15
1.959E+02  1.830E-24  9.510E-15
1.941E+02  1.880E-24  9.680E-15
1.923E+02  1.931E-24  9.851E-15
1.905E+02  1.983E-24  1.002E-14
1.888E+02  2.036E-24  1.020E-14
1.871E+02  2.090E-24  1.037E-14
1.854E+02  2.146E-24  1.055E-14
1.837E+02  2.202E-24  1.073E-14
1.820E+02  2.259E-24  1.091E-14
1.803E+02  2.318E-24  1.109E-14
1.786E+02  2.377E-24  1.127E-14
1.770E+02  2.438E-24  1.145E-14
1.754E+02  2.500E-24  1.163E-14
1.738E+02  2.563E-24  1.182E-14
1.722E+02  2.627E-24  1.200E-14
1.706E+02  2.693E-24  1.219E-14
1.690E+02  2.760E-24  1.237E-14
1.675E+02  2.828E-24  1.256E-14
1.660E+02  2.897E-24  1.275E-14
1.644E+02  2.968E-24  1.294E-14
1.629E+02  3.040E-24  1.314E-14
1.614E+02  3.113E-24  1.333E-14
1.600E+02  3.188E-24  1.353E-14
1.585E+02  3.265E-24  1.372E-14
1.570E+02  3.343E-24  1.392E-14
1.556E+02  3.423E-24  1.413E-14
1.542E+02  3.504E-24  1.433E-14
1.528E+02  3.588E-24  1.454E-14
1.514E+02  3.674E-24  1.475E-14
1.500E+02  3.762E-24  1.496E-14
1.486E+02  3.852E-24  1.518E-14
1.472E+02  3.944E-24  1.540E-14
1.459E+02  4.038E-24  1.563E-14
1.445E+02  4.134E-24  1.585E-14
1.432E+02  4.230E-24  1.607E-14
1.419E+02  4.326E-24  1.628E-14
1.406E+02  4.419E-24  1.648E-14
1.393E+02  4.509E-24  1.666E-14
1.380E+02  4.595E-24  1.682E-14
1.368E+02  4.676E-24  1.696E-14
1.355E+02  4.754E-24  1.709E-14
1.343E+02  4.829E-24  1.720E-14
1.330E+02  4.904E-24  1.731E-14
1.318E+02  4.978E-24  1.741E-14
1.306E+02  5.054E-24  1.751E-14
1.294E+02  5.131E-24  1.762E-14
1.282E+02  5.210E-24  1.772E-14
1.271E+02  5.290E-24  1.783E-14
1.259E+02  5.371E-24  1.794E-14
1.247E+02  5.454E-24  1.805E-14
1.236E+02  5.539E-24  1.816E-14
1.225E+02  5.624E-24  1.827E-14
1.213E+02  5.711E-24  1.838E-14
1.202E+02  5.799E-24  1.849E-14
1.191E+02  5.888E-24  1.861E-14
1.180E+02  5.978E-24  1.872E-14
1.169E+02  6.068E-24  1.882E-14
1.159E+02  6.158E-24  1.893E-14
1.148E+02  6.249E-24  1.903E-14
1.138E+02  6.341E-24  1.914E-14
1.127E+02  6.433E-24  1.924E-14
1.117E+02  6.527E-24  1.934E-14
1.107E+02  6.621E-24  1.944E-14
1.096E+02  6.716E-24  1.953E-14
1.086E+02  6.811E-24  1.963E-14
1.076E+02  6.906E-24  1.972E-14
1.067E+02  7.002E-24  1.981E-14
1.057E+02  7.098E-24  1.990E-14
1.047E+02  7.195E-24  1.998E-14
1.038E+02  7.291E-24  2.007E-14
1.028E+02  7.388E-24  2.014E-14
1.019E+02  7.483E-24  2.022E-14
1.009E+02  7.579E-24  2.029E-14
1.000E+02  7.675E-24  2.036E-14
9.908E+01  7.770E-24  2.042E-14
9.817E+01  7.865E-24  2.048E-14
9.727E+01  7.960E-24  2.054E-14
9.638E+01  8.055E-24  2.059E-14
9.550E+01  8.149E-24  2.064E-14
9.462E+01  8.243E-24  2.069E-14
9.376E+01  8.337E-24  2.073E-14
9.290E+01  8.431E-24  2.077E-14
9.204E+01  8.524E-24  2.081E-14
9.120E+01  8.616E-24  2.084E-14
9.036E+01  8.708E-24  2.087E-14
8.954E+01  8.800E-24  2.090E-14
8.872E+01  8.891E-24  2.092E-14
8.790E+01  8.982E-24  2.094E-14
8.710E+01  9.073E-24  2.096E-14
8.630E+01  9.164E-24  2.098E-14
8.551E+01  9.254E-24  2.099E-14
8.472E+01  9.342E-24  2.099E-14
8.395E+01  9.430E-24  2.100E-14
8.318E+01  9.518E-24  2.100E-14
8.241E+01  9.605E-24  2.100E-14
8.166E+01  9.692E-24  2.099E-14
8.091E+01  9.779E-24  2.099E-14
8.017E+01  9.865E-24  2.098E-14
7.943E+01  9.949E-24  2.096E-14
7.870E+01  1.003E-23  2.095E-14
7.798E+01  1.012E-23  2.093E-14
7.727E+01  1.020E-23  2.090E-14
7.656E+01  1.028E-23  2.088E-14
7.586E+01  1.036E-23  2.085E-14
7.516E+01  1.044E-23  2.082E-14
7.447E+01  1.052E-23  2.079E-14
7.379E+01  1.060E-23  2.075E-14
7.311E+01  1.068E-23  2.071E-14
7.244E+01  1.075E-23  2.067E-14
7.178E+01  1.083E-23  2.062E-14
7.112E+01  1.090E-23  2.057E-14
7.047E+01  1.098E-23  2.053E-14
6.982E+01  1.106E-23  2.048E-14
6.918E+01  1.113E-23  2.043E-14
6.855E+01  1.121E-23  2.038E-14
6.792E+01  1.128E-23  2.032E-14
6.730E+01  1.135E-23  2.026E-14
6.668E+01  1.142E-23  2.020E-14
6.607E+01  1.149E-23  2.014E-14
6.546E+01  1.156E-23  2.008E-14
6.486E+01  1.163E-23  2.002E-14
6.427E+01  1.170E-23  1.995E-14
6.368E+01  1.177E-23  1.988E-14
6.310E+01  1.184E-23  1.982E-14
6.252E+01  1.191E-23  1.975E-14
6.194E+01  1.198E-23  1.968E-14
6.138E+01  1.205E-23  1.962E-14
6.081E+01  1.212E-23  1.955E-14
6.026E+01  1.219E-23  1.948E-14
5.970E+01  1.225E-23  1.940E-14
5.916E+01  1.232E-23  1.933E-14
5.861E+01  1.239E-23  1.926E-14
5.808E+01  1.245E-23  1.918E-14
5.754E+01  1.252E-23  1.911E-14
5.702E+01  1.259E-23  1.904E-14
5.649E+01  1.265E-23  1.896E-14
5.598E+01  1.272E-23  1.889E-14
5.546E+01  1.279E-23  1.882E-14
5.495E+01  1.286E-23  1.874E-14
5.445E+01  1.293E-23  1.867E-14
5.395E+01  1.300E-23  1.860E-14
5.346E+01  1.307E-23  1.853E-14
5.297E+01  1.314E-23  1.846E-14
5.248E+01  1.321E-23  1.839E-14
5.200E+01  1.328E-23  1.832E-14
5.152E+01  1.336E-23  1.825E-14
5.105E+01  1.343E-23  1.818E-14
5.058E+01  1.350E-23  1.812E-14
5.012E+01  1.358E-23  1.805E-14
4.966E+01  1.365E-23  1.798E-14
4.920E+01  1.373E-23  1.792E-14
4.875E+01  1.380E-23  1.785E-14
4.831E+01  1.388E-23  1.779E-14
4.786E+01  1.396E-23  1.772E-14
4.742E+01  1.404E-23  1.766E-14
4.699E+01  1.412E-23  1.760E-14
4.656E+01  1.420E-23  1.754E-14
4.613E+01  1.429E-23  1.749E-14
4.571E+01  1.438E-23  1.743E-14
4.529E+01  1.446E-23  1.737E-14
4.487E+01  1.455E-23  1.732E-14
4.446E+01  1.464E-23  1.727E-14
4.406E+01  1.474E-23  1.722E-14
4.365E+01  1.483E-23  1.717E-14
4.325E+01  1.492E-23  1.712E-14
4.285E+01  1.502E-23  1.707E-14
4.246E+01  1.511E-23  1.702E-14
4.207E+01  1.521E-23  1.697E-14
4.169E+01  1.531E-23  1.693E-14
4.130E+01  1.540E-23  1.688E-14
4.093E+01  1.550E-23  1.683E-14
4.055E+01  1.560E-23  1.678E-14
4.018E+01  1.569E-23  1.672E-14
3.981E+01  1.578E-23  1.667E-14
3.945E+01  1.588E-23  1.661E-14
3.908E+01  1.597E-23  1.655E-14
3.873E+01  1.605E-23  1.649E-14
3.837E+01  1.614E-23  1.643E-14
3.802E+01  1.622E-23  1.636E-14
3.767E+01  1.630E-23  1.628E-14
3.733E+01  1.636E-23  1.620E-14
3.698E+01  1.642E-23  1.611E-14
3.664E+01  1.648E-23  1.602E-14
3.631E+01  1.653E-23  1.592E-14
3.597E+01  1.658E-23  1.582E-14
3.565E+01  1.661E-23  1.571E-14
3.532E+01  1.664E-23  1.559E-14
3.499E+01  1.666E-23  1.547E-14
3.467E+01  1.667E-23  1.534E-14
3.436E+01  1.668E-23  1.520E-14
3.404E+01  1.667E-23  1.505E-14
3.373E+01  1.665E-23  1.490E-14
3.342E+01  1.662E-23  1.474E-14
3.311E+01  1.659E-23  1.457E-14
3.281E+01  1.654E-23  1.440E-14
3.251E+01  1.648E-23  1.422E-14
3.221E+01  1.642E-23  1.403E-14
3.192E+01  1.634E-23  1.383E-14
3.162E+01  1.625E-23  1.363E-14
3.133E+01  1.616E-23  1.343E-14
3.105E+01  1.605E-23  1.322E-14
3.076E+01  1.594E-23  1.301E-14
3.048E+01  1.582E-23  1.279E-14
3.020E+01  1.569E-23  1.257E-14
2.992E+01  1.556E-23  1.235E-14
2.965E+01  1.542E-23  1.213E-14
2.938E+01  1.528E-23  1.191E-14
2.911E+01  1.513E-23  1.168E-14
2.884E+01  1.499E-23  1.146E-14
2.858E+01  1.484E-23  1.125E-14
2.831E+01  1.469E-23  1.103E-14
2.805E+01  1.454E-23  1.082E-14
2.780E+01  1.439E-23  1.061E-14
2.754E+01  1.424E-23  1.041E-14
2.729E+01  1.410E-23  1.021E-14
2.704E+01  1.396E-23  1.001E-14
2.679E+01  1.382E-23  9.821E-15
2.655E+01  1.368E-23  9.636E-15
2.630E+01  1.355E-23  9.456E-15
2.606E+01  1.343E-23  9.281E-15
2.582E+01  1.330E-23  9.111E-15
2.559E+01  1.318E-23  8.947E-15
2.535E+01  1.307E-23  8.787E-15
2.512E+01  1.296E-23  8.633E-15
2.489E+01  1.285E-23  8.483E-15
2.466E+01  1.274E-23  8.336E-15
2.443E+01  1.264E-23  8.194E-15
2.421E+01  1.254E-23  8.054E-15
2.399E+01  1.244E-23  7.916E-15
2.377E+01  1.235E-23  7.784E-15
2.355E+01  1.226E-23  7.661E-15
2.333E+01  1.218E-23  7.539E-15
2.312E+01  1.209E-23  7.414E-15
2.291E+01  1.200E-23  7.294E-15
2.270E+01  1.194E-23  7.186E-15
2.249E+01  1.188E-23  7.087E-15
2.228E+01  1.183E-23  6.994E-15
2.208E+01  1.178E-23  6.901E-15
2.188E+01  1.172E-23  6.801E-15
2.168E+01  1.165E-23  6.701E-15
2.148E+01  1.159E-23  6.602E-15
2.128E+01  1.154E-23  6.512E-15
2.109E+01  1.149E-23  6.428E-15
2.089E+01  1.145E-23  6.344E-15
2.070E+01  1.140E-23  6.259E-15
2.051E+01  1.135E-23  6.173E-15
2.032E+01  1.130E-23  6.093E-15
2.014E+01  1.129E-23  6.031E-15
1.995E+01  1.127E-23  5.967E-15
1.977E+01  1.125E-23  5.902E-15
1.959E+01  1.122E-23  5.830E-15
1.941E+01  1.118E-23  5.754E-15
1.923E+01  1.112E-23  5.670E-15
1.905E+01  1.104E-23  5.582E-15
1.888E+01  1.096E-23  5.489E-15
1.871E+01  1.087E-23  5.392E-15
1.854E+01  1.077E-23  5.295E-15
1.837E+01  1.068E-23  5.201E-15
1.820E+01  1.061E-23  5.120E-15
1.803E+01  1.064E-23  5.090E-15
1.786E+01  1.081E-23  5.125E-15
1.770E+01  1.061E-23  4.981E-15
1.754E+01  1.075E-23  5.000E-15
1.738E+01  1.152E-23  5.311E-15
1.722E+01  1.090E-23  4.980E-15
1.706E+01  1.064E-23  4.817E-15
1.690E+01  1.028E-23  4.611E-15
1.675E+01  9.841E-24  4.372E-15
1.660E+01  9.753E-24  4.294E-15
1.644E+01  1.050E-23  4.580E-15
1.629E+01  8.793E-24  3.800E-15
1.614E+01  8.086E-24  3.463E-15
1.600E+01  8.011E-24  3.399E-15
1.585E+01  7.815E-24  3.285E-15
1.570E+01  7.081E-24  2.950E-15
1.556E+01  6.644E-24  2.742E-15
1.542E+01  6.351E-24  2.597E-15
1.528E+01  6.118E-24  2.479E-15
1.514E+01  5.917E-24  2.376E-15
1.500E+01  5.743E-24  2.285E-15
1.486E+01  5.586E-24  2.202E-15
1.472E+01  5.452E-24  2.129E-15
1.459E+01  5.348E-24  2.069E-15
1.445E+01  5.307E-24  2.035E-15
1.432E+01  5.387E-24  2.046E-15
1.419E+01  5.501E-24  2.071E-15
1.406E+01  5.265E-24  1.964E-15
1.393E+01  5.090E-24  1.881E-15
1.380E+01  5.105E-24  1.869E-15
1.368E+01  5.366E-24  1.947E-15
1.355E+01  5.476E-24  1.969E-15
1.343E+01  5.243E-24  1.868E-15
1.330E+01  5.253E-24  1.854E-15
1.318E+01  5.429E-24  1.898E-15
1.306E+01  5.769E-24  1.999E-15
1.294E+01  6.356E-24  2.182E-15
1.282E+01  7.299E-24  2.483E-15
1.271E+01  8.468E-24  2.854E-15
1.259E+01  8.979E-24  2.999E-15
1.247E+01  8.322E-24  2.754E-15
1.236E+01  7.510E-24  2.462E-15
1.225E+01  7.170E-24  2.329E-15
1.213E+01  7.270E-24  2.340E-15
1.202E+01  7.453E-24  2.377E-15
1.191E+01  7.290E-24  2.304E-15
1.180E+01  6.921E-24  2.167E-15
1.169E+01  6.808E-24  2.112E-15
1.159E+01  7.295E-24  2.242E-15
1.148E+01  8.963E-24  2.730E-15
1.138E+01  1.231E-23  3.715E-15
1.127E+01  1.615E-23  4.829E-15
1.117E+01  1.182E-23  3.502E-15
1.107E+01  7.439E-24  2.184E-15
1.096E+01  5.878E-24  1.710E-15
1.086E+01  5.144E-24  1.482E-15
1.076E+01  4.747E-24  1.356E-15
1.067E+01  4.514E-24  1.277E-15
1.057E+01  4.371E-24  1.225E-15
1.047E+01  4.273E-24  1.187E-15
1.038E+01  4.193E-24  1.154E-15
1.028E+01  4.119E-24  1.123E-15
1.019E+01  4.047E-24  1.094E-15
1.009E+01  3.983E-24  1.066E-15
1.000E+01  3.930E-24  1.043E-15
9.908E+00  3.892E-24  1.023E-15
9.817E+00  3.866E-24  1.007E-15
9.727E+00  3.851E-24  9.937E-16
9.638E+00  3.846E-24  9.833E-16
9.550E+00  3.842E-24  9.732E-16
9.462E+00  3.836E-24  9.629E-16
9.376E+00  3.831E-24  9.527E-16
9.290E+00  3.830E-24  9.438E-16
9.204E+00  3.846E-24  9.390E-16
9.120E+00  3.899E-24  9.432E-16
9.036E+00  4.022E-24  9.640E-16
8.954E+00  4.269E-24  1.014E-15
8.872E+00  4.735E-24  1.114E-15
8.790E+00  5.575E-24  1.300E-15
8.710E+00  6.913E-24  1.597E-15
8.630E+00  8.160E-24  1.868E-15
8.551E+00  7.921E-24  1.797E-15
8.472E+00  6.941E-24  1.560E-15
8.395E+00  6.420E-24  1.430E-15
8.318E+00  6.345E-24  1.400E-15
8.241E+00  6.546E-24  1.431E-15
8.166E+00  7.126E-24  1.544E-15
8.091E+00  8.274E-24  1.776E-15
8.017E+00  1.013E-23  2.155E-15
7.943E+00  1.259E-23  2.654E-15
7.870E+00  1.481E-23  3.093E-15
7.798E+00  1.581E-23  3.270E-15
7.727E+00  1.634E-23  3.350E-15
7.656E+00  1.736E-23  3.525E-15
7.586E+00  1.706E-23  3.432E-15
7.516E+00  1.407E-23  2.805E-15
7.447E+00  1.068E-23  2.110E-15
7.379E+00  8.244E-24  1.614E-15
7.311E+00  6.623E-24  1.284E-15
7.244E+00  5.501E-24  1.057E-15
7.178E+00  4.688E-24  8.926E-16
7.112E+00  4.086E-24  7.708E-16
7.047E+00  3.646E-24  6.816E-16
6.982E+00  3.343E-24  6.192E-16
6.918E+00  3.161E-24  5.800E-16
6.855E+00  3.083E-24  5.607E-16
6.792E+00  3.081E-24  5.550E-16
6.730E+00  3.088E-24  5.512E-16
6.668E+00  3.033E-24  5.365E-16
6.607E+00  2.919E-24  5.115E-16
6.546E+00  2.840E-24  4.932E-16
6.486E+00  2.921E-24  5.026E-16
6.427E+00  3.313E-24  5.647E-16
6.368E+00  4.317E-24  7.293E-16
6.310E+00  6.620E-24  1.108E-15
6.252E+00  1.058E-23  1.755E-15
6.194E+00  1.072E-23  1.761E-15
6.138E+00  6.484E-24  1.056E-15
6.081E+00  3.861E-24  6.229E-16
6.026E+00  2.639E-24  4.217E-16
5.970E+00  2.052E-24  3.250E-16
5.916E+00  1.782E-24  2.796E-16
5.861E+00  1.719E-24  2.672E-16
5.808E+00  1.848E-24  2.847E-16
5.754E+00  2.146E-24  3.275E-16
5.702E+00  2.312E-24  3.496E-16
5.649E+00  1.982E-24  2.970E-16
5.598E+00  1.506E-24  2.237E-16
5.546E+00  1.177E-24  1.731E-16
5.495E+00  9.830E-25  1.433E-16
5.445E+00  8.755E-25  1.265E-16
5.395E+00  8.319E-25  1.191E-16
5.346E+00  8.588E-25  1.218E-16
5.297E+00  9.804E-25  1.377E-16
5.248E+00  1.067E-24  1.485E-16
5.200E+00  8.802E-25  1.214E-16
5.152E+00  6.882E-25  9.405E-17
5.105E+00  5.811E-25  7.868E-17
5.058E+00  5.195E-25  6.970E-17
5.012E+00  4.795E-25  6.374E-17
4.966E+00  4.506E-25  5.935E-17
4.920E+00  4.281E-25  5.587E-17
4.875E+00  4.097E-25  5.298E-17
4.831E+00  3.941E-25  5.049E-17
4.786E+00  3.805E-25  4.830E-17
4.742E+00  3.684E-25  4.635E-17
4.699E+00  3.576E-25  4.457E-17
4.656E+00  3.478E-25  4.295E-17
4.613E+00  3.388E-25  4.146E-17
4.571E+00  3.306E-25  4.008E-17
4.529E+00  3.229E-25  3.880E-17
4.487E+00  3.159E-25  3.760E-17
4.446E+00  3.093E-25  3.648E-17
4.406E+00  3.031E-25  3.543E-17
4.365E+00  2.974E-25  3.444E-17
4.325E+00  2.921E-25  3.351E-17
4.285E+00  2.871E-25  3.263E-17
4.246E+00  2.824E-25  3.181E-17
4.207E+00  2.780E-25  3.103E-17
4.169E+00  2.739E-25  3.029E-17
4.130E+00  2.701E-25  2.960E-17
4.093E+00  2.666E-25  2.894E-17
4.055E+00  2.633E-25  2.833E-17
4.018E+00  2.604E-25  2.775E-17
3.981E+00  2.577E-25  2.721E-17
3.945E+00  2.553E-25  2.671E-17
3.908E+00  2.532E-25  2.625E-17
3.873E+00  2.515E-25  2.584E-17
3.837E+00  2.503E-25  2.547E-17
3.802E+00  2.495E-25  2.516E-17
3.767E+00  2.493E-25  2.491E-17
3.733E+00  2.498E-25  2.473E-17
3.698E+00  2.512E-25  2.464E-17
3.664E+00  2.537E-25  2.466E-17
3.631E+00  2.578E-25  2.483E-17
3.597E+00  2.641E-25  2.520E-17
3.565E+00  2.737E-25  2.588E-17
3.532E+00  2.883E-25  2.701E-17
3.499E+00  3.112E-25  2.888E-17
3.467E+00  3.487E-25  3.208E-17
3.436E+00  4.153E-25  3.784E-17
3.404E+00  5.474E-25  4.943E-17
3.373E+00  8.640E-25  7.730E-17
3.342E+00  1.914E-24  1.697E-16
3.311E+00  7.121E-24  6.255E-16
3.281E+00  4.871E-24  4.239E-16
3.251E+00  1.418E-24  1.222E-16
3.221E+00  6.960E-25  5.946E-17
3.192E+00  4.569E-25  3.868E-17
3.162E+00  3.511E-25  2.945E-17
3.133E+00  2.952E-25  2.453E-17
3.105E+00  2.619E-25  2.157E-17
3.076E+00  2.404E-25  1.961E-17
3.048E+00  2.255E-25  1.823E-17
3.020E+00  2.147E-25  1.720E-17
2.992E+00  2.064E-25  1.638E-17
2.965E+00  1.999E-25  1.572E-17
2.938E+00  1.946E-25  1.516E-17
2.911E+00  1.902E-25  1.468E-17
2.884E+00  1.864E-25  1.426E-17
2.858E+00  1.831E-25  1.388E-17
2.831E+00  1.802E-25  1.353E-17
2.805E+00  1.775E-25  1.321E-17
2.780E+00  1.751E-25  1.291E-17
2.754E+00  1.728E-25  1.263E-17
2.729E+00  1.707E-25  1.236E-17
2.704E+00  1.688E-25  1.210E-17
2.679E+00  1.669E-25  1.186E-17
2.655E+00  1.651E-25  1.162E-17
2.630E+00  1.634E-25  1.140E-17
2.606E+00  1.617E-25  1.118E-17
2.582E+00  1.600E-25  1.096E-17
2.559E+00  1.585E-25  1.075E-17
2.535E+00  1.569E-25  1.055E-17
2.512E+00  1.554E-25  1.035E-17
2.489E+00  1.539E-25  1.016E-17
2.466E+00  1.524E-25  9.967E-18
2.443E+00  1.509E-25  9.779E-18
2.421E+00  1.494E-25  9.594E-18
2.399E+00  1.479E-25  9.414E-18
2.377E+00  1.465E-25  9.237E-18
2.355E+00  1.451E-25  9.063E-18
2.333E+00  1.437E-25  8.892E-18
2.312E+00  1.423E-25  8.724E-18
2.291E+00  1.408E-25  8.558E-18
2.270E+00  1.394E-25  8.395E-18
2.249E+00  1.380E-25  8.233E-18
2.228E+00  1.366E-25  8.072E-18
2.208E+00  1.351E-25  7.913E-18
2.188E+00  1.336E-25  7.755E-18
2.168E+00  1.321E-25  7.598E-18
2.148E+00  1.306E-25  7.441E-18
2.128E+00  1.290E-25  7.282E-18
2.109E+00  1.273E-25  7.122E-18
2.089E+00  1.256E-25  6.960E-18
2.070E+00  1.237E-25  6.794E-18
2.051E+00  1.217E-25  6.622E-18
2.032E+00  1.195E-25  6.444E-18
2.014E+00  1.171E-25  6.256E-18
1.995E+00  1.144E-25  6.057E-18
1.977E+00  1.115E-25  5.847E-18
1.959E+00  1.084E-25  5.632E-18
1.941E+00  1.054E-25  5.424E-18
1.923E+00  1.029E-25  5.250E-18
1.905E+00  1.016E-25  5.135E-18
1.888E+00  1.016E-25  5.087E-18
1.871E+00  1.025E-25  5.084E-18
1.854E+00  1.036E-25  5.095E-18
1.837E+00  1.046E-25  5.098E-18
1.820E+00  1.053E-25  5.083E-18
1.803E+00  1.056E-25  5.050E-18
1.786E+00  1.056E-25  5.003E-18
1.770E+00  1.053E-25  4.945E-18
1.754E+00  1.049E-25  4.879E-18
1.738E+00  1.043E-25  4.808E-18
1.722E+00  1.036E-25  4.733E-18
1.706E+00  1.029E-25  4.657E-18
1.690E+00  1.021E-25  4.580E-18
1.675E+00  1.013E-25  4.502E-18
1.660E+00  1.005E-25  4.425E-18
1.644E+00  9.971E-26  4.349E-18
1.629E+00  9.889E-26  4.274E-18
1.614E+00  9.808E-26  4.200E-18
1.600E+00  9.730E-26  4.128E-18
1.585E+00  9.654E-26  4.059E-18
1.570E+00  9.583E-26  3.992E-18
1.556E+00  9.515E-26  3.927E-18
1.542E+00  9.453E-26  3.866E-18
1.528E+00  9.398E-26  3.808E-18
1.514E+00  9.351E-26  3.754E-18
1.500E+00  9.313E-26  3.705E-18
1.486E+00  9.286E-26  3.660E-18
1.472E+00  9.271E-26  3.621E-18
1.459E+00  9.271E-26  3.588E-18
1.445E+00  9.290E-26  3.562E-18
1.432E+00  9.330E-26  3.544E-18
1.419E+00  9.395E-26  3.536E-18
1.406E+00  9.491E-26  3.540E-18
1.393E+00  9.623E-26  3.556E-18
1.380E+00  9.800E-26  3.588E-18
1.368E+00  1.003E-25  3.638E-18
1.355E+00  1.032E-25  3.709E-18
1.343E+00  1.068E-25  3.803E-18
1.330E+00  1.111E-25  3.920E-18
1.318E+00  1.160E-25  4.057E-18
1.306E+00  1.213E-25  4.204E-18
1.294E+00  1.263E-25  4.336E-18
1.282E+00  1.299E-25  4.418E-18
1.271E+00  1.308E-25  4.407E-18
1.259E+00  1.280E-25  4.275E-18
1.247E+00  1.217E-25  4.027E-18
1.236E+00  1.130E-25  3.705E-18
1.225E+00  1.035E-25  3.362E-18
1.213E+00  9.449E-26  3.041E-18
1.202E+00  8.667E-26  2.764E-18
1.191E+00  8.028E-26  2.537E-18
1.180E+00  7.526E-26  2.356E-18
1.169E+00  7.149E-26  2.218E-18
1.159E+00  6.884E-26  2.116E-18
1.148E+00  6.722E-26  2.047E-18
1.138E+00  6.664E-26  2.011E-18
1.127E+00  6.718E-26  2.009E-18
1.117E+00  6.908E-26  2.047E-18
1.107E+00  7.277E-26  2.136E-18
1.096E+00  7.896E-26  2.296E-18
1.086E+00  8.865E-26  2.555E-18
1.076E+00  1.029E-25  2.937E-18
1.067E+00  1.208E-25  3.416E-18
1.057E+00  1.350E-25  3.786E-18
1.047E+00  1.324E-25  3.677E-18
1.038E+00  1.117E-25  3.073E-18
1.028E+00  8.724E-26  2.379E-18
1.019E+00  6.824E-26  1.844E-18
1.009E+00  5.529E-26  1.480E-18
1.000E+00  4.663E-26  1.237E-18
