Dust emission from Draine & Li (2007): ApJ 657, 810-837
==========================================================
         3 = grain model
 4.000E-08 4.000E-01 1.500E-05 = a_01 (cm) , sigma_1 , b_C1/0.92
 2.000E-07 5.500E-01 5.000E-06 = a_02 (cm) , sigma_2 , b_C2/0.92
 8.000E+00 8.000E+00 1.000E+00 = Umin , Umax, beta (dN/dU propto U^{-beta})
 8.000E+00 = <U> 
     mmp83 = radfield
 3.555E-23 = power/H (erg s-1)
 band   nu*P_nu(band) j_nu(band)
 (um)   (erg s-1 H-1)(Jy cm2 sr-1 H-1)
1.270E+00  5.280E-26  1.779E-18 COBE-DIRBE
2.220E+00  6.642E-26  3.911E-18 COBE-DIRBE
3.530E+00  4.416E-25  4.135E-17 COBE-DIRBE
4.880E+00  1.969E-25  2.549E-17 COBE-DIRBE
1.229E+01  1.951E-24  6.360E-16 COBE-DIRBE
2.079E+01  1.681E-24  9.269E-16 COBE-DIRBE
5.599E+01  1.789E-23  2.658E-14 COBE-DIRBE
9.770E+01  2.335E-23  6.052E-14 COBE-DIRBE
1.479E+02  1.417E-23  5.560E-14 COBE-DIRBE
2.479E+02  3.604E-24  2.369E-14 COBE-DIRBE
1.200E+01  2.076E-24  6.609E-16 IRAS
2.500E+01  1.734E-24  1.150E-15 IRAS
6.000E+01  1.914E-23  3.046E-14 IRAS
1.000E+02  2.306E-23  6.116E-14 IRAS
3.550E+00  5.139E-25  4.839E-17 SST-IRAC
4.493E+00  1.424E-25  1.698E-17 SST-IRAC
5.731E+00  1.161E-24  1.765E-16 SST-IRAC
7.872E+00  2.891E-24  6.036E-16 SST-IRAC
2.368E+01  1.545E-24  9.705E-16 SST-MIPS
7.142E+01  2.167E-23  4.105E-14 SST-MIPS
1.559E+02  1.193E-23  4.933E-14 SST-MIPS
1.600E+01  1.711E-24  7.263E-16 SST-IRSPU
2.200E+01  1.605E-24  9.365E-16 SST-IRSPU
7.500E+01  1.867E-23  3.715E-14 Herschel-PACS
1.100E+02  1.676E-23  4.890E-14 Herschel-PACS
1.700E+02  9.045E-24  4.079E-14 Herschel-PACS
2.500E+02  3.012E-24  1.998E-14 Herschel-SPIRE
3.600E+02  7.662E-25  7.316E-15 Herschel-SPIRE
5.200E+02  1.757E-25  2.423E-15 Herschel-SPIRE
2.400E+00  7.454E-26  4.745E-18 Akari IRC NIR N2
3.200E+00  3.392E-25  2.879E-17 Akari IRC NIR N3
4.100E+00  1.548E-25  1.683E-17 Akari IRC NIR N4
7.000E+00  3.271E-24  6.073E-16 Akari IRC MIR-S S7
9.000E+00  2.335E-24  5.575E-16 Akari IRC MIR-S S9W
1.100E+01  1.882E-24  5.491E-16 Akari IRC MIR-S S11
1.500E+01  1.784E-24  7.100E-16 Akari IRC MIR-L L15
1.800E+01  1.646E-24  7.858E-16 Akari IRC MIR-L L18W
2.400E+01  1.564E-24  9.955E-16 Akari IRC MIR-L L24
6.500E+01  2.233E-23  3.851E-14 Akari FIS N60
8.000E+01  2.372E-23  5.033E-14 Akari FIS WIDE-S
1.400E+02  1.416E-23  5.260E-14 Akari FIS WIDE-L
1.600E+02  1.127E-23  4.782E-14 Akari FIS N160
 
 
 
 


lambda    nu*dP/dnu     j_nu
 (um)   (erg s-1 H-1)(Jy cm2 sr-1 H-1)
1.000E+04  7.568E-31  2.007E-19
9.908E+03  7.846E-31  2.062E-19
9.817E+03  8.134E-31  2.118E-19
9.727E+03  8.432E-31  2.176E-19
9.638E+03  8.741E-31  2.235E-19
9.550E+03  9.062E-31  2.296E-19
9.462E+03  9.394E-31  2.358E-19
9.376E+03  9.739E-31  2.422E-19
9.290E+03  1.010E-30  2.488E-19
9.204E+03  1.047E-30  2.556E-19
9.120E+03  1.085E-30  2.625E-19
9.036E+03  1.125E-30  2.696E-19
8.954E+03  1.166E-30  2.770E-19
8.872E+03  1.209E-30  2.844E-19
8.790E+03  1.253E-30  2.921E-19
8.710E+03  1.299E-30  3.000E-19
8.630E+03  1.346E-30  3.081E-19
8.551E+03  1.395E-30  3.165E-19
8.472E+03  1.446E-30  3.251E-19
8.395E+03  1.499E-30  3.339E-19
8.318E+03  1.554E-30  3.430E-19
8.241E+03  1.611E-30  3.523E-19
8.166E+03  1.671E-30  3.619E-19
8.091E+03  1.732E-30  3.717E-19
8.017E+03  1.796E-30  3.819E-19
7.943E+03  1.862E-30  3.923E-19
7.870E+03  1.930E-30  4.030E-19
7.798E+03  2.001E-30  4.140E-19
7.727E+03  2.075E-30  4.253E-19
7.656E+03  2.152E-30  4.369E-19
7.586E+03  2.231E-30  4.489E-19
7.516E+03  2.313E-30  4.612E-19
7.447E+03  2.399E-30  4.739E-19
7.379E+03  2.487E-30  4.869E-19
7.311E+03  2.579E-30  5.003E-19
7.244E+03  2.675E-30  5.140E-19
7.178E+03  2.774E-30  5.282E-19
7.112E+03  2.877E-30  5.427E-19
7.047E+03  2.983E-30  5.577E-19
6.982E+03  3.094E-30  5.730E-19
6.918E+03  3.208E-30  5.888E-19
6.855E+03  3.327E-30  6.050E-19
6.792E+03  3.451E-30  6.217E-19
6.730E+03  3.579E-30  6.389E-19
6.668E+03  3.712E-30  6.565E-19
6.607E+03  3.850E-30  6.747E-19
6.546E+03  3.993E-30  6.934E-19
6.486E+03  4.142E-30  7.126E-19
6.427E+03  4.296E-30  7.323E-19
6.368E+03  4.456E-30  7.527E-19
6.310E+03  4.622E-30  7.736E-19
6.252E+03  4.794E-30  7.951E-19
6.194E+03  4.973E-30  8.172E-19
6.138E+03  5.159E-30  8.400E-19
6.081E+03  5.352E-30  8.634E-19
6.026E+03  5.552E-30  8.875E-19
5.970E+03  5.760E-30  9.122E-19
5.916E+03  5.976E-30  9.377E-19
5.861E+03  6.200E-30  9.639E-19
5.808E+03  6.432E-30  9.909E-19
5.754E+03  6.674E-30  1.019E-18
5.702E+03  6.924E-30  1.047E-18
5.649E+03  7.185E-30  1.077E-18
5.598E+03  7.455E-30  1.107E-18
5.546E+03  7.735E-30  1.138E-18
5.495E+03  8.026E-30  1.170E-18
5.445E+03  8.328E-30  1.203E-18
5.395E+03  8.642E-30  1.237E-18
5.346E+03  8.968E-30  1.272E-18
5.297E+03  9.307E-30  1.308E-18
5.248E+03  9.658E-30  1.344E-18
5.200E+03  1.002E-29  1.382E-18
5.152E+03  1.040E-29  1.422E-18
5.105E+03  1.079E-29  1.462E-18
5.058E+03  1.120E-29  1.503E-18
5.012E+03  1.163E-29  1.546E-18
4.966E+03  1.207E-29  1.590E-18
4.920E+03  1.252E-29  1.635E-18
4.875E+03  1.300E-29  1.681E-18
4.831E+03  1.349E-29  1.729E-18
4.786E+03  1.400E-29  1.778E-18
4.742E+03  1.454E-29  1.829E-18
4.699E+03  1.509E-29  1.881E-18
4.656E+03  1.566E-29  1.934E-18
4.613E+03  1.626E-29  1.989E-18
4.571E+03  1.688E-29  2.046E-18
4.529E+03  1.752E-29  2.105E-18
4.487E+03  1.819E-29  2.165E-18
4.446E+03  1.888E-29  2.227E-18
4.406E+03  1.960E-29  2.291E-18
4.365E+03  2.035E-29  2.357E-18
4.325E+03  2.113E-29  2.424E-18
4.285E+03  2.194E-29  2.494E-18
4.246E+03  2.278E-29  2.566E-18
4.207E+03  2.365E-29  2.639E-18
4.169E+03  2.456E-29  2.716E-18
4.130E+03  2.550E-29  2.794E-18
4.093E+03  2.648E-29  2.874E-18
4.055E+03  2.749E-29  2.957E-18
4.018E+03  2.855E-29  3.043E-18
3.981E+03  2.965E-29  3.131E-18
3.945E+03  3.079E-29  3.221E-18
3.908E+03  3.197E-29  3.314E-18
3.873E+03  3.320E-29  3.410E-18
3.837E+03  3.448E-29  3.509E-18
3.802E+03  3.580E-29  3.611E-18
3.767E+03  3.718E-29  3.716E-18
3.733E+03  3.862E-29  3.824E-18
3.698E+03  4.011E-29  3.935E-18
3.664E+03  4.166E-29  4.049E-18
3.631E+03  4.327E-29  4.167E-18
3.597E+03  4.494E-29  4.289E-18
3.565E+03  4.669E-29  4.414E-18
3.532E+03  4.849E-29  4.543E-18
3.499E+03  5.037E-29  4.676E-18
3.467E+03  5.233E-29  4.813E-18
3.436E+03  5.436E-29  4.954E-18
3.404E+03  5.647E-29  5.099E-18
3.373E+03  5.867E-29  5.249E-18
3.342E+03  6.095E-29  5.403E-18
3.311E+03  6.333E-29  5.562E-18
3.281E+03  6.580E-29  5.726E-18
3.251E+03  6.836E-29  5.895E-18
3.221E+03  7.103E-29  6.069E-18
3.192E+03  7.380E-29  6.248E-18
3.162E+03  7.669E-29  6.433E-18
3.133E+03  7.968E-29  6.623E-18
3.105E+03  8.280E-29  6.819E-18
3.076E+03  8.604E-29  7.021E-18
3.048E+03  8.941E-29  7.229E-18
3.020E+03  9.292E-29  7.443E-18
2.992E+03  9.656E-29  7.664E-18
2.965E+03  1.003E-28  7.891E-18
2.938E+03  1.043E-28  8.125E-18
2.911E+03  1.084E-28  8.366E-18
2.884E+03  1.126E-28  8.614E-18
2.858E+03  1.170E-28  8.870E-18
2.831E+03  1.216E-28  9.134E-18
2.805E+03  1.264E-28  9.406E-18
2.780E+03  1.314E-28  9.686E-18
2.754E+03  1.365E-28  9.975E-18
2.729E+03  1.419E-28  1.027E-17
2.704E+03  1.475E-28  1.058E-17
2.679E+03  1.533E-28  1.090E-17
2.655E+03  1.594E-28  1.122E-17
2.630E+03  1.657E-28  1.156E-17
2.606E+03  1.722E-28  1.190E-17
2.582E+03  1.790E-28  1.226E-17
2.559E+03  1.861E-28  1.263E-17
2.535E+03  1.935E-28  1.301E-17
2.512E+03  2.011E-28  1.340E-17
2.489E+03  2.091E-28  1.380E-17
2.466E+03  2.174E-28  1.422E-17
2.443E+03  2.260E-28  1.465E-17
2.421E+03  2.350E-28  1.509E-17
2.399E+03  2.443E-28  1.555E-17
2.377E+03  2.540E-28  1.602E-17
2.355E+03  2.641E-28  1.650E-17
2.333E+03  2.747E-28  1.700E-17
2.312E+03  2.856E-28  1.752E-17
2.291E+03  2.970E-28  1.805E-17
2.270E+03  3.088E-28  1.859E-17
2.249E+03  3.211E-28  1.916E-17
2.228E+03  3.339E-28  1.974E-17
2.208E+03  3.473E-28  2.034E-17
2.188E+03  3.611E-28  2.096E-17
2.168E+03  3.756E-28  2.160E-17
2.148E+03  3.906E-28  2.225E-17
2.128E+03  4.062E-28  2.293E-17
2.109E+03  4.225E-28  2.363E-17
2.089E+03  4.394E-28  2.435E-17
2.070E+03  4.570E-28  2.509E-17
2.051E+03  4.753E-28  2.586E-17
2.032E+03  4.943E-28  2.665E-17
2.014E+03  5.142E-28  2.746E-17
1.995E+03  5.348E-28  2.830E-17
1.977E+03  5.562E-28  2.917E-17
1.959E+03  5.785E-28  3.006E-17
1.941E+03  6.018E-28  3.098E-17
1.923E+03  6.259E-28  3.193E-17
1.905E+03  6.511E-28  3.291E-17
1.888E+03  6.773E-28  3.392E-17
1.871E+03  7.045E-28  3.496E-17
1.854E+03  7.328E-28  3.603E-17
1.837E+03  7.623E-28  3.714E-17
1.820E+03  7.930E-28  3.828E-17
1.803E+03  8.249E-28  3.945E-17
1.786E+03  8.582E-28  4.067E-17
1.770E+03  8.927E-28  4.192E-17
1.754E+03  9.287E-28  4.321E-17
1.738E+03  9.662E-28  4.454E-17
1.722E+03  1.005E-27  4.591E-17
1.706E+03  1.046E-27  4.732E-17
1.690E+03  1.088E-27  4.878E-17
1.675E+03  1.132E-27  5.028E-17
1.660E+03  1.177E-27  5.184E-17
1.644E+03  1.225E-27  5.343E-17
1.629E+03  1.275E-27  5.508E-17
1.614E+03  1.326E-27  5.678E-17
1.600E+03  1.380E-27  5.853E-17
1.585E+03  1.435E-27  6.034E-17
1.570E+03  1.493E-27  6.220E-17
1.556E+03  1.554E-27  6.413E-17
1.542E+03  1.616E-27  6.611E-17
1.528E+03  1.682E-27  6.815E-17
1.514E+03  1.750E-27  7.025E-17
1.500E+03  1.821E-27  7.242E-17
1.486E+03  1.894E-27  7.466E-17
1.472E+03  1.971E-27  7.697E-17
1.459E+03  2.051E-27  7.936E-17
1.445E+03  2.134E-27  8.181E-17
1.432E+03  2.220E-27  8.435E-17
1.419E+03  2.310E-27  8.696E-17
1.406E+03  2.404E-27  8.965E-17
1.393E+03  2.501E-27  9.243E-17
1.380E+03  2.602E-27  9.529E-17
1.368E+03  2.708E-27  9.824E-17
1.355E+03  2.818E-27  1.013E-16
1.343E+03  2.932E-27  1.044E-16
1.330E+03  3.050E-27  1.077E-16
1.318E+03  3.174E-27  1.110E-16
1.306E+03  3.303E-27  1.144E-16
1.294E+03  3.436E-27  1.180E-16
1.282E+03  3.576E-27  1.216E-16
1.271E+03  3.720E-27  1.254E-16
1.259E+03  3.871E-27  1.293E-16
1.247E+03  4.028E-27  1.333E-16
1.236E+03  4.191E-27  1.374E-16
1.225E+03  4.361E-27  1.417E-16
1.213E+03  4.537E-27  1.460E-16
1.202E+03  4.721E-27  1.505E-16
1.191E+03  4.912E-27  1.552E-16
1.180E+03  5.110E-27  1.600E-16
1.169E+03  5.317E-27  1.649E-16
1.159E+03  5.532E-27  1.700E-16
1.148E+03  5.756E-27  1.753E-16
1.138E+03  5.989E-27  1.807E-16
1.127E+03  6.231E-27  1.863E-16
1.117E+03  6.482E-27  1.920E-16
1.107E+03  6.744E-27  1.980E-16
1.096E+03  7.016E-27  2.041E-16
1.086E+03  7.300E-27  2.104E-16
1.076E+03  7.594E-27  2.168E-16
1.067E+03  7.901E-27  2.235E-16
1.057E+03  8.219E-27  2.304E-16
1.047E+03  8.550E-27  2.375E-16
1.038E+03  8.895E-27  2.448E-16
1.028E+03  9.253E-27  2.523E-16
1.019E+03  9.626E-27  2.601E-16
1.009E+03  1.001E-26  2.681E-16
1.000E+03  1.042E-26  2.763E-16
9.908E+02  1.083E-26  2.848E-16
9.817E+02  1.127E-26  2.935E-16
9.727E+02  1.172E-26  3.025E-16
9.638E+02  1.220E-26  3.118E-16
9.550E+02  1.269E-26  3.214E-16
9.462E+02  1.320E-26  3.312E-16
9.376E+02  1.373E-26  3.414E-16
9.290E+02  1.428E-26  3.518E-16
9.204E+02  1.485E-26  3.626E-16
9.120E+02  1.544E-26  3.736E-16
9.036E+02  1.606E-26  3.850E-16
8.954E+02  1.671E-26  3.968E-16
8.872E+02  1.737E-26  4.089E-16
8.790E+02  1.807E-26  4.213E-16
8.710E+02  1.879E-26  4.341E-16
8.630E+02  1.954E-26  4.473E-16
8.551E+02  2.032E-26  4.609E-16
8.472E+02  2.113E-26  4.748E-16
8.395E+02  2.197E-26  4.892E-16
8.318E+02  2.284E-26  5.040E-16
8.241E+02  2.375E-26  5.192E-16
8.166E+02  2.469E-26  5.349E-16
8.091E+02  2.567E-26  5.510E-16
8.017E+02  2.669E-26  5.676E-16
7.943E+02  2.775E-26  5.846E-16
7.870E+02  2.885E-26  6.022E-16
7.798E+02  2.999E-26  6.203E-16
7.727E+02  3.117E-26  6.389E-16
7.656E+02  3.240E-26  6.580E-16
7.586E+02  3.368E-26  6.777E-16
7.516E+02  3.501E-26  6.980E-16
7.447E+02  3.639E-26  7.189E-16
7.379E+02  3.783E-26  7.404E-16
7.311E+02  3.932E-26  7.625E-16
7.244E+02  4.087E-26  7.854E-16
7.178E+02  4.248E-26  8.088E-16
7.112E+02  4.416E-26  8.330E-16
7.047E+02  4.590E-26  8.579E-16
6.982E+02  4.770E-26  8.835E-16
6.918E+02  4.958E-26  9.099E-16
6.855E+02  5.153E-26  9.370E-16
6.792E+02  5.356E-26  9.650E-16
6.730E+02  5.566E-26  9.936E-16
6.668E+02  5.784E-26  1.023E-15
6.607E+02  6.011E-26  1.053E-15
6.546E+02  6.247E-26  1.085E-15
6.486E+02  6.493E-26  1.117E-15
6.427E+02  6.748E-26  1.150E-15
6.368E+02  7.014E-26  1.185E-15
6.310E+02  7.289E-26  1.220E-15
6.252E+02  7.576E-26  1.256E-15
6.194E+02  7.873E-26  1.294E-15
6.138E+02  8.183E-26  1.332E-15
6.081E+02  8.504E-26  1.372E-15
6.026E+02  8.838E-26  1.413E-15
5.970E+02  9.185E-26  1.455E-15
5.916E+02  9.545E-26  1.498E-15
5.861E+02  9.919E-26  1.542E-15
5.808E+02  1.031E-25  1.588E-15
5.754E+02  1.071E-25  1.635E-15
5.702E+02  1.113E-25  1.684E-15
5.649E+02  1.157E-25  1.733E-15
5.598E+02  1.202E-25  1.785E-15
5.546E+02  1.249E-25  1.838E-15
5.495E+02  1.298E-25  1.892E-15
5.445E+02  1.349E-25  1.948E-15
5.395E+02  1.401E-25  2.006E-15
5.346E+02  1.456E-25  2.065E-15
5.297E+02  1.513E-25  2.126E-15
5.248E+02  1.572E-25  2.189E-15
5.200E+02  1.634E-25  2.253E-15
5.152E+02  1.697E-25  2.320E-15
5.105E+02  1.763E-25  2.388E-15
5.058E+02  1.832E-25  2.458E-15
5.012E+02  1.904E-25  2.531E-15
4.966E+02  1.978E-25  2.605E-15
4.920E+02  2.055E-25  2.682E-15
4.875E+02  2.134E-25  2.760E-15
4.831E+02  2.217E-25  2.841E-15
4.786E+02  2.303E-25  2.924E-15
4.742E+02  2.393E-25  3.010E-15
4.699E+02  2.485E-25  3.098E-15
4.656E+02  2.582E-25  3.188E-15
4.613E+02  2.682E-25  3.281E-15
4.571E+02  2.785E-25  3.377E-15
4.529E+02  2.893E-25  3.475E-15
4.487E+02  3.005E-25  3.576E-15
4.446E+02  3.120E-25  3.680E-15
4.406E+02  3.241E-25  3.787E-15
4.365E+02  3.365E-25  3.897E-15
4.325E+02  3.495E-25  4.009E-15
4.285E+02  3.629E-25  4.125E-15
4.246E+02  3.768E-25  4.244E-15
4.207E+02  3.913E-25  4.367E-15
4.169E+02  4.063E-25  4.492E-15
4.130E+02  4.218E-25  4.621E-15
4.093E+02  4.379E-25  4.754E-15
4.055E+02  4.547E-25  4.891E-15
4.018E+02  4.720E-25  5.031E-15
3.981E+02  4.900E-25  5.174E-15
3.945E+02  5.087E-25  5.322E-15
3.908E+02  5.280E-25  5.474E-15
3.873E+02  5.481E-25  5.630E-15
3.837E+02  5.689E-25  5.790E-15
3.802E+02  5.905E-25  5.955E-15
3.767E+02  6.128E-25  6.124E-15
3.733E+02  6.360E-25  6.297E-15
3.698E+02  6.600E-25  6.475E-15
3.664E+02  6.849E-25  6.657E-15
3.631E+02  7.107E-25  6.845E-15
3.597E+02  7.374E-25  7.037E-15
3.565E+02  7.651E-25  7.234E-15
3.532E+02  7.938E-25  7.437E-15
3.499E+02  8.235E-25  7.644E-15
3.467E+02  8.543E-25  7.857E-15
3.436E+02  8.861E-25  8.075E-15
3.404E+02  9.191E-25  8.299E-15
3.373E+02  9.533E-25  8.529E-15
3.342E+02  9.887E-25  8.764E-15
3.311E+02  1.025E-24  9.006E-15
3.281E+02  1.063E-24  9.253E-15
3.251E+02  1.102E-24  9.506E-15
3.221E+02  1.143E-24  9.766E-15
3.192E+02  1.185E-24  1.003E-14
3.162E+02  1.228E-24  1.030E-14
3.133E+02  1.273E-24  1.058E-14
3.105E+02  1.320E-24  1.087E-14
3.076E+02  1.368E-24  1.116E-14
3.048E+02  1.418E-24  1.146E-14
3.020E+02  1.469E-24  1.177E-14
2.992E+02  1.522E-24  1.208E-14
2.965E+02  1.577E-24  1.240E-14
2.938E+02  1.634E-24  1.273E-14
2.911E+02  1.693E-24  1.307E-14
2.884E+02  1.753E-24  1.341E-14
2.858E+02  1.816E-24  1.376E-14
2.831E+02  1.881E-24  1.412E-14
2.805E+02  1.947E-24  1.449E-14
2.780E+02  2.016E-24  1.487E-14
2.754E+02  2.088E-24  1.525E-14
2.729E+02  2.161E-24  1.565E-14
2.704E+02  2.238E-24  1.605E-14
2.679E+02  2.316E-24  1.646E-14
2.655E+02  2.397E-24  1.688E-14
2.630E+02  2.481E-24  1.731E-14
2.606E+02  2.568E-24  1.775E-14
2.582E+02  2.657E-24  1.820E-14
2.559E+02  2.749E-24  1.866E-14
2.535E+02  2.843E-24  1.912E-14
2.512E+02  2.939E-24  1.959E-14
2.489E+02  3.038E-24  2.005E-14
2.466E+02  3.137E-24  2.052E-14
2.443E+02  3.238E-24  2.099E-14
2.421E+02  3.342E-24  2.146E-14
2.399E+02  3.449E-24  2.194E-14
2.377E+02  3.556E-24  2.242E-14
2.355E+02  3.666E-24  2.290E-14
2.333E+02  3.779E-24  2.339E-14
2.312E+02  3.895E-24  2.389E-14
2.291E+02  4.014E-24  2.439E-14
2.270E+02  4.136E-24  2.490E-14
2.249E+02  4.260E-24  2.542E-14
2.228E+02  4.389E-24  2.594E-14
2.208E+02  4.520E-24  2.647E-14
2.188E+02  4.654E-24  2.701E-14
2.168E+02  4.792E-24  2.755E-14
2.148E+02  4.932E-24  2.810E-14
2.128E+02  5.076E-24  2.866E-14
2.109E+02  5.224E-24  2.922E-14
2.089E+02  5.375E-24  2.979E-14
2.070E+02  5.529E-24  3.036E-14
2.051E+02  5.686E-24  3.094E-14
2.032E+02  5.847E-24  3.152E-14
2.014E+02  6.012E-24  3.211E-14
1.995E+02  6.180E-24  3.271E-14
1.977E+02  6.352E-24  3.331E-14
1.959E+02  6.527E-24  3.391E-14
1.941E+02  6.706E-24  3.452E-14
1.923E+02  6.888E-24  3.514E-14
1.905E+02  7.075E-24  3.576E-14
1.888E+02  7.265E-24  3.638E-14
1.871E+02  7.459E-24  3.701E-14
1.854E+02  7.657E-24  3.765E-14
1.837E+02  7.859E-24  3.829E-14
1.820E+02  8.065E-24  3.893E-14
1.803E+02  8.275E-24  3.957E-14
1.786E+02  8.489E-24  4.023E-14
1.770E+02  8.707E-24  4.088E-14
1.754E+02  8.929E-24  4.154E-14
1.738E+02  9.156E-24  4.221E-14
1.722E+02  9.387E-24  4.287E-14
1.706E+02  9.622E-24  4.355E-14
1.690E+02  9.862E-24  4.422E-14
1.675E+02  1.011E-23  4.490E-14
1.660E+02  1.036E-23  4.559E-14
1.644E+02  1.061E-23  4.628E-14
1.629E+02  1.087E-23  4.698E-14
1.614E+02  1.114E-23  4.769E-14
1.600E+02  1.141E-23  4.840E-14
1.585E+02  1.168E-23  4.911E-14
1.570E+02  1.196E-23  4.984E-14
1.556E+02  1.225E-23  5.057E-14
1.542E+02  1.255E-23  5.131E-14
1.528E+02  1.285E-23  5.206E-14
1.514E+02  1.316E-23  5.282E-14
1.500E+02  1.347E-23  5.359E-14
1.486E+02  1.379E-23  5.436E-14
1.472E+02  1.412E-23  5.513E-14
1.459E+02  1.444E-23  5.589E-14
1.445E+02  1.477E-23  5.663E-14
1.432E+02  1.509E-23  5.734E-14
1.419E+02  1.541E-23  5.800E-14
1.406E+02  1.571E-23  5.859E-14
1.393E+02  1.599E-23  5.910E-14
1.380E+02  1.626E-23  5.952E-14
1.368E+02  1.650E-23  5.985E-14
1.355E+02  1.672E-23  6.011E-14
1.343E+02  1.693E-23  6.030E-14
1.330E+02  1.713E-23  6.047E-14
1.318E+02  1.733E-23  6.061E-14
1.306E+02  1.753E-23  6.074E-14
1.294E+02  1.773E-23  6.086E-14
1.282E+02  1.793E-23  6.099E-14
1.271E+02  1.813E-23  6.111E-14
1.259E+02  1.834E-23  6.124E-14
1.247E+02  1.855E-23  6.137E-14
1.236E+02  1.876E-23  6.150E-14
1.225E+02  1.897E-23  6.164E-14
1.213E+02  1.919E-23  6.177E-14
1.202E+02  1.941E-23  6.190E-14
1.191E+02  1.963E-23  6.203E-14
1.180E+02  1.985E-23  6.215E-14
1.169E+02  2.007E-23  6.226E-14
1.159E+02  2.029E-23  6.236E-14
1.148E+02  2.051E-23  6.245E-14
1.138E+02  2.072E-23  6.254E-14
1.127E+02  2.094E-23  6.261E-14
1.117E+02  2.116E-23  6.268E-14
1.107E+02  2.137E-23  6.273E-14
1.096E+02  2.158E-23  6.278E-14
1.086E+02  2.179E-23  6.281E-14
1.076E+02  2.200E-23  6.282E-14
1.067E+02  2.221E-23  6.283E-14
1.057E+02  2.241E-23  6.282E-14
1.047E+02  2.261E-23  6.279E-14
1.038E+02  2.280E-23  6.275E-14
1.028E+02  2.299E-23  6.269E-14
1.019E+02  2.317E-23  6.260E-14
1.009E+02  2.335E-23  6.250E-14
1.000E+02  2.352E-23  6.239E-14
9.908E+01  2.368E-23  6.225E-14
9.817E+01  2.385E-23  6.210E-14
9.727E+01  2.400E-23  6.192E-14
9.638E+01  2.414E-23  6.173E-14
9.550E+01  2.428E-23  6.152E-14
9.462E+01  2.442E-23  6.128E-14
9.376E+01  2.454E-23  6.103E-14
9.290E+01  2.466E-23  6.076E-14
9.204E+01  2.477E-23  6.047E-14
9.120E+01  2.487E-23  6.016E-14
9.036E+01  2.496E-23  5.983E-14
8.954E+01  2.505E-23  5.949E-14
8.872E+01  2.512E-23  5.912E-14
8.790E+01  2.519E-23  5.874E-14
8.710E+01  2.525E-23  5.834E-14
8.630E+01  2.531E-23  5.793E-14
8.551E+01  2.535E-23  5.750E-14
8.472E+01  2.539E-23  5.705E-14
8.395E+01  2.541E-23  5.659E-14
8.318E+01  2.543E-23  5.611E-14
8.241E+01  2.544E-23  5.562E-14
8.166E+01  2.544E-23  5.511E-14
8.091E+01  2.544E-23  5.459E-14
8.017E+01  2.542E-23  5.406E-14
7.943E+01  2.539E-23  5.351E-14
7.870E+01  2.536E-23  5.294E-14
7.798E+01  2.531E-23  5.236E-14
7.727E+01  2.526E-23  5.177E-14
7.656E+01  2.520E-23  5.117E-14
7.586E+01  2.512E-23  5.055E-14
7.516E+01  2.504E-23  4.993E-14
7.447E+01  2.495E-23  4.929E-14
7.379E+01  2.485E-23  4.864E-14
7.311E+01  2.474E-23  4.798E-14
7.244E+01  2.462E-23  4.731E-14
7.178E+01  2.449E-23  4.664E-14
7.112E+01  2.436E-23  4.596E-14
7.047E+01  2.422E-23  4.527E-14
6.982E+01  2.407E-23  4.458E-14
6.918E+01  2.391E-23  4.388E-14
6.855E+01  2.374E-23  4.317E-14
6.792E+01  2.357E-23  4.246E-14
6.730E+01  2.339E-23  4.175E-14
6.668E+01  2.320E-23  4.103E-14
6.607E+01  2.300E-23  4.032E-14
6.546E+01  2.280E-23  3.959E-14
6.486E+01  2.259E-23  3.887E-14
6.427E+01  2.238E-23  3.815E-14
6.368E+01  2.216E-23  3.742E-14
6.310E+01  2.193E-23  3.670E-14
6.252E+01  2.170E-23  3.598E-14
6.194E+01  2.146E-23  3.526E-14
6.138E+01  2.122E-23  3.454E-14
6.081E+01  2.097E-23  3.383E-14
6.026E+01  2.072E-23  3.312E-14
5.970E+01  2.046E-23  3.241E-14
5.916E+01  2.020E-23  3.170E-14
5.861E+01  1.994E-23  3.100E-14
5.808E+01  1.967E-23  3.030E-14
5.754E+01  1.940E-23  2.961E-14
5.702E+01  1.913E-23  2.893E-14
5.649E+01  1.885E-23  2.825E-14
5.598E+01  1.857E-23  2.757E-14
5.546E+01  1.829E-23  2.691E-14
5.495E+01  1.801E-23  2.625E-14
5.445E+01  1.773E-23  2.560E-14
5.395E+01  1.744E-23  2.496E-14
5.346E+01  1.716E-23  2.433E-14
5.297E+01  1.687E-23  2.370E-14
5.248E+01  1.658E-23  2.308E-14
5.200E+01  1.629E-23  2.247E-14
5.152E+01  1.600E-23  2.187E-14
5.105E+01  1.571E-23  2.128E-14
5.058E+01  1.543E-23  2.070E-14
5.012E+01  1.514E-23  2.013E-14
4.966E+01  1.485E-23  1.956E-14
4.920E+01  1.456E-23  1.901E-14
4.875E+01  1.428E-23  1.846E-14
4.831E+01  1.399E-23  1.793E-14
4.786E+01  1.371E-23  1.741E-14
4.742E+01  1.343E-23  1.689E-14
4.699E+01  1.315E-23  1.639E-14
4.656E+01  1.287E-23  1.589E-14
4.613E+01  1.259E-23  1.541E-14
4.571E+01  1.232E-23  1.493E-14
4.529E+01  1.204E-23  1.447E-14
4.487E+01  1.177E-23  1.401E-14
4.446E+01  1.150E-23  1.356E-14
4.406E+01  1.123E-23  1.312E-14
4.365E+01  1.096E-23  1.269E-14
4.325E+01  1.070E-23  1.227E-14
4.285E+01  1.043E-23  1.186E-14
4.246E+01  1.017E-23  1.146E-14
4.207E+01  9.914E-24  1.106E-14
4.169E+01  9.657E-24  1.068E-14
4.130E+01  9.402E-24  1.030E-14
4.093E+01  9.148E-24  9.931E-15
4.055E+01  8.897E-24  9.570E-15
4.018E+01  8.648E-24  9.216E-15
3.981E+01  8.400E-24  8.871E-15
3.945E+01  8.155E-24  8.533E-15
3.908E+01  7.912E-24  8.203E-15
3.873E+01  7.671E-24  7.880E-15
3.837E+01  7.432E-24  7.565E-15
3.802E+01  7.196E-24  7.257E-15
3.767E+01  6.962E-24  6.957E-15
3.733E+01  6.730E-24  6.664E-15
3.698E+01  6.502E-24  6.378E-15
3.664E+01  6.277E-24  6.101E-15
3.631E+01  6.054E-24  5.831E-15
3.597E+01  5.835E-24  5.568E-15
3.565E+01  5.620E-24  5.314E-15
3.532E+01  5.409E-24  5.068E-15
3.499E+01  5.203E-24  4.829E-15
3.467E+01  5.000E-24  4.599E-15
3.436E+01  4.804E-24  4.378E-15
3.404E+01  4.612E-24  4.164E-15
3.373E+01  4.425E-24  3.959E-15
3.342E+01  4.245E-24  3.763E-15
3.311E+01  4.071E-24  3.576E-15
3.281E+01  3.904E-24  3.397E-15
3.251E+01  3.742E-24  3.227E-15
3.221E+01  3.588E-24  3.066E-15
3.192E+01  3.441E-24  2.913E-15
3.162E+01  3.300E-24  2.768E-15
3.133E+01  3.167E-24  2.632E-15
3.105E+01  3.041E-24  2.504E-15
3.076E+01  2.922E-24  2.384E-15
3.048E+01  2.810E-24  2.272E-15
3.020E+01  2.704E-24  2.166E-15
2.992E+01  2.606E-24  2.069E-15
2.965E+01  2.514E-24  1.977E-15
2.938E+01  2.428E-24  1.892E-15
2.911E+01  2.348E-24  1.813E-15
2.884E+01  2.274E-24  1.740E-15
2.858E+01  2.206E-24  1.672E-15
2.831E+01  2.142E-24  1.609E-15
2.805E+01  2.084E-24  1.551E-15
2.780E+01  2.030E-24  1.497E-15
2.754E+01  1.980E-24  1.447E-15
2.729E+01  1.934E-24  1.400E-15
2.704E+01  1.892E-24  1.357E-15
2.679E+01  1.853E-24  1.317E-15
2.655E+01  1.818E-24  1.280E-15
2.630E+01  1.785E-24  1.245E-15
2.606E+01  1.755E-24  1.213E-15
2.582E+01  1.728E-24  1.183E-15
2.559E+01  1.703E-24  1.156E-15
2.535E+01  1.680E-24  1.129E-15
2.512E+01  1.659E-24  1.105E-15
2.489E+01  1.639E-24  1.082E-15
2.466E+01  1.622E-24  1.061E-15
2.443E+01  1.606E-24  1.041E-15
2.421E+01  1.591E-24  1.022E-15
2.399E+01  1.578E-24  1.004E-15
2.377E+01  1.566E-24  9.870E-16
2.355E+01  1.554E-24  9.711E-16
2.333E+01  1.545E-24  9.561E-16
2.312E+01  1.536E-24  9.420E-16
2.291E+01  1.528E-24  9.283E-16
2.270E+01  1.521E-24  9.155E-16
2.249E+01  1.515E-24  9.036E-16
2.228E+01  1.509E-24  8.921E-16
2.208E+01  1.505E-24  8.813E-16
2.188E+01  1.501E-24  8.708E-16
2.168E+01  1.497E-24  8.608E-16
2.148E+01  1.494E-24  8.514E-16
2.128E+01  1.492E-24  8.424E-16
2.109E+01  1.491E-24  8.340E-16
2.089E+01  1.490E-24  8.259E-16
2.070E+01  1.490E-24  8.182E-16
2.051E+01  1.491E-24  8.111E-16
2.032E+01  1.492E-24  8.044E-16
2.014E+01  1.495E-24  7.985E-16
1.995E+01  1.499E-24  7.932E-16
1.977E+01  1.504E-24  7.889E-16
1.959E+01  1.512E-24  7.858E-16
1.941E+01  1.526E-24  7.857E-16
1.923E+01  1.554E-24  7.927E-16
1.905E+01  1.625E-24  8.213E-16
1.888E+01  1.683E-24  8.428E-16
1.871E+01  1.608E-24  7.981E-16
1.854E+01  1.589E-24  7.810E-16
1.837E+01  1.601E-24  7.798E-16
1.820E+01  1.634E-24  7.886E-16
1.803E+01  1.703E-24  8.145E-16
1.786E+01  1.819E-24  8.621E-16
1.770E+01  1.841E-24  8.646E-16
1.754E+01  1.960E-24  9.117E-16
1.738E+01  2.235E-24  1.030E-15
1.722E+01  2.205E-24  1.007E-15
1.706E+01  2.221E-24  1.005E-15
1.690E+01  2.167E-24  9.718E-16
1.675E+01  2.074E-24  9.213E-16
1.660E+01  2.106E-24  9.273E-16
1.644E+01  2.435E-24  1.062E-15
1.629E+01  1.872E-24  8.091E-16
1.614E+01  1.642E-24  7.033E-16
1.600E+01  1.563E-24  6.630E-16
1.585E+01  1.512E-24  6.356E-16
1.570E+01  1.454E-24  6.057E-16
1.556E+01  1.417E-24  5.848E-16
1.542E+01  1.391E-24  5.689E-16
1.528E+01  1.372E-24  5.558E-16
1.514E+01  1.357E-24  5.447E-16
1.500E+01  1.346E-24  5.354E-16
1.486E+01  1.340E-24  5.281E-16
1.472E+01  1.341E-24  5.236E-16
1.459E+01  1.353E-24  5.236E-16
1.445E+01  1.390E-24  5.330E-16
1.432E+01  1.481E-24  5.624E-16
1.419E+01  1.584E-24  5.963E-16
1.406E+01  1.527E-24  5.694E-16
1.393E+01  1.502E-24  5.551E-16
1.380E+01  1.571E-24  5.751E-16
1.368E+01  1.727E-24  6.266E-16
1.355E+01  1.927E-24  6.926E-16
1.343E+01  1.980E-24  7.054E-16
1.330E+01  1.874E-24  6.615E-16
1.318E+01  1.824E-24  6.379E-16
1.306E+01  1.916E-24  6.638E-16
1.294E+01  2.184E-24  7.499E-16
1.282E+01  2.677E-24  9.106E-16
1.271E+01  3.302E-24  1.113E-15
1.259E+01  3.509E-24  1.172E-15
1.247E+01  3.070E-24  1.016E-15
1.236E+01  2.617E-24  8.580E-16
1.225E+01  2.464E-24  8.003E-16
1.213E+01  2.579E-24  8.302E-16
1.202E+01  2.746E-24  8.759E-16
1.191E+01  2.647E-24  8.365E-16
1.180E+01  2.399E-24  7.513E-16
1.169E+01  2.335E-24  7.244E-16
1.159E+01  2.643E-24  8.124E-16
1.148E+01  3.560E-24  1.084E-15
1.138E+01  5.099E-24  1.539E-15
1.127E+01  6.778E-24  2.027E-15
1.117E+01  4.783E-24  1.417E-15
1.107E+01  2.463E-24  7.230E-16
1.096E+01  1.692E-24  4.923E-16
1.086E+01  1.337E-24  3.854E-16
1.076E+01  1.150E-24  3.282E-16
1.067E+01  1.038E-24  2.938E-16
1.057E+01  9.419E-25  2.640E-16
1.047E+01  8.777E-25  2.438E-16
1.038E+01  8.347E-25  2.297E-16
1.028E+01  8.043E-25  2.193E-16
1.019E+01  7.824E-25  2.114E-16
1.009E+01  7.673E-25  2.054E-16
1.000E+01  7.578E-25  2.010E-16
9.908E+00  7.533E-25  1.980E-16
9.817E+00  7.535E-25  1.962E-16
9.727E+00  7.585E-25  1.957E-16
9.638E+00  7.684E-25  1.965E-16
9.550E+00  7.838E-25  1.985E-16
9.462E+00  8.054E-25  2.022E-16
9.376E+00  8.349E-25  2.076E-16
9.290E+00  8.747E-25  2.155E-16
9.204E+00  9.289E-25  2.268E-16
9.120E+00  1.004E-24  2.429E-16
9.036E+00  1.112E-24  2.666E-16
8.954E+00  1.274E-24  3.026E-16
8.872E+00  1.529E-24  3.599E-16
8.790E+00  1.946E-24  4.538E-16
8.710E+00  2.582E-24  5.965E-16
8.630E+00  3.176E-24  7.271E-16
8.551E+00  3.105E-24  7.043E-16
8.472E+00  2.697E-24  6.061E-16
8.395E+00  2.489E-24  5.542E-16
8.318E+00  2.478E-24  5.467E-16
8.241E+00  2.588E-24  5.657E-16
8.166E+00  2.862E-24  6.199E-16
8.091E+00  3.382E-24  7.258E-16
8.017E+00  4.209E-24  8.950E-16
7.943E+00  5.290E-24  1.115E-15
7.870E+00  6.235E-24  1.302E-15
7.798E+00  6.573E-24  1.360E-15
7.727E+00  6.612E-24  1.355E-15
7.656E+00  6.818E-24  1.385E-15
7.586E+00  6.636E-24  1.335E-15
7.516E+00  5.582E-24  1.113E-15
7.447E+00  4.397E-24  8.686E-16
7.379E+00  3.528E-24  6.905E-16
7.311E+00  2.925E-24  5.673E-16
7.244E+00  2.485E-24  4.775E-16
7.178E+00  2.149E-24  4.092E-16
7.112E+00  1.891E-24  3.568E-16
7.047E+00  1.700E-24  3.178E-16
6.982E+00  1.571E-24  2.909E-16
6.918E+00  1.499E-24  2.751E-16
6.855E+00  1.481E-24  2.693E-16
6.792E+00  1.501E-24  2.704E-16
6.730E+00  1.521E-24  2.716E-16
6.668E+00  1.500E-24  2.652E-16
6.607E+00  1.435E-24  2.516E-16
6.546E+00  1.383E-24  2.401E-16
6.486E+00  1.410E-24  2.426E-16
6.427E+00  1.595E-24  2.719E-16
6.368E+00  2.081E-24  3.515E-16
6.310E+00  3.171E-24  5.307E-16
6.252E+00  4.934E-24  8.182E-16
6.194E+00  4.995E-24  8.207E-16
6.138E+00  3.110E-24  5.063E-16
6.081E+00  1.851E-24  2.985E-16
6.026E+00  1.231E-24  1.968E-16
5.970E+00  9.174E-25  1.453E-16
5.916E+00  7.535E-25  1.182E-16
5.861E+00  6.808E-25  1.059E-16
5.808E+00  6.865E-25  1.058E-16
5.754E+00  7.706E-25  1.176E-16
5.702E+00  8.300E-25  1.255E-16
5.649E+00  6.991E-25  1.048E-16
5.598E+00  5.314E-25  7.891E-17
5.546E+00  4.282E-25  6.300E-17
5.495E+00  3.734E-25  5.443E-17
5.445E+00  3.497E-25  5.051E-17
5.395E+00  3.535E-25  5.059E-17
5.346E+00  3.921E-25  5.559E-17
5.297E+00  4.557E-25  6.402E-17
5.248E+00  4.452E-25  6.197E-17
5.200E+00  3.527E-25  4.865E-17
5.152E+00  2.807E-25  3.836E-17
5.105E+00  2.389E-25  3.236E-17
5.058E+00  2.138E-25  2.869E-17
5.012E+00  1.973E-25  2.622E-17
4.966E+00  1.854E-25  2.442E-17
4.920E+00  1.763E-25  2.301E-17
4.875E+00  1.690E-25  2.186E-17
4.831E+00  1.630E-25  2.088E-17
4.786E+00  1.578E-25  2.004E-17
4.742E+00  1.534E-25  1.930E-17
4.699E+00  1.495E-25  1.864E-17
4.656E+00  1.461E-25  1.804E-17
4.613E+00  1.430E-25  1.749E-17
4.571E+00  1.402E-25  1.699E-17
4.529E+00  1.376E-25  1.653E-17
4.487E+00  1.353E-25  1.611E-17
4.446E+00  1.332E-25  1.571E-17
4.406E+00  1.313E-25  1.534E-17
4.365E+00  1.295E-25  1.499E-17
4.325E+00  1.279E-25  1.467E-17
4.285E+00  1.264E-25  1.437E-17
4.246E+00  1.250E-25  1.408E-17
4.207E+00  1.238E-25  1.381E-17
4.169E+00  1.226E-25  1.356E-17
4.130E+00  1.216E-25  1.333E-17
4.093E+00  1.207E-25  1.310E-17
4.055E+00  1.199E-25  1.290E-17
4.018E+00  1.192E-25  1.271E-17
3.981E+00  1.187E-25  1.253E-17
3.945E+00  1.183E-25  1.238E-17
3.908E+00  1.180E-25  1.224E-17
3.873E+00  1.180E-25  1.212E-17
3.837E+00  1.181E-25  1.202E-17
3.802E+00  1.185E-25  1.195E-17
3.767E+00  1.192E-25  1.191E-17
3.733E+00  1.203E-25  1.191E-17
3.698E+00  1.219E-25  1.196E-17
3.664E+00  1.242E-25  1.207E-17
3.631E+00  1.274E-25  1.227E-17
3.597E+00  1.320E-25  1.260E-17
3.565E+00  1.386E-25  1.310E-17
3.532E+00  1.482E-25  1.389E-17
3.499E+00  1.630E-25  1.513E-17
3.467E+00  1.868E-25  1.718E-17
3.436E+00  2.286E-25  2.083E-17
3.404E+00  3.111E-25  2.809E-17
3.373E+00  5.082E-25  4.546E-17
3.342E+00  1.161E-24  1.029E-16
3.311E+00  4.399E-24  3.864E-16
3.281E+00  3.004E-24  2.614E-16
3.251E+00  8.563E-25  7.384E-17
3.221E+00  4.076E-25  3.483E-17
3.192E+00  2.592E-25  2.194E-17
3.162E+00  1.936E-25  1.624E-17
3.133E+00  1.591E-25  1.322E-17
3.105E+00  1.387E-25  1.142E-17
3.076E+00  1.256E-25  1.025E-17
3.048E+00  1.166E-25  9.427E-18
3.020E+00  1.101E-25  8.821E-18
2.992E+00  1.052E-25  8.353E-18
2.965E+00  1.014E-25  7.977E-18
2.938E+00  9.838E-26  7.666E-18
2.911E+00  9.585E-26  7.401E-18
2.884E+00  9.372E-26  7.170E-18
2.858E+00  9.188E-26  6.965E-18
2.831E+00  9.026E-26  6.779E-18
2.805E+00  8.882E-26  6.610E-18
2.780E+00  8.751E-26  6.452E-18
2.754E+00  8.630E-26  6.305E-18
2.729E+00  8.519E-26  6.167E-18
2.704E+00  8.414E-26  6.035E-18
2.679E+00  8.315E-26  5.909E-18
2.655E+00  8.220E-26  5.788E-18
2.630E+00  8.129E-26  5.672E-18
2.606E+00  8.041E-26  5.559E-18
2.582E+00  7.956E-26  5.450E-18
2.559E+00  7.873E-26  5.343E-18
2.535E+00  7.791E-26  5.239E-18
2.512E+00  7.711E-26  5.138E-18
2.489E+00  7.632E-26  5.038E-18
2.466E+00  7.553E-26  4.940E-18
2.443E+00  7.474E-26  4.844E-18
2.421E+00  7.395E-26  4.749E-18
2.399E+00  7.319E-26  4.657E-18
2.377E+00  7.243E-26  4.567E-18
2.355E+00  7.168E-26  4.478E-18
2.333E+00  7.093E-26  4.390E-18
2.312E+00  7.018E-26  4.304E-18
2.291E+00  6.943E-26  4.219E-18
2.270E+00  6.868E-26  4.135E-18
2.249E+00  6.792E-26  4.052E-18
2.228E+00  6.715E-26  3.969E-18
2.208E+00  6.637E-26  3.887E-18
2.188E+00  6.558E-26  3.806E-18
2.168E+00  6.476E-26  3.724E-18
2.148E+00  6.392E-26  3.642E-18
2.128E+00  6.304E-26  3.559E-18
2.109E+00  6.212E-26  3.474E-18
2.089E+00  6.113E-26  3.388E-18
2.070E+00  6.007E-26  3.299E-18
2.051E+00  5.891E-26  3.205E-18
2.032E+00  5.763E-26  3.107E-18
2.014E+00  5.620E-26  3.002E-18
1.995E+00  5.459E-26  2.889E-18
1.977E+00  5.281E-26  2.769E-18
1.959E+00  5.090E-26  2.645E-18
1.941E+00  4.905E-26  2.526E-18
1.923E+00  4.760E-26  2.428E-18
1.905E+00  4.691E-26  2.371E-18
1.888E+00  4.708E-26  2.358E-18
1.871E+00  4.788E-26  2.376E-18
1.854E+00  4.887E-26  2.403E-18
1.837E+00  4.976E-26  2.424E-18
1.820E+00  5.040E-26  2.433E-18
1.803E+00  5.079E-26  2.429E-18
1.786E+00  5.097E-26  2.416E-18
1.770E+00  5.099E-26  2.394E-18
1.754E+00  5.089E-26  2.368E-18
1.738E+00  5.070E-26  2.337E-18
1.722E+00  5.044E-26  2.304E-18
1.706E+00  5.015E-26  2.269E-18
1.690E+00  4.982E-26  2.234E-18
1.675E+00  4.948E-26  2.198E-18
1.660E+00  4.912E-26  2.163E-18
1.644E+00  4.877E-26  2.127E-18
1.629E+00  4.841E-26  2.092E-18
1.614E+00  4.806E-26  2.058E-18
1.600E+00  4.773E-26  2.025E-18
1.585E+00  4.742E-26  1.993E-18
1.570E+00  4.713E-26  1.963E-18
1.556E+00  4.687E-26  1.935E-18
1.542E+00  4.665E-26  1.908E-18
1.528E+00  4.648E-26  1.883E-18
1.514E+00  4.636E-26  1.861E-18
1.500E+00  4.630E-26  1.842E-18
1.486E+00  4.632E-26  1.826E-18
1.472E+00  4.642E-26  1.813E-18
1.459E+00  4.662E-26  1.804E-18
1.445E+00  4.695E-26  1.800E-18
1.432E+00  4.741E-26  1.801E-18
1.419E+00  4.805E-26  1.809E-18
1.406E+00  4.889E-26  1.824E-18
1.393E+00  4.998E-26  1.847E-18
1.380E+00  5.137E-26  1.881E-18
1.368E+00  5.311E-26  1.927E-18
1.355E+00  5.526E-26  1.986E-18
1.343E+00  5.787E-26  2.061E-18
1.330E+00  6.097E-26  2.152E-18
1.318E+00  6.451E-26  2.256E-18
1.306E+00  6.827E-26  2.365E-18
1.294E+00  7.181E-26  2.465E-18
1.282E+00  7.441E-26  2.531E-18
1.271E+00  7.519E-26  2.534E-18
1.259E+00  7.352E-26  2.455E-18
1.247E+00  6.946E-26  2.298E-18
1.236E+00  6.379E-26  2.091E-18
1.225E+00  5.758E-26  1.870E-18
1.213E+00  5.170E-26  1.664E-18
1.202E+00  4.662E-26  1.487E-18
1.191E+00  4.251E-26  1.343E-18
1.180E+00  3.932E-26  1.231E-18
1.169E+00  3.696E-26  1.147E-18
1.159E+00  3.536E-26  1.087E-18
1.148E+00  3.446E-26  1.049E-18
1.138E+00  3.425E-26  1.033E-18
1.127E+00  3.479E-26  1.040E-18
1.117E+00  3.624E-26  1.074E-18
1.107E+00  3.890E-26  1.142E-18
1.096E+00  4.322E-26  1.257E-18
1.086E+00  4.989E-26  1.438E-18
1.076E+00  5.959E-26  1.702E-18
1.067E+00  7.175E-26  2.030E-18
1.057E+00  8.149E-26  2.284E-18
1.047E+00  7.987E-26  2.218E-18
1.038E+00  6.613E-26  1.820E-18
1.028E+00  4.993E-26  1.362E-18
1.019E+00  3.737E-26  1.010E-18
1.009E+00  2.886E-26  7.727E-19
1.000E+00  2.323E-26  6.162E-19
