Dust emission from Draine & Li (2007): ApJ 657, 810-837
================================================================
         6 = grain model
 4.000E-08 4.000E-01 3.750E-05 = a_01 (cm) , sigma_1 , b_C1/0.92
 2.500E-07 4.000E-01 1.250E-05 = a_02 (cm) , sigma_2 , b_C2/0.92
 3.000E+00 1.000E+05 2.000E+00 = Umin , Umax, beta (dN/dU propto U^{-beta})
 3.124E+01 = <U> 
     mmp83 = radfield
 1.408E-22 = power/H (erg s-1)
 band   nu*P_nu(band) j_nu(band)
 (um)   (erg s-1 H-1)(Jy cm2 sr-1 H-1)
1.270E+00  4.797E-25  1.616E-17 COBE-DIRBE
2.220E+00  6.159E-25  3.627E-17 COBE-DIRBE
3.530E+00  4.062E-24  3.804E-16 COBE-DIRBE
4.880E+00  1.940E-24  2.511E-16 COBE-DIRBE
1.229E+01  2.088E-23  6.807E-15 COBE-DIRBE
2.079E+01  3.180E-23  1.753E-14 COBE-DIRBE
5.599E+01  6.353E-23  9.436E-14 COBE-DIRBE
9.770E+01  3.514E-23  9.107E-14 COBE-DIRBE
1.479E+02  1.683E-23  6.603E-14 COBE-DIRBE
2.479E+02  3.842E-24  2.526E-14 COBE-DIRBE
1.200E+01  2.137E-23  6.803E-15 IRAS
2.500E+01  3.973E-23  2.635E-14 IRAS
6.000E+01  6.092E-23  9.696E-14 IRAS
1.000E+02  3.381E-23  8.968E-14 IRAS
3.550E+00  4.724E-24  4.448E-16 SST-IRAC
4.493E+00  1.347E-24  1.605E-16 SST-IRAC
5.731E+00  1.188E-23  1.806E-15 SST-IRAC
7.872E+00  2.972E-23  6.207E-15 SST-IRAC
2.368E+01  3.676E-23  2.309E-14 SST-MIPS
7.142E+01  4.686E-23  8.877E-14 SST-MIPS
1.559E+02  1.371E-23  5.669E-14 SST-MIPS
1.600E+01  2.063E-23  8.755E-15 SST-IRSPU
2.200E+01  3.571E-23  2.084E-14 SST-IRSPU











lambda    nu*dP/dnu     j_nu
 (um)   (erg s-1 H-1)(Jy cm2 sr-1 H-1)
1.000E+04  7.788E-31  2.066E-19
9.908E+03  8.073E-31  2.122E-19
9.817E+03  8.369E-31  2.179E-19
9.727E+03  8.675E-31  2.239E-19
9.638E+03  8.993E-31  2.299E-19
9.550E+03  9.322E-31  2.362E-19
9.462E+03  9.664E-31  2.426E-19
9.376E+03  1.002E-30  2.491E-19
9.290E+03  1.038E-30  2.559E-19
9.204E+03  1.077E-30  2.628E-19
9.120E+03  1.116E-30  2.700E-19
9.036E+03  1.157E-30  2.773E-19
8.954E+03  1.199E-30  2.848E-19
8.872E+03  1.243E-30  2.924E-19
8.790E+03  1.288E-30  3.003E-19
8.710E+03  1.335E-30  3.084E-19
8.630E+03  1.384E-30  3.168E-19
8.551E+03  1.434E-30  3.253E-19
8.472E+03  1.487E-30  3.341E-19
8.395E+03  1.541E-30  3.432E-19
8.318E+03  1.597E-30  3.524E-19
8.241E+03  1.656E-30  3.620E-19
8.166E+03  1.717E-30  3.718E-19
8.091E+03  1.780E-30  3.819E-19
8.017E+03  1.845E-30  3.923E-19
7.943E+03  1.913E-30  4.030E-19
7.870E+03  1.983E-30  4.139E-19
7.798E+03  2.056E-30  4.252E-19
7.727E+03  2.131E-30  4.368E-19
7.656E+03  2.210E-30  4.487E-19
7.586E+03  2.291E-30  4.610E-19
7.516E+03  2.375E-30  4.736E-19
7.447E+03  2.463E-30  4.866E-19
7.379E+03  2.554E-30  4.999E-19
7.311E+03  2.648E-30  5.136E-19
7.244E+03  2.746E-30  5.277E-19
7.178E+03  2.848E-30  5.422E-19
7.112E+03  2.953E-30  5.571E-19
7.047E+03  3.062E-30  5.724E-19
6.982E+03  3.175E-30  5.881E-19
6.918E+03  3.293E-30  6.043E-19
6.855E+03  3.415E-30  6.209E-19
6.792E+03  3.541E-30  6.380E-19
6.730E+03  3.672E-30  6.555E-19
6.668E+03  3.808E-30  6.736E-19
6.607E+03  3.950E-30  6.922E-19
6.546E+03  4.096E-30  7.113E-19
6.486E+03  4.248E-30  7.310E-19
6.427E+03  4.406E-30  7.512E-19
6.368E+03  4.570E-30  7.720E-19
6.310E+03  4.740E-30  7.934E-19
6.252E+03  4.917E-30  8.154E-19
6.194E+03  5.100E-30  8.380E-19
6.138E+03  5.290E-30  8.613E-19
6.081E+03  5.488E-30  8.853E-19
6.026E+03  5.693E-30  9.099E-19
5.970E+03  5.906E-30  9.353E-19
5.916E+03  6.126E-30  9.613E-19
5.861E+03  6.356E-30  9.882E-19
5.808E+03  6.594E-30  1.016E-18
5.754E+03  6.841E-30  1.044E-18
5.702E+03  7.097E-30  1.073E-18
5.649E+03  7.363E-30  1.103E-18
5.598E+03  7.640E-30  1.134E-18
5.546E+03  7.927E-30  1.166E-18
5.495E+03  8.225E-30  1.199E-18
5.445E+03  8.534E-30  1.233E-18
5.395E+03  8.855E-30  1.267E-18
5.346E+03  9.189E-30  1.303E-18
5.297E+03  9.535E-30  1.340E-18
5.248E+03  9.894E-30  1.377E-18
5.200E+03  1.027E-29  1.416E-18
5.152E+03  1.066E-29  1.456E-18
5.105E+03  1.106E-29  1.497E-18
5.058E+03  1.148E-29  1.540E-18
5.012E+03  1.191E-29  1.583E-18
4.966E+03  1.236E-29  1.628E-18
4.920E+03  1.283E-29  1.674E-18
4.875E+03  1.331E-29  1.722E-18
4.831E+03  1.382E-29  1.770E-18
4.786E+03  1.434E-29  1.821E-18
4.742E+03  1.488E-29  1.872E-18
4.699E+03  1.545E-29  1.926E-18
4.656E+03  1.604E-29  1.980E-18
4.613E+03  1.665E-29  2.037E-18
4.571E+03  1.728E-29  2.095E-18
4.529E+03  1.794E-29  2.155E-18
4.487E+03  1.862E-29  2.216E-18
4.446E+03  1.933E-29  2.280E-18
4.406E+03  2.007E-29  2.345E-18
4.365E+03  2.083E-29  2.412E-18
4.325E+03  2.163E-29  2.481E-18
4.285E+03  2.245E-29  2.553E-18
4.246E+03  2.331E-29  2.626E-18
4.207E+03  2.421E-29  2.701E-18
4.169E+03  2.513E-29  2.779E-18
4.130E+03  2.610E-29  2.859E-18
4.093E+03  2.710E-29  2.941E-18
4.055E+03  2.814E-29  3.026E-18
4.018E+03  2.922E-29  3.114E-18
3.981E+03  3.034E-29  3.204E-18
3.945E+03  3.150E-29  3.296E-18
3.908E+03  3.271E-29  3.391E-18
3.873E+03  3.397E-29  3.489E-18
3.837E+03  3.527E-29  3.590E-18
3.802E+03  3.663E-29  3.694E-18
3.767E+03  3.804E-29  3.801E-18
3.733E+03  3.951E-29  3.912E-18
3.698E+03  4.103E-29  4.025E-18
3.664E+03  4.262E-29  4.142E-18
3.631E+03  4.426E-29  4.263E-18
3.597E+03  4.598E-29  4.387E-18
3.565E+03  4.776E-29  4.515E-18
3.532E+03  4.960E-29  4.647E-18
3.499E+03  5.153E-29  4.783E-18
3.467E+03  5.353E-29  4.923E-18
3.436E+03  5.560E-29  5.067E-18
3.404E+03  5.776E-29  5.216E-18
3.373E+03  6.001E-29  5.369E-18
3.342E+03  6.234E-29  5.527E-18
3.311E+03  6.477E-29  5.689E-18
3.281E+03  6.729E-29  5.857E-18
3.251E+03  6.992E-29  6.029E-18
3.221E+03  7.264E-29  6.207E-18
3.192E+03  7.548E-29  6.390E-18
3.162E+03  7.843E-29  6.579E-18
3.133E+03  8.149E-29  6.773E-18
3.105E+03  8.468E-29  6.974E-18
3.076E+03  8.800E-29  7.180E-18
3.048E+03  9.144E-29  7.393E-18
3.020E+03  9.503E-29  7.612E-18
2.992E+03  9.875E-29  7.838E-18
2.965E+03  1.026E-28  8.070E-18
2.938E+03  1.066E-28  8.309E-18
2.911E+03  1.108E-28  8.555E-18
2.884E+03  1.151E-28  8.809E-18
2.858E+03  1.197E-28  9.071E-18
2.831E+03  1.244E-28  9.340E-18
2.805E+03  1.293E-28  9.618E-18
2.780E+03  1.343E-28  9.905E-18
2.754E+03  1.396E-28  1.020E-17
2.729E+03  1.451E-28  1.050E-17
2.704E+03  1.508E-28  1.082E-17
2.679E+03  1.568E-28  1.114E-17
2.655E+03  1.630E-28  1.148E-17
2.630E+03  1.694E-28  1.182E-17
2.606E+03  1.761E-28  1.217E-17
2.582E+03  1.831E-28  1.254E-17
2.559E+03  1.903E-28  1.292E-17
2.535E+03  1.978E-28  1.330E-17
2.512E+03  2.057E-28  1.370E-17
2.489E+03  2.138E-28  1.412E-17
2.466E+03  2.223E-28  1.454E-17
2.443E+03  2.311E-28  1.498E-17
2.421E+03  2.403E-28  1.543E-17
2.399E+03  2.499E-28  1.590E-17
2.377E+03  2.598E-28  1.638E-17
2.355E+03  2.701E-28  1.687E-17
2.333E+03  2.809E-28  1.739E-17
2.312E+03  2.921E-28  1.791E-17
2.291E+03  3.037E-28  1.845E-17
2.270E+03  3.158E-28  1.901E-17
2.249E+03  3.284E-28  1.959E-17
2.228E+03  3.415E-28  2.019E-17
2.208E+03  3.551E-28  2.080E-17
2.188E+03  3.693E-28  2.143E-17
2.168E+03  3.841E-28  2.209E-17
2.148E+03  3.995E-28  2.276E-17
2.128E+03  4.154E-28  2.345E-17
2.109E+03  4.321E-28  2.417E-17
2.089E+03  4.494E-28  2.490E-17
2.070E+03  4.674E-28  2.566E-17
2.051E+03  4.861E-28  2.645E-17
2.032E+03  5.056E-28  2.726E-17
2.014E+03  5.259E-28  2.809E-17
1.995E+03  5.470E-28  2.895E-17
1.977E+03  5.689E-28  2.983E-17
1.959E+03  5.917E-28  3.075E-17
1.941E+03  6.155E-28  3.169E-17
1.923E+03  6.402E-28  3.266E-17
1.905E+03  6.659E-28  3.366E-17
1.888E+03  6.927E-28  3.469E-17
1.871E+03  7.206E-28  3.576E-17
1.854E+03  7.496E-28  3.685E-17
1.837E+03  7.797E-28  3.799E-17
1.820E+03  8.111E-28  3.915E-17
1.803E+03  8.438E-28  4.036E-17
1.786E+03  8.778E-28  4.160E-17
1.770E+03  9.132E-28  4.288E-17
1.754E+03  9.500E-28  4.420E-17
1.738E+03  9.883E-28  4.556E-17
1.722E+03  1.028E-27  4.696E-17
1.706E+03  1.070E-27  4.841E-17
1.690E+03  1.113E-27  4.990E-17
1.675E+03  1.158E-27  5.144E-17
1.660E+03  1.204E-27  5.302E-17
1.644E+03  1.253E-27  5.466E-17
1.629E+03  1.304E-27  5.634E-17
1.614E+03  1.356E-27  5.808E-17
1.600E+03  1.411E-27  5.987E-17
1.585E+03  1.468E-27  6.172E-17
1.570E+03  1.527E-27  6.363E-17
1.556E+03  1.589E-27  6.559E-17
1.542E+03  1.653E-27  6.762E-17
1.528E+03  1.720E-27  6.971E-17
1.514E+03  1.790E-27  7.186E-17
1.500E+03  1.862E-27  7.408E-17
1.486E+03  1.938E-27  7.637E-17
1.472E+03  2.016E-27  7.873E-17
1.459E+03  2.098E-27  8.117E-17
1.445E+03  2.183E-27  8.368E-17
1.432E+03  2.271E-27  8.627E-17
1.419E+03  2.363E-27  8.894E-17
1.406E+03  2.459E-27  9.170E-17
1.393E+03  2.558E-27  9.453E-17
1.380E+03  2.662E-27  9.746E-17
1.368E+03  2.770E-27  1.005E-16
1.355E+03  2.882E-27  1.036E-16
1.343E+03  2.998E-27  1.068E-16
1.330E+03  3.120E-27  1.101E-16
1.318E+03  3.246E-27  1.135E-16
1.306E+03  3.378E-27  1.170E-16
1.294E+03  3.514E-27  1.207E-16
1.282E+03  3.657E-27  1.244E-16
1.271E+03  3.805E-27  1.282E-16
1.259E+03  3.959E-27  1.322E-16
1.247E+03  4.119E-27  1.363E-16
1.236E+03  4.286E-27  1.405E-16
1.225E+03  4.459E-27  1.449E-16
1.213E+03  4.640E-27  1.493E-16
1.202E+03  4.827E-27  1.539E-16
1.191E+03  5.022E-27  1.587E-16
1.180E+03  5.225E-27  1.636E-16
1.169E+03  5.437E-27  1.687E-16
1.159E+03  5.656E-27  1.739E-16
1.148E+03  5.885E-27  1.792E-16
1.138E+03  6.123E-27  1.848E-16
1.127E+03  6.370E-27  1.905E-16
1.117E+03  6.627E-27  1.963E-16
1.107E+03  6.895E-27  2.024E-16
1.096E+03  7.173E-27  2.086E-16
1.086E+03  7.462E-27  2.150E-16
1.076E+03  7.763E-27  2.217E-16
1.067E+03  8.076E-27  2.285E-16
1.057E+03  8.401E-27  2.355E-16
1.047E+03  8.740E-27  2.427E-16
1.038E+03  9.091E-27  2.502E-16
1.028E+03  9.457E-27  2.579E-16
1.019E+03  9.837E-27  2.658E-16
1.009E+03  1.023E-26  2.739E-16
1.000E+03  1.064E-26  2.823E-16
9.908E+02  1.107E-26  2.910E-16
9.817E+02  1.152E-26  2.999E-16
9.727E+02  1.198E-26  3.091E-16
9.638E+02  1.246E-26  3.186E-16
9.550E+02  1.296E-26  3.284E-16
9.462E+02  1.348E-26  3.384E-16
9.376E+02  1.402E-26  3.488E-16
9.290E+02  1.459E-26  3.594E-16
9.204E+02  1.517E-26  3.704E-16
9.120E+02  1.578E-26  3.817E-16
9.036E+02  1.641E-26  3.933E-16
8.954E+02  1.707E-26  4.053E-16
8.872E+02  1.775E-26  4.176E-16
8.790E+02  1.845E-26  4.303E-16
8.710E+02  1.919E-26  4.434E-16
8.630E+02  1.996E-26  4.568E-16
8.551E+02  2.075E-26  4.706E-16
8.472E+02  2.158E-26  4.849E-16
8.395E+02  2.243E-26  4.995E-16
8.318E+02  2.333E-26  5.146E-16
8.241E+02  2.425E-26  5.301E-16
8.166E+02  2.521E-26  5.461E-16
8.091E+02  2.621E-26  5.625E-16
8.017E+02  2.725E-26  5.794E-16
7.943E+02  2.833E-26  5.968E-16
7.870E+02  2.945E-26  6.147E-16
7.798E+02  3.061E-26  6.332E-16
7.727E+02  3.182E-26  6.521E-16
7.656E+02  3.307E-26  6.716E-16
7.586E+02  3.437E-26  6.917E-16
7.516E+02  3.573E-26  7.123E-16
7.447E+02  3.714E-26  7.336E-16
7.379E+02  3.860E-26  7.555E-16
7.311E+02  4.012E-26  7.781E-16
7.244E+02  4.170E-26  8.014E-16
7.178E+02  4.334E-26  8.253E-16
7.112E+02  4.505E-26  8.499E-16
7.047E+02  4.683E-26  8.753E-16
6.982E+02  4.867E-26  9.014E-16
6.918E+02  5.058E-26  9.283E-16
6.855E+02  5.257E-26  9.559E-16
6.792E+02  5.464E-26  9.844E-16
6.730E+02  5.678E-26  1.014E-15
6.668E+02  5.900E-26  1.044E-15
6.607E+02  6.131E-26  1.075E-15
6.546E+02  6.372E-26  1.106E-15
6.486E+02  6.623E-26  1.139E-15
6.427E+02  6.883E-26  1.173E-15
6.368E+02  7.154E-26  1.208E-15
6.310E+02  7.435E-26  1.244E-15
6.252E+02  7.727E-26  1.281E-15
6.194E+02  8.030E-26  1.319E-15
6.138E+02  8.346E-26  1.359E-15
6.081E+02  8.673E-26  1.399E-15
6.026E+02  9.014E-26  1.441E-15
5.970E+02  9.368E-26  1.484E-15
5.916E+02  9.735E-26  1.528E-15
5.861E+02  1.012E-25  1.573E-15
5.808E+02  1.051E-25  1.620E-15
5.754E+02  1.093E-25  1.668E-15
5.702E+02  1.135E-25  1.717E-15
5.649E+02  1.180E-25  1.768E-15
5.598E+02  1.226E-25  1.821E-15
5.546E+02  1.274E-25  1.875E-15
5.495E+02  1.324E-25  1.930E-15
5.445E+02  1.376E-25  1.987E-15
5.395E+02  1.430E-25  2.046E-15
5.346E+02  1.486E-25  2.107E-15
5.297E+02  1.544E-25  2.169E-15
5.248E+02  1.604E-25  2.233E-15
5.200E+02  1.667E-25  2.299E-15
5.152E+02  1.732E-25  2.367E-15
5.105E+02  1.800E-25  2.437E-15
5.058E+02  1.870E-25  2.509E-15
5.012E+02  1.943E-25  2.583E-15
4.966E+02  2.019E-25  2.659E-15
4.920E+02  2.098E-25  2.738E-15
4.875E+02  2.179E-25  2.818E-15
4.831E+02  2.264E-25  2.901E-15
4.786E+02  2.352E-25  2.987E-15
4.742E+02  2.444E-25  3.074E-15
4.699E+02  2.539E-25  3.165E-15
4.656E+02  2.638E-25  3.257E-15
4.613E+02  2.740E-25  3.353E-15
4.571E+02  2.846E-25  3.451E-15
4.529E+02  2.957E-25  3.552E-15
4.487E+02  3.071E-25  3.656E-15
4.446E+02  3.190E-25  3.763E-15
4.406E+02  3.314E-25  3.872E-15
4.365E+02  3.442E-25  3.985E-15
4.325E+02  3.575E-25  4.101E-15
4.285E+02  3.713E-25  4.220E-15
4.246E+02  3.856E-25  4.343E-15
4.207E+02  4.004E-25  4.469E-15
4.169E+02  4.159E-25  4.599E-15
4.130E+02  4.319E-25  4.732E-15
4.093E+02  4.485E-25  4.869E-15
4.055E+02  4.657E-25  5.009E-15
4.018E+02  4.836E-25  5.154E-15
3.981E+02  5.022E-25  5.303E-15
3.945E+02  5.214E-25  5.456E-15
3.908E+02  5.414E-25  5.613E-15
3.873E+02  5.621E-25  5.774E-15
3.837E+02  5.836E-25  5.940E-15
3.802E+02  6.059E-25  6.111E-15
3.767E+02  6.290E-25  6.286E-15
3.733E+02  6.530E-25  6.465E-15
3.698E+02  6.779E-25  6.650E-15
3.664E+02  7.037E-25  6.840E-15
3.631E+02  7.304E-25  7.035E-15
3.597E+02  7.581E-25  7.235E-15
3.565E+02  7.869E-25  7.440E-15
3.532E+02  8.166E-25  7.651E-15
3.499E+02  8.475E-25  7.867E-15
3.467E+02  8.795E-25  8.089E-15
3.436E+02  9.127E-25  8.317E-15
3.404E+02  9.470E-25  8.551E-15
3.373E+02  9.826E-25  8.792E-15
3.342E+02  1.020E-24  9.038E-15
3.311E+02  1.058E-24  9.291E-15
3.281E+02  1.097E-24  9.550E-15
3.251E+02  1.138E-24  9.816E-15
3.221E+02  1.181E-24  1.009E-14
3.192E+02  1.225E-24  1.037E-14
3.162E+02  1.270E-24  1.066E-14
3.133E+02  1.317E-24  1.095E-14
3.105E+02  1.366E-24  1.125E-14
3.076E+02  1.417E-24  1.156E-14
3.048E+02  1.469E-24  1.188E-14
3.020E+02  1.523E-24  1.220E-14
2.992E+02  1.579E-24  1.253E-14
2.965E+02  1.637E-24  1.287E-14
2.938E+02  1.697E-24  1.322E-14
2.911E+02  1.759E-24  1.358E-14
2.884E+02  1.823E-24  1.395E-14
2.858E+02  1.890E-24  1.432E-14
2.831E+02  1.958E-24  1.471E-14
2.805E+02  2.029E-24  1.510E-14
2.780E+02  2.102E-24  1.550E-14
2.754E+02  2.178E-24  1.591E-14
2.729E+02  2.257E-24  1.634E-14
2.704E+02  2.338E-24  1.677E-14
2.679E+02  2.422E-24  1.722E-14
2.655E+02  2.509E-24  1.767E-14
2.630E+02  2.599E-24  1.813E-14
2.606E+02  2.692E-24  1.861E-14
2.582E+02  2.788E-24  1.910E-14
2.559E+02  2.887E-24  1.959E-14
2.535E+02  2.988E-24  2.009E-14
2.512E+02  3.092E-24  2.061E-14
2.489E+02  3.198E-24  2.112E-14
2.466E+02  3.306E-24  2.163E-14
2.443E+02  3.416E-24  2.214E-14
2.421E+02  3.529E-24  2.266E-14
2.399E+02  3.644E-24  2.319E-14
2.377E+02  3.761E-24  2.371E-14
2.355E+02  3.881E-24  2.424E-14
2.333E+02  4.004E-24  2.478E-14
2.312E+02  4.131E-24  2.533E-14
2.291E+02  4.261E-24  2.589E-14
2.270E+02  4.394E-24  2.646E-14
2.249E+02  4.532E-24  2.703E-14
2.228E+02  4.673E-24  2.762E-14
2.208E+02  4.817E-24  2.822E-14
2.188E+02  4.966E-24  2.882E-14
2.168E+02  5.118E-24  2.943E-14
2.148E+02  5.275E-24  3.005E-14
2.128E+02  5.435E-24  3.068E-14
2.109E+02  5.600E-24  3.132E-14
2.089E+02  5.768E-24  3.197E-14
2.070E+02  5.941E-24  3.262E-14
2.051E+02  6.118E-24  3.329E-14
2.032E+02  6.299E-24  3.396E-14
2.014E+02  6.485E-24  3.464E-14
1.995E+02  6.676E-24  3.533E-14
1.977E+02  6.871E-24  3.603E-14
1.959E+02  7.071E-24  3.674E-14
1.941E+02  7.275E-24  3.745E-14
1.923E+02  7.484E-24  3.818E-14
1.905E+02  7.699E-24  3.891E-14
1.888E+02  7.918E-24  3.965E-14
1.871E+02  8.143E-24  4.041E-14
1.854E+02  8.373E-24  4.117E-14
1.837E+02  8.608E-24  4.193E-14
1.820E+02  8.849E-24  4.271E-14
1.803E+02  9.095E-24  4.350E-14
1.786E+02  9.347E-24  4.429E-14
1.770E+02  9.605E-24  4.510E-14
1.754E+02  9.869E-24  4.591E-14
1.738E+02  1.014E-23  4.674E-14
1.722E+02  1.042E-23  4.758E-14
1.706E+02  1.070E-23  4.842E-14
1.690E+02  1.099E-23  4.928E-14
1.675E+02  1.129E-23  5.014E-14
1.660E+02  1.159E-23  5.103E-14
1.644E+02  1.190E-23  5.192E-14
1.629E+02  1.222E-23  5.283E-14
1.614E+02  1.255E-23  5.375E-14
1.600E+02  1.289E-23  5.468E-14
1.585E+02  1.323E-23  5.564E-14
1.570E+02  1.359E-23  5.661E-14
1.556E+02  1.396E-23  5.760E-14
1.542E+02  1.433E-23  5.861E-14
1.528E+02  1.472E-23  5.964E-14
1.514E+02  1.512E-23  6.069E-14
1.500E+02  1.553E-23  6.176E-14
1.486E+02  1.594E-23  6.284E-14
1.472E+02  1.637E-23  6.394E-14
1.459E+02  1.681E-23  6.504E-14
1.445E+02  1.725E-23  6.613E-14
1.432E+02  1.769E-23  6.719E-14
1.419E+02  1.812E-23  6.819E-14
1.406E+02  1.854E-23  6.913E-14
1.393E+02  1.893E-23  6.997E-14
1.380E+02  1.931E-23  7.071E-14
1.368E+02  1.967E-23  7.135E-14
1.355E+02  2.000E-23  7.190E-14
1.343E+02  2.032E-23  7.239E-14
1.330E+02  2.064E-23  7.284E-14
1.318E+02  2.095E-23  7.327E-14
1.306E+02  2.127E-23  7.370E-14
1.294E+02  2.159E-23  7.413E-14
1.282E+02  2.192E-23  7.458E-14
1.271E+02  2.226E-23  7.502E-14
1.259E+02  2.261E-23  7.550E-14
1.247E+02  2.296E-23  7.598E-14
1.236E+02  2.333E-23  7.648E-14
1.225E+02  2.370E-23  7.699E-14
1.213E+02  2.408E-23  7.751E-14
1.202E+02  2.447E-23  7.804E-14
1.191E+02  2.487E-23  7.858E-14
1.180E+02  2.527E-23  7.913E-14
1.169E+02  2.568E-23  7.966E-14
1.159E+02  2.609E-23  8.020E-14
1.148E+02  2.651E-23  8.074E-14
1.138E+02  2.694E-23  8.129E-14
1.127E+02  2.737E-23  8.182E-14
1.117E+02  2.780E-23  8.237E-14
1.107E+02  2.825E-23  8.292E-14
1.096E+02  2.870E-23  8.347E-14
1.086E+02  2.915E-23  8.401E-14
1.076E+02  2.961E-23  8.454E-14
1.067E+02  3.007E-23  8.508E-14
1.057E+02  3.054E-23  8.560E-14
1.047E+02  3.101E-23  8.612E-14
1.038E+02  3.148E-23  8.663E-14
1.028E+02  3.195E-23  8.713E-14
1.019E+02  3.243E-23  8.761E-14
1.009E+02  3.290E-23  8.809E-14
1.000E+02  3.338E-23  8.855E-14
9.908E+01  3.386E-23  8.899E-14
9.817E+01  3.434E-23  8.944E-14
9.727E+01  3.482E-23  8.986E-14
9.638E+01  3.531E-23  9.027E-14
9.550E+01  3.580E-23  9.068E-14
9.462E+01  3.628E-23  9.106E-14
9.376E+01  3.677E-23  9.144E-14
9.290E+01  3.725E-23  9.180E-14
9.204E+01  3.774E-23  9.214E-14
9.120E+01  3.822E-23  9.247E-14
9.036E+01  3.871E-23  9.279E-14
8.954E+01  3.919E-23  9.309E-14
8.872E+01  3.968E-23  9.338E-14
8.790E+01  4.017E-23  9.366E-14
8.710E+01  4.065E-23  9.392E-14
8.630E+01  4.114E-23  9.417E-14
8.551E+01  4.163E-23  9.442E-14
8.472E+01  4.210E-23  9.462E-14
8.395E+01  4.259E-23  9.483E-14
8.318E+01  4.307E-23  9.503E-14
8.241E+01  4.355E-23  9.521E-14
8.166E+01  4.404E-23  9.538E-14
8.091E+01  4.452E-23  9.554E-14
8.017E+01  4.500E-23  9.569E-14
7.943E+01  4.548E-23  9.582E-14
7.870E+01  4.595E-23  9.594E-14
7.798E+01  4.643E-23  9.604E-14
7.727E+01  4.690E-23  9.613E-14
7.656E+01  4.737E-23  9.620E-14
7.586E+01  4.784E-23  9.626E-14
7.516E+01  4.831E-23  9.631E-14
7.447E+01  4.877E-23  9.635E-14
7.379E+01  4.922E-23  9.635E-14
7.311E+01  4.968E-23  9.635E-14
7.244E+01  5.013E-23  9.633E-14
7.178E+01  5.058E-23  9.630E-14
7.112E+01  5.103E-23  9.627E-14
7.047E+01  5.148E-23  9.623E-14
6.982E+01  5.193E-23  9.619E-14
6.918E+01  5.238E-23  9.613E-14
6.855E+01  5.283E-23  9.606E-14
6.792E+01  5.327E-23  9.597E-14
6.730E+01  5.371E-23  9.588E-14
6.668E+01  5.415E-23  9.578E-14
6.607E+01  5.459E-23  9.567E-14
6.546E+01  5.502E-23  9.554E-14
6.486E+01  5.546E-23  9.542E-14
6.427E+01  5.589E-23  9.528E-14
6.368E+01  5.632E-23  9.514E-14
6.310E+01  5.675E-23  9.499E-14
6.252E+01  5.719E-23  9.484E-14
6.194E+01  5.762E-23  9.468E-14
6.138E+01  5.806E-23  9.452E-14
6.081E+01  5.849E-23  9.436E-14
6.026E+01  5.893E-23  9.418E-14
5.970E+01  5.936E-23  9.400E-14
5.916E+01  5.979E-23  9.382E-14
5.861E+01  6.022E-23  9.363E-14
5.808E+01  6.065E-23  9.343E-14
5.754E+01  6.109E-23  9.324E-14
5.702E+01  6.152E-23  9.305E-14
5.649E+01  6.196E-23  9.285E-14
5.598E+01  6.240E-23  9.266E-14
5.546E+01  6.285E-23  9.246E-14
5.495E+01  6.330E-23  9.227E-14
5.445E+01  6.376E-23  9.208E-14
5.395E+01  6.421E-23  9.190E-14
5.346E+01  6.468E-23  9.171E-14
5.297E+01  6.514E-23  9.152E-14
5.248E+01  6.561E-23  9.134E-14
5.200E+01  6.609E-23  9.116E-14
5.152E+01  6.657E-23  9.098E-14
5.105E+01  6.705E-23  9.080E-14
5.058E+01  6.755E-23  9.063E-14
5.012E+01  6.804E-23  9.046E-14
4.966E+01  6.854E-23  9.029E-14
4.920E+01  6.905E-23  9.013E-14
4.875E+01  6.957E-23  8.997E-14
4.831E+01  7.010E-23  8.982E-14
4.786E+01  7.063E-23  8.967E-14
4.742E+01  7.118E-23  8.954E-14
4.699E+01  7.173E-23  8.941E-14
4.656E+01  7.229E-23  8.928E-14
4.613E+01  7.286E-23  8.916E-14
4.571E+01  7.344E-23  8.904E-14
4.529E+01  7.403E-23  8.893E-14
4.487E+01  7.463E-23  8.883E-14
4.446E+01  7.523E-23  8.873E-14
4.406E+01  7.585E-23  8.864E-14
4.365E+01  7.647E-23  8.854E-14
4.325E+01  7.709E-23  8.845E-14
4.285E+01  7.772E-23  8.835E-14
4.246E+01  7.835E-23  8.825E-14
4.207E+01  7.898E-23  8.815E-14
4.169E+01  7.962E-23  8.804E-14
4.130E+01  8.025E-23  8.792E-14
4.093E+01  8.087E-23  8.779E-14
4.055E+01  8.148E-23  8.765E-14
4.018E+01  8.208E-23  8.748E-14
3.981E+01  8.267E-23  8.730E-14
3.945E+01  8.324E-23  8.710E-14
3.908E+01  8.379E-23  8.687E-14
3.873E+01  8.431E-23  8.661E-14
3.837E+01  8.480E-23  8.631E-14
3.802E+01  8.525E-23  8.597E-14
3.767E+01  8.566E-23  8.559E-14
3.733E+01  8.601E-23  8.516E-14
3.698E+01  8.631E-23  8.467E-14
3.664E+01  8.655E-23  8.412E-14
3.631E+01  8.672E-23  8.352E-14
3.597E+01  8.683E-23  8.286E-14
3.565E+01  8.686E-23  8.213E-14
3.532E+01  8.682E-23  8.133E-14
3.499E+01  8.668E-23  8.047E-14
3.467E+01  8.646E-23  7.952E-14
3.436E+01  8.615E-23  7.851E-14
3.404E+01  8.573E-23  7.741E-14
3.373E+01  8.522E-23  7.624E-14
3.342E+01  8.461E-23  7.501E-14
3.311E+01  8.391E-23  7.370E-14
3.281E+01  8.311E-23  7.233E-14
3.251E+01  8.220E-23  7.088E-14
3.221E+01  8.120E-23  6.938E-14
3.192E+01  8.012E-23  6.782E-14
3.162E+01  7.894E-23  6.622E-14
3.133E+01  7.769E-23  6.457E-14
3.105E+01  7.636E-23  6.288E-14
3.076E+01  7.497E-23  6.117E-14
3.048E+01  7.353E-23  5.945E-14
3.020E+01  7.204E-23  5.771E-14
2.992E+01  7.051E-23  5.596E-14
2.965E+01  6.894E-23  5.422E-14
2.938E+01  6.735E-23  5.248E-14
2.911E+01  6.575E-23  5.077E-14
2.884E+01  6.415E-23  4.908E-14
2.858E+01  6.255E-23  4.741E-14
2.831E+01  6.096E-23  4.579E-14
2.805E+01  5.939E-23  4.420E-14
2.780E+01  5.784E-23  4.265E-14
2.754E+01  5.632E-23  4.115E-14
2.729E+01  5.483E-23  3.969E-14
2.704E+01  5.338E-23  3.829E-14
2.679E+01  5.197E-23  3.693E-14
2.655E+01  5.060E-23  3.563E-14
2.630E+01  4.927E-23  3.437E-14
2.606E+01  4.798E-23  3.317E-14
2.582E+01  4.673E-23  3.201E-14
2.559E+01  4.554E-23  3.091E-14
2.535E+01  4.439E-23  2.985E-14
2.512E+01  4.328E-23  2.884E-14
2.489E+01  4.222E-23  2.787E-14
2.466E+01  4.119E-23  2.695E-14
2.443E+01  4.021E-23  2.606E-14
2.421E+01  3.927E-23  2.522E-14
2.399E+01  3.835E-23  2.440E-14
2.377E+01  3.748E-23  2.363E-14
2.355E+01  3.666E-23  2.290E-14
2.333E+01  3.587E-23  2.220E-14
2.312E+01  3.510E-23  2.153E-14
2.291E+01  3.437E-23  2.088E-14
2.270E+01  3.369E-23  2.028E-14
2.249E+01  3.306E-23  1.972E-14
2.228E+01  3.247E-23  1.919E-14
2.208E+01  3.189E-23  1.868E-14
2.188E+01  3.132E-23  1.818E-14
2.168E+01  3.077E-23  1.769E-14
2.148E+01  3.024E-23  1.723E-14
2.128E+01  2.975E-23  1.680E-14
2.109E+01  2.930E-23  1.639E-14
2.089E+01  2.887E-23  1.600E-14
2.070E+01  2.844E-23  1.562E-14
2.051E+01  2.804E-23  1.525E-14
2.032E+01  2.766E-23  1.491E-14
2.014E+01  2.734E-23  1.461E-14
1.995E+01  2.704E-23  1.431E-14
1.977E+01  2.675E-23  1.403E-14
1.959E+01  2.646E-23  1.375E-14
1.941E+01  2.618E-23  1.348E-14
1.923E+01  2.590E-23  1.321E-14
1.905E+01  2.563E-23  1.295E-14
1.888E+01  2.538E-23  1.271E-14
1.871E+01  2.516E-23  1.248E-14
1.854E+01  2.499E-23  1.229E-14
1.837E+01  2.491E-23  1.213E-14
1.820E+01  2.500E-23  1.207E-14
1.803E+01  2.559E-23  1.224E-14
1.786E+01  2.683E-23  1.271E-14
1.770E+01  2.649E-23  1.244E-14
1.754E+01  2.771E-23  1.289E-14
1.738E+01  3.175E-23  1.464E-14
1.722E+01  2.975E-23  1.359E-14
1.706E+01  2.930E-23  1.326E-14
1.690E+01  2.841E-23  1.274E-14
1.675E+01  2.717E-23  1.207E-14
1.660E+01  2.751E-23  1.211E-14
1.644E+01  3.158E-23  1.377E-14
1.629E+01  2.468E-23  1.067E-14
1.614E+01  2.221E-23  9.510E-15
1.600E+01  2.254E-23  9.565E-15
1.585E+01  2.231E-23  9.378E-15
1.570E+01  1.962E-23  8.172E-15
1.556E+01  1.823E-23  7.526E-15
1.542E+01  1.747E-23  7.145E-15
1.528E+01  1.695E-23  6.867E-15
1.514E+01  1.654E-23  6.641E-15
1.500E+01  1.622E-23  6.452E-15
1.486E+01  1.596E-23  6.290E-15
1.472E+01  1.577E-23  6.161E-15
1.459E+01  1.571E-23  6.078E-15
1.445E+01  1.588E-23  6.089E-15
1.432E+01  1.657E-23  6.296E-15
1.419E+01  1.736E-23  6.535E-15
1.406E+01  1.645E-23  6.136E-15
1.393E+01  1.575E-23  5.822E-15
1.380E+01  1.589E-23  5.818E-15
1.368E+01  1.713E-23  6.215E-15
1.355E+01  1.763E-23  6.338E-15
1.343E+01  1.649E-23  5.872E-15
1.330E+01  1.649E-23  5.820E-15
1.318E+01  1.730E-23  6.048E-15
1.306E+01  1.892E-23  6.554E-15
1.294E+01  2.175E-23  7.466E-15
1.282E+01  2.632E-23  8.954E-15
1.271E+01  3.203E-23  1.080E-14
1.259E+01  3.451E-23  1.152E-14
1.247E+01  3.122E-23  1.033E-14
1.236E+01  2.714E-23  8.899E-15
1.225E+01  2.543E-23  8.261E-15
1.213E+01  2.589E-23  8.333E-15
1.202E+01  2.675E-23  8.530E-15
1.191E+01  2.586E-23  8.172E-15
1.180E+01  2.394E-23  7.495E-15
1.169E+01  2.331E-23  7.231E-15
1.159E+01  2.571E-23  7.904E-15
1.148E+01  3.393E-23  1.033E-14
1.138E+01  5.095E-23  1.537E-14
1.127E+01  7.037E-23  2.104E-14
1.117E+01  4.853E-23  1.438E-14
1.107E+01  2.635E-23  7.734E-15
1.096E+01  1.842E-23  5.358E-15
1.086E+01  1.466E-23  4.225E-15
1.076E+01  1.258E-23  3.593E-15
1.067E+01  1.131E-23  3.199E-15
1.057E+01  1.046E-23  2.934E-15
1.047E+01  9.875E-24  2.743E-15
1.038E+01  9.445E-24  2.599E-15
1.028E+01  9.121E-24  2.487E-15
1.019E+01  8.875E-24  2.398E-15
1.009E+01  8.693E-24  2.327E-15
1.000E+01  8.566E-24  2.272E-15
9.908E+00  8.491E-24  2.232E-15
9.817E+00  8.464E-24  2.204E-15
9.727E+00  8.485E-24  2.189E-15
9.638E+00  8.557E-24  2.188E-15
9.550E+00  8.683E-24  2.199E-15
9.462E+00  8.869E-24  2.226E-15
9.376E+00  9.133E-24  2.271E-15
9.290E+00  9.498E-24  2.340E-15
9.204E+00  1.001E-23  2.443E-15
9.120E+00  1.073E-23  2.596E-15
9.036E+00  1.179E-23  2.825E-15
8.954E+00  1.339E-23  3.181E-15
8.872E+00  1.595E-23  3.754E-15
8.790E+00  2.016E-23  4.701E-15
8.710E+00  2.659E-23  6.144E-15
8.630E+00  3.258E-23  7.458E-15
8.551E+00  3.178E-23  7.208E-15
8.472E+00  2.755E-23  6.193E-15
8.395E+00  2.539E-23  5.653E-15
8.318E+00  2.523E-23  5.567E-15
8.241E+00  2.631E-23  5.753E-15
8.166E+00  2.908E-23  6.299E-15
8.091E+00  3.436E-23  7.375E-15
8.017E+00  4.281E-23  9.103E-15
7.943E+00  5.395E-23  1.137E-14
7.870E+00  6.405E-23  1.337E-14
7.798E+00  6.872E-23  1.421E-14
7.727E+00  7.135E-23  1.462E-14
7.656E+00  7.613E-23  1.546E-14
7.586E+00  7.502E-23  1.510E-14
7.516E+00  6.183E-23  1.233E-14
7.447E+00  4.676E-23  9.237E-15
7.379E+00  3.590E-23  7.027E-15
7.311E+00  2.868E-23  5.563E-15
7.244E+00  2.369E-23  4.553E-15
7.178E+00  2.008E-23  3.823E-15
7.112E+00  1.741E-23  3.285E-15
7.047E+00  1.547E-23  2.892E-15
6.982E+00  1.415E-23  2.620E-15
6.918E+00  1.337E-23  2.454E-15
6.855E+00  1.308E-23  2.379E-15
6.792E+00  1.313E-23  2.366E-15
6.730E+00  1.323E-23  2.362E-15
6.668E+00  1.304E-23  2.306E-15
6.607E+00  1.257E-23  2.202E-15
6.546E+00  1.226E-23  2.129E-15
6.486E+00  1.270E-23  2.185E-15
6.427E+00  1.462E-23  2.492E-15
6.368E+00  1.946E-23  3.287E-15
6.310E+00  3.052E-23  5.108E-15
6.252E+00  4.956E-23  8.218E-15
6.194E+00  5.039E-23  8.280E-15
6.138E+00  3.021E-23  4.918E-15
6.081E+00  1.768E-23  2.852E-15
6.026E+00  1.184E-23  1.893E-15
5.970E+00  9.057E-24  1.434E-15
5.916E+00  7.793E-24  1.223E-15
5.861E+00  7.533E-24  1.171E-15
5.808E+00  8.213E-24  1.265E-15
5.754E+00  9.723E-24  1.484E-15
5.702E+00  1.059E-23  1.602E-15
5.649E+00  9.019E-24  1.352E-15
5.598E+00  6.710E-24  9.964E-16
5.546E+00  5.113E-24  7.523E-16
5.495E+00  4.182E-24  6.096E-16
5.445E+00  3.678E-24  5.312E-16
5.395E+00  3.490E-24  4.994E-16
5.346E+00  3.656E-24  5.184E-16
5.297E+00  4.301E-24  6.043E-16
5.248E+00  4.772E-24  6.643E-16
5.200E+00  3.856E-24  5.318E-16
5.152E+00  2.906E-24  3.971E-16
5.105E+00  2.384E-24  3.228E-16
5.058E+00  2.092E-24  2.807E-16
5.012E+00  1.910E-24  2.539E-16
4.966E+00  1.782E-24  2.348E-16
4.920E+00  1.687E-24  2.202E-16
4.875E+00  1.612E-24  2.085E-16
4.831E+00  1.550E-24  1.986E-16
4.786E+00  1.498E-24  1.902E-16
4.742E+00  1.454E-24  1.829E-16
4.699E+00  1.415E-24  1.763E-16
4.656E+00  1.380E-24  1.704E-16
4.613E+00  1.349E-24  1.651E-16
4.571E+00  1.322E-24  1.602E-16
4.529E+00  1.297E-24  1.558E-16
4.487E+00  1.274E-24  1.516E-16
4.446E+00  1.253E-24  1.478E-16
4.406E+00  1.234E-24  1.442E-16
4.365E+00  1.217E-24  1.409E-16
4.325E+00  1.201E-24  1.378E-16
4.285E+00  1.186E-24  1.349E-16
4.246E+00  1.173E-24  1.321E-16
4.207E+00  1.161E-24  1.296E-16
4.169E+00  1.150E-24  1.272E-16
4.130E+00  1.140E-24  1.249E-16
4.093E+00  1.131E-24  1.228E-16
4.055E+00  1.123E-24  1.208E-16
4.018E+00  1.117E-24  1.190E-16
3.981E+00  1.111E-24  1.173E-16
3.945E+00  1.107E-24  1.158E-16
3.908E+00  1.104E-24  1.145E-16
3.873E+00  1.103E-24  1.133E-16
3.837E+00  1.104E-24  1.124E-16
3.802E+00  1.107E-24  1.117E-16
3.767E+00  1.114E-24  1.113E-16
3.733E+00  1.123E-24  1.112E-16
3.698E+00  1.138E-24  1.116E-16
3.664E+00  1.159E-24  1.126E-16
3.631E+00  1.188E-24  1.144E-16
3.597E+00  1.229E-24  1.173E-16
3.565E+00  1.289E-24  1.219E-16
3.532E+00  1.377E-24  1.290E-16
3.499E+00  1.512E-24  1.404E-16
3.467E+00  1.731E-24  1.592E-16
3.436E+00  2.113E-24  1.926E-16
3.404E+00  2.868E-24  2.590E-16
3.373E+00  4.672E-24  4.180E-16
3.342E+00  1.065E-23  9.441E-16
3.311E+00  4.028E-23  3.538E-15
3.281E+00  2.750E-23  2.394E-15
3.251E+00  7.850E-24  6.770E-16
3.221E+00  3.745E-24  3.200E-16
3.192E+00  2.387E-24  2.021E-16
3.162E+00  1.787E-24  1.499E-16
3.133E+00  1.471E-24  1.223E-16
3.105E+00  1.284E-24  1.058E-16
3.076E+00  1.164E-24  9.500E-17
3.048E+00  1.082E-24  8.747E-17
3.020E+00  1.022E-24  8.190E-17
2.992E+00  9.775E-25  7.759E-17
2.965E+00  9.425E-25  7.412E-17
2.938E+00  9.143E-25  7.125E-17
2.911E+00  8.910E-25  6.880E-17
2.884E+00  8.713E-25  6.666E-17
2.858E+00  8.543E-25  6.475E-17
2.831E+00  8.392E-25  6.303E-17
2.805E+00  8.258E-25  6.145E-17
2.780E+00  8.136E-25  5.999E-17
2.754E+00  8.024E-25  5.862E-17
2.729E+00  7.919E-25  5.733E-17
2.704E+00  7.821E-25  5.610E-17
2.679E+00  7.728E-25  5.492E-17
2.655E+00  7.640E-25  5.380E-17
2.630E+00  7.554E-25  5.271E-17
2.606E+00  7.472E-25  5.165E-17
2.582E+00  7.392E-25  5.063E-17
2.559E+00  7.314E-25  4.964E-17
2.535E+00  7.237E-25  4.867E-17
2.512E+00  7.161E-25  4.772E-17
2.489E+00  7.087E-25  4.679E-17
2.466E+00  7.013E-25  4.587E-17
2.443E+00  6.939E-25  4.497E-17
2.421E+00  6.865E-25  4.409E-17
2.399E+00  6.793E-25  4.323E-17
2.377E+00  6.722E-25  4.238E-17
2.355E+00  6.651E-25  4.155E-17
2.333E+00  6.580E-25  4.073E-17
2.312E+00  6.510E-25  3.993E-17
2.291E+00  6.440E-25  3.913E-17
2.270E+00  6.369E-25  3.835E-17
2.249E+00  6.298E-25  3.757E-17
2.228E+00  6.226E-25  3.680E-17
2.208E+00  6.153E-25  3.604E-17
2.188E+00  6.079E-25  3.528E-17
2.168E+00  6.003E-25  3.452E-17
2.148E+00  5.925E-25  3.375E-17
2.128E+00  5.843E-25  3.298E-17
2.109E+00  5.757E-25  3.220E-17
2.089E+00  5.665E-25  3.140E-17
2.070E+00  5.567E-25  3.057E-17
2.051E+00  5.460E-25  2.971E-17
2.032E+00  5.343E-25  2.880E-17
2.014E+00  5.211E-25  2.784E-17
1.995E+00  5.064E-25  2.680E-17
1.977E+00  4.901E-25  2.570E-17
1.959E+00  4.727E-25  2.456E-17
1.941E+00  4.558E-25  2.347E-17
1.923E+00  4.426E-25  2.258E-17
1.905E+00  4.361E-25  2.204E-17
1.888E+00  4.374E-25  2.191E-17
1.871E+00  4.444E-25  2.205E-17
1.854E+00  4.531E-25  2.228E-17
1.837E+00  4.608E-25  2.245E-17
1.820E+00  4.663E-25  2.251E-17
1.803E+00  4.696E-25  2.246E-17
1.786E+00  4.711E-25  2.232E-17
1.770E+00  4.710E-25  2.211E-17
1.754E+00  4.698E-25  2.186E-17
1.738E+00  4.679E-25  2.157E-17
1.722E+00  4.654E-25  2.126E-17
1.706E+00  4.625E-25  2.093E-17
1.690E+00  4.594E-25  2.060E-17
1.675E+00  4.561E-25  2.026E-17
1.660E+00  4.527E-25  1.993E-17
1.644E+00  4.493E-25  1.960E-17
1.629E+00  4.458E-25  1.927E-17
1.614E+00  4.425E-25  1.895E-17
1.600E+00  4.393E-25  1.864E-17
1.585E+00  4.363E-25  1.834E-17
1.570E+00  4.335E-25  1.806E-17
1.556E+00  4.310E-25  1.779E-17
1.542E+00  4.288E-25  1.754E-17
1.528E+00  4.271E-25  1.731E-17
1.514E+00  4.258E-25  1.710E-17
1.500E+00  4.251E-25  1.691E-17
1.486E+00  4.250E-25  1.675E-17
1.472E+00  4.257E-25  1.663E-17
1.459E+00  4.273E-25  1.654E-17
1.445E+00  4.300E-25  1.649E-17
1.432E+00  4.340E-25  1.649E-17
1.419E+00  4.396E-25  1.655E-17
1.406E+00  4.469E-25  1.667E-17
1.393E+00  4.565E-25  1.687E-17
1.380E+00  4.687E-25  1.716E-17
1.368E+00  4.841E-25  1.756E-17
1.355E+00  5.031E-25  1.809E-17
1.343E+00  5.263E-25  1.875E-17
1.330E+00  5.538E-25  1.955E-17
1.318E+00  5.852E-25  2.046E-17
1.306E+00  6.187E-25  2.144E-17
1.294E+00  6.501E-25  2.232E-17
1.282E+00  6.732E-25  2.290E-17
1.271E+00  6.799E-25  2.292E-17
1.259E+00  6.648E-25  2.220E-17
1.247E+00  6.283E-25  2.079E-17
1.236E+00  5.774E-25  1.893E-17
1.225E+00  5.217E-25  1.695E-17
1.213E+00  4.689E-25  1.509E-17
1.202E+00  4.234E-25  1.350E-17
1.191E+00  3.864E-25  1.221E-17
1.180E+00  3.578E-25  1.120E-17
1.169E+00  3.366E-25  1.044E-17
1.159E+00  3.222E-25  9.902E-18
1.148E+00  3.139E-25  9.560E-18
1.138E+00  3.118E-25  9.410E-18
1.127E+00  3.165E-25  9.464E-18
1.117E+00  3.294E-25  9.757E-18
1.107E+00  3.529E-25  1.036E-17
1.096E+00  3.913E-25  1.138E-17
1.086E+00  4.506E-25  1.299E-17
1.076E+00  5.370E-25  1.533E-17
1.067E+00  6.452E-25  1.826E-17
1.057E+00  7.319E-25  2.052E-17
1.047E+00  7.172E-25  1.992E-17
1.038E+00  5.946E-25  1.636E-17
1.028E+00  4.500E-25  1.227E-17
1.019E+00  3.379E-25  9.129E-18
1.009E+00  2.619E-25  7.012E-18
1.000E+00  2.116E-25  5.613E-18
