Dust emission from Draine & Li (2007): ApJ 657, 810-837
==========================================================
         4 = grain model
 4.000E-08 4.000E-01 2.250E-05 = a_01 (cm) , sigma_1 , b_C1/0.92
 2.000E-07 5.500E-01 7.500E-06 = a_02 (cm) , sigma_2 , b_C2/0.92
 3.000E+00 3.000E+00 1.000E+00 = Umin , Umax, beta (dN/dU propto U^{-beta})
 3.000E+00 = <U> 
     mmp83 = radfield
 1.335E-23 = power/H (erg s-1)
 band   nu*P_nu(band) j_nu(band)
 (um)   (erg s-1 H-1)(Jy cm2 sr-1 H-1)
1.270E+00  2.778E-26  9.359E-19 COBE-DIRBE
2.220E+00  3.504E-26  2.064E-18 COBE-DIRBE
3.530E+00  2.345E-25  2.195E-17 COBE-DIRBE
4.880E+00  1.045E-25  1.352E-17 COBE-DIRBE
1.229E+01  9.484E-25  3.092E-16 COBE-DIRBE
2.079E+01  6.529E-25  3.601E-16 COBE-DIRBE
5.599E+01  4.409E-24  6.548E-15 COBE-DIRBE
9.770E+01  8.874E-24  2.300E-14 COBE-DIRBE
1.479E+02  7.027E-24  2.757E-14 COBE-DIRBE
2.479E+02  2.227E-24  1.464E-14 COBE-DIRBE
1.200E+01  1.033E-24  3.288E-16 IRAS
2.500E+01  6.146E-25  4.076E-16 IRAS
6.000E+01  5.010E-24  7.974E-15 IRAS
1.000E+02  8.931E-24  2.369E-14 IRAS
3.550E+00  2.728E-25  2.569E-17 SST-IRAC
4.493E+00  7.555E-26  9.004E-18 SST-IRAC
5.731E+00  6.139E-25  9.332E-17 SST-IRAC
7.872E+00  1.499E-24  3.129E-16 SST-IRAC
2.368E+01  5.469E-25  3.435E-16 SST-MIPS
7.142E+01  6.418E-24  1.216E-14 SST-MIPS
1.559E+02  6.201E-24  2.564E-14 SST-MIPS
1.600E+01  7.537E-25  3.199E-16 SST-IRSPU
2.200E+01  5.838E-25  3.407E-16 SST-IRSPU
7.500E+01  5.481E-24  1.090E-14 Herschel-PACS
1.100E+02  6.550E-24  1.911E-14 Herschel-PACS
1.700E+02  4.706E-24  2.122E-14 Herschel-PACS
2.500E+02  1.899E-24  1.259E-14 Herschel-SPIRE
3.600E+02  5.373E-25  5.131E-15 Herschel-SPIRE
5.200E+02  1.314E-25  1.813E-15 Herschel-SPIRE
2.400E+00  3.938E-26  2.507E-18 Akari IRC NIR N2
3.200E+00  1.800E-25  1.528E-17 Akari IRC NIR N3
4.100E+00  8.209E-26  8.928E-18 Akari IRC NIR N4
7.000E+00  1.704E-24  3.164E-16 Akari IRC MIR-S S7
9.000E+00  1.199E-24  2.861E-16 Akari IRC MIR-S S9W
1.100E+01  9.383E-25  2.738E-16 Akari IRC MIR-S S11
1.500E+01  7.833E-25  3.117E-16 Akari IRC MIR-L L15
1.800E+01  6.626E-25  3.164E-16 Akari IRC MIR-L L18W
2.400E+01  5.666E-25  3.607E-16 Akari IRC MIR-L L24
6.500E+01  6.200E-24  1.069E-14 Akari FIS N60
8.000E+01  8.238E-24  1.748E-14 Akari FIS WIDE-S
1.400E+02  7.055E-24  2.620E-14 Akari FIS WIDE-L
1.600E+02  5.990E-24  2.542E-14 Akari FIS N160
 
 
 
 


lambda    nu*dP/dnu     j_nu
 (um)   (erg s-1 H-1)(Jy cm2 sr-1 H-1)
1.000E+04  6.429E-31  1.705E-19
9.908E+03  6.664E-31  1.751E-19
9.817E+03  6.908E-31  1.799E-19
9.727E+03  7.161E-31  1.848E-19
9.638E+03  7.423E-31  1.898E-19
9.550E+03  7.695E-31  1.949E-19
9.462E+03  7.976E-31  2.002E-19
9.376E+03  8.268E-31  2.056E-19
9.290E+03  8.571E-31  2.112E-19
9.204E+03  8.885E-31  2.169E-19
9.120E+03  9.210E-31  2.228E-19
9.036E+03  9.548E-31  2.289E-19
8.954E+03  9.896E-31  2.350E-19
8.872E+03  1.026E-30  2.414E-19
8.790E+03  1.063E-30  2.479E-19
8.710E+03  1.102E-30  2.545E-19
8.630E+03  1.142E-30  2.614E-19
8.551E+03  1.184E-30  2.685E-19
8.472E+03  1.227E-30  2.757E-19
8.395E+03  1.272E-30  2.832E-19
8.318E+03  1.318E-30  2.909E-19
8.241E+03  1.367E-30  2.987E-19
8.166E+03  1.417E-30  3.068E-19
8.091E+03  1.468E-30  3.152E-19
8.017E+03  1.522E-30  3.237E-19
7.943E+03  1.578E-30  3.325E-19
7.870E+03  1.636E-30  3.416E-19
7.798E+03  1.696E-30  3.509E-19
7.727E+03  1.759E-30  3.604E-19
7.656E+03  1.823E-30  3.703E-19
7.586E+03  1.890E-30  3.804E-19
7.516E+03  1.960E-30  3.908E-19
7.447E+03  2.032E-30  4.014E-19
7.379E+03  2.107E-30  4.124E-19
7.311E+03  2.185E-30  4.237E-19
7.244E+03  2.265E-30  4.353E-19
7.178E+03  2.349E-30  4.473E-19
7.112E+03  2.436E-30  4.595E-19
7.047E+03  2.526E-30  4.722E-19
6.982E+03  2.619E-30  4.851E-19
6.918E+03  2.716E-30  4.984E-19
6.855E+03  2.816E-30  5.121E-19
6.792E+03  2.921E-30  5.262E-19
6.730E+03  3.029E-30  5.407E-19
6.668E+03  3.141E-30  5.556E-19
6.607E+03  3.257E-30  5.709E-19
6.546E+03  3.378E-30  5.866E-19
6.486E+03  3.504E-30  6.028E-19
6.427E+03  3.634E-30  6.195E-19
6.368E+03  3.769E-30  6.366E-19
6.310E+03  3.909E-30  6.542E-19
6.252E+03  4.054E-30  6.723E-19
6.194E+03  4.205E-30  6.910E-19
6.138E+03  4.362E-30  7.101E-19
6.081E+03  4.524E-30  7.299E-19
6.026E+03  4.693E-30  7.501E-19
5.970E+03  4.868E-30  7.710E-19
5.916E+03  5.050E-30  7.925E-19
5.861E+03  5.239E-30  8.145E-19
5.808E+03  5.435E-30  8.373E-19
5.754E+03  5.638E-30  8.606E-19
5.702E+03  5.849E-30  8.847E-19
5.649E+03  6.068E-30  9.094E-19
5.598E+03  6.296E-30  9.348E-19
5.546E+03  6.532E-30  9.610E-19
5.495E+03  6.777E-30  9.879E-19
5.445E+03  7.032E-30  1.016E-18
5.395E+03  7.296E-30  1.044E-18
5.346E+03  7.570E-30  1.073E-18
5.297E+03  7.855E-30  1.104E-18
5.248E+03  8.151E-30  1.135E-18
5.200E+03  8.457E-30  1.167E-18
5.152E+03  8.776E-30  1.199E-18
5.105E+03  9.107E-30  1.233E-18
5.058E+03  9.450E-30  1.268E-18
5.012E+03  9.807E-30  1.304E-18
4.966E+03  1.018E-29  1.341E-18
4.920E+03  1.056E-29  1.378E-18
4.875E+03  1.096E-29  1.417E-18
4.831E+03  1.137E-29  1.457E-18
4.786E+03  1.180E-29  1.499E-18
4.742E+03  1.225E-29  1.541E-18
4.699E+03  1.272E-29  1.585E-18
4.656E+03  1.320E-29  1.630E-18
4.613E+03  1.370E-29  1.676E-18
4.571E+03  1.422E-29  1.724E-18
4.529E+03  1.476E-29  1.773E-18
4.487E+03  1.532E-29  1.824E-18
4.446E+03  1.590E-29  1.875E-18
4.406E+03  1.651E-29  1.929E-18
4.365E+03  1.714E-29  1.984E-18
4.325E+03  1.779E-29  2.041E-18
4.285E+03  1.847E-29  2.099E-18
4.246E+03  1.917E-29  2.159E-18
4.207E+03  1.990E-29  2.221E-18
4.169E+03  2.066E-29  2.285E-18
4.130E+03  2.145E-29  2.350E-18
4.093E+03  2.227E-29  2.418E-18
4.055E+03  2.313E-29  2.487E-18
4.018E+03  2.401E-29  2.559E-18
3.981E+03  2.493E-29  2.633E-18
3.945E+03  2.588E-29  2.708E-18
3.908E+03  2.687E-29  2.786E-18
3.873E+03  2.790E-29  2.866E-18
3.837E+03  2.897E-29  2.949E-18
3.802E+03  3.009E-29  3.034E-18
3.767E+03  3.124E-29  3.122E-18
3.733E+03  3.244E-29  3.212E-18
3.698E+03  3.369E-29  3.305E-18
3.664E+03  3.499E-29  3.401E-18
3.631E+03  3.634E-29  3.499E-18
3.597E+03  3.774E-29  3.601E-18
3.565E+03  3.919E-29  3.706E-18
3.532E+03  4.070E-29  3.813E-18
3.499E+03  4.228E-29  3.924E-18
3.467E+03  4.391E-29  4.039E-18
3.436E+03  4.561E-29  4.156E-18
3.404E+03  4.737E-29  4.278E-18
3.373E+03  4.921E-29  4.403E-18
3.342E+03  5.112E-29  4.531E-18
3.311E+03  5.310E-29  4.664E-18
3.281E+03  5.516E-29  4.801E-18
3.251E+03  5.730E-29  4.941E-18
3.221E+03  5.953E-29  5.086E-18
3.192E+03  6.185E-29  5.236E-18
3.162E+03  6.425E-29  5.390E-18
3.133E+03  6.675E-29  5.548E-18
3.105E+03  6.935E-29  5.711E-18
3.076E+03  7.206E-29  5.880E-18
3.048E+03  7.487E-29  6.053E-18
3.020E+03  7.779E-29  6.232E-18
2.992E+03  8.083E-29  6.415E-18
2.965E+03  8.397E-29  6.604E-18
2.938E+03  8.725E-29  6.799E-18
2.911E+03  9.065E-29  6.999E-18
2.884E+03  9.419E-29  7.206E-18
2.858E+03  9.787E-29  7.418E-18
2.831E+03  1.017E-28  7.638E-18
2.805E+03  1.057E-28  7.864E-18
2.780E+03  1.098E-28  8.096E-18
2.754E+03  1.141E-28  8.336E-18
2.729E+03  1.186E-28  8.584E-18
2.704E+03  1.232E-28  8.839E-18
2.679E+03  1.281E-28  9.101E-18
2.655E+03  1.331E-28  9.372E-18
2.630E+03  1.383E-28  9.651E-18
2.606E+03  1.438E-28  9.938E-18
2.582E+03  1.494E-28  1.023E-17
2.559E+03  1.553E-28  1.054E-17
2.535E+03  1.614E-28  1.085E-17
2.512E+03  1.678E-28  1.118E-17
2.489E+03  1.744E-28  1.151E-17
2.466E+03  1.813E-28  1.186E-17
2.443E+03  1.884E-28  1.221E-17
2.421E+03  1.959E-28  1.258E-17
2.399E+03  2.036E-28  1.296E-17
2.377E+03  2.117E-28  1.334E-17
2.355E+03  2.200E-28  1.375E-17
2.333E+03  2.287E-28  1.416E-17
2.312E+03  2.378E-28  1.458E-17
2.291E+03  2.472E-28  1.502E-17
2.270E+03  2.570E-28  1.548E-17
2.249E+03  2.672E-28  1.594E-17
2.228E+03  2.778E-28  1.642E-17
2.208E+03  2.888E-28  1.692E-17
2.188E+03  3.003E-28  1.743E-17
2.168E+03  3.122E-28  1.795E-17
2.148E+03  3.247E-28  1.850E-17
2.128E+03  3.376E-28  1.906E-17
2.109E+03  3.510E-28  1.963E-17
2.089E+03  3.650E-28  2.023E-17
2.070E+03  3.795E-28  2.084E-17
2.051E+03  3.946E-28  2.147E-17
2.032E+03  4.103E-28  2.212E-17
2.014E+03  4.267E-28  2.279E-17
1.995E+03  4.437E-28  2.348E-17
1.977E+03  4.613E-28  2.419E-17
1.959E+03  4.797E-28  2.493E-17
1.941E+03  4.989E-28  2.568E-17
1.923E+03  5.187E-28  2.646E-17
1.905E+03  5.394E-28  2.727E-17
1.888E+03  5.610E-28  2.809E-17
1.871E+03  5.834E-28  2.895E-17
1.854E+03  6.067E-28  2.983E-17
1.837E+03  6.309E-28  3.074E-17
1.820E+03  6.561E-28  3.167E-17
1.803E+03  6.824E-28  3.263E-17
1.786E+03  7.096E-28  3.363E-17
1.770E+03  7.380E-28  3.465E-17
1.754E+03  7.676E-28  3.571E-17
1.738E+03  7.983E-28  3.680E-17
1.722E+03  8.302E-28  3.792E-17
1.706E+03  8.634E-28  3.908E-17
1.690E+03  8.980E-28  4.027E-17
1.675E+03  9.340E-28  4.150E-17
1.660E+03  9.714E-28  4.276E-17
1.644E+03  1.010E-27  4.407E-17
1.629E+03  1.051E-27  4.541E-17
1.614E+03  1.093E-27  4.680E-17
1.600E+03  1.137E-27  4.823E-17
1.585E+03  1.182E-27  4.970E-17
1.570E+03  1.230E-27  5.122E-17
1.556E+03  1.279E-27  5.278E-17
1.542E+03  1.330E-27  5.439E-17
1.528E+03  1.383E-27  5.605E-17
1.514E+03  1.439E-27  5.776E-17
1.500E+03  1.496E-27  5.953E-17
1.486E+03  1.556E-27  6.135E-17
1.472E+03  1.619E-27  6.322E-17
1.459E+03  1.684E-27  6.515E-17
1.445E+03  1.751E-27  6.715E-17
1.432E+03  1.822E-27  6.920E-17
1.419E+03  1.895E-27  7.131E-17
1.406E+03  1.971E-27  7.350E-17
1.393E+03  2.050E-27  7.574E-17
1.380E+03  2.132E-27  7.806E-17
1.368E+03  2.217E-27  8.044E-17
1.355E+03  2.306E-27  8.290E-17
1.343E+03  2.399E-27  8.543E-17
1.330E+03  2.495E-27  8.805E-17
1.318E+03  2.595E-27  9.073E-17
1.306E+03  2.699E-27  9.351E-17
1.294E+03  2.807E-27  9.636E-17
1.282E+03  2.919E-27  9.930E-17
1.271E+03  3.036E-27  1.023E-16
1.259E+03  3.158E-27  1.055E-16
1.247E+03  3.284E-27  1.087E-16
1.236E+03  3.416E-27  1.120E-16
1.225E+03  3.552E-27  1.154E-16
1.213E+03  3.694E-27  1.189E-16
1.202E+03  3.842E-27  1.225E-16
1.191E+03  3.996E-27  1.263E-16
1.180E+03  4.155E-27  1.301E-16
1.169E+03  4.321E-27  1.341E-16
1.159E+03  4.494E-27  1.381E-16
1.148E+03  4.673E-27  1.423E-16
1.138E+03  4.860E-27  1.467E-16
1.127E+03  5.054E-27  1.511E-16
1.117E+03  5.255E-27  1.557E-16
1.107E+03  5.465E-27  1.604E-16
1.096E+03  5.682E-27  1.653E-16
1.086E+03  5.909E-27  1.703E-16
1.076E+03  6.144E-27  1.754E-16
1.067E+03  6.388E-27  1.807E-16
1.057E+03  6.642E-27  1.862E-16
1.047E+03  6.906E-27  1.918E-16
1.038E+03  7.180E-27  1.976E-16
1.028E+03  7.465E-27  2.036E-16
1.019E+03  7.761E-27  2.097E-16
1.009E+03  8.069E-27  2.160E-16
1.000E+03  8.389E-27  2.225E-16
9.908E+02  8.721E-27  2.292E-16
9.817E+02  9.067E-27  2.361E-16
9.727E+02  9.426E-27  2.432E-16
9.638E+02  9.799E-27  2.505E-16
9.550E+02  1.019E-26  2.580E-16
9.462E+02  1.059E-26  2.658E-16
9.376E+02  1.101E-26  2.738E-16
9.290E+02  1.144E-26  2.820E-16
9.204E+02  1.189E-26  2.904E-16
9.120E+02  1.236E-26  2.991E-16
9.036E+02  1.285E-26  3.080E-16
8.954E+02  1.335E-26  3.172E-16
8.872E+02  1.388E-26  3.266E-16
8.790E+02  1.442E-26  3.363E-16
8.710E+02  1.499E-26  3.463E-16
8.630E+02  1.558E-26  3.566E-16
8.551E+02  1.619E-26  3.671E-16
8.472E+02  1.682E-26  3.780E-16
8.395E+02  1.748E-26  3.892E-16
8.318E+02  1.816E-26  4.006E-16
8.241E+02  1.887E-26  4.124E-16
8.166E+02  1.960E-26  4.246E-16
8.091E+02  2.036E-26  4.370E-16
8.017E+02  2.115E-26  4.498E-16
7.943E+02  2.197E-26  4.630E-16
7.870E+02  2.283E-26  4.765E-16
7.798E+02  2.371E-26  4.905E-16
7.727E+02  2.463E-26  5.048E-16
7.656E+02  2.558E-26  5.195E-16
7.586E+02  2.657E-26  5.346E-16
7.516E+02  2.759E-26  5.501E-16
7.447E+02  2.866E-26  5.661E-16
7.379E+02  2.976E-26  5.826E-16
7.311E+02  3.091E-26  5.995E-16
7.244E+02  3.210E-26  6.169E-16
7.178E+02  3.334E-26  6.348E-16
7.112E+02  3.462E-26  6.532E-16
7.047E+02  3.596E-26  6.721E-16
6.982E+02  3.734E-26  6.916E-16
6.918E+02  3.877E-26  7.116E-16
6.855E+02  4.026E-26  7.321E-16
6.792E+02  4.181E-26  7.532E-16
6.730E+02  4.341E-26  7.749E-16
6.668E+02  4.507E-26  7.971E-16
6.607E+02  4.679E-26  8.200E-16
6.546E+02  4.858E-26  8.436E-16
6.486E+02  5.044E-26  8.679E-16
6.427E+02  5.237E-26  8.929E-16
6.368E+02  5.438E-26  9.186E-16
6.310E+02  5.646E-26  9.450E-16
6.252E+02  5.862E-26  9.721E-16
6.194E+02  6.086E-26  1.000E-15
6.138E+02  6.318E-26  1.029E-15
6.081E+02  6.560E-26  1.058E-15
6.026E+02  6.810E-26  1.088E-15
5.970E+02  7.070E-26  1.120E-15
5.916E+02  7.339E-26  1.152E-15
5.861E+02  7.618E-26  1.184E-15
5.808E+02  7.908E-26  1.218E-15
5.754E+02  8.209E-26  1.253E-15
5.702E+02  8.521E-26  1.289E-15
5.649E+02  8.844E-26  1.325E-15
5.598E+02  9.180E-26  1.363E-15
5.546E+02  9.528E-26  1.402E-15
5.495E+02  9.889E-26  1.442E-15
5.445E+02  1.026E-25  1.482E-15
5.395E+02  1.065E-25  1.524E-15
5.346E+02  1.105E-25  1.568E-15
5.297E+02  1.147E-25  1.612E-15
5.248E+02  1.191E-25  1.657E-15
5.200E+02  1.235E-25  1.704E-15
5.152E+02  1.282E-25  1.752E-15
5.105E+02  1.330E-25  1.801E-15
5.058E+02  1.380E-25  1.852E-15
5.012E+02  1.432E-25  1.904E-15
4.966E+02  1.486E-25  1.957E-15
4.920E+02  1.542E-25  2.012E-15
4.875E+02  1.599E-25  2.068E-15
4.831E+02  1.659E-25  2.126E-15
4.786E+02  1.721E-25  2.185E-15
4.742E+02  1.785E-25  2.246E-15
4.699E+02  1.852E-25  2.308E-15
4.656E+02  1.921E-25  2.372E-15
4.613E+02  1.992E-25  2.438E-15
4.571E+02  2.066E-25  2.505E-15
4.529E+02  2.143E-25  2.574E-15
4.487E+02  2.222E-25  2.645E-15
4.446E+02  2.304E-25  2.718E-15
4.406E+02  2.389E-25  2.792E-15
4.365E+02  2.478E-25  2.869E-15
4.325E+02  2.569E-25  2.947E-15
4.285E+02  2.663E-25  3.027E-15
4.246E+02  2.761E-25  3.110E-15
4.207E+02  2.862E-25  3.194E-15
4.169E+02  2.967E-25  3.281E-15
4.130E+02  3.075E-25  3.369E-15
4.093E+02  3.187E-25  3.460E-15
4.055E+02  3.304E-25  3.553E-15
4.018E+02  3.424E-25  3.649E-15
3.981E+02  3.548E-25  3.747E-15
3.945E+02  3.677E-25  3.847E-15
3.908E+02  3.810E-25  3.950E-15
3.873E+02  3.947E-25  4.055E-15
3.837E+02  4.090E-25  4.163E-15
3.802E+02  4.237E-25  4.273E-15
3.767E+02  4.389E-25  4.386E-15
3.733E+02  4.547E-25  4.501E-15
3.698E+02  4.709E-25  4.620E-15
3.664E+02  4.877E-25  4.741E-15
3.631E+02  5.051E-25  4.865E-15
3.597E+02  5.231E-25  4.991E-15
3.565E+02  5.416E-25  5.121E-15
3.532E+02  5.608E-25  5.254E-15
3.499E+02  5.806E-25  5.389E-15
3.467E+02  6.010E-25  5.528E-15
3.436E+02  6.221E-25  5.670E-15
3.404E+02  6.439E-25  5.815E-15
3.373E+02  6.664E-25  5.963E-15
3.342E+02  6.897E-25  6.114E-15
3.311E+02  7.136E-25  6.268E-15
3.281E+02  7.384E-25  6.426E-15
3.251E+02  7.639E-25  6.587E-15
3.221E+02  7.902E-25  6.752E-15
3.192E+02  8.174E-25  6.920E-15
3.162E+02  8.454E-25  7.091E-15
3.133E+02  8.743E-25  7.266E-15
3.105E+02  9.040E-25  7.445E-15
3.076E+02  9.347E-25  7.627E-15
3.048E+02  9.664E-25  7.813E-15
3.020E+02  9.990E-25  8.002E-15
2.992E+02  1.033E-24  8.195E-15
2.965E+02  1.067E-24  8.392E-15
2.938E+02  1.103E-24  8.593E-15
2.911E+02  1.139E-24  8.797E-15
2.884E+02  1.177E-24  9.005E-15
2.858E+02  1.216E-24  9.217E-15
2.831E+02  1.256E-24  9.432E-15
2.805E+02  1.297E-24  9.652E-15
2.780E+02  1.339E-24  9.876E-15
2.754E+02  1.383E-24  1.010E-14
2.729E+02  1.428E-24  1.034E-14
2.704E+02  1.474E-24  1.057E-14
2.679E+02  1.521E-24  1.081E-14
2.655E+02  1.570E-24  1.106E-14
2.630E+02  1.620E-24  1.131E-14
2.606E+02  1.672E-24  1.156E-14
2.582E+02  1.725E-24  1.182E-14
2.559E+02  1.779E-24  1.207E-14
2.535E+02  1.834E-24  1.234E-14
2.512E+02  1.891E-24  1.260E-14
2.489E+02  1.948E-24  1.286E-14
2.466E+02  2.006E-24  1.312E-14
2.443E+02  2.064E-24  1.338E-14
2.421E+02  2.123E-24  1.364E-14
2.399E+02  2.184E-24  1.390E-14
2.377E+02  2.245E-24  1.415E-14
2.355E+02  2.307E-24  1.441E-14
2.333E+02  2.370E-24  1.467E-14
2.312E+02  2.435E-24  1.493E-14
2.291E+02  2.501E-24  1.519E-14
2.270E+02  2.568E-24  1.546E-14
2.249E+02  2.636E-24  1.573E-14
2.228E+02  2.706E-24  1.600E-14
2.208E+02  2.777E-24  1.627E-14
2.188E+02  2.850E-24  1.654E-14
2.168E+02  2.924E-24  1.681E-14
2.148E+02  2.999E-24  1.708E-14
2.128E+02  3.075E-24  1.736E-14
2.109E+02  3.153E-24  1.763E-14
2.089E+02  3.232E-24  1.791E-14
2.070E+02  3.312E-24  1.819E-14
2.051E+02  3.394E-24  1.846E-14
2.032E+02  3.477E-24  1.874E-14
2.014E+02  3.561E-24  1.902E-14
1.995E+02  3.646E-24  1.930E-14
1.977E+02  3.733E-24  1.958E-14
1.959E+02  3.821E-24  1.985E-14
1.941E+02  3.910E-24  2.013E-14
1.923E+02  4.001E-24  2.041E-14
1.905E+02  4.092E-24  2.068E-14
1.888E+02  4.185E-24  2.096E-14
1.871E+02  4.280E-24  2.124E-14
1.854E+02  4.375E-24  2.151E-14
1.837E+02  4.472E-24  2.178E-14
1.820E+02  4.570E-24  2.206E-14
1.803E+02  4.669E-24  2.233E-14
1.786E+02  4.769E-24  2.260E-14
1.770E+02  4.871E-24  2.287E-14
1.754E+02  4.974E-24  2.314E-14
1.738E+02  5.078E-24  2.341E-14
1.722E+02  5.183E-24  2.367E-14
1.706E+02  5.290E-24  2.394E-14
1.690E+02  5.398E-24  2.420E-14
1.675E+02  5.507E-24  2.447E-14
1.660E+02  5.618E-24  2.473E-14
1.644E+02  5.730E-24  2.499E-14
1.629E+02  5.844E-24  2.525E-14
1.614E+02  5.959E-24  2.552E-14
1.600E+02  6.075E-24  2.578E-14
1.585E+02  6.194E-24  2.604E-14
1.570E+02  6.314E-24  2.630E-14
1.556E+02  6.436E-24  2.656E-14
1.542E+02  6.560E-24  2.683E-14
1.528E+02  6.686E-24  2.709E-14
1.514E+02  6.814E-24  2.736E-14
1.500E+02  6.943E-24  2.762E-14
1.486E+02  7.074E-24  2.788E-14
1.472E+02  7.205E-24  2.814E-14
1.459E+02  7.335E-24  2.839E-14
1.445E+02  7.464E-24  2.862E-14
1.432E+02  7.589E-24  2.883E-14
1.419E+02  7.706E-24  2.901E-14
1.406E+02  7.815E-24  2.915E-14
1.393E+02  7.911E-24  2.924E-14
1.380E+02  7.995E-24  2.928E-14
1.368E+02  8.067E-24  2.927E-14
1.355E+02  8.128E-24  2.922E-14
1.343E+02  8.181E-24  2.914E-14
1.330E+02  8.228E-24  2.904E-14
1.318E+02  8.272E-24  2.893E-14
1.306E+02  8.314E-24  2.881E-14
1.294E+02  8.356E-24  2.869E-14
1.282E+02  8.397E-24  2.856E-14
1.271E+02  8.438E-24  2.844E-14
1.259E+02  8.480E-24  2.832E-14
1.247E+02  8.523E-24  2.820E-14
1.236E+02  8.565E-24  2.808E-14
1.225E+02  8.608E-24  2.796E-14
1.213E+02  8.651E-24  2.784E-14
1.202E+02  8.693E-24  2.772E-14
1.191E+02  8.735E-24  2.760E-14
1.180E+02  8.776E-24  2.748E-14
1.169E+02  8.815E-24  2.735E-14
1.159E+02  8.852E-24  2.721E-14
1.148E+02  8.889E-24  2.707E-14
1.138E+02  8.925E-24  2.693E-14
1.127E+02  8.958E-24  2.679E-14
1.117E+02  8.991E-24  2.664E-14
1.107E+02  9.022E-24  2.648E-14
1.096E+02  9.051E-24  2.633E-14
1.086E+02  9.078E-24  2.616E-14
1.076E+02  9.103E-24  2.599E-14
1.067E+02  9.126E-24  2.582E-14
1.057E+02  9.146E-24  2.564E-14
1.047E+02  9.163E-24  2.545E-14
1.038E+02  9.179E-24  2.526E-14
1.028E+02  9.190E-24  2.506E-14
1.019E+02  9.199E-24  2.485E-14
1.009E+02  9.205E-24  2.464E-14
1.000E+02  9.208E-24  2.442E-14
9.908E+01  9.207E-24  2.420E-14
9.817E+01  9.203E-24  2.397E-14
9.727E+01  9.196E-24  2.373E-14
9.638E+01  9.186E-24  2.349E-14
9.550E+01  9.173E-24  2.324E-14
9.462E+01  9.156E-24  2.298E-14
9.376E+01  9.136E-24  2.272E-14
9.290E+01  9.112E-24  2.245E-14
9.204E+01  9.085E-24  2.218E-14
9.120E+01  9.055E-24  2.191E-14
9.036E+01  9.021E-24  2.162E-14
8.954E+01  8.985E-24  2.134E-14
8.872E+01  8.945E-24  2.105E-14
8.790E+01  8.902E-24  2.076E-14
8.710E+01  8.856E-24  2.046E-14
8.630E+01  8.807E-24  2.016E-14
8.551E+01  8.755E-24  1.986E-14
8.472E+01  8.699E-24  1.955E-14
8.395E+01  8.641E-24  1.924E-14
8.318E+01  8.581E-24  1.893E-14
8.241E+01  8.517E-24  1.862E-14
8.166E+01  8.451E-24  1.830E-14
8.091E+01  8.382E-24  1.799E-14
8.017E+01  8.310E-24  1.767E-14
7.943E+01  8.236E-24  1.735E-14
7.870E+01  8.159E-24  1.703E-14
7.798E+01  8.080E-24  1.671E-14
7.727E+01  7.998E-24  1.639E-14
7.656E+01  7.914E-24  1.607E-14
7.586E+01  7.827E-24  1.575E-14
7.516E+01  7.739E-24  1.543E-14
7.447E+01  7.648E-24  1.511E-14
7.379E+01  7.554E-24  1.479E-14
7.311E+01  7.459E-24  1.447E-14
7.244E+01  7.362E-24  1.415E-14
7.178E+01  7.263E-24  1.383E-14
7.112E+01  7.163E-24  1.351E-14
7.047E+01  7.062E-24  1.320E-14
6.982E+01  6.960E-24  1.289E-14
6.918E+01  6.856E-24  1.258E-14
6.855E+01  6.752E-24  1.228E-14
6.792E+01  6.646E-24  1.197E-14
6.730E+01  6.539E-24  1.167E-14
6.668E+01  6.432E-24  1.138E-14
6.607E+01  6.324E-24  1.108E-14
6.546E+01  6.215E-24  1.079E-14
6.486E+01  6.106E-24  1.051E-14
6.427E+01  5.996E-24  1.022E-14
6.368E+01  5.887E-24  9.943E-15
6.310E+01  5.777E-24  9.668E-15
6.252E+01  5.667E-24  9.398E-15
6.194E+01  5.558E-24  9.132E-15
6.138E+01  5.448E-24  8.870E-15
6.081E+01  5.339E-24  8.613E-15
6.026E+01  5.230E-24  8.360E-15
5.970E+01  5.122E-24  8.111E-15
5.916E+01  5.014E-24  7.868E-15
5.861E+01  4.906E-24  7.628E-15
5.808E+01  4.800E-24  7.394E-15
5.754E+01  4.694E-24  7.165E-15
5.702E+01  4.590E-24  6.941E-15
5.649E+01  4.486E-24  6.722E-15
5.598E+01  4.383E-24  6.508E-15
5.546E+01  4.282E-24  6.299E-15
5.495E+01  4.181E-24  6.095E-15
5.445E+01  4.082E-24  5.896E-15
5.395E+01  3.985E-24  5.702E-15
5.346E+01  3.888E-24  5.514E-15
5.297E+01  3.793E-24  5.329E-15
5.248E+01  3.700E-24  5.150E-15
5.200E+01  3.607E-24  4.976E-15
5.152E+01  3.517E-24  4.806E-15
5.105E+01  3.427E-24  4.641E-15
5.058E+01  3.340E-24  4.481E-15
5.012E+01  3.254E-24  4.326E-15
4.966E+01  3.170E-24  4.175E-15
4.920E+01  3.087E-24  4.029E-15
4.875E+01  3.006E-24  3.888E-15
4.831E+01  2.927E-24  3.751E-15
4.786E+01  2.850E-24  3.618E-15
4.742E+01  2.774E-24  3.490E-15
4.699E+01  2.700E-24  3.366E-15
4.656E+01  2.628E-24  3.245E-15
4.613E+01  2.557E-24  3.129E-15
4.571E+01  2.488E-24  3.017E-15
4.529E+01  2.421E-24  2.908E-15
4.487E+01  2.355E-24  2.803E-15
4.446E+01  2.291E-24  2.702E-15
4.406E+01  2.228E-24  2.604E-15
4.365E+01  2.167E-24  2.509E-15
4.325E+01  2.108E-24  2.418E-15
4.285E+01  2.050E-24  2.330E-15
4.246E+01  1.993E-24  2.245E-15
4.207E+01  1.938E-24  2.163E-15
4.169E+01  1.885E-24  2.084E-15
4.130E+01  1.833E-24  2.008E-15
4.093E+01  1.782E-24  1.934E-15
4.055E+01  1.732E-24  1.863E-15
4.018E+01  1.684E-24  1.795E-15
3.981E+01  1.637E-24  1.729E-15
3.945E+01  1.592E-24  1.665E-15
3.908E+01  1.547E-24  1.604E-15
3.873E+01  1.504E-24  1.545E-15
3.837E+01  1.462E-24  1.488E-15
3.802E+01  1.421E-24  1.433E-15
3.767E+01  1.381E-24  1.380E-15
3.733E+01  1.342E-24  1.328E-15
3.698E+01  1.304E-24  1.279E-15
3.664E+01  1.267E-24  1.232E-15
3.631E+01  1.232E-24  1.186E-15
3.597E+01  1.197E-24  1.142E-15
3.565E+01  1.163E-24  1.100E-15
3.532E+01  1.131E-24  1.059E-15
3.499E+01  1.099E-24  1.020E-15
3.467E+01  1.069E-24  9.828E-16
3.436E+01  1.039E-24  9.471E-16
3.404E+01  1.011E-24  9.127E-16
3.373E+01  9.833E-25  8.797E-16
3.342E+01  9.570E-25  8.484E-16
3.311E+01  9.318E-25  8.185E-16
3.281E+01  9.077E-25  7.900E-16
3.251E+01  8.843E-25  7.625E-16
3.221E+01  8.622E-25  7.366E-16
3.192E+01  8.409E-25  7.119E-16
3.162E+01  8.206E-25  6.883E-16
3.133E+01  8.015E-25  6.661E-16
3.105E+01  7.831E-25  6.449E-16
3.076E+01  7.658E-25  6.248E-16
3.048E+01  7.494E-25  6.059E-16
3.020E+01  7.339E-25  5.879E-16
2.992E+01  7.194E-25  5.710E-16
2.965E+01  7.055E-25  5.548E-16
2.938E+01  6.926E-25  5.397E-16
2.911E+01  6.804E-25  5.253E-16
2.884E+01  6.689E-25  5.117E-16
2.858E+01  6.582E-25  4.989E-16
2.831E+01  6.482E-25  4.869E-16
2.805E+01  6.390E-25  4.755E-16
2.780E+01  6.304E-25  4.648E-16
2.754E+01  6.223E-25  4.547E-16
2.729E+01  6.146E-25  4.449E-16
2.704E+01  6.078E-25  4.359E-16
2.679E+01  6.015E-25  4.275E-16
2.655E+01  5.956E-25  4.194E-16
2.630E+01  5.902E-25  4.118E-16
2.606E+01  5.851E-25  4.045E-16
2.582E+01  5.807E-25  3.977E-16
2.559E+01  5.767E-25  3.914E-16
2.535E+01  5.731E-25  3.854E-16
2.512E+01  5.699E-25  3.797E-16
2.489E+01  5.670E-25  3.743E-16
2.466E+01  5.645E-25  3.692E-16
2.443E+01  5.622E-25  3.644E-16
2.421E+01  5.604E-25  3.599E-16
2.399E+01  5.589E-25  3.557E-16
2.377E+01  5.576E-25  3.516E-16
2.355E+01  5.567E-25  3.478E-16
2.333E+01  5.561E-25  3.442E-16
2.312E+01  5.559E-25  3.409E-16
2.291E+01  5.557E-25  3.377E-16
2.270E+01  5.559E-25  3.347E-16
2.249E+01  5.566E-25  3.320E-16
2.228E+01  5.574E-25  3.295E-16
2.208E+01  5.585E-25  3.271E-16
2.188E+01  5.597E-25  3.248E-16
2.168E+01  5.611E-25  3.226E-16
2.148E+01  5.629E-25  3.207E-16
2.128E+01  5.648E-25  3.189E-16
2.109E+01  5.672E-25  3.172E-16
2.089E+01  5.697E-25  3.157E-16
2.070E+01  5.724E-25  3.143E-16
2.051E+01  5.755E-25  3.131E-16
2.032E+01  5.790E-25  3.121E-16
2.014E+01  5.829E-25  3.114E-16
1.995E+01  5.873E-25  3.109E-16
1.977E+01  5.926E-25  3.107E-16
1.959E+01  5.986E-25  3.111E-16
1.941E+01  6.072E-25  3.126E-16
1.923E+01  6.216E-25  3.171E-16
1.905E+01  6.536E-25  3.304E-16
1.888E+01  6.806E-25  3.409E-16
1.871E+01  6.534E-25  3.242E-16
1.854E+01  6.485E-25  3.189E-16
1.837E+01  6.569E-25  3.200E-16
1.820E+01  6.741E-25  3.254E-16
1.803E+01  7.066E-25  3.379E-16
1.786E+01  7.591E-25  3.597E-16
1.770E+01  7.723E-25  3.626E-16
1.754E+01  8.265E-25  3.845E-16
1.738E+01  9.482E-25  4.371E-16
1.722E+01  9.402E-25  4.294E-16
1.706E+01  9.517E-25  4.307E-16
1.690E+01  9.331E-25  4.184E-16
1.675E+01  8.969E-25  3.985E-16
1.660E+01  9.156E-25  4.031E-16
1.644E+01  1.065E-24  4.643E-16
1.629E+01  8.208E-25  3.548E-16
1.614E+01  7.229E-25  3.096E-16
1.600E+01  6.907E-25  2.931E-16
1.585E+01  6.712E-25  2.822E-16
1.570E+01  6.483E-25  2.700E-16
1.556E+01  6.345E-25  2.619E-16
1.542E+01  6.256E-25  2.559E-16
1.528E+01  6.195E-25  2.510E-16
1.514E+01  6.153E-25  2.470E-16
1.500E+01  6.130E-25  2.439E-16
1.486E+01  6.127E-25  2.415E-16
1.472E+01  6.157E-25  2.405E-16
1.459E+01  6.240E-25  2.415E-16
1.445E+01  6.438E-25  2.468E-16
1.432E+01  6.886E-25  2.616E-16
1.419E+01  7.399E-25  2.785E-16
1.406E+01  7.157E-25  2.669E-16
1.393E+01  7.068E-25  2.612E-16
1.380E+01  7.421E-25  2.717E-16
1.368E+01  8.197E-25  2.974E-16
1.355E+01  9.182E-25  3.301E-16
1.343E+01  9.472E-25  3.374E-16
1.330E+01  8.989E-25  3.172E-16
1.318E+01  8.774E-25  3.068E-16
1.306E+01  9.249E-25  3.204E-16
1.294E+01  1.059E-24  3.635E-16
1.282E+01  1.303E-24  4.433E-16
1.271E+01  1.614E-24  5.439E-16
1.259E+01  1.720E-24  5.743E-16
1.247E+01  1.507E-24  4.988E-16
1.236E+01  1.287E-24  4.219E-16
1.225E+01  1.214E-24  3.942E-16
1.213E+01  1.274E-24  4.101E-16
1.202E+01  1.360E-24  4.338E-16
1.191E+01  1.313E-24  4.150E-16
1.180E+01  1.192E-24  3.732E-16
1.169E+01  1.162E-24  3.604E-16
1.159E+01  1.318E-24  4.052E-16
1.148E+01  1.782E-24  5.428E-16
1.138E+01  2.561E-24  7.728E-16
1.127E+01  3.413E-24  1.020E-15
1.117E+01  2.410E-24  7.139E-16
1.107E+01  1.239E-24  3.636E-16
1.096E+01  8.495E-25  2.471E-16
1.086E+01  6.702E-25  1.931E-16
1.076E+01  5.755E-25  1.643E-16
1.067E+01  5.195E-25  1.470E-16
1.057E+01  4.709E-25  1.320E-16
1.047E+01  4.385E-25  1.218E-16
1.038E+01  4.169E-25  1.147E-16
1.028E+01  4.018E-25  1.096E-16
1.019E+01  3.910E-25  1.056E-16
1.009E+01  3.836E-25  1.027E-16
1.000E+01  3.790E-25  1.005E-16
9.908E+00  3.770E-25  9.909E-17
9.817E+00  3.774E-25  9.828E-17
9.727E+00  3.802E-25  9.809E-17
9.638E+00  3.855E-25  9.855E-17
9.550E+00  3.936E-25  9.971E-17
9.462E+00  4.050E-25  1.017E-16
9.376E+00  4.205E-25  1.046E-16
9.290E+00  4.414E-25  1.088E-16
9.204E+00  4.698E-25  1.147E-16
9.120E+00  5.090E-25  1.231E-16
9.036E+00  5.652E-25  1.355E-16
8.954E+00  6.492E-25  1.542E-16
8.872E+00  7.811E-25  1.838E-16
8.790E+00  9.967E-25  2.324E-16
8.710E+00  1.325E-24  3.061E-16
8.630E+00  1.633E-24  3.738E-16
8.551E+00  1.598E-24  3.625E-16
8.472E+00  1.389E-24  3.121E-16
8.395E+00  1.283E-24  2.856E-16
8.318E+00  1.278E-24  2.820E-16
8.241E+00  1.336E-24  2.920E-16
8.166E+00  1.479E-24  3.203E-16
8.091E+00  1.749E-24  3.754E-16
8.017E+00  2.179E-24  4.634E-16
7.943E+00  2.741E-24  5.776E-16
7.870E+00  3.234E-24  6.752E-16
7.798E+00  3.413E-24  7.060E-16
7.727E+00  3.437E-24  7.044E-16
7.656E+00  3.547E-24  7.203E-16
7.586E+00  3.456E-24  6.953E-16
7.516E+00  2.909E-24  5.800E-16
7.447E+00  2.294E-24  4.532E-16
7.379E+00  1.842E-24  3.605E-16
7.311E+00  1.529E-24  2.965E-16
7.244E+00  1.300E-24  2.498E-16
7.178E+00  1.125E-24  2.142E-16
7.112E+00  9.907E-25  1.869E-16
7.047E+00  8.913E-25  1.666E-16
6.982E+00  8.238E-25  1.526E-16
6.918E+00  7.869E-25  1.444E-16
6.855E+00  7.780E-25  1.415E-16
6.792E+00  7.888E-25  1.421E-16
6.730E+00  8.000E-25  1.428E-16
6.668E+00  7.890E-25  1.396E-16
6.607E+00  7.556E-25  1.324E-16
6.546E+00  7.284E-25  1.265E-16
6.486E+00  7.432E-25  1.279E-16
6.427E+00  8.409E-25  1.434E-16
6.368E+00  1.098E-24  1.854E-16
6.310E+00  1.673E-24  2.801E-16
6.252E+00  2.605E-24  4.320E-16
6.194E+00  2.639E-24  4.335E-16
6.138E+00  1.643E-24  2.675E-16
6.081E+00  9.783E-25  1.578E-16
6.026E+00  6.512E-25  1.041E-16
5.970E+00  4.852E-25  7.684E-17
5.916E+00  3.986E-25  6.255E-17
5.861E+00  3.603E-25  5.602E-17
5.808E+00  3.634E-25  5.599E-17
5.754E+00  4.081E-25  6.229E-17
5.702E+00  4.397E-25  6.650E-17
5.649E+00  3.704E-25  5.551E-17
5.598E+00  2.816E-25  4.182E-17
5.546E+00  2.269E-25  3.339E-17
5.495E+00  1.979E-25  2.885E-17
5.445E+00  1.854E-25  2.678E-17
5.395E+00  1.875E-25  2.683E-17
5.346E+00  2.079E-25  2.949E-17
5.297E+00  2.418E-25  3.397E-17
5.248E+00  2.363E-25  3.289E-17
5.200E+00  1.872E-25  2.582E-17
5.152E+00  1.489E-25  2.035E-17
5.105E+00  1.268E-25  1.717E-17
5.058E+00  1.134E-25  1.522E-17
5.012E+00  1.046E-25  1.391E-17
4.966E+00  9.833E-26  1.295E-17
4.920E+00  9.351E-26  1.220E-17
4.875E+00  8.965E-26  1.159E-17
4.831E+00  8.645E-26  1.108E-17
4.786E+00  8.373E-26  1.063E-17
4.742E+00  8.138E-26  1.024E-17
4.699E+00  7.932E-26  9.886E-18
4.656E+00  7.748E-26  9.569E-18
4.613E+00  7.584E-26  9.280E-18
4.571E+00  7.435E-26  9.015E-18
4.529E+00  7.300E-26  8.770E-18
4.487E+00  7.178E-26  8.544E-18
4.446E+00  7.066E-26  8.333E-18
4.406E+00  6.963E-26  8.137E-18
4.365E+00  6.869E-26  7.953E-18
4.325E+00  6.782E-26  7.781E-18
4.285E+00  6.703E-26  7.620E-18
4.246E+00  6.631E-26  7.468E-18
4.207E+00  6.565E-26  7.326E-18
4.169E+00  6.505E-26  7.193E-18
4.130E+00  6.451E-26  7.068E-18
4.093E+00  6.402E-26  6.950E-18
4.055E+00  6.360E-26  6.841E-18
4.018E+00  6.324E-26  6.740E-18
3.981E+00  6.295E-26  6.648E-18
3.945E+00  6.273E-26  6.564E-18
3.908E+00  6.260E-26  6.490E-18
3.873E+00  6.256E-26  6.426E-18
3.837E+00  6.263E-26  6.375E-18
3.802E+00  6.284E-26  6.337E-18
3.767E+00  6.322E-26  6.317E-18
3.733E+00  6.380E-26  6.317E-18
3.698E+00  6.465E-26  6.343E-18
3.664E+00  6.587E-26  6.403E-18
3.631E+00  6.759E-26  6.509E-18
3.597E+00  7.001E-26  6.681E-18
3.565E+00  7.349E-26  6.949E-18
3.532E+00  7.862E-26  7.365E-18
3.499E+00  8.646E-26  8.025E-18
3.467E+00  9.913E-26  9.117E-18
3.436E+00  1.213E-25  1.106E-17
3.404E+00  1.651E-25  1.491E-17
3.373E+00  2.698E-25  2.414E-17
3.342E+00  6.166E-25  5.466E-17
3.311E+00  2.336E-24  2.052E-16
3.281E+00  1.595E-24  1.388E-16
3.251E+00  4.546E-25  3.920E-17
3.221E+00  2.163E-25  1.848E-17
3.192E+00  1.375E-25  1.164E-17
3.162E+00  1.027E-25  8.613E-18
3.133E+00  8.435E-26  7.011E-18
3.105E+00  7.352E-26  6.054E-18
3.076E+00  6.655E-26  5.430E-18
3.048E+00  6.177E-26  4.994E-18
3.020E+00  5.833E-26  4.672E-18
2.992E+00  5.573E-26  4.424E-18
2.965E+00  5.371E-26  4.224E-18
2.938E+00  5.208E-26  4.059E-18
2.911E+00  5.074E-26  3.918E-18
2.884E+00  4.961E-26  3.795E-18
2.858E+00  4.863E-26  3.686E-18
2.831E+00  4.776E-26  3.587E-18
2.805E+00  4.699E-26  3.497E-18
2.780E+00  4.630E-26  3.414E-18
2.754E+00  4.566E-26  3.335E-18
2.729E+00  4.506E-26  3.262E-18
2.704E+00  4.450E-26  3.192E-18
2.679E+00  4.397E-26  3.125E-18
2.655E+00  4.347E-26  3.061E-18
2.630E+00  4.298E-26  2.999E-18
2.606E+00  4.251E-26  2.939E-18
2.582E+00  4.206E-26  2.881E-18
2.559E+00  4.161E-26  2.824E-18
2.535E+00  4.118E-26  2.769E-18
2.512E+00  4.075E-26  2.715E-18
2.489E+00  4.032E-26  2.662E-18
2.466E+00  3.990E-26  2.610E-18
2.443E+00  3.948E-26  2.559E-18
2.421E+00  3.906E-26  2.509E-18
2.399E+00  3.865E-26  2.460E-18
2.377E+00  3.825E-26  2.411E-18
2.355E+00  3.785E-26  2.364E-18
2.333E+00  3.744E-26  2.318E-18
2.312E+00  3.704E-26  2.272E-18
2.291E+00  3.664E-26  2.227E-18
2.270E+00  3.624E-26  2.182E-18
2.249E+00  3.584E-26  2.138E-18
2.228E+00  3.543E-26  2.094E-18
2.208E+00  3.502E-26  2.051E-18
2.188E+00  3.459E-26  2.007E-18
2.168E+00  3.416E-26  1.964E-18
2.148E+00  3.371E-26  1.920E-18
2.128E+00  3.324E-26  1.876E-18
2.109E+00  3.275E-26  1.832E-18
2.089E+00  3.222E-26  1.786E-18
2.070E+00  3.166E-26  1.738E-18
2.051E+00  3.104E-26  1.689E-18
2.032E+00  3.036E-26  1.637E-18
2.014E+00  2.960E-26  1.581E-18
1.995E+00  2.874E-26  1.521E-18
1.977E+00  2.779E-26  1.457E-18
1.959E+00  2.678E-26  1.391E-18
1.941E+00  2.580E-26  1.328E-18
1.923E+00  2.502E-26  1.277E-18
1.905E+00  2.465E-26  1.246E-18
1.888E+00  2.475E-26  1.239E-18
1.871E+00  2.517E-26  1.249E-18
1.854E+00  2.570E-26  1.264E-18
1.837E+00  2.617E-26  1.275E-18
1.820E+00  2.651E-26  1.280E-18
1.803E+00  2.672E-26  1.278E-18
1.786E+00  2.682E-26  1.271E-18
1.770E+00  2.683E-26  1.260E-18
1.754E+00  2.677E-26  1.245E-18
1.738E+00  2.667E-26  1.229E-18
1.722E+00  2.653E-26  1.212E-18
1.706E+00  2.638E-26  1.194E-18
1.690E+00  2.620E-26  1.175E-18
1.675E+00  2.602E-26  1.156E-18
1.660E+00  2.583E-26  1.137E-18
1.644E+00  2.564E-26  1.119E-18
1.629E+00  2.545E-26  1.100E-18
1.614E+00  2.527E-26  1.082E-18
1.600E+00  2.509E-26  1.065E-18
1.585E+00  2.493E-26  1.048E-18
1.570E+00  2.477E-26  1.032E-18
1.556E+00  2.464E-26  1.017E-18
1.542E+00  2.452E-26  1.003E-18
1.528E+00  2.443E-26  9.900E-19
1.514E+00  2.437E-26  9.784E-19
1.500E+00  2.434E-26  9.682E-19
1.486E+00  2.435E-26  9.597E-19
1.472E+00  2.440E-26  9.530E-19
1.459E+00  2.451E-26  9.484E-19
1.445E+00  2.468E-26  9.463E-19
1.432E+00  2.493E-26  9.470E-19
1.419E+00  2.527E-26  9.510E-19
1.406E+00  2.571E-26  9.590E-19
1.393E+00  2.629E-26  9.715E-19
1.380E+00  2.702E-26  9.895E-19
1.368E+00  2.794E-26  1.014E-18
1.355E+00  2.908E-26  1.045E-18
1.343E+00  3.047E-26  1.085E-18
1.330E+00  3.211E-26  1.133E-18
1.318E+00  3.398E-26  1.188E-18
1.306E+00  3.597E-26  1.246E-18
1.294E+00  3.784E-26  1.299E-18
1.282E+00  3.921E-26  1.334E-18
1.271E+00  3.962E-26  1.335E-18
1.259E+00  3.874E-26  1.294E-18
1.247E+00  3.659E-26  1.211E-18
1.236E+00  3.359E-26  1.101E-18
1.225E+00  3.030E-26  9.844E-19
1.213E+00  2.719E-26  8.753E-19
1.202E+00  2.451E-26  7.816E-19
1.191E+00  2.233E-26  7.056E-19
1.180E+00  2.064E-26  6.464E-19
1.169E+00  1.940E-26  6.019E-19
1.159E+00  1.856E-26  5.704E-19
1.148E+00  1.808E-26  5.506E-19
1.138E+00  1.797E-26  5.421E-19
1.127E+00  1.825E-26  5.457E-19
1.117E+00  1.902E-26  5.635E-19
1.107E+00  2.042E-26  5.995E-19
1.096E+00  2.270E-26  6.603E-19
1.086E+00  2.623E-26  7.558E-19
1.076E+00  3.135E-26  8.951E-19
1.067E+00  3.776E-26  1.068E-18
1.057E+00  4.290E-26  1.203E-18
1.047E+00  4.204E-26  1.168E-18
1.038E+00  3.479E-26  9.574E-19
1.028E+00  2.624E-26  7.156E-19
1.019E+00  1.961E-26  5.299E-19
1.009E+00  1.513E-26  4.050E-19
1.000E+00  1.216E-26  3.225E-19
