Dust emission from Draine & Li (2007): ApJ 657, 810-837
==========================================================
         3 = grain model
 4.000E-08 4.000E-01 1.500E-05 = a_01 (cm) , sigma_1 , b_C1/0.92
 2.000E-07 5.500E-01 5.000E-06 = a_02 (cm) , sigma_2 , b_C2/0.92
 3.000E+00 3.000E+00 1.000E+00 = Umin , Umax, beta (dN/dU propto U^{-beta})
 3.000E+00 = <U> 
     mmp83 = radfield
 1.333E-23 = power/H (erg s-1)
 band   nu*P_nu(band) j_nu(band)
 (um)   (erg s-1 H-1)(Jy cm2 sr-1 H-1)
1.270E+00  1.980E-26  6.670E-19 COBE-DIRBE
2.220E+00  2.491E-26  1.467E-18 COBE-DIRBE
3.530E+00  1.656E-25  1.551E-17 COBE-DIRBE
4.880E+00  7.385E-26  9.560E-18 COBE-DIRBE
1.229E+01  7.224E-25  2.355E-16 COBE-DIRBE
2.079E+01  5.835E-25  3.218E-16 COBE-DIRBE
5.599E+01  4.665E-24  6.929E-15 COBE-DIRBE
9.770E+01  9.153E-24  2.372E-14 COBE-DIRBE
1.479E+02  7.147E-24  2.804E-14 COBE-DIRBE
2.479E+02  2.248E-24  1.478E-14 COBE-DIRBE
1.200E+01  7.729E-25  2.460E-16 IRAS
2.500E+01  5.756E-25  3.817E-16 IRAS
6.000E+01  5.281E-24  8.405E-15 IRAS
1.000E+02  9.202E-24  2.441E-14 IRAS
3.550E+00  1.927E-25  1.815E-17 SST-IRAC
4.493E+00  5.342E-26  6.366E-18 SST-IRAC
5.731E+00  4.355E-25  6.620E-17 SST-IRAC
7.872E+00  1.083E-24  2.261E-16 SST-IRAC
2.368E+01  5.182E-25  3.255E-16 SST-MIPS
7.142E+01  6.718E-24  1.273E-14 SST-MIPS
1.559E+02  6.295E-24  2.603E-14 SST-MIPS
1.600E+01  6.172E-25  2.620E-16 SST-IRSPU
2.200E+01  5.431E-25  3.170E-16 SST-IRSPU
7.500E+01  5.740E-24  1.142E-14 Herschel-PACS
1.100E+02  6.746E-24  1.968E-14 Herschel-PACS
1.700E+02  4.777E-24  2.154E-14 Herschel-PACS
2.500E+02  1.916E-24  1.271E-14 Herschel-SPIRE
3.600E+02  5.408E-25  5.164E-15 Herschel-SPIRE
5.200E+02  1.320E-25  1.821E-15 Herschel-SPIRE
2.400E+00  2.795E-26  1.780E-18 Akari IRC NIR N2
3.200E+00  1.272E-25  1.080E-17 Akari IRC NIR N3
4.100E+00  5.804E-26  6.312E-18 Akari IRC NIR N4
7.000E+00  1.226E-24  2.276E-16 Akari IRC MIR-S S7
9.000E+00  8.738E-25  2.086E-16 Akari IRC MIR-S S9W
1.100E+01  7.013E-25  2.046E-16 Akari IRC MIR-S S11
1.500E+01  6.436E-25  2.561E-16 Akari IRC MIR-L L15
1.800E+01  5.780E-25  2.760E-16 Akari IRC MIR-L L18W
2.400E+01  5.311E-25  3.381E-16 Akari IRC MIR-L L24
6.500E+01  6.516E-24  1.123E-14 Akari FIS N60
8.000E+01  8.540E-24  1.812E-14 Akari FIS WIDE-S
1.400E+02  7.174E-24  2.664E-14 Akari FIS WIDE-L
1.600E+02  6.077E-24  2.579E-14 Akari FIS N160
 
 
 
 


lambda    nu*dP/dnu     j_nu
 (um)   (erg s-1 H-1)(Jy cm2 sr-1 H-1)
1.000E+04  6.428E-31  1.705E-19
9.908E+03  6.664E-31  1.751E-19
9.817E+03  6.908E-31  1.799E-19
9.727E+03  7.161E-31  1.848E-19
9.638E+03  7.423E-31  1.898E-19
9.550E+03  7.695E-31  1.949E-19
9.462E+03  7.977E-31  2.002E-19
9.376E+03  8.269E-31  2.057E-19
9.290E+03  8.572E-31  2.112E-19
9.204E+03  8.886E-31  2.170E-19
9.120E+03  9.212E-31  2.229E-19
9.036E+03  9.550E-31  2.289E-19
8.954E+03  9.899E-31  2.351E-19
8.872E+03  1.026E-30  2.414E-19
8.790E+03  1.063E-30  2.479E-19
8.710E+03  1.102E-30  2.546E-19
8.630E+03  1.142E-30  2.615E-19
8.551E+03  1.184E-30  2.686E-19
8.472E+03  1.227E-30  2.759E-19
8.395E+03  1.272E-30  2.833E-19
8.318E+03  1.319E-30  2.910E-19
8.241E+03  1.367E-30  2.989E-19
8.166E+03  1.417E-30  3.070E-19
8.091E+03  1.469E-30  3.154E-19
8.017E+03  1.523E-30  3.239E-19
7.943E+03  1.579E-30  3.328E-19
7.870E+03  1.637E-30  3.418E-19
7.798E+03  1.697E-30  3.511E-19
7.727E+03  1.760E-30  3.607E-19
7.656E+03  1.825E-30  3.706E-19
7.586E+03  1.892E-30  3.807E-19
7.516E+03  1.962E-30  3.911E-19
7.447E+03  2.034E-30  4.018E-19
7.379E+03  2.109E-30  4.128E-19
7.311E+03  2.187E-30  4.241E-19
7.244E+03  2.268E-30  4.358E-19
7.178E+03  2.352E-30  4.477E-19
7.112E+03  2.438E-30  4.600E-19
7.047E+03  2.529E-30  4.727E-19
6.982E+03  2.622E-30  4.857E-19
6.918E+03  2.719E-30  4.990E-19
6.855E+03  2.820E-30  5.127E-19
6.792E+03  2.924E-30  5.268E-19
6.730E+03  3.033E-30  5.413E-19
6.668E+03  3.145E-30  5.563E-19
6.607E+03  3.262E-30  5.716E-19
6.546E+03  3.383E-30  5.874E-19
6.486E+03  3.508E-30  6.036E-19
6.427E+03  3.639E-30  6.203E-19
6.368E+03  3.774E-30  6.375E-19
6.310E+03  3.914E-30  6.551E-19
6.252E+03  4.060E-30  6.733E-19
6.194E+03  4.211E-30  6.920E-19
6.138E+03  4.368E-30  7.112E-19
6.081E+03  4.531E-30  7.310E-19
6.026E+03  4.701E-30  7.513E-19
5.970E+03  4.876E-30  7.722E-19
5.916E+03  5.058E-30  7.937E-19
5.861E+03  5.248E-30  8.159E-19
5.808E+03  5.444E-30  8.387E-19
5.754E+03  5.648E-30  8.621E-19
5.702E+03  5.859E-30  8.862E-19
5.649E+03  6.079E-30  9.110E-19
5.598E+03  6.307E-30  9.365E-19
5.546E+03  6.544E-30  9.627E-19
5.495E+03  6.789E-30  9.897E-19
5.445E+03  7.045E-30  1.017E-18
5.395E+03  7.309E-30  1.046E-18
5.346E+03  7.584E-30  1.075E-18
5.297E+03  7.870E-30  1.106E-18
5.248E+03  8.166E-30  1.137E-18
5.200E+03  8.474E-30  1.169E-18
5.152E+03  8.793E-30  1.202E-18
5.105E+03  9.125E-30  1.236E-18
5.058E+03  9.469E-30  1.271E-18
5.012E+03  9.827E-30  1.306E-18
4.966E+03  1.020E-29  1.343E-18
4.920E+03  1.058E-29  1.381E-18
4.875E+03  1.098E-29  1.420E-18
4.831E+03  1.140E-29  1.461E-18
4.786E+03  1.183E-29  1.502E-18
4.742E+03  1.228E-29  1.544E-18
4.699E+03  1.274E-29  1.588E-18
4.656E+03  1.323E-29  1.633E-18
4.613E+03  1.373E-29  1.680E-18
4.571E+03  1.425E-29  1.728E-18
4.529E+03  1.479E-29  1.777E-18
4.487E+03  1.535E-29  1.828E-18
4.446E+03  1.594E-29  1.880E-18
4.406E+03  1.654E-29  1.933E-18
4.365E+03  1.717E-29  1.989E-18
4.325E+03  1.783E-29  2.045E-18
4.285E+03  1.851E-29  2.104E-18
4.246E+03  1.921E-29  2.164E-18
4.207E+03  1.995E-29  2.226E-18
4.169E+03  2.071E-29  2.290E-18
4.130E+03  2.150E-29  2.356E-18
4.093E+03  2.232E-29  2.424E-18
4.055E+03  2.318E-29  2.493E-18
4.018E+03  2.407E-29  2.565E-18
3.981E+03  2.499E-29  2.639E-18
3.945E+03  2.594E-29  2.715E-18
3.908E+03  2.694E-29  2.793E-18
3.873E+03  2.797E-29  2.873E-18
3.837E+03  2.904E-29  2.956E-18
3.802E+03  3.016E-29  3.041E-18
3.767E+03  3.132E-29  3.129E-18
3.733E+03  3.252E-29  3.220E-18
3.698E+03  3.377E-29  3.313E-18
3.664E+03  3.507E-29  3.409E-18
3.631E+03  3.642E-29  3.508E-18
3.597E+03  3.783E-29  3.610E-18
3.565E+03  3.929E-29  3.715E-18
3.532E+03  4.080E-29  3.823E-18
3.499E+03  4.238E-29  3.934E-18
3.467E+03  4.402E-29  4.049E-18
3.436E+03  4.572E-29  4.167E-18
3.404E+03  4.749E-29  4.288E-18
3.373E+03  4.933E-29  4.414E-18
3.342E+03  5.124E-29  4.543E-18
3.311E+03  5.323E-29  4.675E-18
3.281E+03  5.530E-29  4.812E-18
3.251E+03  5.744E-29  4.953E-18
3.221E+03  5.968E-29  5.099E-18
3.192E+03  6.200E-29  5.248E-18
3.162E+03  6.441E-29  5.403E-18
3.133E+03  6.692E-29  5.562E-18
3.105E+03  6.952E-29  5.725E-18
3.076E+03  7.223E-29  5.894E-18
3.048E+03  7.505E-29  6.068E-18
3.020E+03  7.798E-29  6.247E-18
2.992E+03  8.102E-29  6.431E-18
2.965E+03  8.418E-29  6.620E-18
2.938E+03  8.746E-29  6.815E-18
2.911E+03  9.087E-29  7.016E-18
2.884E+03  9.441E-29  7.223E-18
2.858E+03  9.810E-29  7.436E-18
2.831E+03  1.019E-28  7.656E-18
2.805E+03  1.059E-28  7.882E-18
2.780E+03  1.101E-28  8.116E-18
2.754E+03  1.144E-28  8.356E-18
2.729E+03  1.189E-28  8.604E-18
2.704E+03  1.235E-28  8.859E-18
2.679E+03  1.284E-28  9.123E-18
2.655E+03  1.334E-28  9.394E-18
2.630E+03  1.386E-28  9.673E-18
2.606E+03  1.441E-28  9.961E-18
2.582E+03  1.498E-28  1.026E-17
2.559E+03  1.557E-28  1.056E-17
2.535E+03  1.618E-28  1.088E-17
2.512E+03  1.682E-28  1.120E-17
2.489E+03  1.748E-28  1.154E-17
2.466E+03  1.817E-28  1.188E-17
2.443E+03  1.889E-28  1.224E-17
2.421E+03  1.963E-28  1.261E-17
2.399E+03  2.041E-28  1.298E-17
2.377E+03  2.121E-28  1.337E-17
2.355E+03  2.205E-28  1.378E-17
2.333E+03  2.292E-28  1.419E-17
2.312E+03  2.383E-28  1.462E-17
2.291E+03  2.478E-28  1.506E-17
2.270E+03  2.576E-28  1.551E-17
2.249E+03  2.678E-28  1.598E-17
2.228E+03  2.784E-28  1.646E-17
2.208E+03  2.895E-28  1.695E-17
2.188E+03  3.009E-28  1.746E-17
2.168E+03  3.129E-28  1.799E-17
2.148E+03  3.253E-28  1.853E-17
2.128E+03  3.383E-28  1.909E-17
2.109E+03  3.517E-28  1.967E-17
2.089E+03  3.657E-28  2.027E-17
2.070E+03  3.802E-28  2.088E-17
2.051E+03  3.954E-28  2.151E-17
2.032E+03  4.111E-28  2.216E-17
2.014E+03  4.275E-28  2.284E-17
1.995E+03  4.445E-28  2.353E-17
1.977E+03  4.622E-28  2.424E-17
1.959E+03  4.807E-28  2.497E-17
1.941E+03  4.998E-28  2.573E-17
1.923E+03  5.197E-28  2.651E-17
1.905E+03  5.405E-28  2.732E-17
1.888E+03  5.620E-28  2.815E-17
1.871E+03  5.845E-28  2.900E-17
1.854E+03  6.078E-28  2.988E-17
1.837E+03  6.321E-28  3.079E-17
1.820E+03  6.573E-28  3.173E-17
1.803E+03  6.836E-28  3.269E-17
1.786E+03  7.109E-28  3.369E-17
1.770E+03  7.394E-28  3.472E-17
1.754E+03  7.689E-28  3.577E-17
1.738E+03  7.997E-28  3.686E-17
1.722E+03  8.317E-28  3.799E-17
1.706E+03  8.650E-28  3.914E-17
1.690E+03  8.996E-28  4.034E-17
1.675E+03  9.356E-28  4.157E-17
1.660E+03  9.730E-28  4.283E-17
1.644E+03  1.012E-27  4.414E-17
1.629E+03  1.053E-27  4.549E-17
1.614E+03  1.095E-27  4.688E-17
1.600E+03  1.139E-27  4.831E-17
1.585E+03  1.184E-27  4.978E-17
1.570E+03  1.232E-27  5.130E-17
1.556E+03  1.281E-27  5.287E-17
1.542E+03  1.332E-27  5.448E-17
1.528E+03  1.386E-27  5.614E-17
1.514E+03  1.441E-27  5.786E-17
1.500E+03  1.499E-27  5.962E-17
1.486E+03  1.559E-27  6.145E-17
1.472E+03  1.621E-27  6.332E-17
1.459E+03  1.686E-27  6.526E-17
1.445E+03  1.754E-27  6.725E-17
1.432E+03  1.824E-27  6.931E-17
1.419E+03  1.898E-27  7.143E-17
1.406E+03  1.974E-27  7.361E-17
1.393E+03  2.053E-27  7.586E-17
1.380E+03  2.135E-27  7.818E-17
1.368E+03  2.221E-27  8.057E-17
1.355E+03  2.310E-27  8.303E-17
1.343E+03  2.402E-27  8.557E-17
1.330E+03  2.499E-27  8.818E-17
1.318E+03  2.599E-27  9.088E-17
1.306E+03  2.703E-27  9.365E-17
1.294E+03  2.811E-27  9.651E-17
1.282E+03  2.924E-27  9.946E-17
1.271E+03  3.041E-27  1.025E-16
1.259E+03  3.163E-27  1.056E-16
1.247E+03  3.289E-27  1.088E-16
1.236E+03  3.421E-27  1.122E-16
1.225E+03  3.558E-27  1.156E-16
1.213E+03  3.700E-27  1.191E-16
1.202E+03  3.848E-27  1.227E-16
1.191E+03  4.002E-27  1.265E-16
1.180E+03  4.162E-27  1.303E-16
1.169E+03  4.328E-27  1.343E-16
1.159E+03  4.501E-27  1.384E-16
1.148E+03  4.681E-27  1.426E-16
1.138E+03  4.868E-27  1.469E-16
1.127E+03  5.062E-27  1.514E-16
1.117E+03  5.264E-27  1.560E-16
1.107E+03  5.474E-27  1.607E-16
1.096E+03  5.692E-27  1.656E-16
1.086E+03  5.919E-27  1.706E-16
1.076E+03  6.154E-27  1.757E-16
1.067E+03  6.399E-27  1.811E-16
1.057E+03  6.654E-27  1.865E-16
1.047E+03  6.918E-27  1.922E-16
1.038E+03  7.193E-27  1.980E-16
1.028E+03  7.479E-27  2.039E-16
1.019E+03  7.775E-27  2.101E-16
1.009E+03  8.084E-27  2.164E-16
1.000E+03  8.404E-27  2.229E-16
9.908E+02  8.737E-27  2.296E-16
9.817E+02  9.084E-27  2.366E-16
9.727E+02  9.444E-27  2.437E-16
9.638E+02  9.818E-27  2.510E-16
9.550E+02  1.021E-26  2.585E-16
9.462E+02  1.061E-26  2.663E-16
9.376E+02  1.103E-26  2.743E-16
9.290E+02  1.147E-26  2.825E-16
9.204E+02  1.192E-26  2.910E-16
9.120E+02  1.239E-26  2.997E-16
9.036E+02  1.288E-26  3.086E-16
8.954E+02  1.338E-26  3.178E-16
8.872E+02  1.391E-26  3.273E-16
8.790E+02  1.446E-26  3.370E-16
8.710E+02  1.502E-26  3.471E-16
8.630E+02  1.561E-26  3.574E-16
8.551E+02  1.622E-26  3.680E-16
8.472E+02  1.686E-26  3.788E-16
8.395E+02  1.752E-26  3.900E-16
8.318E+02  1.820E-26  4.016E-16
8.241E+02  1.891E-26  4.134E-16
8.166E+02  1.965E-26  4.256E-16
8.091E+02  2.041E-26  4.381E-16
8.017E+02  2.121E-26  4.509E-16
7.943E+02  2.203E-26  4.642E-16
7.870E+02  2.288E-26  4.778E-16
7.798E+02  2.377E-26  4.917E-16
7.727E+02  2.469E-26  5.061E-16
7.656E+02  2.565E-26  5.209E-16
7.586E+02  2.664E-26  5.360E-16
7.516E+02  2.767E-26  5.516E-16
7.447E+02  2.874E-26  5.677E-16
7.379E+02  2.985E-26  5.842E-16
7.311E+02  3.100E-26  6.012E-16
7.244E+02  3.220E-26  6.187E-16
7.178E+02  3.344E-26  6.367E-16
7.112E+02  3.473E-26  6.552E-16
7.047E+02  3.607E-26  6.742E-16
6.982E+02  3.745E-26  6.937E-16
6.918E+02  3.890E-26  7.138E-16
6.855E+02  4.039E-26  7.344E-16
6.792E+02  4.194E-26  7.557E-16
6.730E+02  4.355E-26  7.774E-16
6.668E+02  4.522E-26  7.998E-16
6.607E+02  4.695E-26  8.227E-16
6.546E+02  4.874E-26  8.464E-16
6.486E+02  5.062E-26  8.709E-16
6.427E+02  5.256E-26  8.960E-16
6.368E+02  5.457E-26  9.218E-16
6.310E+02  5.666E-26  9.483E-16
6.252E+02  5.883E-26  9.756E-16
6.194E+02  6.108E-26  1.004E-15
6.138E+02  6.342E-26  1.032E-15
6.081E+02  6.584E-26  1.062E-15
6.026E+02  6.836E-26  1.093E-15
5.970E+02  7.097E-26  1.124E-15
5.916E+02  7.367E-26  1.156E-15
5.861E+02  7.648E-26  1.189E-15
5.808E+02  7.940E-26  1.223E-15
5.754E+02  8.242E-26  1.258E-15
5.702E+02  8.556E-26  1.294E-15
5.649E+02  8.881E-26  1.331E-15
5.598E+02  9.218E-26  1.369E-15
5.546E+02  9.568E-26  1.408E-15
5.495E+02  9.931E-26  1.448E-15
5.445E+02  1.031E-25  1.489E-15
5.395E+02  1.070E-25  1.531E-15
5.346E+02  1.110E-25  1.574E-15
5.297E+02  1.152E-25  1.619E-15
5.248E+02  1.196E-25  1.665E-15
5.200E+02  1.241E-25  1.712E-15
5.152E+02  1.288E-25  1.760E-15
5.105E+02  1.336E-25  1.810E-15
5.058E+02  1.387E-25  1.861E-15
5.012E+02  1.439E-25  1.913E-15
4.966E+02  1.493E-25  1.967E-15
4.920E+02  1.549E-25  2.022E-15
4.875E+02  1.607E-25  2.078E-15
4.831E+02  1.667E-25  2.136E-15
4.786E+02  1.730E-25  2.196E-15
4.742E+02  1.794E-25  2.257E-15
4.699E+02  1.861E-25  2.320E-15
4.656E+02  1.931E-25  2.384E-15
4.613E+02  2.002E-25  2.450E-15
4.571E+02  2.077E-25  2.518E-15
4.529E+02  2.154E-25  2.588E-15
4.487E+02  2.234E-25  2.659E-15
4.446E+02  2.317E-25  2.732E-15
4.406E+02  2.402E-25  2.807E-15
4.365E+02  2.491E-25  2.884E-15
4.325E+02  2.583E-25  2.963E-15
4.285E+02  2.678E-25  3.044E-15
4.246E+02  2.776E-25  3.127E-15
4.207E+02  2.878E-25  3.212E-15
4.169E+02  2.983E-25  3.299E-15
4.130E+02  3.093E-25  3.388E-15
4.093E+02  3.206E-25  3.480E-15
4.055E+02  3.323E-25  3.574E-15
4.018E+02  3.443E-25  3.670E-15
3.981E+02  3.569E-25  3.769E-15
3.945E+02  3.698E-25  3.870E-15
3.908E+02  3.832E-25  3.973E-15
3.873E+02  3.971E-25  4.079E-15
3.837E+02  4.114E-25  4.188E-15
3.802E+02  4.263E-25  4.299E-15
3.767E+02  4.416E-25  4.413E-15
3.733E+02  4.574E-25  4.529E-15
3.698E+02  4.738E-25  4.648E-15
3.664E+02  4.908E-25  4.770E-15
3.631E+02  5.083E-25  4.895E-15
3.597E+02  5.264E-25  5.023E-15
3.565E+02  5.451E-25  5.154E-15
3.532E+02  5.644E-25  5.287E-15
3.499E+02  5.843E-25  5.424E-15
3.467E+02  6.049E-25  5.564E-15
3.436E+02  6.262E-25  5.707E-15
3.404E+02  6.482E-25  5.853E-15
3.373E+02  6.709E-25  6.002E-15
3.342E+02  6.943E-25  6.155E-15
3.311E+02  7.184E-25  6.310E-15
3.281E+02  7.434E-25  6.470E-15
3.251E+02  7.691E-25  6.632E-15
3.221E+02  7.956E-25  6.798E-15
3.192E+02  8.230E-25  6.968E-15
3.162E+02  8.513E-25  7.141E-15
3.133E+02  8.804E-25  7.317E-15
3.105E+02  9.104E-25  7.497E-15
3.076E+02  9.414E-25  7.681E-15
3.048E+02  9.733E-25  7.869E-15
3.020E+02  1.006E-24  8.060E-15
2.992E+02  1.040E-24  8.255E-15
2.965E+02  1.075E-24  8.453E-15
2.938E+02  1.111E-24  8.655E-15
2.911E+02  1.148E-24  8.862E-15
2.884E+02  1.186E-24  9.072E-15
2.858E+02  1.225E-24  9.286E-15
2.831E+02  1.265E-24  9.503E-15
2.805E+02  1.307E-24  9.725E-15
2.780E+02  1.350E-24  9.951E-15
2.754E+02  1.393E-24  1.018E-14
2.729E+02  1.439E-24  1.042E-14
2.704E+02  1.485E-24  1.065E-14
2.679E+02  1.533E-24  1.090E-14
2.655E+02  1.583E-24  1.114E-14
2.630E+02  1.633E-24  1.140E-14
2.606E+02  1.685E-24  1.165E-14
2.582E+02  1.739E-24  1.191E-14
2.559E+02  1.794E-24  1.217E-14
2.535E+02  1.849E-24  1.244E-14
2.512E+02  1.907E-24  1.270E-14
2.489E+02  1.964E-24  1.297E-14
2.466E+02  2.022E-24  1.323E-14
2.443E+02  2.081E-24  1.349E-14
2.421E+02  2.142E-24  1.375E-14
2.399E+02  2.203E-24  1.402E-14
2.377E+02  2.264E-24  1.428E-14
2.355E+02  2.327E-24  1.454E-14
2.333E+02  2.391E-24  1.480E-14
2.312E+02  2.457E-24  1.507E-14
2.291E+02  2.524E-24  1.534E-14
2.270E+02  2.592E-24  1.560E-14
2.249E+02  2.661E-24  1.588E-14
2.228E+02  2.732E-24  1.615E-14
2.208E+02  2.804E-24  1.642E-14
2.188E+02  2.878E-24  1.670E-14
2.168E+02  2.953E-24  1.698E-14
2.148E+02  3.029E-24  1.726E-14
2.128E+02  3.107E-24  1.754E-14
2.109E+02  3.185E-24  1.782E-14
2.089E+02  3.266E-24  1.810E-14
2.070E+02  3.347E-24  1.838E-14
2.051E+02  3.430E-24  1.866E-14
2.032E+02  3.514E-24  1.895E-14
2.014E+02  3.600E-24  1.923E-14
1.995E+02  3.687E-24  1.951E-14
1.977E+02  3.775E-24  1.980E-14
1.959E+02  3.865E-24  2.008E-14
1.941E+02  3.956E-24  2.036E-14
1.923E+02  4.048E-24  2.065E-14
1.905E+02  4.141E-24  2.093E-14
1.888E+02  4.236E-24  2.121E-14
1.871E+02  4.332E-24  2.150E-14
1.854E+02  4.429E-24  2.178E-14
1.837E+02  4.528E-24  2.206E-14
1.820E+02  4.628E-24  2.234E-14
1.803E+02  4.729E-24  2.262E-14
1.786E+02  4.831E-24  2.289E-14
1.770E+02  4.935E-24  2.317E-14
1.754E+02  5.040E-24  2.345E-14
1.738E+02  5.146E-24  2.372E-14
1.722E+02  5.254E-24  2.400E-14
1.706E+02  5.362E-24  2.427E-14
1.690E+02  5.472E-24  2.454E-14
1.675E+02  5.584E-24  2.481E-14
1.660E+02  5.697E-24  2.508E-14
1.644E+02  5.812E-24  2.535E-14
1.629E+02  5.928E-24  2.562E-14
1.614E+02  6.045E-24  2.589E-14
1.600E+02  6.164E-24  2.616E-14
1.585E+02  6.285E-24  2.642E-14
1.570E+02  6.408E-24  2.669E-14
1.556E+02  6.532E-24  2.696E-14
1.542E+02  6.659E-24  2.723E-14
1.528E+02  6.787E-24  2.750E-14
1.514E+02  6.917E-24  2.777E-14
1.500E+02  7.049E-24  2.804E-14
1.486E+02  7.182E-24  2.831E-14
1.472E+02  7.315E-24  2.857E-14
1.459E+02  7.448E-24  2.882E-14
1.445E+02  7.579E-24  2.906E-14
1.432E+02  7.707E-24  2.928E-14
1.419E+02  7.827E-24  2.946E-14
1.406E+02  7.938E-24  2.961E-14
1.393E+02  8.038E-24  2.971E-14
1.380E+02  8.126E-24  2.975E-14
1.368E+02  8.201E-24  2.975E-14
1.355E+02  8.266E-24  2.971E-14
1.343E+02  8.323E-24  2.964E-14
1.330E+02  8.374E-24  2.955E-14
1.318E+02  8.422E-24  2.945E-14
1.306E+02  8.469E-24  2.934E-14
1.294E+02  8.514E-24  2.923E-14
1.282E+02  8.560E-24  2.912E-14
1.271E+02  8.606E-24  2.900E-14
1.259E+02  8.652E-24  2.889E-14
1.247E+02  8.698E-24  2.878E-14
1.236E+02  8.745E-24  2.867E-14
1.225E+02  8.792E-24  2.856E-14
1.213E+02  8.839E-24  2.845E-14
1.202E+02  8.886E-24  2.834E-14
1.191E+02  8.932E-24  2.822E-14
1.180E+02  8.977E-24  2.811E-14
1.169E+02  9.021E-24  2.798E-14
1.159E+02  9.062E-24  2.786E-14
1.148E+02  9.103E-24  2.772E-14
1.138E+02  9.143E-24  2.759E-14
1.127E+02  9.181E-24  2.745E-14
1.117E+02  9.218E-24  2.731E-14
1.107E+02  9.253E-24  2.716E-14
1.096E+02  9.287E-24  2.701E-14
1.086E+02  9.318E-24  2.685E-14
1.076E+02  9.347E-24  2.669E-14
1.067E+02  9.373E-24  2.652E-14
1.057E+02  9.397E-24  2.634E-14
1.047E+02  9.419E-24  2.616E-14
1.038E+02  9.438E-24  2.597E-14
1.028E+02  9.454E-24  2.578E-14
1.019E+02  9.467E-24  2.558E-14
1.009E+02  9.476E-24  2.537E-14
1.000E+02  9.483E-24  2.516E-14
9.908E+01  9.486E-24  2.493E-14
9.817E+01  9.486E-24  2.470E-14
9.727E+01  9.483E-24  2.447E-14
9.638E+01  9.477E-24  2.423E-14
9.550E+01  9.467E-24  2.398E-14
9.462E+01  9.453E-24  2.373E-14
9.376E+01  9.436E-24  2.347E-14
9.290E+01  9.416E-24  2.320E-14
9.204E+01  9.392E-24  2.293E-14
9.120E+01  9.365E-24  2.265E-14
9.036E+01  9.334E-24  2.237E-14
8.954E+01  9.300E-24  2.209E-14
8.872E+01  9.263E-24  2.180E-14
8.790E+01  9.222E-24  2.150E-14
8.710E+01  9.179E-24  2.121E-14
8.630E+01  9.132E-24  2.090E-14
8.551E+01  9.083E-24  2.060E-14
8.472E+01  9.029E-24  2.029E-14
8.395E+01  8.973E-24  1.998E-14
8.318E+01  8.914E-24  1.967E-14
8.241E+01  8.852E-24  1.935E-14
8.166E+01  8.787E-24  1.903E-14
8.091E+01  8.719E-24  1.871E-14
8.017E+01  8.649E-24  1.839E-14
7.943E+01  8.576E-24  1.807E-14
7.870E+01  8.500E-24  1.775E-14
7.798E+01  8.421E-24  1.742E-14
7.727E+01  8.340E-24  1.709E-14
7.656E+01  8.256E-24  1.677E-14
7.586E+01  8.169E-24  1.644E-14
7.516E+01  8.081E-24  1.611E-14
7.447E+01  7.990E-24  1.578E-14
7.379E+01  7.896E-24  1.546E-14
7.311E+01  7.801E-24  1.513E-14
7.244E+01  7.703E-24  1.480E-14
7.178E+01  7.604E-24  1.448E-14
7.112E+01  7.503E-24  1.415E-14
7.047E+01  7.401E-24  1.383E-14
6.982E+01  7.298E-24  1.352E-14
6.918E+01  7.193E-24  1.320E-14
6.855E+01  7.087E-24  1.289E-14
6.792E+01  6.979E-24  1.257E-14
6.730E+01  6.871E-24  1.227E-14
6.668E+01  6.761E-24  1.196E-14
6.607E+01  6.651E-24  1.166E-14
6.546E+01  6.540E-24  1.136E-14
6.486E+01  6.429E-24  1.106E-14
6.427E+01  6.317E-24  1.077E-14
6.368E+01  6.205E-24  1.048E-14
6.310E+01  6.092E-24  1.020E-14
6.252E+01  5.980E-24  9.916E-15
6.194E+01  5.867E-24  9.640E-15
6.138E+01  5.755E-24  9.369E-15
6.081E+01  5.642E-24  9.102E-15
6.026E+01  5.530E-24  8.839E-15
5.970E+01  5.418E-24  8.581E-15
5.916E+01  5.307E-24  8.328E-15
5.861E+01  5.196E-24  8.079E-15
5.808E+01  5.086E-24  7.835E-15
5.754E+01  4.977E-24  7.596E-15
5.702E+01  4.868E-24  7.363E-15
5.649E+01  4.761E-24  7.134E-15
5.598E+01  4.654E-24  6.910E-15
5.546E+01  4.548E-24  6.691E-15
5.495E+01  4.444E-24  6.478E-15
5.445E+01  4.341E-24  6.270E-15
5.395E+01  4.239E-24  6.066E-15
5.346E+01  4.138E-24  5.868E-15
5.297E+01  4.039E-24  5.674E-15
5.248E+01  3.941E-24  5.486E-15
5.200E+01  3.844E-24  5.303E-15
5.152E+01  3.750E-24  5.124E-15
5.105E+01  3.656E-24  4.950E-15
5.058E+01  3.564E-24  4.782E-15
5.012E+01  3.473E-24  4.618E-15
4.966E+01  3.385E-24  4.459E-15
4.920E+01  3.298E-24  4.304E-15
4.875E+01  3.213E-24  4.154E-15
4.831E+01  3.129E-24  4.009E-15
4.786E+01  3.047E-24  3.869E-15
4.742E+01  2.967E-24  3.732E-15
4.699E+01  2.888E-24  3.600E-15
4.656E+01  2.812E-24  3.472E-15
4.613E+01  2.736E-24  3.348E-15
4.571E+01  2.663E-24  3.229E-15
4.529E+01  2.591E-24  3.113E-15
4.487E+01  2.521E-24  3.001E-15
4.446E+01  2.453E-24  2.893E-15
4.406E+01  2.386E-24  2.788E-15
4.365E+01  2.320E-24  2.687E-15
4.325E+01  2.257E-24  2.589E-15
4.285E+01  2.195E-24  2.495E-15
4.246E+01  2.134E-24  2.403E-15
4.207E+01  2.075E-24  2.315E-15
4.169E+01  2.017E-24  2.230E-15
4.130E+01  1.961E-24  2.148E-15
4.093E+01  1.906E-24  2.069E-15
4.055E+01  1.852E-24  1.992E-15
4.018E+01  1.800E-24  1.918E-15
3.981E+01  1.749E-24  1.847E-15
3.945E+01  1.699E-24  1.778E-15
3.908E+01  1.651E-24  1.712E-15
3.873E+01  1.604E-24  1.648E-15
3.837E+01  1.558E-24  1.586E-15
3.802E+01  1.513E-24  1.526E-15
3.767E+01  1.469E-24  1.468E-15
3.733E+01  1.427E-24  1.413E-15
3.698E+01  1.385E-24  1.359E-15
3.664E+01  1.345E-24  1.307E-15
3.631E+01  1.306E-24  1.258E-15
3.597E+01  1.267E-24  1.209E-15
3.565E+01  1.230E-24  1.163E-15
3.532E+01  1.195E-24  1.119E-15
3.499E+01  1.160E-24  1.077E-15
3.467E+01  1.126E-24  1.035E-15
3.436E+01  1.093E-24  9.963E-16
3.404E+01  1.062E-24  9.586E-16
3.373E+01  1.031E-24  9.225E-16
3.342E+01  1.002E-24  8.881E-16
3.311E+01  9.737E-25  8.552E-16
3.281E+01  9.466E-25  8.239E-16
3.251E+01  9.205E-25  7.938E-16
3.221E+01  8.956E-25  7.652E-16
3.192E+01  8.718E-25  7.380E-16
3.162E+01  8.489E-25  7.121E-16
3.133E+01  8.273E-25  6.876E-16
3.105E+01  8.065E-25  6.642E-16
3.076E+01  7.869E-25  6.420E-16
3.048E+01  7.682E-25  6.211E-16
3.020E+01  7.505E-25  6.012E-16
2.992E+01  7.339E-25  5.825E-16
2.965E+01  7.179E-25  5.646E-16
2.938E+01  7.030E-25  5.478E-16
2.911E+01  6.888E-25  5.318E-16
2.884E+01  6.754E-25  5.167E-16
2.858E+01  6.629E-25  5.025E-16
2.831E+01  6.511E-25  4.890E-16
2.805E+01  6.400E-25  4.763E-16
2.780E+01  6.297E-25  4.643E-16
2.754E+01  6.199E-25  4.529E-16
2.729E+01  6.106E-25  4.420E-16
2.704E+01  6.021E-25  4.318E-16
2.679E+01  5.941E-25  4.222E-16
2.655E+01  5.866E-25  4.130E-16
2.630E+01  5.796E-25  4.044E-16
2.606E+01  5.730E-25  3.961E-16
2.582E+01  5.670E-25  3.883E-16
2.559E+01  5.614E-25  3.810E-16
2.535E+01  5.562E-25  3.740E-16
2.512E+01  5.514E-25  3.674E-16
2.489E+01  5.470E-25  3.611E-16
2.466E+01  5.429E-25  3.551E-16
2.443E+01  5.390E-25  3.494E-16
2.421E+01  5.357E-25  3.440E-16
2.399E+01  5.326E-25  3.389E-16
2.377E+01  5.297E-25  3.339E-16
2.355E+01  5.271E-25  3.293E-16
2.333E+01  5.249E-25  3.249E-16
2.312E+01  5.229E-25  3.207E-16
2.291E+01  5.211E-25  3.167E-16
2.270E+01  5.196E-25  3.129E-16
2.249E+01  5.185E-25  3.093E-16
2.228E+01  5.175E-25  3.059E-16
2.208E+01  5.168E-25  3.027E-16
2.188E+01  5.162E-25  2.996E-16
2.168E+01  5.158E-25  2.966E-16
2.148E+01  5.157E-25  2.938E-16
2.128E+01  5.158E-25  2.912E-16
2.109E+01  5.161E-25  2.887E-16
2.089E+01  5.166E-25  2.863E-16
2.070E+01  5.174E-25  2.841E-16
2.051E+01  5.184E-25  2.820E-16
2.032E+01  5.197E-25  2.802E-16
2.014E+01  5.214E-25  2.785E-16
1.995E+01  5.235E-25  2.771E-16
1.977E+01  5.263E-25  2.760E-16
1.959E+01  5.299E-25  2.753E-16
1.941E+01  5.356E-25  2.757E-16
1.923E+01  5.462E-25  2.786E-16
1.905E+01  5.720E-25  2.891E-16
1.888E+01  5.934E-25  2.972E-16
1.871E+01  5.679E-25  2.818E-16
1.854E+01  5.618E-25  2.762E-16
1.837E+01  5.669E-25  2.762E-16
1.820E+01  5.795E-25  2.797E-16
1.803E+01  6.050E-25  2.894E-16
1.786E+01  6.473E-25  3.067E-16
1.770E+01  6.562E-25  3.081E-16
1.754E+01  6.993E-25  3.254E-16
1.738E+01  7.987E-25  3.682E-16
1.722E+01  7.892E-25  3.605E-16
1.706E+01  7.961E-25  3.603E-16
1.690E+01  7.780E-25  3.489E-16
1.675E+01  7.454E-25  3.312E-16
1.660E+01  7.583E-25  3.338E-16
1.644E+01  8.779E-25  3.829E-16
1.629E+01  6.757E-25  2.920E-16
1.614E+01  5.936E-25  2.542E-16
1.600E+01  5.655E-25  2.399E-16
1.585E+01  5.478E-25  2.303E-16
1.570E+01  5.275E-25  2.198E-16
1.556E+01  5.147E-25  2.125E-16
1.542E+01  5.060E-25  2.069E-16
1.528E+01  4.995E-25  2.024E-16
1.514E+01  4.946E-25  1.986E-16
1.500E+01  4.912E-25  1.954E-16
1.486E+01  4.895E-25  1.930E-16
1.472E+01  4.904E-25  1.915E-16
1.459E+01  4.955E-25  1.917E-16
1.445E+01  5.096E-25  1.954E-16
1.432E+01  5.433E-25  2.064E-16
1.419E+01  5.819E-25  2.190E-16
1.406E+01  5.614E-25  2.094E-16
1.393E+01  5.529E-25  2.043E-16
1.380E+01  5.786E-25  2.119E-16
1.368E+01  6.369E-25  2.311E-16
1.355E+01  7.111E-25  2.556E-16
1.343E+01  7.316E-25  2.606E-16
1.330E+01  6.930E-25  2.446E-16
1.318E+01  6.749E-25  2.360E-16
1.306E+01  7.094E-25  2.458E-16
1.294E+01  8.094E-25  2.779E-16
1.282E+01  9.928E-25  3.377E-16
1.271E+01  1.225E-24  4.130E-16
1.259E+01  1.303E-24  4.351E-16
1.247E+01  1.141E-24  3.774E-16
1.236E+01  9.727E-25  3.189E-16
1.225E+01  9.160E-25  2.976E-16
1.213E+01  9.595E-25  3.088E-16
1.202E+01  1.022E-24  3.260E-16
1.191E+01  9.856E-25  3.115E-16
1.180E+01  8.937E-25  2.798E-16
1.169E+01  8.700E-25  2.699E-16
1.159E+01  9.851E-25  3.028E-16
1.148E+01  1.328E-24  4.043E-16
1.138E+01  1.902E-24  5.740E-16
1.127E+01  2.529E-24  7.562E-16
1.117E+01  1.785E-24  5.288E-16
1.107E+01  9.193E-25  2.699E-16
1.096E+01  6.318E-25  1.837E-16
1.086E+01  4.992E-25  1.439E-16
1.076E+01  4.292E-25  1.225E-16
1.067E+01  3.877E-25  1.097E-16
1.057E+01  3.517E-25  9.860E-17
1.047E+01  3.278E-25  9.105E-17
1.038E+01  3.118E-25  8.581E-17
1.028E+01  3.005E-25  8.194E-17
1.019E+01  2.924E-25  7.899E-17
1.009E+01  2.868E-25  7.677E-17
1.000E+01  2.832E-25  7.513E-17
9.908E+00  2.816E-25  7.400E-17
9.817E+00  2.817E-25  7.336E-17
9.727E+00  2.836E-25  7.317E-17
9.638E+00  2.873E-25  7.346E-17
9.550E+00  2.931E-25  7.425E-17
9.462E+00  3.012E-25  7.561E-17
9.376E+00  3.123E-25  7.767E-17
9.290E+00  3.272E-25  8.063E-17
9.204E+00  3.475E-25  8.485E-17
9.120E+00  3.757E-25  9.089E-17
9.036E+00  4.162E-25  9.976E-17
8.954E+00  4.768E-25  1.132E-16
8.872E+00  5.724E-25  1.347E-16
8.790E+00  7.286E-25  1.699E-16
8.710E+00  9.666E-25  2.233E-16
8.630E+00  1.189E-24  2.722E-16
8.551E+00  1.163E-24  2.637E-16
8.472E+00  1.010E-24  2.269E-16
8.395E+00  9.321E-25  2.076E-16
8.318E+00  9.280E-25  2.047E-16
8.241E+00  9.692E-25  2.119E-16
8.166E+00  1.072E-24  2.322E-16
8.091E+00  1.267E-24  2.719E-16
8.017E+00  1.577E-24  3.353E-16
7.943E+00  1.982E-24  4.176E-16
7.870E+00  2.336E-24  4.877E-16
7.798E+00  2.463E-24  5.094E-16
7.727E+00  2.478E-24  5.078E-16
7.656E+00  2.555E-24  5.189E-16
7.586E+00  2.487E-24  5.004E-16
7.516E+00  2.092E-24  4.171E-16
7.447E+00  1.648E-24  3.256E-16
7.379E+00  1.322E-24  2.588E-16
7.311E+00  1.096E-24  2.127E-16
7.244E+00  9.316E-25  1.790E-16
7.178E+00  8.057E-25  1.534E-16
7.112E+00  7.091E-25  1.338E-16
7.047E+00  6.374E-25  1.192E-16
6.982E+00  5.888E-25  1.091E-16
6.918E+00  5.621E-25  1.032E-16
6.855E+00  5.554E-25  1.010E-16
6.792E+00  5.628E-25  1.014E-16
6.730E+00  5.705E-25  1.018E-16
6.668E+00  5.623E-25  9.946E-17
6.607E+00  5.382E-25  9.433E-17
6.546E+00  5.186E-25  9.005E-17
6.486E+00  5.289E-25  9.099E-17
6.427E+00  5.981E-25  1.020E-16
6.368E+00  7.804E-25  1.318E-16
6.310E+00  1.189E-24  1.990E-16
6.252E+00  1.850E-24  3.068E-16
6.194E+00  1.873E-24  3.078E-16
6.138E+00  1.166E-24  1.899E-16
6.081E+00  6.941E-25  1.120E-16
6.026E+00  4.619E-25  7.382E-17
5.970E+00  3.441E-25  5.449E-17
5.916E+00  2.826E-25  4.434E-17
5.861E+00  2.553E-25  3.970E-17
5.808E+00  2.575E-25  3.967E-17
5.754E+00  2.890E-25  4.412E-17
5.702E+00  3.113E-25  4.708E-17
5.649E+00  2.622E-25  3.929E-17
5.598E+00  1.993E-25  2.960E-17
5.546E+00  1.606E-25  2.363E-17
5.495E+00  1.401E-25  2.042E-17
5.445E+00  1.312E-25  1.894E-17
5.395E+00  1.326E-25  1.898E-17
5.346E+00  1.471E-25  2.085E-17
5.297E+00  1.709E-25  2.401E-17
5.248E+00  1.670E-25  2.325E-17
5.200E+00  1.323E-25  1.825E-17
5.152E+00  1.053E-25  1.439E-17
5.105E+00  8.962E-26  1.214E-17
5.058E+00  8.020E-26  1.076E-17
5.012E+00  7.398E-26  9.835E-18
4.966E+00  6.952E-26  9.158E-18
4.920E+00  6.611E-26  8.629E-18
4.875E+00  6.338E-26  8.197E-18
4.831E+00  6.112E-26  7.832E-18
4.786E+00  5.920E-26  7.516E-18
4.742E+00  5.754E-26  7.238E-18
4.699E+00  5.608E-26  6.990E-18
4.656E+00  5.478E-26  6.765E-18
4.613E+00  5.362E-26  6.561E-18
4.571E+00  5.257E-26  6.374E-18
4.529E+00  5.161E-26  6.201E-18
4.487E+00  5.075E-26  6.041E-18
4.446E+00  4.995E-26  5.892E-18
4.406E+00  4.923E-26  5.753E-18
4.365E+00  4.856E-26  5.623E-18
4.325E+00  4.795E-26  5.502E-18
4.285E+00  4.739E-26  5.388E-18
4.246E+00  4.688E-26  5.280E-18
4.207E+00  4.641E-26  5.180E-18
4.169E+00  4.599E-26  5.086E-18
4.130E+00  4.561E-26  4.997E-18
4.093E+00  4.527E-26  4.914E-18
4.055E+00  4.497E-26  4.837E-18
4.018E+00  4.472E-26  4.766E-18
3.981E+00  4.451E-26  4.701E-18
3.945E+00  4.436E-26  4.642E-18
3.908E+00  4.427E-26  4.589E-18
3.873E+00  4.424E-26  4.544E-18
3.837E+00  4.429E-26  4.508E-18
3.802E+00  4.444E-26  4.482E-18
3.767E+00  4.470E-26  4.467E-18
3.733E+00  4.512E-26  4.467E-18
3.698E+00  4.572E-26  4.485E-18
3.664E+00  4.658E-26  4.528E-18
3.631E+00  4.779E-26  4.603E-18
3.597E+00  4.951E-26  4.724E-18
3.565E+00  5.196E-26  4.913E-18
3.532E+00  5.558E-26  5.207E-18
3.499E+00  6.112E-26  5.673E-18
3.467E+00  7.006E-26  6.444E-18
3.436E+00  8.573E-26  7.813E-18
3.404E+00  1.167E-25  1.053E-17
3.373E+00  1.906E-25  1.705E-17
3.342E+00  4.354E-25  3.860E-17
3.311E+00  1.650E-24  1.449E-16
3.281E+00  1.126E-24  9.802E-17
3.251E+00  3.211E-25  2.769E-17
3.221E+00  1.529E-25  1.306E-17
3.192E+00  9.720E-26  8.228E-18
3.162E+00  7.261E-26  6.090E-18
3.133E+00  5.967E-26  4.959E-18
3.105E+00  5.202E-26  4.284E-18
3.076E+00  4.710E-26  3.843E-18
3.048E+00  4.373E-26  3.535E-18
3.020E+00  4.130E-26  3.308E-18
2.992E+00  3.947E-26  3.132E-18
2.965E+00  3.804E-26  2.992E-18
2.938E+00  3.689E-26  2.875E-18
2.911E+00  3.595E-26  2.775E-18
2.884E+00  3.515E-26  2.689E-18
2.858E+00  3.446E-26  2.612E-18
2.831E+00  3.385E-26  2.542E-18
2.805E+00  3.331E-26  2.479E-18
2.780E+00  3.282E-26  2.420E-18
2.754E+00  3.237E-26  2.365E-18
2.729E+00  3.195E-26  2.313E-18
2.704E+00  3.155E-26  2.263E-18
2.679E+00  3.118E-26  2.216E-18
2.655E+00  3.083E-26  2.171E-18
2.630E+00  3.048E-26  2.127E-18
2.606E+00  3.016E-26  2.085E-18
2.582E+00  2.984E-26  2.044E-18
2.559E+00  2.952E-26  2.004E-18
2.535E+00  2.922E-26  1.965E-18
2.512E+00  2.892E-26  1.927E-18
2.489E+00  2.862E-26  1.889E-18
2.466E+00  2.832E-26  1.853E-18
2.443E+00  2.803E-26  1.817E-18
2.421E+00  2.773E-26  1.781E-18
2.399E+00  2.745E-26  1.746E-18
2.377E+00  2.716E-26  1.712E-18
2.355E+00  2.688E-26  1.679E-18
2.333E+00  2.660E-26  1.646E-18
2.312E+00  2.632E-26  1.614E-18
2.291E+00  2.604E-26  1.582E-18
2.270E+00  2.575E-26  1.551E-18
2.249E+00  2.547E-26  1.519E-18
2.228E+00  2.518E-26  1.489E-18
2.208E+00  2.489E-26  1.458E-18
2.188E+00  2.459E-26  1.427E-18
2.168E+00  2.429E-26  1.396E-18
2.148E+00  2.397E-26  1.366E-18
2.128E+00  2.364E-26  1.335E-18
2.109E+00  2.329E-26  1.303E-18
2.089E+00  2.292E-26  1.270E-18
2.070E+00  2.253E-26  1.237E-18
2.051E+00  2.209E-26  1.202E-18
2.032E+00  2.161E-26  1.165E-18
2.014E+00  2.107E-26  1.126E-18
1.995E+00  2.047E-26  1.083E-18
1.977E+00  1.980E-26  1.038E-18
1.959E+00  1.909E-26  9.917E-19
1.941E+00  1.839E-26  9.470E-19
1.923E+00  1.785E-26  9.106E-19
1.905E+00  1.759E-26  8.890E-19
1.888E+00  1.766E-26  8.842E-19
1.871E+00  1.795E-26  8.909E-19
1.854E+00  1.833E-26  9.010E-19
1.837E+00  1.866E-26  9.089E-19
1.820E+00  1.890E-26  9.122E-19
1.803E+00  1.905E-26  9.109E-19
1.786E+00  1.911E-26  9.058E-19
1.770E+00  1.912E-26  8.978E-19
1.754E+00  1.908E-26  8.878E-19
1.738E+00  1.901E-26  8.763E-19
1.722E+00  1.892E-26  8.640E-19
1.706E+00  1.880E-26  8.510E-19
1.690E+00  1.868E-26  8.377E-19
1.675E+00  1.855E-26  8.243E-19
1.660E+00  1.842E-26  8.109E-19
1.644E+00  1.829E-26  7.976E-19
1.629E+00  1.815E-26  7.845E-19
1.614E+00  1.802E-26  7.717E-19
1.600E+00  1.790E-26  7.594E-19
1.585E+00  1.778E-26  7.475E-19
1.570E+00  1.767E-26  7.361E-19
1.556E+00  1.758E-26  7.254E-19
1.542E+00  1.749E-26  7.154E-19
1.528E+00  1.743E-26  7.062E-19
1.514E+00  1.738E-26  6.980E-19
1.500E+00  1.736E-26  6.907E-19
1.486E+00  1.737E-26  6.846E-19
1.472E+00  1.741E-26  6.798E-19
1.459E+00  1.748E-26  6.765E-19
1.445E+00  1.760E-26  6.749E-19
1.432E+00  1.778E-26  6.754E-19
1.419E+00  1.802E-26  6.782E-19
1.406E+00  1.833E-26  6.838E-19
1.393E+00  1.874E-26  6.926E-19
1.380E+00  1.926E-26  7.053E-19
1.368E+00  1.991E-26  7.225E-19
1.355E+00  2.072E-26  7.449E-19
1.343E+00  2.170E-26  7.729E-19
1.330E+00  2.286E-26  8.069E-19
1.318E+00  2.419E-26  8.458E-19
1.306E+00  2.560E-26  8.869E-19
1.294E+00  2.693E-26  9.244E-19
1.282E+00  2.790E-26  9.490E-19
1.271E+00  2.819E-26  9.502E-19
1.259E+00  2.757E-26  9.206E-19
1.247E+00  2.605E-26  8.618E-19
1.236E+00  2.392E-26  7.842E-19
1.225E+00  2.159E-26  7.013E-19
1.213E+00  1.939E-26  6.239E-19
1.202E+00  1.748E-26  5.575E-19
1.191E+00  1.594E-26  5.036E-19
1.180E+00  1.474E-26  4.615E-19
1.169E+00  1.386E-26  4.300E-19
1.159E+00  1.326E-26  4.076E-19
1.148E+00  1.292E-26  3.935E-19
1.138E+00  1.284E-26  3.875E-19
1.127E+00  1.304E-26  3.900E-19
1.117E+00  1.359E-26  4.026E-19
1.107E+00  1.458E-26  4.281E-19
1.096E+00  1.620E-26  4.713E-19
1.086E+00  1.871E-26  5.391E-19
1.076E+00  2.234E-26  6.380E-19
1.067E+00  2.690E-26  7.611E-19
1.057E+00  3.055E-26  8.564E-19
1.047E+00  2.994E-26  8.317E-19
1.038E+00  2.479E-26  6.824E-19
1.028E+00  1.872E-26  5.105E-19
1.019E+00  1.401E-26  3.785E-19
1.009E+00  1.082E-26  2.897E-19
1.000E+00  8.709E-27  2.310E-19
