Dust emission from Draine & Li (2007): ApJ 657, 810-837
================================================================
         6 = grain model
 4.000E-08 4.000E-01 3.750E-05 = a_01 (cm) , sigma_1 , b_C1/0.92
 2.500E-07 4.000E-01 1.250E-05 = a_02 (cm) , sigma_2 , b_C2/0.92
 3.000E+00 1.000E+03 2.000E+00 = Umin , Umax, beta (dN/dU propto U^{-beta})
 1.748E+01 = <U> 
     mmp83 = radfield
 7.884E-23 = power/H (erg s-1)
 band   nu*P_nu(band) j_nu(band)
 (um)   (erg s-1 H-1)(Jy cm2 sr-1 H-1)
1.270E+00  2.659E-25  8.957E-18 COBE-DIRBE
2.220E+00  3.389E-25  1.996E-17 COBE-DIRBE
3.530E+00  2.220E-24  2.079E-16 COBE-DIRBE
4.880E+00  1.031E-24  1.334E-16 COBE-DIRBE
1.229E+01  9.287E-24  3.027E-15 COBE-DIRBE
2.079E+01  8.265E-24  4.558E-15 COBE-DIRBE
5.599E+01  4.343E-23  6.451E-14 COBE-DIRBE
9.770E+01  3.192E-23  8.272E-14 COBE-DIRBE
1.479E+02  1.617E-23  6.342E-14 COBE-DIRBE
2.479E+02  3.771E-24  2.479E-14 COBE-DIRBE
1.200E+01  9.760E-24  3.107E-15 IRAS
2.500E+01  9.254E-24  6.137E-15 IRAS
6.000E+01  4.286E-23  6.821E-14 IRAS
1.000E+02  3.093E-23  8.204E-14 IRAS
3.550E+00  2.582E-24  2.431E-16 SST-IRAC
4.493E+00  7.218E-25  8.602E-17 SST-IRAC
5.731E+00  6.116E-24  9.298E-16 SST-IRAC
7.872E+00  1.420E-23  2.966E-15 SST-IRAC
2.368E+01  7.827E-24  4.916E-15 SST-MIPS
7.142E+01  3.846E-23  7.287E-14 SST-MIPS
1.559E+02  1.326E-23  5.483E-14 SST-MIPS
1.600E+01  7.803E-24  3.312E-15 SST-IRSPU
2.200E+01  7.982E-24  4.658E-15 SST-IRSPU











lambda    nu*dP/dnu     j_nu
 (um)   (erg s-1 H-1)(Jy cm2 sr-1 H-1)
1.000E+04  7.750E-31  2.056E-19
9.908E+03  8.034E-31  2.112E-19
9.817E+03  8.328E-31  2.169E-19
9.727E+03  8.633E-31  2.228E-19
9.638E+03  8.949E-31  2.288E-19
9.550E+03  9.277E-31  2.350E-19
9.462E+03  9.617E-31  2.414E-19
9.376E+03  9.969E-31  2.479E-19
9.290E+03  1.033E-30  2.546E-19
9.204E+03  1.071E-30  2.616E-19
9.120E+03  1.110E-30  2.686E-19
9.036E+03  1.151E-30  2.759E-19
8.954E+03  1.193E-30  2.834E-19
8.872E+03  1.237E-30  2.910E-19
8.790E+03  1.282E-30  2.989E-19
8.710E+03  1.328E-30  3.069E-19
8.630E+03  1.377E-30  3.152E-19
8.551E+03  1.427E-30  3.237E-19
8.472E+03  1.479E-30  3.325E-19
8.395E+03  1.534E-30  3.415E-19
8.318E+03  1.590E-30  3.507E-19
8.241E+03  1.648E-30  3.602E-19
8.166E+03  1.708E-30  3.700E-19
8.091E+03  1.771E-30  3.801E-19
8.017E+03  1.836E-30  3.904E-19
7.943E+03  1.903E-30  4.010E-19
7.870E+03  1.973E-30  4.119E-19
7.798E+03  2.046E-30  4.231E-19
7.727E+03  2.121E-30  4.347E-19
7.656E+03  2.199E-30  4.465E-19
7.586E+03  2.280E-30  4.587E-19
7.516E+03  2.364E-30  4.713E-19
7.447E+03  2.451E-30  4.842E-19
7.379E+03  2.541E-30  4.974E-19
7.311E+03  2.635E-30  5.111E-19
7.244E+03  2.733E-30  5.251E-19
7.178E+03  2.833E-30  5.395E-19
7.112E+03  2.938E-30  5.543E-19
7.047E+03  3.047E-30  5.696E-19
6.982E+03  3.160E-30  5.852E-19
6.918E+03  3.277E-30  6.013E-19
6.855E+03  3.398E-30  6.178E-19
6.792E+03  3.524E-30  6.348E-19
6.730E+03  3.654E-30  6.523E-19
6.668E+03  3.790E-30  6.703E-19
6.607E+03  3.930E-30  6.888E-19
6.546E+03  4.076E-30  7.078E-19
6.486E+03  4.227E-30  7.273E-19
6.427E+03  4.385E-30  7.475E-19
6.368E+03  4.548E-30  7.682E-19
6.310E+03  4.717E-30  7.895E-19
6.252E+03  4.893E-30  8.114E-19
6.194E+03  5.075E-30  8.339E-19
6.138E+03  5.264E-30  8.570E-19
6.081E+03  5.461E-30  8.809E-19
6.026E+03  5.665E-30  9.054E-19
5.970E+03  5.876E-30  9.306E-19
5.916E+03  6.096E-30  9.566E-19
5.861E+03  6.324E-30  9.833E-19
5.808E+03  6.561E-30  1.011E-18
5.754E+03  6.807E-30  1.039E-18
5.702E+03  7.062E-30  1.068E-18
5.649E+03  7.327E-30  1.098E-18
5.598E+03  7.602E-30  1.129E-18
5.546E+03  7.887E-30  1.160E-18
5.495E+03  8.184E-30  1.193E-18
5.445E+03  8.492E-30  1.226E-18
5.395E+03  8.811E-30  1.261E-18
5.346E+03  9.143E-30  1.296E-18
5.297E+03  9.487E-30  1.333E-18
5.248E+03  9.845E-30  1.371E-18
5.200E+03  1.022E-29  1.409E-18
5.152E+03  1.060E-29  1.449E-18
5.105E+03  1.100E-29  1.490E-18
5.058E+03  1.142E-29  1.532E-18
5.012E+03  1.185E-29  1.575E-18
4.966E+03  1.230E-29  1.620E-18
4.920E+03  1.276E-29  1.666E-18
4.875E+03  1.325E-29  1.713E-18
4.831E+03  1.375E-29  1.761E-18
4.786E+03  1.427E-29  1.811E-18
4.742E+03  1.481E-29  1.863E-18
4.699E+03  1.537E-29  1.916E-18
4.656E+03  1.596E-29  1.970E-18
4.613E+03  1.656E-29  2.027E-18
4.571E+03  1.719E-29  2.084E-18
4.529E+03  1.785E-29  2.144E-18
4.487E+03  1.853E-29  2.205E-18
4.446E+03  1.923E-29  2.268E-18
4.406E+03  1.996E-29  2.333E-18
4.365E+03  2.073E-29  2.400E-18
4.325E+03  2.152E-29  2.469E-18
4.285E+03  2.234E-29  2.540E-18
4.246E+03  2.320E-29  2.613E-18
4.207E+03  2.408E-29  2.688E-18
4.169E+03  2.500E-29  2.765E-18
4.130E+03  2.596E-29  2.845E-18
4.093E+03  2.696E-29  2.927E-18
4.055E+03  2.799E-29  3.011E-18
4.018E+03  2.907E-29  3.098E-18
3.981E+03  3.018E-29  3.187E-18
3.945E+03  3.134E-29  3.279E-18
3.908E+03  3.254E-29  3.374E-18
3.873E+03  3.379E-29  3.471E-18
3.837E+03  3.509E-29  3.572E-18
3.802E+03  3.644E-29  3.675E-18
3.767E+03  3.785E-29  3.782E-18
3.733E+03  3.931E-29  3.892E-18
3.698E+03  4.082E-29  4.005E-18
3.664E+03  4.240E-29  4.121E-18
3.631E+03  4.404E-29  4.241E-18
3.597E+03  4.574E-29  4.365E-18
3.565E+03  4.751E-29  4.492E-18
3.532E+03  4.935E-29  4.623E-18
3.499E+03  5.126E-29  4.758E-18
3.467E+03  5.325E-29  4.898E-18
3.436E+03  5.532E-29  5.041E-18
3.404E+03  5.747E-29  5.189E-18
3.373E+03  5.970E-29  5.341E-18
3.342E+03  6.202E-29  5.498E-18
3.311E+03  6.444E-29  5.660E-18
3.281E+03  6.695E-29  5.826E-18
3.251E+03  6.955E-29  5.998E-18
3.221E+03  7.227E-29  6.175E-18
3.192E+03  7.509E-29  6.357E-18
3.162E+03  7.802E-29  6.545E-18
3.133E+03  8.107E-29  6.738E-18
3.105E+03  8.424E-29  6.937E-18
3.076E+03  8.754E-29  7.143E-18
3.048E+03  9.097E-29  7.354E-18
3.020E+03  9.453E-29  7.573E-18
2.992E+03  9.823E-29  7.797E-18
2.965E+03  1.021E-28  8.028E-18
2.938E+03  1.061E-28  8.265E-18
2.911E+03  1.102E-28  8.510E-18
2.884E+03  1.145E-28  8.763E-18
2.858E+03  1.190E-28  9.023E-18
2.831E+03  1.237E-28  9.291E-18
2.805E+03  1.286E-28  9.568E-18
2.780E+03  1.336E-28  9.853E-18
2.754E+03  1.389E-28  1.015E-17
2.729E+03  1.444E-28  1.045E-17
2.704E+03  1.500E-28  1.076E-17
2.679E+03  1.560E-28  1.108E-17
2.655E+03  1.621E-28  1.141E-17
2.630E+03  1.685E-28  1.176E-17
2.606E+03  1.752E-28  1.211E-17
2.582E+03  1.821E-28  1.247E-17
2.559E+03  1.893E-28  1.285E-17
2.535E+03  1.968E-28  1.323E-17
2.512E+03  2.046E-28  1.363E-17
2.489E+03  2.127E-28  1.404E-17
2.466E+03  2.211E-28  1.446E-17
2.443E+03  2.299E-28  1.490E-17
2.421E+03  2.390E-28  1.535E-17
2.399E+03  2.485E-28  1.581E-17
2.377E+03  2.584E-28  1.629E-17
2.355E+03  2.687E-28  1.678E-17
2.333E+03  2.794E-28  1.729E-17
2.312E+03  2.905E-28  1.782E-17
2.291E+03  3.021E-28  1.836E-17
2.270E+03  3.141E-28  1.891E-17
2.249E+03  3.266E-28  1.949E-17
2.228E+03  3.397E-28  2.008E-17
2.208E+03  3.532E-28  2.069E-17
2.188E+03  3.673E-28  2.132E-17
2.168E+03  3.820E-28  2.197E-17
2.148E+03  3.973E-28  2.263E-17
2.128E+03  4.132E-28  2.332E-17
2.109E+03  4.297E-28  2.404E-17
2.089E+03  4.469E-28  2.477E-17
2.070E+03  4.648E-28  2.552E-17
2.051E+03  4.834E-28  2.630E-17
2.032E+03  5.028E-28  2.711E-17
2.014E+03  5.230E-28  2.794E-17
1.995E+03  5.440E-28  2.879E-17
1.977E+03  5.658E-28  2.967E-17
1.959E+03  5.885E-28  3.058E-17
1.941E+03  6.121E-28  3.151E-17
1.923E+03  6.367E-28  3.248E-17
1.905E+03  6.623E-28  3.347E-17
1.888E+03  6.889E-28  3.450E-17
1.871E+03  7.166E-28  3.556E-17
1.854E+03  7.454E-28  3.665E-17
1.837E+03  7.754E-28  3.777E-17
1.820E+03  8.066E-28  3.893E-17
1.803E+03  8.391E-28  4.013E-17
1.786E+03  8.729E-28  4.136E-17
1.770E+03  9.080E-28  4.264E-17
1.754E+03  9.446E-28  4.395E-17
1.738E+03  9.827E-28  4.530E-17
1.722E+03  1.022E-27  4.669E-17
1.706E+03  1.064E-27  4.813E-17
1.690E+03  1.106E-27  4.962E-17
1.675E+03  1.151E-27  5.114E-17
1.660E+03  1.198E-27  5.272E-17
1.644E+03  1.246E-27  5.435E-17
1.629E+03  1.296E-27  5.602E-17
1.614E+03  1.349E-27  5.775E-17
1.600E+03  1.403E-27  5.953E-17
1.585E+03  1.460E-27  6.137E-17
1.570E+03  1.519E-27  6.326E-17
1.556E+03  1.580E-27  6.522E-17
1.542E+03  1.644E-27  6.723E-17
1.528E+03  1.710E-27  6.931E-17
1.514E+03  1.780E-27  7.145E-17
1.500E+03  1.851E-27  7.365E-17
1.486E+03  1.926E-27  7.593E-17
1.472E+03  2.004E-27  7.828E-17
1.459E+03  2.085E-27  8.070E-17
1.445E+03  2.170E-27  8.319E-17
1.432E+03  2.258E-27  8.577E-17
1.419E+03  2.349E-27  8.842E-17
1.406E+03  2.444E-27  9.116E-17
1.393E+03  2.543E-27  9.398E-17
1.380E+03  2.646E-27  9.689E-17
1.368E+03  2.753E-27  9.989E-17
1.355E+03  2.865E-27  1.030E-16
1.343E+03  2.981E-27  1.062E-16
1.330E+03  3.101E-27  1.095E-16
1.318E+03  3.227E-27  1.128E-16
1.306E+03  3.358E-27  1.163E-16
1.294E+03  3.493E-27  1.199E-16
1.282E+03  3.635E-27  1.236E-16
1.271E+03  3.782E-27  1.275E-16
1.259E+03  3.935E-27  1.314E-16
1.247E+03  4.094E-27  1.355E-16
1.236E+03  4.260E-27  1.397E-16
1.225E+03  4.432E-27  1.440E-16
1.213E+03  4.611E-27  1.484E-16
1.202E+03  4.798E-27  1.530E-16
1.191E+03  4.992E-27  1.577E-16
1.180E+03  5.194E-27  1.626E-16
1.169E+03  5.403E-27  1.676E-16
1.159E+03  5.622E-27  1.728E-16
1.148E+03  5.849E-27  1.781E-16
1.138E+03  6.085E-27  1.836E-16
1.127E+03  6.331E-27  1.893E-16
1.117E+03  6.586E-27  1.951E-16
1.107E+03  6.852E-27  2.011E-16
1.096E+03  7.128E-27  2.073E-16
1.086E+03  7.416E-27  2.137E-16
1.076E+03  7.714E-27  2.203E-16
1.067E+03  8.025E-27  2.271E-16
1.057E+03  8.348E-27  2.340E-16
1.047E+03  8.684E-27  2.412E-16
1.038E+03  9.034E-27  2.486E-16
1.028E+03  9.397E-27  2.563E-16
1.019E+03  9.775E-27  2.641E-16
1.009E+03  1.017E-26  2.722E-16
1.000E+03  1.058E-26  2.805E-16
9.908E+02  1.100E-26  2.891E-16
9.817E+02  1.144E-26  2.980E-16
9.727E+02  1.190E-26  3.071E-16
9.638E+02  1.238E-26  3.165E-16
9.550E+02  1.288E-26  3.262E-16
9.462E+02  1.339E-26  3.362E-16
9.376E+02  1.393E-26  3.465E-16
9.290E+02  1.449E-26  3.571E-16
9.204E+02  1.507E-26  3.680E-16
9.120E+02  1.567E-26  3.792E-16
9.036E+02  1.630E-26  3.907E-16
8.954E+02  1.695E-26  4.026E-16
8.872E+02  1.763E-26  4.148E-16
8.790E+02  1.833E-26  4.274E-16
8.710E+02  1.906E-26  4.404E-16
8.630E+02  1.982E-26  4.537E-16
8.551E+02  2.061E-26  4.675E-16
8.472E+02  2.143E-26  4.816E-16
8.395E+02  2.228E-26  4.962E-16
8.318E+02  2.317E-26  5.111E-16
8.241E+02  2.409E-26  5.265E-16
8.166E+02  2.504E-26  5.424E-16
8.091E+02  2.603E-26  5.587E-16
8.017E+02  2.706E-26  5.755E-16
7.943E+02  2.813E-26  5.927E-16
7.870E+02  2.924E-26  6.105E-16
7.798E+02  3.040E-26  6.287E-16
7.727E+02  3.159E-26  6.476E-16
7.656E+02  3.284E-26  6.669E-16
7.586E+02  3.413E-26  6.868E-16
7.516E+02  3.548E-26  7.073E-16
7.447E+02  3.687E-26  7.284E-16
7.379E+02  3.832E-26  7.502E-16
7.311E+02  3.983E-26  7.725E-16
7.244E+02  4.140E-26  7.956E-16
7.178E+02  4.303E-26  8.193E-16
7.112E+02  4.473E-26  8.438E-16
7.047E+02  4.649E-26  8.689E-16
6.982E+02  4.831E-26  8.948E-16
6.918E+02  5.021E-26  9.215E-16
6.855E+02  5.219E-26  9.489E-16
6.792E+02  5.423E-26  9.771E-16
6.730E+02  5.636E-26  1.006E-15
6.668E+02  5.856E-26  1.036E-15
6.607E+02  6.086E-26  1.067E-15
6.546E+02  6.324E-26  1.098E-15
6.486E+02  6.573E-26  1.131E-15
6.427E+02  6.831E-26  1.165E-15
6.368E+02  7.099E-26  1.199E-15
6.310E+02  7.378E-26  1.235E-15
6.252E+02  7.668E-26  1.272E-15
6.194E+02  7.968E-26  1.309E-15
6.138E+02  8.281E-26  1.348E-15
6.081E+02  8.606E-26  1.388E-15
6.026E+02  8.944E-26  1.429E-15
5.970E+02  9.294E-26  1.472E-15
5.916E+02  9.659E-26  1.516E-15
5.861E+02  1.004E-25  1.561E-15
5.808E+02  1.043E-25  1.607E-15
5.754E+02  1.084E-25  1.654E-15
5.702E+02  1.126E-25  1.703E-15
5.649E+02  1.170E-25  1.754E-15
5.598E+02  1.216E-25  1.806E-15
5.546E+02  1.264E-25  1.859E-15
5.495E+02  1.313E-25  1.914E-15
5.445E+02  1.365E-25  1.971E-15
5.395E+02  1.418E-25  2.029E-15
5.346E+02  1.473E-25  2.089E-15
5.297E+02  1.531E-25  2.151E-15
5.248E+02  1.591E-25  2.215E-15
5.200E+02  1.653E-25  2.280E-15
5.152E+02  1.717E-25  2.347E-15
5.105E+02  1.784E-25  2.416E-15
5.058E+02  1.854E-25  2.488E-15
5.012E+02  1.926E-25  2.561E-15
4.966E+02  2.001E-25  2.636E-15
4.920E+02  2.079E-25  2.714E-15
4.875E+02  2.160E-25  2.794E-15
4.831E+02  2.244E-25  2.876E-15
4.786E+02  2.331E-25  2.960E-15
4.742E+02  2.422E-25  3.047E-15
4.699E+02  2.516E-25  3.136E-15
4.656E+02  2.614E-25  3.228E-15
4.613E+02  2.715E-25  3.322E-15
4.571E+02  2.820E-25  3.419E-15
4.529E+02  2.929E-25  3.519E-15
4.487E+02  3.043E-25  3.622E-15
4.446E+02  3.160E-25  3.727E-15
4.406E+02  3.282E-25  3.836E-15
4.365E+02  3.409E-25  3.947E-15
4.325E+02  3.541E-25  4.062E-15
4.285E+02  3.677E-25  4.180E-15
4.246E+02  3.819E-25  4.301E-15
4.207E+02  3.966E-25  4.426E-15
4.169E+02  4.118E-25  4.554E-15
4.130E+02  4.276E-25  4.685E-15
4.093E+02  4.440E-25  4.820E-15
4.055E+02  4.611E-25  4.960E-15
4.018E+02  4.787E-25  5.102E-15
3.981E+02  4.971E-25  5.249E-15
3.945E+02  5.161E-25  5.400E-15
3.908E+02  5.358E-25  5.555E-15
3.873E+02  5.563E-25  5.715E-15
3.837E+02  5.775E-25  5.878E-15
3.802E+02  5.996E-25  6.047E-15
3.767E+02  6.224E-25  6.219E-15
3.733E+02  6.461E-25  6.397E-15
3.698E+02  6.706E-25  6.579E-15
3.664E+02  6.961E-25  6.766E-15
3.631E+02  7.225E-25  6.958E-15
3.597E+02  7.498E-25  7.155E-15
3.565E+02  7.782E-25  7.358E-15
3.532E+02  8.075E-25  7.565E-15
3.499E+02  8.380E-25  7.779E-15
3.467E+02  8.696E-25  7.998E-15
3.436E+02  9.023E-25  8.222E-15
3.404E+02  9.361E-25  8.453E-15
3.373E+02  9.712E-25  8.690E-15
3.342E+02  1.008E-24  8.932E-15
3.311E+02  1.045E-24  9.181E-15
3.281E+02  1.084E-24  9.436E-15
3.251E+02  1.125E-24  9.698E-15
3.221E+02  1.166E-24  9.967E-15
3.192E+02  1.210E-24  1.024E-14
3.162E+02  1.255E-24  1.052E-14
3.133E+02  1.301E-24  1.081E-14
3.105E+02  1.349E-24  1.111E-14
3.076E+02  1.399E-24  1.141E-14
3.048E+02  1.450E-24  1.173E-14
3.020E+02  1.504E-24  1.204E-14
2.992E+02  1.559E-24  1.237E-14
2.965E+02  1.616E-24  1.271E-14
2.938E+02  1.675E-24  1.305E-14
2.911E+02  1.736E-24  1.340E-14
2.884E+02  1.799E-24  1.376E-14
2.858E+02  1.864E-24  1.413E-14
2.831E+02  1.931E-24  1.450E-14
2.805E+02  2.001E-24  1.489E-14
2.780E+02  2.073E-24  1.528E-14
2.754E+02  2.147E-24  1.569E-14
2.729E+02  2.225E-24  1.610E-14
2.704E+02  2.304E-24  1.653E-14
2.679E+02  2.387E-24  1.696E-14
2.655E+02  2.472E-24  1.741E-14
2.630E+02  2.560E-24  1.786E-14
2.606E+02  2.651E-24  1.833E-14
2.582E+02  2.745E-24  1.881E-14
2.559E+02  2.842E-24  1.929E-14
2.535E+02  2.942E-24  1.978E-14
2.512E+02  3.044E-24  2.028E-14
2.489E+02  3.147E-24  2.078E-14
2.466E+02  3.253E-24  2.128E-14
2.443E+02  3.360E-24  2.178E-14
2.421E+02  3.470E-24  2.229E-14
2.399E+02  3.583E-24  2.280E-14
2.377E+02  3.697E-24  2.331E-14
2.355E+02  3.815E-24  2.383E-14
2.333E+02  3.935E-24  2.436E-14
2.312E+02  4.059E-24  2.489E-14
2.291E+02  4.186E-24  2.543E-14
2.270E+02  4.316E-24  2.599E-14
2.249E+02  4.450E-24  2.655E-14
2.228E+02  4.587E-24  2.711E-14
2.208E+02  4.728E-24  2.769E-14
2.188E+02  4.873E-24  2.828E-14
2.168E+02  5.021E-24  2.887E-14
2.148E+02  5.173E-24  2.947E-14
2.128E+02  5.329E-24  3.009E-14
2.109E+02  5.489E-24  3.070E-14
2.089E+02  5.653E-24  3.133E-14
2.070E+02  5.821E-24  3.196E-14
2.051E+02  5.993E-24  3.261E-14
2.032E+02  6.169E-24  3.326E-14
2.014E+02  6.349E-24  3.391E-14
1.995E+02  6.534E-24  3.458E-14
1.977E+02  6.723E-24  3.526E-14
1.959E+02  6.916E-24  3.594E-14
1.941E+02  7.114E-24  3.662E-14
1.923E+02  7.316E-24  3.732E-14
1.905E+02  7.524E-24  3.803E-14
1.888E+02  7.736E-24  3.874E-14
1.871E+02  7.953E-24  3.946E-14
1.854E+02  8.174E-24  4.019E-14
1.837E+02  8.401E-24  4.093E-14
1.820E+02  8.634E-24  4.167E-14
1.803E+02  8.870E-24  4.242E-14
1.786E+02  9.113E-24  4.318E-14
1.770E+02  9.361E-24  4.395E-14
1.754E+02  9.615E-24  4.473E-14
1.738E+02  9.875E-24  4.552E-14
1.722E+02  1.014E-23  4.631E-14
1.706E+02  1.041E-23  4.712E-14
1.690E+02  1.069E-23  4.793E-14
1.675E+02  1.097E-23  4.876E-14
1.660E+02  1.127E-23  4.959E-14
1.644E+02  1.156E-23  5.044E-14
1.629E+02  1.187E-23  5.130E-14
1.614E+02  1.218E-23  5.217E-14
1.600E+02  1.250E-23  5.305E-14
1.585E+02  1.283E-23  5.395E-14
1.570E+02  1.317E-23  5.487E-14
1.556E+02  1.352E-23  5.580E-14
1.542E+02  1.388E-23  5.675E-14
1.528E+02  1.424E-23  5.772E-14
1.514E+02  1.462E-23  5.871E-14
1.500E+02  1.501E-23  5.971E-14
1.486E+02  1.541E-23  6.072E-14
1.472E+02  1.581E-23  6.175E-14
1.459E+02  1.622E-23  6.277E-14
1.445E+02  1.664E-23  6.379E-14
1.432E+02  1.705E-23  6.477E-14
1.419E+02  1.745E-23  6.570E-14
1.406E+02  1.785E-23  6.656E-14
1.393E+02  1.822E-23  6.732E-14
1.380E+02  1.857E-23  6.798E-14
1.368E+02  1.889E-23  6.855E-14
1.355E+02  1.920E-23  6.902E-14
1.343E+02  1.950E-23  6.944E-14
1.330E+02  1.978E-23  6.981E-14
1.318E+02  2.007E-23  7.017E-14
1.306E+02  2.035E-23  7.052E-14
1.294E+02  2.065E-23  7.088E-14
1.282E+02  2.094E-23  7.124E-14
1.271E+02  2.125E-23  7.160E-14
1.259E+02  2.156E-23  7.199E-14
1.247E+02  2.187E-23  7.238E-14
1.236E+02  2.220E-23  7.278E-14
1.225E+02  2.253E-23  7.320E-14
1.213E+02  2.287E-23  7.362E-14
1.202E+02  2.322E-23  7.405E-14
1.191E+02  2.357E-23  7.448E-14
1.180E+02  2.393E-23  7.491E-14
1.169E+02  2.429E-23  7.534E-14
1.159E+02  2.465E-23  7.576E-14
1.148E+02  2.501E-23  7.618E-14
1.138E+02  2.539E-23  7.661E-14
1.127E+02  2.576E-23  7.702E-14
1.117E+02  2.614E-23  7.744E-14
1.107E+02  2.652E-23  7.786E-14
1.096E+02  2.691E-23  7.827E-14
1.086E+02  2.730E-23  7.867E-14
1.076E+02  2.769E-23  7.907E-14
1.067E+02  2.808E-23  7.945E-14
1.057E+02  2.848E-23  7.983E-14
1.047E+02  2.887E-23  8.019E-14
1.038E+02  2.927E-23  8.055E-14
1.028E+02  2.966E-23  8.089E-14
1.019E+02  3.005E-23  8.120E-14
1.009E+02  3.045E-23  8.151E-14
1.000E+02  3.084E-23  8.181E-14
9.908E+01  3.123E-23  8.207E-14
9.817E+01  3.162E-23  8.234E-14
9.727E+01  3.200E-23  8.258E-14
9.638E+01  3.239E-23  8.281E-14
9.550E+01  3.277E-23  8.302E-14
9.462E+01  3.315E-23  8.321E-14
9.376E+01  3.353E-23  8.339E-14
9.290E+01  3.390E-23  8.355E-14
9.204E+01  3.428E-23  8.369E-14
9.120E+01  3.464E-23  8.380E-14
9.036E+01  3.500E-23  8.391E-14
8.954E+01  3.536E-23  8.399E-14
8.872E+01  3.572E-23  8.406E-14
8.790E+01  3.607E-23  8.411E-14
8.710E+01  3.642E-23  8.414E-14
8.630E+01  3.676E-23  8.416E-14
8.551E+01  3.710E-23  8.416E-14
8.472E+01  3.743E-23  8.412E-14
8.395E+01  3.776E-23  8.408E-14
8.318E+01  3.808E-23  8.402E-14
8.241E+01  3.840E-23  8.394E-14
8.166E+01  3.871E-23  8.385E-14
8.091E+01  3.902E-23  8.375E-14
8.017E+01  3.932E-23  8.362E-14
7.943E+01  3.962E-23  8.347E-14
7.870E+01  3.990E-23  8.331E-14
7.798E+01  4.018E-23  8.312E-14
7.727E+01  4.046E-23  8.292E-14
7.656E+01  4.072E-23  8.270E-14
7.586E+01  4.098E-23  8.246E-14
7.516E+01  4.123E-23  8.220E-14
7.447E+01  4.147E-23  8.192E-14
7.379E+01  4.170E-23  8.161E-14
7.311E+01  4.192E-23  8.130E-14
7.244E+01  4.213E-23  8.095E-14
7.178E+01  4.233E-23  8.060E-14
7.112E+01  4.253E-23  8.023E-14
7.047E+01  4.272E-23  7.986E-14
6.982E+01  4.291E-23  7.947E-14
6.918E+01  4.309E-23  7.907E-14
6.855E+01  4.325E-23  7.864E-14
6.792E+01  4.341E-23  7.820E-14
6.730E+01  4.355E-23  7.775E-14
6.668E+01  4.369E-23  7.728E-14
6.607E+01  4.382E-23  7.680E-14
6.546E+01  4.394E-23  7.630E-14
6.486E+01  4.405E-23  7.580E-14
6.427E+01  4.416E-23  7.528E-14
6.368E+01  4.425E-23  7.475E-14
6.310E+01  4.434E-23  7.420E-14
6.252E+01  4.442E-23  7.366E-14
6.194E+01  4.449E-23  7.310E-14
6.138E+01  4.455E-23  7.253E-14
6.081E+01  4.460E-23  7.195E-14
6.026E+01  4.465E-23  7.136E-14
5.970E+01  4.468E-23  7.076E-14
5.916E+01  4.471E-23  7.015E-14
5.861E+01  4.472E-23  6.953E-14
5.808E+01  4.473E-23  6.891E-14
5.754E+01  4.473E-23  6.828E-14
5.702E+01  4.472E-23  6.764E-14
5.649E+01  4.471E-23  6.700E-14
5.598E+01  4.469E-23  6.635E-14
5.546E+01  4.466E-23  6.570E-14
5.495E+01  4.462E-23  6.505E-14
5.445E+01  4.458E-23  6.439E-14
5.395E+01  4.453E-23  6.373E-14
5.346E+01  4.448E-23  6.307E-14
5.297E+01  4.441E-23  6.240E-14
5.248E+01  4.434E-23  6.173E-14
5.200E+01  4.427E-23  6.106E-14
5.152E+01  4.418E-23  6.038E-14
5.105E+01  4.409E-23  5.970E-14
5.058E+01  4.399E-23  5.903E-14
5.012E+01  4.389E-23  5.834E-14
4.966E+01  4.377E-23  5.766E-14
4.920E+01  4.366E-23  5.698E-14
4.875E+01  4.353E-23  5.630E-14
4.831E+01  4.340E-23  5.562E-14
4.786E+01  4.327E-23  5.494E-14
4.742E+01  4.313E-23  5.426E-14
4.699E+01  4.298E-23  5.358E-14
4.656E+01  4.283E-23  5.290E-14
4.613E+01  4.267E-23  5.222E-14
4.571E+01  4.251E-23  5.154E-14
4.529E+01  4.233E-23  5.086E-14
4.487E+01  4.216E-23  5.018E-14
4.446E+01  4.197E-23  4.950E-14
4.406E+01  4.177E-23  4.882E-14
4.365E+01  4.157E-23  4.814E-14
4.325E+01  4.136E-23  4.745E-14
4.285E+01  4.114E-23  4.676E-14
4.246E+01  4.090E-23  4.607E-14
4.207E+01  4.066E-23  4.537E-14
4.169E+01  4.040E-23  4.468E-14
4.130E+01  4.013E-23  4.397E-14
4.093E+01  3.985E-23  4.326E-14
4.055E+01  3.954E-23  4.254E-14
4.018E+01  3.923E-23  4.181E-14
3.981E+01  3.889E-23  4.107E-14
3.945E+01  3.854E-23  4.032E-14
3.908E+01  3.816E-23  3.957E-14
3.873E+01  3.777E-23  3.880E-14
3.837E+01  3.735E-23  3.802E-14
3.802E+01  3.691E-23  3.722E-14
3.767E+01  3.644E-23  3.641E-14
3.733E+01  3.595E-23  3.559E-14
3.698E+01  3.542E-23  3.475E-14
3.664E+01  3.488E-23  3.390E-14
3.631E+01  3.430E-23  3.304E-14
3.597E+01  3.370E-23  3.216E-14
3.565E+01  3.307E-23  3.127E-14
3.532E+01  3.241E-23  3.037E-14
3.499E+01  3.173E-23  2.945E-14
3.467E+01  3.102E-23  2.853E-14
3.436E+01  3.029E-23  2.760E-14
3.404E+01  2.953E-23  2.666E-14
3.373E+01  2.875E-23  2.572E-14
3.342E+01  2.796E-23  2.479E-14
3.311E+01  2.715E-23  2.385E-14
3.281E+01  2.633E-23  2.291E-14
3.251E+01  2.550E-23  2.199E-14
3.221E+01  2.466E-23  2.107E-14
3.192E+01  2.382E-23  2.016E-14
3.162E+01  2.297E-23  1.927E-14
3.133E+01  2.214E-23  1.840E-14
3.105E+01  2.131E-23  1.755E-14
3.076E+01  2.049E-23  1.672E-14
3.048E+01  1.969E-23  1.592E-14
3.020E+01  1.890E-23  1.514E-14
2.992E+01  1.814E-23  1.440E-14
2.965E+01  1.739E-23  1.368E-14
2.938E+01  1.667E-23  1.299E-14
2.911E+01  1.598E-23  1.234E-14
2.884E+01  1.531E-23  1.172E-14
2.858E+01  1.468E-23  1.113E-14
2.831E+01  1.407E-23  1.057E-14
2.805E+01  1.350E-23  1.004E-14
2.780E+01  1.295E-23  9.550E-15
2.754E+01  1.244E-23  9.087E-15
2.729E+01  1.195E-23  8.651E-15
2.704E+01  1.150E-23  8.245E-15
2.679E+01  1.107E-23  7.867E-15
2.655E+01  1.067E-23  7.513E-15
2.630E+01  1.030E-23  7.185E-15
2.606E+01  9.950E-24  6.878E-15
2.582E+01  9.629E-24  6.595E-15
2.559E+01  9.331E-24  6.333E-15
2.535E+01  9.056E-24  6.090E-15
2.512E+01  8.803E-24  5.865E-15
2.489E+01  8.568E-24  5.657E-15
2.466E+01  8.353E-24  5.464E-15
2.443E+01  8.155E-24  5.286E-15
2.421E+01  7.975E-24  5.122E-15
2.399E+01  7.810E-24  4.970E-15
2.377E+01  7.660E-24  4.829E-15
2.355E+01  7.525E-24  4.701E-15
2.333E+01  7.403E-24  4.582E-15
2.312E+01  7.293E-24  4.473E-15
2.291E+01  7.194E-24  4.371E-15
2.270E+01  7.107E-24  4.279E-15
2.249E+01  7.033E-24  4.196E-15
2.228E+01  6.968E-24  4.119E-15
2.208E+01  6.911E-24  4.048E-15
2.188E+01  6.861E-24  3.981E-15
2.168E+01  6.818E-24  3.920E-15
2.148E+01  6.784E-24  3.865E-15
2.128E+01  6.756E-24  3.814E-15
2.109E+01  6.737E-24  3.768E-15
2.089E+01  6.724E-24  3.726E-15
2.070E+01  6.716E-24  3.688E-15
2.051E+01  6.714E-24  3.653E-15
2.032E+01  6.720E-24  3.623E-15
2.014E+01  6.733E-24  3.596E-15
1.995E+01  6.752E-24  3.574E-15
1.977E+01  6.779E-24  3.555E-15
1.959E+01  6.810E-24  3.538E-15
1.941E+01  6.851E-24  3.527E-15
1.923E+01  6.900E-24  3.520E-15
1.905E+01  6.962E-24  3.519E-15
1.888E+01  7.039E-24  3.525E-15
1.871E+01  7.140E-24  3.543E-15
1.854E+01  7.273E-24  3.576E-15
1.837E+01  7.459E-24  3.634E-15
1.820E+01  7.751E-24  3.741E-15
1.803E+01  8.325E-24  3.982E-15
1.786E+01  9.265E-24  4.390E-15
1.770E+01  9.290E-24  4.362E-15
1.754E+01  1.020E-23  4.748E-15
1.738E+01  1.271E-23  5.857E-15
1.722E+01  1.176E-23  5.370E-15
1.706E+01  1.169E-23  5.289E-15
1.690E+01  1.136E-23  5.095E-15
1.675E+01  1.084E-23  4.814E-15
1.660E+01  1.119E-23  4.926E-15
1.644E+01  1.358E-23  5.924E-15
1.629E+01  9.925E-24  4.290E-15
1.614E+01  8.710E-24  3.730E-15
1.600E+01  9.026E-24  3.830E-15
1.585E+01  9.019E-24  3.792E-15
1.570E+01  7.680E-24  3.199E-15
1.556E+01  7.047E-24  2.909E-15
1.542E+01  6.743E-24  2.758E-15
1.528E+01  6.560E-24  2.658E-15
1.514E+01  6.435E-24  2.583E-15
1.500E+01  6.346E-24  2.525E-15
1.486E+01  6.286E-24  2.478E-15
1.472E+01  6.262E-24  2.446E-15
1.459E+01  6.294E-24  2.435E-15
1.445E+01  6.443E-24  2.470E-15
1.432E+01  6.854E-24  2.604E-15
1.419E+01  7.306E-24  2.750E-15
1.406E+01  6.875E-24  2.564E-15
1.393E+01  6.548E-24  2.420E-15
1.380E+01  6.648E-24  2.434E-15
1.368E+01  7.307E-24  2.651E-15
1.355E+01  7.583E-24  2.726E-15
1.343E+01  7.021E-24  2.501E-15
1.330E+01  7.047E-24  2.487E-15
1.318E+01  7.479E-24  2.615E-15
1.306E+01  8.325E-24  2.884E-15
1.294E+01  9.785E-24  3.359E-15
1.282E+01  1.213E-23  4.125E-15
1.271E+01  1.504E-23  5.068E-15
1.259E+01  1.630E-23  5.444E-15
1.247E+01  1.464E-23  4.845E-15
1.236E+01  1.259E-23  4.129E-15
1.225E+01  1.175E-23  3.816E-15
1.213E+01  1.200E-23  3.862E-15
1.202E+01  1.245E-23  3.969E-15
1.191E+01  1.201E-23  3.797E-15
1.180E+01  1.106E-23  3.463E-15
1.169E+01  1.076E-23  3.338E-15
1.159E+01  1.198E-23  3.682E-15
1.148E+01  1.606E-23  4.891E-15
1.138E+01  2.467E-23  7.443E-15
1.127E+01  3.442E-23  1.029E-14
1.117E+01  2.349E-23  6.960E-15
1.107E+01  1.239E-23  3.638E-15
1.096E+01  8.446E-24  2.456E-15
1.086E+01  6.583E-24  1.897E-15
1.076E+01  5.562E-24  1.588E-15
1.067E+01  4.943E-24  1.398E-15
1.057E+01  4.539E-24  1.273E-15
1.047E+01  4.263E-24  1.184E-15
1.038E+01  4.067E-24  1.119E-15
1.028E+01  3.924E-24  1.070E-15
1.019E+01  3.820E-24  1.032E-15
1.009E+01  3.748E-24  1.003E-15
1.000E+01  3.702E-24  9.821E-16
9.908E+00  3.681E-24  9.674E-16
9.817E+00  3.682E-24  9.588E-16
9.727E+00  3.706E-24  9.562E-16
9.638E+00  3.754E-24  9.596E-16
9.550E+00  3.826E-24  9.693E-16
9.462E+00  3.928E-24  9.859E-16
9.376E+00  4.066E-24  1.011E-15
9.290E+00  4.252E-24  1.048E-15
9.204E+00  4.505E-24  1.100E-15
9.120E+00  4.859E-24  1.175E-15
9.036E+00  5.370E-24  1.287E-15
8.954E+00  6.143E-24  1.459E-15
8.872E+00  7.368E-24  1.734E-15
8.790E+00  9.380E-24  2.187E-15
8.710E+00  1.246E-23  2.878E-15
8.630E+00  1.533E-23  3.510E-15
8.551E+00  1.498E-23  3.398E-15
8.472E+00  1.298E-23  2.918E-15
8.395E+00  1.196E-23  2.663E-15
8.318E+00  1.189E-23  2.624E-15
8.241E+00  1.241E-23  2.713E-15
8.166E+00  1.373E-23  2.974E-15
8.091E+00  1.625E-23  3.488E-15
8.017E+00  2.030E-23  4.316E-15
7.943E+00  2.565E-23  5.405E-15
7.870E+00  3.054E-23  6.376E-15
7.798E+00  3.286E-23  6.798E-15
7.727E+00  3.422E-23  7.014E-15
7.656E+00  3.662E-23  7.437E-15
7.586E+00  3.619E-23  7.283E-15
7.516E+00  2.991E-23  5.964E-15
7.447E+00  2.268E-23  4.480E-15
7.379E+00  1.746E-23  3.418E-15
7.311E+00  1.399E-23  2.713E-15
7.244E+00  1.158E-23  2.226E-15
7.178E+00  9.843E-24  1.874E-15
7.112E+00  8.558E-24  1.614E-15
7.047E+00  7.626E-24  1.425E-15
6.982E+00  6.993E-24  1.295E-15
6.918E+00  6.629E-24  1.216E-15
6.855E+00  6.503E-24  1.183E-15
6.792E+00  6.548E-24  1.180E-15
6.730E+00  6.616E-24  1.181E-15
6.668E+00  6.538E-24  1.156E-15
6.607E+00  6.317E-24  1.107E-15
6.546E+00  6.179E-24  1.073E-15
6.486E+00  6.419E-24  1.104E-15
6.427E+00  7.408E-24  1.263E-15
6.368E+00  9.889E-24  1.670E-15
6.310E+00  1.555E-23  2.603E-15
6.252E+00  2.531E-23  4.198E-15
6.194E+00  2.580E-23  4.239E-15
6.138E+00  1.549E-23  2.523E-15
6.081E+00  9.083E-24  1.465E-15
6.026E+00  6.096E-24  9.743E-16
5.970E+00  4.670E-24  7.396E-16
5.916E+00  4.026E-24  6.317E-16
5.861E+00  3.899E-24  6.062E-16
5.808E+00  4.260E-24  6.562E-16
5.754E+00  5.053E-24  7.712E-16
5.702E+00  5.516E-24  8.342E-16
5.649E+00  4.703E-24  7.048E-16
5.598E+00  3.505E-24  5.204E-16
5.546E+00  2.675E-24  3.935E-16
5.495E+00  2.191E-24  3.193E-16
5.445E+00  1.929E-24  2.786E-16
5.395E+00  1.834E-24  2.624E-16
5.346E+00  1.924E-24  2.728E-16
5.297E+00  2.267E-24  3.185E-16
5.248E+00  2.519E-24  3.506E-16
5.200E+00  2.038E-24  2.811E-16
5.152E+00  1.537E-24  2.101E-16
5.105E+00  1.263E-24  1.710E-16
5.058E+00  1.109E-24  1.489E-16
5.012E+00  1.014E-24  1.348E-16
4.966E+00  9.472E-25  1.248E-16
4.920E+00  8.976E-25  1.171E-16
4.875E+00  8.585E-25  1.110E-16
4.831E+00  8.265E-25  1.059E-16
4.786E+00  7.995E-25  1.015E-16
4.742E+00  7.764E-25  9.767E-17
4.699E+00  7.563E-25  9.427E-17
4.656E+00  7.385E-25  9.120E-17
4.613E+00  7.226E-25  8.843E-17
4.571E+00  7.084E-25  8.589E-17
4.529E+00  6.955E-25  8.355E-17
4.487E+00  6.838E-25  8.140E-17
4.446E+00  6.732E-25  7.940E-17
4.406E+00  6.635E-25  7.753E-17
4.365E+00  6.546E-25  7.580E-17
4.325E+00  6.465E-25  7.417E-17
4.285E+00  6.391E-25  7.265E-17
4.246E+00  6.323E-25  7.122E-17
4.207E+00  6.262E-25  6.988E-17
4.169E+00  6.206E-25  6.862E-17
4.130E+00  6.156E-25  6.745E-17
4.093E+00  6.111E-25  6.634E-17
4.055E+00  6.072E-25  6.532E-17
4.018E+00  6.039E-25  6.437E-17
3.981E+00  6.013E-25  6.350E-17
3.945E+00  5.993E-25  6.271E-17
3.908E+00  5.982E-25  6.201E-17
3.873E+00  5.979E-25  6.142E-17
3.837E+00  5.987E-25  6.093E-17
3.802E+00  6.007E-25  6.058E-17
3.767E+00  6.043E-25  6.039E-17
3.733E+00  6.099E-25  6.039E-17
3.698E+00  6.181E-25  6.063E-17
3.664E+00  6.296E-25  6.120E-17
3.631E+00  6.459E-25  6.220E-17
3.597E+00  6.688E-25  6.382E-17
3.565E+00  7.017E-25  6.635E-17
3.532E+00  7.501E-25  7.028E-17
3.499E+00  8.241E-25  7.650E-17
3.467E+00  9.437E-25  8.680E-17
3.436E+00  1.153E-24  1.051E-16
3.404E+00  1.567E-24  1.415E-16
3.373E+00  2.554E-24  2.285E-16
3.342E+00  5.825E-24  5.164E-16
3.311E+00  2.205E-23  1.937E-15
3.281E+00  1.506E-23  1.310E-15
3.251E+00  4.297E-24  3.705E-16
3.221E+00  2.049E-24  1.751E-16
3.192E+00  1.306E-24  1.106E-16
3.162E+00  9.774E-25  8.199E-17
3.133E+00  8.046E-25  6.687E-17
3.105E+00  7.024E-25  5.784E-17
3.076E+00  6.367E-25  5.195E-17
3.048E+00  5.916E-25  4.783E-17
3.020E+00  5.592E-25  4.479E-17
2.992E+00  5.347E-25  4.244E-17
2.965E+00  5.156E-25  4.055E-17
2.938E+00  5.003E-25  3.899E-17
2.911E+00  4.876E-25  3.765E-17
2.884E+00  4.769E-25  3.649E-17
2.858E+00  4.677E-25  3.545E-17
2.831E+00  4.596E-25  3.452E-17
2.805E+00  4.523E-25  3.366E-17
2.780E+00  4.457E-25  3.286E-17
2.754E+00  4.396E-25  3.212E-17
2.729E+00  4.340E-25  3.142E-17
2.704E+00  4.287E-25  3.075E-17
2.679E+00  4.237E-25  3.011E-17
2.655E+00  4.189E-25  2.950E-17
2.630E+00  4.143E-25  2.891E-17
2.606E+00  4.099E-25  2.834E-17
2.582E+00  4.056E-25  2.778E-17
2.559E+00  4.014E-25  2.724E-17
2.535E+00  3.972E-25  2.671E-17
2.512E+00  3.932E-25  2.620E-17
2.489E+00  3.892E-25  2.569E-17
2.466E+00  3.851E-25  2.519E-17
2.443E+00  3.811E-25  2.470E-17
2.421E+00  3.772E-25  2.422E-17
2.399E+00  3.733E-25  2.375E-17
2.377E+00  3.694E-25  2.329E-17
2.355E+00  3.656E-25  2.284E-17
2.333E+00  3.618E-25  2.239E-17
2.312E+00  3.580E-25  2.195E-17
2.291E+00  3.542E-25  2.152E-17
2.270E+00  3.503E-25  2.109E-17
2.249E+00  3.465E-25  2.067E-17
2.228E+00  3.426E-25  2.025E-17
2.208E+00  3.386E-25  1.983E-17
2.188E+00  3.346E-25  1.942E-17
2.168E+00  3.305E-25  1.900E-17
2.148E+00  3.262E-25  1.858E-17
2.128E+00  3.217E-25  1.816E-17
2.109E+00  3.170E-25  1.773E-17
2.089E+00  3.120E-25  1.729E-17
2.070E+00  3.067E-25  1.684E-17
2.051E+00  3.008E-25  1.637E-17
2.032E+00  2.943E-25  1.587E-17
2.014E+00  2.871E-25  1.534E-17
1.995E+00  2.790E-25  1.477E-17
1.977E+00  2.701E-25  1.416E-17
1.959E+00  2.605E-25  1.353E-17
1.941E+00  2.512E-25  1.293E-17
1.923E+00  2.439E-25  1.244E-17
1.905E+00  2.404E-25  1.215E-17
1.888E+00  2.412E-25  1.208E-17
1.871E+00  2.450E-25  1.216E-17
1.854E+00  2.499E-25  1.229E-17
1.837E+00  2.542E-25  1.238E-17
1.820E+00  2.573E-25  1.242E-17
1.803E+00  2.592E-25  1.240E-17
1.786E+00  2.600E-25  1.232E-17
1.770E+00  2.600E-25  1.221E-17
1.754E+00  2.595E-25  1.207E-17
1.738E+00  2.584E-25  1.191E-17
1.722E+00  2.571E-25  1.174E-17
1.706E+00  2.555E-25  1.156E-17
1.690E+00  2.538E-25  1.138E-17
1.675E+00  2.520E-25  1.120E-17
1.660E+00  2.502E-25  1.101E-17
1.644E+00  2.483E-25  1.083E-17
1.629E+00  2.464E-25  1.065E-17
1.614E+00  2.446E-25  1.048E-17
1.600E+00  2.429E-25  1.031E-17
1.585E+00  2.412E-25  1.014E-17
1.570E+00  2.397E-25  9.986E-18
1.556E+00  2.384E-25  9.838E-18
1.542E+00  2.372E-25  9.700E-18
1.528E+00  2.363E-25  9.573E-18
1.514E+00  2.356E-25  9.458E-18
1.500E+00  2.352E-25  9.357E-18
1.486E+00  2.352E-25  9.271E-18
1.472E+00  2.356E-25  9.202E-18
1.459E+00  2.365E-25  9.153E-18
1.445E+00  2.381E-25  9.128E-18
1.432E+00  2.403E-25  9.129E-18
1.419E+00  2.434E-25  9.161E-18
1.406E+00  2.475E-25  9.230E-18
1.393E+00  2.528E-25  9.342E-18
1.380E+00  2.596E-25  9.506E-18
1.368E+00  2.682E-25  9.729E-18
1.355E+00  2.787E-25  1.002E-17
1.343E+00  2.916E-25  1.039E-17
1.330E+00  3.069E-25  1.083E-17
1.318E+00  3.244E-25  1.134E-17
1.306E+00  3.429E-25  1.188E-17
1.294E+00  3.604E-25  1.237E-17
1.282E+00  3.732E-25  1.270E-17
1.271E+00  3.770E-25  1.271E-17
1.259E+00  3.686E-25  1.231E-17
1.247E+00  3.484E-25  1.153E-17
1.236E+00  3.202E-25  1.050E-17
1.225E+00  2.893E-25  9.397E-18
1.213E+00  2.600E-25  8.369E-18
1.202E+00  2.348E-25  7.487E-18
1.191E+00  2.143E-25  6.770E-18
1.180E+00  1.984E-25  6.211E-18
1.169E+00  1.866E-25  5.790E-18
1.159E+00  1.786E-25  5.490E-18
1.148E+00  1.741E-25  5.301E-18
1.138E+00  1.729E-25  5.218E-18
1.127E+00  1.755E-25  5.248E-18
1.117E+00  1.827E-25  5.412E-18
1.107E+00  1.957E-25  5.745E-18
1.096E+00  2.171E-25  6.313E-18
1.086E+00  2.500E-25  7.205E-18
1.076E+00  2.980E-25  8.508E-18
1.067E+00  3.581E-25  1.013E-17
1.057E+00  4.062E-25  1.139E-17
1.047E+00  3.981E-25  1.106E-17
1.038E+00  3.300E-25  9.082E-18
1.028E+00  2.497E-25  6.810E-18
1.019E+00  1.875E-25  5.065E-18
1.009E+00  1.453E-25  3.890E-18
1.000E+00  1.174E-25  3.114E-18
