Dust emission from Draine & Li (2007): ApJ 657, 810-837
==========================================================
         7 = grain model
 4.000E-08 4.000E-01 4.500E-05 = a_01 (cm) , sigma_1 , b_C1/0.92
 2.000E-07 5.500E-01 1.500E-05 = a_02 (cm) , sigma_2 , b_C2/0.92
 3.000E+00 1.000E+06 2.000E+00 = Umin , Umax, beta (dN/dU propto U^{-beta})
 3.815E+01 = <U> 
     mmp83 = radfield
 1.735E-22 = power/H (erg s-1)
 band   nu*P_nu(band) j_nu(band)
 (um)   (erg s-1 H-1)(Jy cm2 sr-1 H-1)
1.270E+00  7.342E-25  2.473E-17 COBE-DIRBE
2.220E+00  9.844E-25  5.797E-17 COBE-DIRBE
3.530E+00  6.667E-24  6.243E-16 COBE-DIRBE
4.880E+00  3.860E-24  4.996E-16 COBE-DIRBE
1.229E+01  3.637E-23  1.186E-14 COBE-DIRBE
2.079E+01  4.892E-23  2.698E-14 COBE-DIRBE
5.599E+01  6.423E-23  9.540E-14 COBE-DIRBE
9.770E+01  3.479E-23  9.015E-14 COBE-DIRBE
1.479E+02  1.670E-23  6.552E-14 COBE-DIRBE
2.479E+02  3.830E-24  2.518E-14 COBE-DIRBE
1.200E+01  3.792E-23  1.207E-14 IRAS
2.500E+01  5.676E-23  3.764E-14 IRAS
6.000E+01  6.154E-23  9.795E-14 IRAS
1.000E+02  3.347E-23  8.877E-14 IRAS
3.550E+00  7.731E-24  7.280E-16 SST-IRAC
4.493E+00  2.742E-24  3.268E-16 SST-IRAC
5.731E+00  1.990E-23  3.025E-15 SST-IRAC
7.872E+00  4.980E-23  1.040E-14 SST-IRAC
2.368E+01  5.324E-23  3.344E-14 SST-MIPS
7.142E+01  4.653E-23  8.815E-14 SST-MIPS
1.559E+02  1.361E-23  5.628E-14 SST-MIPS
1.600E+01  3.671E-23  1.558E-14 SST-IRSPU
2.200E+01  5.309E-23  3.098E-14 SST-IRSPU
7.500E+01  4.027E-23  8.012E-14 Herschel-PACS
1.100E+02  2.391E-23  6.975E-14 Herschel-PACS
1.700E+02  1.035E-23  4.667E-14 Herschel-PACS
2.500E+02  3.180E-24  2.109E-14 Herschel-SPIRE
3.600E+02  7.890E-25  7.535E-15 Herschel-SPIRE
5.200E+02  1.796E-25  2.478E-15 Herschel-SPIRE
2.400E+00  1.123E-24  7.151E-17 Akari IRC NIR N2
3.200E+00  5.102E-24  4.330E-16 Akari IRC NIR N3
4.100E+00  2.887E-24  3.140E-16 Akari IRC NIR N4
7.000E+00  5.494E-23  1.020E-14 Akari IRC MIR-S S7
9.000E+00  4.198E-23  1.002E-14 Akari IRC MIR-S S9W
1.100E+01  3.508E-23  1.024E-14 Akari IRC MIR-S S11
1.500E+01  3.879E-23  1.544E-14 Akari IRC MIR-L L15
1.800E+01  4.493E-23  2.145E-14 Akari IRC MIR-L L18W
2.400E+01  5.302E-23  3.375E-14 Akari IRC MIR-L L24
6.500E+01  5.472E-23  9.435E-14 Akari FIS N60
8.000E+01  4.132E-23  8.768E-14 Akari FIS WIDE-S
1.400E+02  1.661E-23  6.169E-14 Akari FIS WIDE-L
1.600E+02  1.269E-23  5.385E-14 Akari FIS N160
 
 
 
 


lambda    nu*dP/dnu     j_nu
 (um)   (erg s-1 H-1)(Jy cm2 sr-1 H-1)
1.000E+04  7.879E-31  2.090E-19
9.908E+03  8.167E-31  2.147E-19
9.817E+03  8.466E-31  2.205E-19
9.727E+03  8.776E-31  2.264E-19
9.638E+03  9.097E-31  2.326E-19
9.550E+03  9.430E-31  2.389E-19
9.462E+03  9.775E-31  2.453E-19
9.376E+03  1.013E-30  2.520E-19
9.290E+03  1.050E-30  2.588E-19
9.204E+03  1.089E-30  2.658E-19
9.120E+03  1.129E-30  2.730E-19
9.036E+03  1.170E-30  2.804E-19
8.954E+03  1.213E-30  2.880E-19
8.872E+03  1.257E-30  2.957E-19
8.790E+03  1.303E-30  3.037E-19
8.710E+03  1.350E-30  3.119E-19
8.630E+03  1.399E-30  3.203E-19
8.551E+03  1.450E-30  3.289E-19
8.472E+03  1.503E-30  3.378E-19
8.395E+03  1.558E-30  3.470E-19
8.318E+03  1.615E-30  3.564E-19
8.241E+03  1.674E-30  3.660E-19
8.166E+03  1.736E-30  3.759E-19
8.091E+03  1.799E-30  3.861E-19
8.017E+03  1.865E-30  3.966E-19
7.943E+03  1.933E-30  4.074E-19
7.870E+03  2.004E-30  4.185E-19
7.798E+03  2.078E-30  4.299E-19
7.727E+03  2.154E-30  4.416E-19
7.656E+03  2.234E-30  4.536E-19
7.586E+03  2.316E-30  4.660E-19
7.516E+03  2.401E-30  4.787E-19
7.447E+03  2.490E-30  4.918E-19
7.379E+03  2.581E-30  5.052E-19
7.311E+03  2.676E-30  5.191E-19
7.244E+03  2.775E-30  5.333E-19
7.178E+03  2.878E-30  5.479E-19
7.112E+03  2.984E-30  5.630E-19
7.047E+03  3.094E-30  5.784E-19
6.982E+03  3.209E-30  5.943E-19
6.918E+03  3.327E-30  6.106E-19
6.855E+03  3.450E-30  6.274E-19
6.792E+03  3.578E-30  6.446E-19
6.730E+03  3.710E-30  6.624E-19
6.668E+03  3.848E-30  6.806E-19
6.607E+03  3.991E-30  6.994E-19
6.546E+03  4.139E-30  7.187E-19
6.486E+03  4.292E-30  7.385E-19
6.427E+03  4.452E-30  7.589E-19
6.368E+03  4.617E-30  7.799E-19
6.310E+03  4.789E-30  8.015E-19
6.252E+03  4.967E-30  8.237E-19
6.194E+03  5.152E-30  8.465E-19
6.138E+03  5.344E-30  8.700E-19
6.081E+03  5.543E-30  8.942E-19
6.026E+03  5.750E-30  9.191E-19
5.970E+03  5.965E-30  9.447E-19
5.916E+03  6.188E-30  9.710E-19
5.861E+03  6.419E-30  9.980E-19
5.808E+03  6.659E-30  1.026E-18
5.754E+03  6.909E-30  1.055E-18
5.702E+03  7.168E-30  1.084E-18
5.649E+03  7.436E-30  1.114E-18
5.598E+03  7.715E-30  1.146E-18
5.546E+03  8.005E-30  1.178E-18
5.495E+03  8.305E-30  1.211E-18
5.445E+03  8.617E-30  1.245E-18
5.395E+03  8.942E-30  1.280E-18
5.346E+03  9.278E-30  1.316E-18
5.297E+03  9.627E-30  1.353E-18
5.248E+03  9.990E-30  1.391E-18
5.200E+03  1.037E-29  1.430E-18
5.152E+03  1.076E-29  1.470E-18
5.105E+03  1.116E-29  1.512E-18
5.058E+03  1.158E-29  1.554E-18
5.012E+03  1.202E-29  1.598E-18
4.966E+03  1.248E-29  1.643E-18
4.920E+03  1.295E-29  1.690E-18
4.875E+03  1.344E-29  1.738E-18
4.831E+03  1.395E-29  1.787E-18
4.786E+03  1.447E-29  1.838E-18
4.742E+03  1.502E-29  1.890E-18
4.699E+03  1.559E-29  1.944E-18
4.656E+03  1.619E-29  1.999E-18
4.613E+03  1.680E-29  2.056E-18
4.571E+03  1.744E-29  2.114E-18
4.529E+03  1.810E-29  2.175E-18
4.487E+03  1.879E-29  2.237E-18
4.446E+03  1.951E-29  2.301E-18
4.406E+03  2.025E-29  2.366E-18
4.365E+03  2.102E-29  2.434E-18
4.325E+03  2.182E-29  2.504E-18
4.285E+03  2.266E-29  2.576E-18
4.246E+03  2.352E-29  2.650E-18
4.207E+03  2.442E-29  2.726E-18
4.169E+03  2.536E-29  2.804E-18
4.130E+03  2.633E-29  2.885E-18
4.093E+03  2.734E-29  2.968E-18
4.055E+03  2.839E-29  3.053E-18
4.018E+03  2.947E-29  3.141E-18
3.981E+03  3.061E-29  3.232E-18
3.945E+03  3.178E-29  3.325E-18
3.908E+03  3.300E-29  3.421E-18
3.873E+03  3.427E-29  3.520E-18
3.837E+03  3.558E-29  3.622E-18
3.802E+03  3.695E-29  3.726E-18
3.767E+03  3.837E-29  3.834E-18
3.733E+03  3.985E-29  3.946E-18
3.698E+03  4.139E-29  4.060E-18
3.664E+03  4.299E-29  4.178E-18
3.631E+03  4.465E-29  4.300E-18
3.597E+03  4.637E-29  4.425E-18
3.565E+03  4.816E-29  4.554E-18
3.532E+03  5.003E-29  4.687E-18
3.499E+03  5.197E-29  4.824E-18
3.467E+03  5.398E-29  4.965E-18
3.436E+03  5.607E-29  5.110E-18
3.404E+03  5.825E-29  5.260E-18
3.373E+03  6.051E-29  5.414E-18
3.342E+03  6.287E-29  5.573E-18
3.311E+03  6.531E-29  5.737E-18
3.281E+03  6.786E-29  5.905E-18
3.251E+03  7.050E-29  6.079E-18
3.221E+03  7.325E-29  6.258E-18
3.192E+03  7.610E-29  6.443E-18
3.162E+03  7.908E-29  6.633E-18
3.133E+03  8.217E-29  6.829E-18
3.105E+03  8.538E-29  7.031E-18
3.076E+03  8.872E-29  7.239E-18
3.048E+03  9.219E-29  7.453E-18
3.020E+03  9.580E-29  7.674E-18
2.992E+03  9.955E-29  7.902E-18
2.965E+03  1.034E-28  8.135E-18
2.938E+03  1.075E-28  8.376E-18
2.911E+03  1.117E-28  8.624E-18
2.884E+03  1.161E-28  8.880E-18
2.858E+03  1.206E-28  9.143E-18
2.831E+03  1.254E-28  9.415E-18
2.805E+03  1.303E-28  9.695E-18
2.780E+03  1.354E-28  9.984E-18
2.754E+03  1.407E-28  1.028E-17
2.729E+03  1.463E-28  1.059E-17
2.704E+03  1.520E-28  1.090E-17
2.679E+03  1.580E-28  1.123E-17
2.655E+03  1.642E-28  1.157E-17
2.630E+03  1.707E-28  1.191E-17
2.606E+03  1.775E-28  1.227E-17
2.582E+03  1.845E-28  1.264E-17
2.559E+03  1.918E-28  1.302E-17
2.535E+03  1.994E-28  1.341E-17
2.512E+03  2.073E-28  1.381E-17
2.489E+03  2.155E-28  1.423E-17
2.466E+03  2.240E-28  1.465E-17
2.443E+03  2.329E-28  1.510E-17
2.421E+03  2.421E-28  1.555E-17
2.399E+03  2.518E-28  1.602E-17
2.377E+03  2.618E-28  1.650E-17
2.355E+03  2.722E-28  1.700E-17
2.333E+03  2.830E-28  1.752E-17
2.312E+03  2.943E-28  1.805E-17
2.291E+03  3.060E-28  1.859E-17
2.270E+03  3.182E-28  1.916E-17
2.249E+03  3.309E-28  1.974E-17
2.228E+03  3.441E-28  2.034E-17
2.208E+03  3.578E-28  2.096E-17
2.188E+03  3.721E-28  2.159E-17
2.168E+03  3.870E-28  2.225E-17
2.148E+03  4.024E-28  2.293E-17
2.128E+03  4.185E-28  2.363E-17
2.109E+03  4.353E-28  2.434E-17
2.089E+03  4.527E-28  2.509E-17
2.070E+03  4.708E-28  2.585E-17
2.051E+03  4.897E-28  2.664E-17
2.032E+03  5.093E-28  2.746E-17
2.014E+03  5.297E-28  2.829E-17
1.995E+03  5.509E-28  2.916E-17
1.977E+03  5.730E-28  3.005E-17
1.959E+03  5.960E-28  3.097E-17
1.941E+03  6.199E-28  3.192E-17
1.923E+03  6.448E-28  3.289E-17
1.905E+03  6.707E-28  3.390E-17
1.888E+03  6.977E-28  3.494E-17
1.871E+03  7.257E-28  3.601E-17
1.854E+03  7.549E-28  3.711E-17
1.837E+03  7.852E-28  3.825E-17
1.820E+03  8.168E-28  3.943E-17
1.803E+03  8.497E-28  4.064E-17
1.786E+03  8.839E-28  4.189E-17
1.770E+03  9.195E-28  4.318E-17
1.754E+03  9.566E-28  4.450E-17
1.738E+03  9.951E-28  4.587E-17
1.722E+03  1.035E-27  4.728E-17
1.706E+03  1.077E-27  4.874E-17
1.690E+03  1.120E-27  5.024E-17
1.675E+03  1.166E-27  5.179E-17
1.660E+03  1.213E-27  5.338E-17
1.644E+03  1.262E-27  5.503E-17
1.629E+03  1.313E-27  5.673E-17
1.614E+03  1.366E-27  5.847E-17
1.600E+03  1.421E-27  6.028E-17
1.585E+03  1.478E-27  6.214E-17
1.570E+03  1.538E-27  6.405E-17
1.556E+03  1.600E-27  6.603E-17
1.542E+03  1.664E-27  6.807E-17
1.528E+03  1.732E-27  7.017E-17
1.514E+03  1.802E-27  7.233E-17
1.500E+03  1.874E-27  7.457E-17
1.486E+03  1.950E-27  7.687E-17
1.472E+03  2.029E-27  7.925E-17
1.459E+03  2.111E-27  8.170E-17
1.445E+03  2.197E-27  8.422E-17
1.432E+03  2.286E-27  8.683E-17
1.419E+03  2.378E-27  8.951E-17
1.406E+03  2.474E-27  9.228E-17
1.393E+03  2.574E-27  9.514E-17
1.380E+03  2.679E-27  9.808E-17
1.368E+03  2.787E-27  1.011E-16
1.355E+03  2.900E-27  1.042E-16
1.343E+03  3.017E-27  1.075E-16
1.330E+03  3.139E-27  1.108E-16
1.318E+03  3.266E-27  1.142E-16
1.306E+03  3.399E-27  1.178E-16
1.294E+03  3.536E-27  1.214E-16
1.282E+03  3.679E-27  1.251E-16
1.271E+03  3.828E-27  1.290E-16
1.259E+03  3.983E-27  1.330E-16
1.247E+03  4.144E-27  1.371E-16
1.236E+03  4.312E-27  1.414E-16
1.225E+03  4.486E-27  1.457E-16
1.213E+03  4.667E-27  1.502E-16
1.202E+03  4.856E-27  1.549E-16
1.191E+03  5.052E-27  1.596E-16
1.180E+03  5.256E-27  1.646E-16
1.169E+03  5.468E-27  1.696E-16
1.159E+03  5.689E-27  1.749E-16
1.148E+03  5.919E-27  1.803E-16
1.138E+03  6.158E-27  1.858E-16
1.127E+03  6.406E-27  1.915E-16
1.117E+03  6.665E-27  1.974E-16
1.107E+03  6.933E-27  2.035E-16
1.096E+03  7.213E-27  2.098E-16
1.086E+03  7.503E-27  2.162E-16
1.076E+03  7.806E-27  2.229E-16
1.067E+03  8.120E-27  2.297E-16
1.057E+03  8.447E-27  2.368E-16
1.047E+03  8.787E-27  2.441E-16
1.038E+03  9.140E-27  2.515E-16
1.028E+03  9.507E-27  2.593E-16
1.019E+03  9.889E-27  2.672E-16
1.009E+03  1.029E-26  2.754E-16
1.000E+03  1.070E-26  2.838E-16
9.908E+02  1.113E-26  2.925E-16
9.817E+02  1.158E-26  3.015E-16
9.727E+02  1.204E-26  3.107E-16
9.638E+02  1.252E-26  3.202E-16
9.550E+02  1.303E-26  3.300E-16
9.462E+02  1.355E-26  3.401E-16
9.376E+02  1.409E-26  3.505E-16
9.290E+02  1.466E-26  3.612E-16
9.204E+02  1.524E-26  3.722E-16
9.120E+02  1.585E-26  3.835E-16
9.036E+02  1.649E-26  3.952E-16
8.954E+02  1.714E-26  4.072E-16
8.872E+02  1.783E-26  4.196E-16
8.790E+02  1.854E-26  4.323E-16
8.710E+02  1.928E-26  4.454E-16
8.630E+02  2.005E-26  4.589E-16
8.551E+02  2.084E-26  4.727E-16
8.472E+02  2.167E-26  4.870E-16
8.395E+02  2.253E-26  5.017E-16
8.318E+02  2.343E-26  5.168E-16
8.241E+02  2.435E-26  5.324E-16
8.166E+02  2.532E-26  5.484E-16
8.091E+02  2.632E-26  5.649E-16
8.017E+02  2.736E-26  5.818E-16
7.943E+02  2.844E-26  5.992E-16
7.870E+02  2.956E-26  6.172E-16
7.798E+02  3.073E-26  6.356E-16
7.727E+02  3.194E-26  6.546E-16
7.656E+02  3.320E-26  6.742E-16
7.586E+02  3.450E-26  6.943E-16
7.516E+02  3.586E-26  7.150E-16
7.447E+02  3.727E-26  7.363E-16
7.379E+02  3.874E-26  7.583E-16
7.311E+02  4.026E-26  7.809E-16
7.244E+02  4.185E-26  8.041E-16
7.178E+02  4.349E-26  8.281E-16
7.112E+02  4.520E-26  8.528E-16
7.047E+02  4.698E-26  8.782E-16
6.982E+02  4.883E-26  9.043E-16
6.918E+02  5.074E-26  9.312E-16
6.855E+02  5.274E-26  9.589E-16
6.792E+02  5.481E-26  9.874E-16
6.730E+02  5.695E-26  1.017E-15
6.668E+02  5.918E-26  1.047E-15
6.607E+02  6.149E-26  1.078E-15
6.546E+02  6.390E-26  1.110E-15
6.486E+02  6.641E-26  1.143E-15
6.427E+02  6.902E-26  1.177E-15
6.368E+02  7.173E-26  1.212E-15
6.310E+02  7.454E-26  1.248E-15
6.252E+02  7.747E-26  1.285E-15
6.194E+02  8.050E-26  1.323E-15
6.138E+02  8.366E-26  1.362E-15
6.081E+02  8.694E-26  1.402E-15
6.026E+02  9.035E-26  1.444E-15
5.970E+02  9.389E-26  1.487E-15
5.916E+02  9.757E-26  1.531E-15
5.861E+02  1.014E-25  1.576E-15
5.808E+02  1.054E-25  1.623E-15
5.754E+02  1.095E-25  1.671E-15
5.702E+02  1.138E-25  1.721E-15
5.649E+02  1.182E-25  1.772E-15
5.598E+02  1.229E-25  1.824E-15
5.546E+02  1.277E-25  1.878E-15
5.495E+02  1.327E-25  1.934E-15
5.445E+02  1.378E-25  1.991E-15
5.395E+02  1.432E-25  2.050E-15
5.346E+02  1.488E-25  2.110E-15
5.297E+02  1.546E-25  2.173E-15
5.248E+02  1.607E-25  2.237E-15
5.200E+02  1.670E-25  2.303E-15
5.152E+02  1.735E-25  2.371E-15
5.105E+02  1.802E-25  2.441E-15
5.058E+02  1.873E-25  2.513E-15
5.012E+02  1.946E-25  2.587E-15
4.966E+02  2.021E-25  2.663E-15
4.920E+02  2.100E-25  2.741E-15
4.875E+02  2.182E-25  2.822E-15
4.831E+02  2.267E-25  2.904E-15
4.786E+02  2.355E-25  2.990E-15
4.742E+02  2.446E-25  3.077E-15
4.699E+02  2.541E-25  3.167E-15
4.656E+02  2.640E-25  3.260E-15
4.613E+02  2.742E-25  3.356E-15
4.571E+02  2.848E-25  3.454E-15
4.529E+02  2.959E-25  3.555E-15
4.487E+02  3.073E-25  3.658E-15
4.446E+02  3.192E-25  3.765E-15
4.406E+02  3.315E-25  3.874E-15
4.365E+02  3.443E-25  3.987E-15
4.325E+02  3.576E-25  4.103E-15
4.285E+02  3.714E-25  4.222E-15
4.246E+02  3.857E-25  4.345E-15
4.207E+02  4.006E-25  4.470E-15
4.169E+02  4.160E-25  4.600E-15
4.130E+02  4.320E-25  4.733E-15
4.093E+02  4.486E-25  4.870E-15
4.055E+02  4.658E-25  5.010E-15
4.018E+02  4.836E-25  5.155E-15
3.981E+02  5.022E-25  5.303E-15
3.945E+02  5.214E-25  5.456E-15
3.908E+02  5.414E-25  5.612E-15
3.873E+02  5.621E-25  5.774E-15
3.837E+02  5.835E-25  5.939E-15
3.802E+02  6.058E-25  6.109E-15
3.767E+02  6.289E-25  6.284E-15
3.733E+02  6.528E-25  6.464E-15
3.698E+02  6.777E-25  6.648E-15
3.664E+02  7.034E-25  6.837E-15
3.631E+02  7.301E-25  7.032E-15
3.597E+02  7.578E-25  7.231E-15
3.565E+02  7.865E-25  7.436E-15
3.532E+02  8.162E-25  7.646E-15
3.499E+02  8.470E-25  7.863E-15
3.467E+02  8.790E-25  8.084E-15
3.436E+02  9.121E-25  8.312E-15
3.404E+02  9.464E-25  8.545E-15
3.373E+02  9.819E-25  8.785E-15
3.342E+02  1.019E-24  9.031E-15
3.311E+02  1.057E-24  9.283E-15
3.281E+02  1.096E-24  9.542E-15
3.251E+02  1.137E-24  9.807E-15
3.221E+02  1.180E-24  1.008E-14
3.192E+02  1.224E-24  1.036E-14
3.162E+02  1.269E-24  1.064E-14
3.133E+02  1.316E-24  1.094E-14
3.105E+02  1.365E-24  1.124E-14
3.076E+02  1.415E-24  1.155E-14
3.048E+02  1.467E-24  1.186E-14
3.020E+02  1.521E-24  1.219E-14
2.992E+02  1.577E-24  1.252E-14
2.965E+02  1.635E-24  1.286E-14
2.938E+02  1.695E-24  1.321E-14
2.911E+02  1.757E-24  1.356E-14
2.884E+02  1.821E-24  1.393E-14
2.858E+02  1.887E-24  1.430E-14
2.831E+02  1.955E-24  1.469E-14
2.805E+02  2.026E-24  1.508E-14
2.780E+02  2.099E-24  1.548E-14
2.754E+02  2.175E-24  1.589E-14
2.729E+02  2.253E-24  1.631E-14
2.704E+02  2.334E-24  1.674E-14
2.679E+02  2.418E-24  1.719E-14
2.655E+02  2.505E-24  1.764E-14
2.630E+02  2.595E-24  1.810E-14
2.606E+02  2.687E-24  1.858E-14
2.582E+02  2.783E-24  1.906E-14
2.559E+02  2.881E-24  1.956E-14
2.535E+02  2.982E-24  2.006E-14
2.512E+02  3.086E-24  2.057E-14
2.489E+02  3.192E-24  2.107E-14
2.466E+02  3.299E-24  2.158E-14
2.443E+02  3.409E-24  2.209E-14
2.421E+02  3.521E-24  2.261E-14
2.399E+02  3.636E-24  2.313E-14
2.377E+02  3.752E-24  2.365E-14
2.355E+02  3.871E-24  2.418E-14
2.333E+02  3.994E-24  2.472E-14
2.312E+02  4.120E-24  2.527E-14
2.291E+02  4.249E-24  2.582E-14
2.270E+02  4.382E-24  2.638E-14
2.249E+02  4.519E-24  2.696E-14
2.228E+02  4.659E-24  2.754E-14
2.208E+02  4.803E-24  2.813E-14
2.188E+02  4.950E-24  2.873E-14
2.168E+02  5.102E-24  2.933E-14
2.148E+02  5.257E-24  2.995E-14
2.128E+02  5.416E-24  3.058E-14
2.109E+02  5.580E-24  3.121E-14
2.089E+02  5.747E-24  3.185E-14
2.070E+02  5.919E-24  3.250E-14
2.051E+02  6.094E-24  3.316E-14
2.032E+02  6.274E-24  3.382E-14
2.014E+02  6.459E-24  3.450E-14
1.995E+02  6.648E-24  3.518E-14
1.977E+02  6.841E-24  3.588E-14
1.959E+02  7.039E-24  3.658E-14
1.941E+02  7.242E-24  3.728E-14
1.923E+02  7.450E-24  3.800E-14
1.905E+02  7.662E-24  3.873E-14
1.888E+02  7.880E-24  3.946E-14
1.871E+02  8.102E-24  4.021E-14
1.854E+02  8.330E-24  4.096E-14
1.837E+02  8.563E-24  4.172E-14
1.820E+02  8.802E-24  4.249E-14
1.803E+02  9.045E-24  4.326E-14
1.786E+02  9.295E-24  4.405E-14
1.770E+02  9.551E-24  4.484E-14
1.754E+02  9.812E-24  4.565E-14
1.738E+02  1.008E-23  4.647E-14
1.722E+02  1.035E-23  4.729E-14
1.706E+02  1.063E-23  4.813E-14
1.690E+02  1.092E-23  4.897E-14
1.675E+02  1.121E-23  4.983E-14
1.660E+02  1.152E-23  5.070E-14
1.644E+02  1.183E-23  5.158E-14
1.629E+02  1.214E-23  5.248E-14
1.614E+02  1.247E-23  5.339E-14
1.600E+02  1.280E-23  5.431E-14
1.585E+02  1.314E-23  5.525E-14
1.570E+02  1.349E-23  5.621E-14
1.556E+02  1.386E-23  5.719E-14
1.542E+02  1.423E-23  5.819E-14
1.528E+02  1.461E-23  5.920E-14
1.514E+02  1.501E-23  6.024E-14
1.500E+02  1.541E-23  6.130E-14
1.486E+02  1.582E-23  6.237E-14
1.472E+02  1.625E-23  6.346E-14
1.459E+02  1.668E-23  6.455E-14
1.445E+02  1.712E-23  6.563E-14
1.432E+02  1.755E-23  6.668E-14
1.419E+02  1.798E-23  6.767E-14
1.406E+02  1.839E-23  6.860E-14
1.393E+02  1.879E-23  6.943E-14
1.380E+02  1.916E-23  7.015E-14
1.368E+02  1.951E-23  7.078E-14
1.355E+02  1.984E-23  7.132E-14
1.343E+02  2.016E-23  7.180E-14
1.330E+02  2.047E-23  7.224E-14
1.318E+02  2.078E-23  7.267E-14
1.306E+02  2.109E-23  7.309E-14
1.294E+02  2.141E-23  7.351E-14
1.282E+02  2.174E-23  7.394E-14
1.271E+02  2.207E-23  7.438E-14
1.259E+02  2.241E-23  7.484E-14
1.247E+02  2.276E-23  7.532E-14
1.236E+02  2.312E-23  7.581E-14
1.225E+02  2.349E-23  7.631E-14
1.213E+02  2.387E-23  7.682E-14
1.202E+02  2.425E-23  7.734E-14
1.191E+02  2.464E-23  7.787E-14
1.180E+02  2.504E-23  7.840E-14
1.169E+02  2.544E-23  7.893E-14
1.159E+02  2.585E-23  7.945E-14
1.148E+02  2.626E-23  7.999E-14
1.138E+02  2.668E-23  8.052E-14
1.127E+02  2.711E-23  8.105E-14
1.117E+02  2.754E-23  8.159E-14
1.107E+02  2.798E-23  8.212E-14
1.096E+02  2.842E-23  8.266E-14
1.086E+02  2.887E-23  8.319E-14
1.076E+02  2.932E-23  8.372E-14
1.067E+02  2.977E-23  8.424E-14
1.057E+02  3.023E-23  8.475E-14
1.047E+02  3.070E-23  8.526E-14
1.038E+02  3.116E-23  8.577E-14
1.028E+02  3.163E-23  8.625E-14
1.019E+02  3.210E-23  8.672E-14
1.009E+02  3.257E-23  8.719E-14
1.000E+02  3.304E-23  8.764E-14
9.908E+01  3.351E-23  8.807E-14
9.817E+01  3.399E-23  8.851E-14
9.727E+01  3.446E-23  8.892E-14
9.638E+01  3.494E-23  8.933E-14
9.550E+01  3.542E-23  8.972E-14
9.462E+01  3.590E-23  9.011E-14
9.376E+01  3.638E-23  9.047E-14
9.290E+01  3.686E-23  9.082E-14
9.204E+01  3.734E-23  9.116E-14
9.120E+01  3.782E-23  9.149E-14
9.036E+01  3.830E-23  9.180E-14
8.954E+01  3.878E-23  9.210E-14
8.872E+01  3.926E-23  9.239E-14
8.790E+01  3.974E-23  9.267E-14
8.710E+01  4.022E-23  9.292E-14
8.630E+01  4.070E-23  9.318E-14
8.551E+01  4.119E-23  9.342E-14
8.472E+01  4.166E-23  9.362E-14
8.395E+01  4.214E-23  9.383E-14
8.318E+01  4.262E-23  9.403E-14
8.241E+01  4.310E-23  9.421E-14
8.166E+01  4.358E-23  9.439E-14
8.091E+01  4.406E-23  9.456E-14
8.017E+01  4.454E-23  9.471E-14
7.943E+01  4.502E-23  9.485E-14
7.870E+01  4.549E-23  9.497E-14
7.798E+01  4.596E-23  9.508E-14
7.727E+01  4.644E-23  9.518E-14
7.656E+01  4.691E-23  9.526E-14
7.586E+01  4.738E-23  9.534E-14
7.516E+01  4.785E-23  9.540E-14
7.447E+01  4.832E-23  9.545E-14
7.379E+01  4.877E-23  9.546E-14
7.311E+01  4.923E-23  9.548E-14
7.244E+01  4.968E-23  9.547E-14
7.178E+01  5.014E-23  9.546E-14
7.112E+01  5.059E-23  9.545E-14
7.047E+01  5.105E-23  9.543E-14
6.982E+01  5.151E-23  9.541E-14
6.918E+01  5.197E-23  9.538E-14
6.855E+01  5.243E-23  9.533E-14
6.792E+01  5.288E-23  9.527E-14
6.730E+01  5.333E-23  9.520E-14
6.668E+01  5.379E-23  9.513E-14
6.607E+01  5.424E-23  9.506E-14
6.546E+01  5.469E-23  9.496E-14
6.486E+01  5.514E-23  9.487E-14
6.427E+01  5.559E-23  9.477E-14
6.368E+01  5.604E-23  9.466E-14
6.310E+01  5.649E-23  9.455E-14
6.252E+01  5.695E-23  9.444E-14
6.194E+01  5.741E-23  9.433E-14
6.138E+01  5.787E-23  9.421E-14
6.081E+01  5.833E-23  9.409E-14
6.026E+01  5.879E-23  9.397E-14
5.970E+01  5.925E-23  9.383E-14
5.916E+01  5.972E-23  9.370E-14
5.861E+01  6.018E-23  9.356E-14
5.808E+01  6.064E-23  9.342E-14
5.754E+01  6.112E-23  9.329E-14
5.702E+01  6.159E-23  9.315E-14
5.649E+01  6.207E-23  9.302E-14
5.598E+01  6.256E-23  9.289E-14
5.546E+01  6.305E-23  9.276E-14
5.495E+01  6.355E-23  9.264E-14
5.445E+01  6.406E-23  9.252E-14
5.395E+01  6.457E-23  9.240E-14
5.346E+01  6.509E-23  9.229E-14
5.297E+01  6.561E-23  9.218E-14
5.248E+01  6.615E-23  9.208E-14
5.200E+01  6.669E-23  9.199E-14
5.152E+01  6.724E-23  9.190E-14
5.105E+01  6.779E-23  9.180E-14
5.058E+01  6.836E-23  9.173E-14
5.012E+01  6.894E-23  9.165E-14
4.966E+01  6.952E-23  9.158E-14
4.920E+01  7.012E-23  9.152E-14
4.875E+01  7.073E-23  9.147E-14
4.831E+01  7.135E-23  9.143E-14
4.786E+01  7.199E-23  9.140E-14
4.742E+01  7.264E-23  9.138E-14
4.699E+01  7.331E-23  9.137E-14
4.656E+01  7.398E-23  9.137E-14
4.613E+01  7.468E-23  9.138E-14
4.571E+01  7.539E-23  9.140E-14
4.529E+01  7.611E-23  9.143E-14
4.487E+01  7.685E-23  9.148E-14
4.446E+01  7.761E-23  9.153E-14
4.406E+01  7.838E-23  9.159E-14
4.365E+01  7.916E-23  9.166E-14
4.325E+01  7.996E-23  9.173E-14
4.285E+01  8.077E-23  9.181E-14
4.246E+01  8.158E-23  9.189E-14
4.207E+01  8.241E-23  9.197E-14
4.169E+01  8.325E-23  9.206E-14
4.130E+01  8.410E-23  9.214E-14
4.093E+01  8.494E-23  9.221E-14
4.055E+01  8.579E-23  9.228E-14
4.018E+01  8.664E-23  9.234E-14
3.981E+01  8.748E-23  9.238E-14
3.945E+01  8.832E-23  9.241E-14
3.908E+01  8.914E-23  9.241E-14
3.873E+01  8.995E-23  9.240E-14
3.837E+01  9.073E-23  9.235E-14
3.802E+01  9.149E-23  9.226E-14
3.767E+01  9.221E-23  9.214E-14
3.733E+01  9.289E-23  9.197E-14
3.698E+01  9.352E-23  9.174E-14
3.664E+01  9.410E-23  9.146E-14
3.631E+01  9.462E-23  9.113E-14
3.597E+01  9.508E-23  9.073E-14
3.565E+01  9.548E-23  9.028E-14
3.532E+01  9.580E-23  8.975E-14
3.499E+01  9.604E-23  8.915E-14
3.467E+01  9.618E-23  8.847E-14
3.436E+01  9.624E-23  8.771E-14
3.404E+01  9.620E-23  8.687E-14
3.373E+01  9.606E-23  8.594E-14
3.342E+01  9.582E-23  8.494E-14
3.311E+01  9.548E-23  8.386E-14
3.281E+01  9.503E-23  8.271E-14
3.251E+01  9.447E-23  8.147E-14
3.221E+01  9.382E-23  8.016E-14
3.192E+01  9.305E-23  7.878E-14
3.162E+01  9.219E-23  7.733E-14
3.133E+01  9.124E-23  7.583E-14
3.105E+01  9.019E-23  7.427E-14
3.076E+01  8.907E-23  7.268E-14
3.048E+01  8.788E-23  7.105E-14
3.020E+01  8.663E-23  6.939E-14
2.992E+01  8.532E-23  6.772E-14
2.965E+01  8.395E-23  6.603E-14
2.938E+01  8.256E-23  6.433E-14
2.911E+01  8.113E-23  6.264E-14
2.884E+01  7.968E-23  6.096E-14
2.858E+01  7.823E-23  5.930E-14
2.831E+01  7.677E-23  5.766E-14
2.805E+01  7.532E-23  5.605E-14
2.780E+01  7.388E-23  5.448E-14
2.754E+01  7.246E-23  5.294E-14
2.729E+01  7.106E-23  5.144E-14
2.704E+01  6.970E-23  4.999E-14
2.679E+01  6.836E-23  4.858E-14
2.655E+01  6.706E-23  4.722E-14
2.630E+01  6.580E-23  4.591E-14
2.606E+01  6.457E-23  4.464E-14
2.582E+01  6.339E-23  4.342E-14
2.559E+01  6.225E-23  4.225E-14
2.535E+01  6.115E-23  4.112E-14
2.512E+01  6.010E-23  4.005E-14
2.489E+01  5.909E-23  3.901E-14
2.466E+01  5.812E-23  3.802E-14
2.443E+01  5.719E-23  3.706E-14
2.421E+01  5.629E-23  3.615E-14
2.399E+01  5.542E-23  3.526E-14
2.377E+01  5.459E-23  3.442E-14
2.355E+01  5.383E-23  3.363E-14
2.333E+01  5.309E-23  3.286E-14
2.312E+01  5.236E-23  3.211E-14
2.291E+01  5.167E-23  3.140E-14
2.270E+01  5.106E-23  3.074E-14
2.249E+01  5.050E-23  3.013E-14
2.228E+01  5.000E-23  2.955E-14
2.208E+01  4.950E-23  2.899E-14
2.188E+01  4.900E-23  2.844E-14
2.168E+01  4.850E-23  2.789E-14
2.148E+01  4.803E-23  2.736E-14
2.128E+01  4.761E-23  2.688E-14
2.109E+01  4.724E-23  2.643E-14
2.089E+01  4.689E-23  2.598E-14
2.070E+01  4.653E-23  2.555E-14
2.051E+01  4.619E-23  2.513E-14
2.032E+01  4.589E-23  2.474E-14
2.014E+01  4.570E-23  2.441E-14
1.995E+01  4.551E-23  2.409E-14
1.977E+01  4.533E-23  2.377E-14
1.959E+01  4.515E-23  2.346E-14
1.941E+01  4.497E-23  2.315E-14
1.923E+01  4.488E-23  2.289E-14
1.905E+01  4.510E-23  2.280E-14
1.888E+01  4.519E-23  2.263E-14
1.871E+01  4.416E-23  2.191E-14
1.854E+01  4.352E-23  2.140E-14
1.837E+01  4.312E-23  2.101E-14
1.820E+01  4.287E-23  2.069E-14
1.803E+01  4.292E-23  2.053E-14
1.786E+01  4.338E-23  2.056E-14
1.770E+01  4.299E-23  2.019E-14
1.754E+01  4.346E-23  2.022E-14
1.738E+01  4.539E-23  2.093E-14
1.722E+01  4.455E-23  2.035E-14
1.706E+01  4.415E-23  1.998E-14
1.690E+01  4.310E-23  1.932E-14
1.675E+01  4.166E-23  1.851E-14
1.660E+01  4.144E-23  1.824E-14
1.644E+01  4.415E-23  1.926E-14
1.629E+01  3.808E-23  1.646E-14
1.614E+01  3.528E-23  1.511E-14
1.600E+01  3.397E-23  1.441E-14
1.585E+01  3.298E-23  1.387E-14
1.570E+01  3.193E-23  1.330E-14
1.556E+01  3.112E-23  1.284E-14
1.542E+01  3.045E-23  1.245E-14
1.528E+01  2.987E-23  1.210E-14
1.514E+01  2.936E-23  1.179E-14
1.500E+01  2.893E-23  1.151E-14
1.486E+01  2.857E-23  1.126E-14
1.472E+01  2.830E-23  1.105E-14
1.459E+01  2.819E-23  1.091E-14
1.445E+01  2.840E-23  1.089E-14
1.432E+01  2.927E-23  1.112E-14
1.419E+01  3.034E-23  1.142E-14
1.406E+01  2.961E-23  1.104E-14
1.393E+01  2.931E-23  1.083E-14
1.380E+01  3.013E-23  1.103E-14
1.368E+01  3.204E-23  1.162E-14
1.355E+01  3.451E-23  1.241E-14
1.343E+01  3.528E-23  1.257E-14
1.330E+01  3.412E-23  1.204E-14
1.318E+01  3.362E-23  1.176E-14
1.306E+01  3.485E-23  1.207E-14
1.294E+01  3.827E-23  1.314E-14
1.282E+01  4.452E-23  1.514E-14
1.271E+01  5.249E-23  1.769E-14
1.259E+01  5.530E-23  1.847E-14
1.247E+01  4.999E-23  1.654E-14
1.236E+01  4.443E-23  1.456E-14
1.225E+01  4.259E-23  1.384E-14
1.213E+01  4.420E-23  1.423E-14
1.202E+01  4.649E-23  1.483E-14
1.191E+01  4.535E-23  1.433E-14
1.180E+01  4.226E-23  1.323E-14
1.169E+01  4.153E-23  1.288E-14
1.159E+01  4.570E-23  1.405E-14
1.148E+01  5.849E-23  1.782E-14
1.138E+01  7.848E-23  2.368E-14
1.127E+01  1.010E-22  3.020E-14
1.117E+01  7.465E-23  2.212E-14
1.107E+01  4.373E-23  1.284E-14
1.096E+01  3.341E-23  9.717E-15
1.086E+01  2.863E-23  8.250E-15
1.076E+01  2.609E-23  7.451E-15
1.067E+01  2.459E-23  6.958E-15
1.057E+01  2.329E-23  6.528E-15
1.047E+01  2.240E-23  6.222E-15
1.038E+01  2.177E-23  5.991E-15
1.028E+01  2.127E-23  5.800E-15
1.019E+01  2.086E-23  5.636E-15
1.009E+01  2.053E-23  5.496E-15
1.000E+01  2.027E-23  5.378E-15
9.908E+00  2.010E-23  5.283E-15
9.817E+00  2.000E-23  5.207E-15
9.727E+00  1.996E-23  5.151E-15
9.638E+00  2.000E-23  5.114E-15
9.550E+00  2.010E-23  5.091E-15
9.462E+00  2.026E-23  5.086E-15
9.376E+00  2.051E-23  5.101E-15
9.290E+00  2.088E-23  5.146E-15
9.204E+00  2.145E-23  5.237E-15
9.120E+00  2.233E-23  5.401E-15
9.036E+00  2.370E-23  5.680E-15
8.954E+00  2.590E-23  6.152E-15
8.872E+00  2.955E-23  6.953E-15
8.790E+00  3.569E-23  8.321E-15
8.710E+00  4.519E-23  1.044E-14
8.630E+00  5.412E-23  1.239E-14
8.551E+00  5.298E-23  1.202E-14
8.472E+00  4.671E-23  1.050E-14
8.395E+00  4.350E-23  9.686E-15
8.318E+00  4.331E-23  9.555E-15
8.241E+00  4.500E-23  9.837E-15
8.166E+00  4.926E-23  1.067E-14
8.091E+00  5.739E-23  1.232E-14
8.017E+00  7.037E-23  1.496E-14
7.943E+00  8.737E-23  1.841E-14
7.870E+00  1.023E-22  2.135E-14
7.798E+00  1.076E-22  2.226E-14
7.727E+00  1.082E-22  2.218E-14
7.656E+00  1.115E-22  2.264E-14
7.586E+00  1.086E-22  2.185E-14
7.516E+00  9.191E-23  1.832E-14
7.447E+00  7.312E-23  1.444E-14
7.379E+00  5.930E-23  1.161E-14
7.311E+00  4.970E-23  9.638E-15
7.244E+00  4.266E-23  8.197E-15
7.178E+00  3.727E-23  7.096E-15
7.112E+00  3.311E-23  6.247E-15
7.047E+00  3.001E-23  5.610E-15
6.982E+00  2.788E-23  5.164E-15
6.918E+00  2.668E-23  4.896E-15
6.855E+00  2.632E-23  4.787E-15
6.792E+00  2.657E-23  4.786E-15
6.730E+00  2.682E-23  4.787E-15
6.668E+00  2.640E-23  4.670E-15
6.607E+00  2.531E-23  4.436E-15
6.546E+00  2.441E-23  4.238E-15
6.486E+00  2.477E-23  4.262E-15
6.427E+00  2.763E-23  4.709E-15
6.368E+00  3.526E-23  5.955E-15
6.310E+00  5.243E-23  8.775E-15
6.252E+00  8.031E-23  1.332E-14
6.194E+00  8.119E-23  1.334E-14
6.138E+00  5.125E-23  8.343E-15
6.081E+00  3.124E-23  5.039E-15
6.026E+00  2.137E-23  3.415E-15
5.970E+00  1.633E-23  2.586E-15
5.916E+00  1.367E-23  2.146E-15
5.861E+00  1.246E-23  1.937E-15
5.808E+00  1.249E-23  1.924E-15
5.754E+00  1.375E-23  2.099E-15
5.702E+00  1.462E-23  2.212E-15
5.649E+00  1.250E-23  1.873E-15
5.598E+00  9.801E-24  1.455E-15
5.546E+00  8.119E-24  1.195E-15
5.495E+00  7.203E-24  1.050E-15
5.445E+00  6.776E-24  9.788E-16
5.395E+00  6.784E-24  9.709E-16
5.346E+00  7.337E-24  1.040E-15
5.297E+00  8.282E-24  1.164E-15
5.248E+00  8.067E-24  1.123E-15
5.200E+00  6.571E-24  9.064E-16
5.152E+00  5.399E-24  7.379E-16
5.105E+00  4.702E-24  6.367E-16
5.058E+00  4.267E-24  5.725E-16
5.012E+00  3.967E-24  5.274E-16
4.966E+00  3.741E-24  4.928E-16
4.920E+00  3.560E-24  4.646E-16
4.875E+00  3.409E-24  4.408E-16
4.831E+00  3.278E-24  4.200E-16
4.786E+00  3.163E-24  4.015E-16
4.742E+00  3.059E-24  3.849E-16
4.699E+00  2.966E-24  3.697E-16
4.656E+00  2.880E-24  3.557E-16
4.613E+00  2.801E-24  3.428E-16
4.571E+00  2.728E-24  3.308E-16
4.529E+00  2.660E-24  3.196E-16
4.487E+00  2.597E-24  3.091E-16
4.446E+00  2.538E-24  2.993E-16
4.406E+00  2.482E-24  2.901E-16
4.365E+00  2.430E-24  2.814E-16
4.325E+00  2.381E-24  2.732E-16
4.285E+00  2.336E-24  2.655E-16
4.246E+00  2.293E-24  2.583E-16
4.207E+00  2.253E-24  2.514E-16
4.169E+00  2.215E-24  2.450E-16
4.130E+00  2.181E-24  2.389E-16
4.093E+00  2.148E-24  2.332E-16
4.055E+00  2.118E-24  2.278E-16
4.018E+00  2.091E-24  2.228E-16
3.981E+00  2.066E-24  2.182E-16
3.945E+00  2.045E-24  2.139E-16
3.908E+00  2.026E-24  2.100E-16
3.873E+00  2.010E-24  2.065E-16
3.837E+00  1.999E-24  2.034E-16
3.802E+00  1.992E-24  2.009E-16
3.767E+00  1.990E-24  1.988E-16
3.733E+00  1.994E-24  1.975E-16
3.698E+00  2.007E-24  1.969E-16
3.664E+00  2.030E-24  1.973E-16
3.631E+00  2.068E-24  1.991E-16
3.597E+00  2.126E-24  2.028E-16
3.565E+00  2.213E-24  2.093E-16
3.532E+00  2.347E-24  2.199E-16
3.499E+00  2.556E-24  2.372E-16
3.467E+00  2.899E-24  2.667E-16
3.436E+00  3.507E-24  3.196E-16
3.404E+00  4.713E-24  4.256E-16
3.373E+00  7.603E-24  6.803E-16
3.342E+00  1.719E-23  1.524E-15
3.311E+00  6.474E-23  5.686E-15
3.281E+00  4.420E-23  3.846E-15
3.251E+00  1.266E-23  1.092E-15
3.221E+00  6.076E-24  5.191E-16
3.192E+00  3.894E-24  3.296E-16
3.162E+00  2.928E-24  2.456E-16
3.133E+00  2.418E-24  2.010E-16
3.105E+00  2.115E-24  1.742E-16
3.076E+00  1.919E-24  1.566E-16
3.048E+00  1.784E-24  1.442E-16
3.020E+00  1.685E-24  1.350E-16
2.992E+00  1.610E-24  1.278E-16
2.965E+00  1.551E-24  1.220E-16
2.938E+00  1.504E-24  1.172E-16
2.911E+00  1.464E-24  1.130E-16
2.884E+00  1.430E-24  1.094E-16
2.858E+00  1.400E-24  1.061E-16
2.831E+00  1.374E-24  1.032E-16
2.805E+00  1.351E-24  1.005E-16
2.780E+00  1.329E-24  9.800E-17
2.754E+00  1.309E-24  9.565E-17
2.729E+00  1.291E-24  9.343E-17
2.704E+00  1.273E-24  9.133E-17
2.679E+00  1.257E-24  8.932E-17
2.655E+00  1.241E-24  8.739E-17
2.630E+00  1.226E-24  8.553E-17
2.606E+00  1.211E-24  8.374E-17
2.582E+00  1.197E-24  8.200E-17
2.559E+00  1.183E-24  8.031E-17
2.535E+00  1.170E-24  7.866E-17
2.512E+00  1.156E-24  7.705E-17
2.489E+00  1.143E-24  7.548E-17
2.466E+00  1.130E-24  7.394E-17
2.443E+00  1.117E-24  7.243E-17
2.421E+00  1.105E-24  7.094E-17
2.399E+00  1.092E-24  6.949E-17
2.377E+00  1.080E-24  6.808E-17
2.355E+00  1.068E-24  6.669E-17
2.333E+00  1.055E-24  6.532E-17
2.312E+00  1.043E-24  6.398E-17
2.291E+00  1.031E-24  6.266E-17
2.270E+00  1.019E-24  6.136E-17
2.249E+00  1.007E-24  6.008E-17
2.228E+00  9.948E-25  5.881E-17
2.208E+00  9.825E-25  5.754E-17
2.188E+00  9.700E-25  5.629E-17
2.168E+00  9.572E-25  5.504E-17
2.148E+00  9.441E-25  5.379E-17
2.128E+00  9.305E-25  5.253E-17
2.109E+00  9.163E-25  5.125E-17
2.089E+00  9.013E-25  4.995E-17
2.070E+00  8.852E-25  4.861E-17
2.051E+00  8.679E-25  4.722E-17
2.032E+00  8.489E-25  4.576E-17
2.014E+00  8.279E-25  4.422E-17
1.995E+00  8.044E-25  4.257E-17
1.977E+00  7.785E-25  4.083E-17
1.959E+00  7.511E-25  3.903E-17
1.941E+00  7.245E-25  3.730E-17
1.923E+00  7.034E-25  3.588E-17
1.905E+00  6.926E-25  3.501E-17
1.888E+00  6.940E-25  3.475E-17
1.871E+00  7.038E-25  3.492E-17
1.854E+00  7.163E-25  3.522E-17
1.837E+00  7.274E-25  3.543E-17
1.820E+00  7.351E-25  3.548E-17
1.803E+00  7.394E-25  3.536E-17
1.786E+00  7.409E-25  3.511E-17
1.770E+00  7.401E-25  3.475E-17
1.754E+00  7.376E-25  3.432E-17
1.738E+00  7.340E-25  3.383E-17
1.722E+00  7.295E-25  3.332E-17
1.706E+00  7.245E-25  3.279E-17
1.690E+00  7.190E-25  3.224E-17
1.675E+00  7.133E-25  3.169E-17
1.660E+00  7.076E-25  3.115E-17
1.644E+00  7.017E-25  3.061E-17
1.629E+00  6.959E-25  3.008E-17
1.614E+00  6.903E-25  2.956E-17
1.600E+00  6.848E-25  2.906E-17
1.585E+00  6.797E-25  2.857E-17
1.570E+00  6.749E-25  2.811E-17
1.556E+00  6.705E-25  2.767E-17
1.542E+00  6.667E-25  2.726E-17
1.528E+00  6.635E-25  2.689E-17
1.514E+00  6.611E-25  2.654E-17
1.500E+00  6.595E-25  2.623E-17
1.486E+00  6.589E-25  2.597E-17
1.472E+00  6.594E-25  2.575E-17
1.459E+00  6.614E-25  2.559E-17
1.445E+00  6.650E-25  2.550E-17
1.432E+00  6.706E-25  2.548E-17
1.419E+00  6.785E-25  2.554E-17
1.406E+00  6.892E-25  2.570E-17
1.393E+00  7.032E-25  2.599E-17
1.380E+00  7.212E-25  2.641E-17
1.368E+00  7.441E-25  2.699E-17
1.355E+00  7.724E-25  2.777E-17
1.343E+00  8.071E-25  2.875E-17
1.330E+00  8.483E-25  2.994E-17
1.318E+00  8.953E-25  3.131E-17
1.306E+00  9.454E-25  3.276E-17
1.294E+00  9.925E-25  3.407E-17
1.282E+00  1.027E-24  3.493E-17
1.271E+00  1.037E-24  3.494E-17
1.259E+00  1.013E-24  3.384E-17
1.247E+00  9.578E-25  3.169E-17
1.236E+00  8.805E-25  2.887E-17
1.225E+00  7.960E-25  2.586E-17
1.213E+00  7.160E-25  2.304E-17
1.202E+00  6.469E-25  2.063E-17
1.191E+00  5.908E-25  1.867E-17
1.180E+00  5.472E-25  1.713E-17
1.169E+00  5.150E-25  1.598E-17
1.159E+00  4.929E-25  1.515E-17
1.148E+00  4.802E-25  1.463E-17
1.138E+00  4.768E-25  1.439E-17
1.127E+00  4.836E-25  1.446E-17
1.117E+00  5.027E-25  1.489E-17
1.107E+00  5.378E-25  1.579E-17
1.096E+00  5.954E-25  1.732E-17
1.086E+00  6.845E-25  1.973E-17
1.076E+00  8.142E-25  2.325E-17
1.067E+00  9.768E-25  2.763E-17
1.057E+00  1.107E-24  3.103E-17
1.047E+00  1.084E-24  3.012E-17
1.038E+00  8.996E-25  2.476E-17
1.028E+00  6.819E-25  1.859E-17
1.019E+00  5.130E-25  1.386E-17
1.009E+00  3.987E-25  1.067E-17
1.000E+00  3.228E-25  8.563E-18
