Dust emission from Draine & Li (2007): ApJ 657, 810-837
================================================================
         5 = grain model
 4.000E-08 4.000E-01 3.000E-05 = a_01 (cm) , sigma_1 , b_C1/0.92
 2.500E-07 4.000E-01 1.000E-05 = a_02 (cm) , sigma_2 , b_C2/0.92
 2.500E+01 1.000E+03 2.000E+00 = Umin , Umax, beta (dN/dU propto U^{-beta})
 9.459E+01 = <U> 
     mmp83 = radfield
 4.253E-22 = power/H (erg s-1)
 band   nu*P_nu(band) j_nu(band)
 (um)   (erg s-1 H-1)(Jy cm2 sr-1 H-1)
1.270E+00  1.173E-24  3.950E-17 COBE-DIRBE
2.220E+00  1.498E-24  8.821E-17 COBE-DIRBE
3.530E+00  9.730E-24  9.111E-16 COBE-DIRBE
4.880E+00  4.533E-24  5.868E-16 COBE-DIRBE
1.229E+01  4.395E-23  1.433E-14 COBE-DIRBE
2.079E+01  4.704E-23  2.594E-14 COBE-DIRBE
5.599E+01  2.758E-22  4.096E-13 COBE-DIRBE
9.770E+01  1.343E-22  3.481E-13 COBE-DIRBE
1.479E+02  4.911E-23  1.926E-13 COBE-DIRBE
2.479E+02  8.464E-24  5.565E-14 COBE-DIRBE
1.200E+01  4.522E-23  1.439E-14 IRAS
2.500E+01  5.933E-23  3.934E-14 IRAS
6.000E+01  2.625E-22  4.177E-13 IRAS
1.000E+02  1.271E-22  3.370E-13 IRAS
3.550E+00  1.131E-23  1.065E-15 SST-IRAC
4.493E+00  3.177E-24  3.787E-16 SST-IRAC
5.731E+00  2.688E-23  4.087E-15 SST-IRAC
7.872E+00  6.333E-23  1.322E-14 SST-IRAC
2.368E+01  4.948E-23  3.108E-14 SST-MIPS
7.142E+01  2.068E-22  3.918E-13 SST-MIPS
1.559E+02  3.757E-23  1.554E-13 SST-MIPS
1.600E+01  3.999E-23  1.697E-14 SST-IRSPU
2.200E+01  4.906E-23  2.863E-14 SST-IRSPU











lambda    nu*dP/dnu     j_nu
 (um)   (erg s-1 H-1)(Jy cm2 sr-1 H-1)
1.000E+04  1.072E-30  2.844E-19
9.908E+03  1.111E-30  2.921E-19
9.817E+03  1.152E-30  3.000E-19
9.727E+03  1.194E-30  3.082E-19
9.638E+03  1.238E-30  3.166E-19
9.550E+03  1.284E-30  3.252E-19
9.462E+03  1.331E-30  3.341E-19
9.376E+03  1.380E-30  3.432E-19
9.290E+03  1.431E-30  3.525E-19
9.204E+03  1.483E-30  3.621E-19
9.120E+03  1.538E-30  3.720E-19
9.036E+03  1.594E-30  3.821E-19
8.954E+03  1.652E-30  3.925E-19
8.872E+03  1.713E-30  4.031E-19
8.790E+03  1.775E-30  4.140E-19
8.710E+03  1.840E-30  4.252E-19
8.630E+03  1.908E-30  4.367E-19
8.551E+03  1.978E-30  4.485E-19
8.472E+03  2.050E-30  4.607E-19
8.395E+03  2.125E-30  4.732E-19
8.318E+03  2.203E-30  4.861E-19
8.241E+03  2.284E-30  4.994E-19
8.166E+03  2.368E-30  5.130E-19
8.091E+03  2.455E-30  5.270E-19
8.017E+03  2.546E-30  5.413E-19
7.943E+03  2.639E-30  5.561E-19
7.870E+03  2.737E-30  5.713E-19
7.798E+03  2.838E-30  5.870E-19
7.727E+03  2.942E-30  6.030E-19
7.656E+03  3.051E-30  6.196E-19
7.586E+03  3.164E-30  6.366E-19
7.516E+03  3.281E-30  6.541E-19
7.447E+03  3.402E-30  6.720E-19
7.379E+03  3.528E-30  6.905E-19
7.311E+03  3.659E-30  7.095E-19
7.244E+03  3.794E-30  7.291E-19
7.178E+03  3.935E-30  7.492E-19
7.112E+03  4.081E-30  7.699E-19
7.047E+03  4.232E-30  7.911E-19
6.982E+03  4.390E-30  8.130E-19
6.918E+03  4.552E-30  8.354E-19
6.855E+03  4.721E-30  8.585E-19
6.792E+03  4.897E-30  8.822E-19
6.730E+03  5.079E-30  9.066E-19
6.668E+03  5.268E-30  9.318E-19
6.607E+03  5.464E-30  9.576E-19
6.546E+03  5.668E-30  9.842E-19
6.486E+03  5.879E-30  1.012E-18
6.427E+03  6.098E-30  1.040E-18
6.368E+03  6.326E-30  1.069E-18
6.310E+03  6.562E-30  1.098E-18
6.252E+03  6.808E-30  1.129E-18
6.194E+03  7.063E-30  1.160E-18
6.138E+03  7.327E-30  1.193E-18
6.081E+03  7.602E-30  1.226E-18
6.026E+03  7.887E-30  1.261E-18
5.970E+03  8.182E-30  1.296E-18
5.916E+03  8.490E-30  1.332E-18
5.861E+03  8.809E-30  1.370E-18
5.808E+03  9.140E-30  1.408E-18
5.754E+03  9.484E-30  1.448E-18
5.702E+03  9.841E-30  1.488E-18
5.649E+03  1.021E-29  1.530E-18
5.598E+03  1.060E-29  1.573E-18
5.546E+03  1.100E-29  1.618E-18
5.495E+03  1.141E-29  1.663E-18
5.445E+03  1.184E-29  1.710E-18
5.395E+03  1.229E-29  1.759E-18
5.346E+03  1.275E-29  1.809E-18
5.297E+03  1.324E-29  1.860E-18
5.248E+03  1.374E-29  1.912E-18
5.200E+03  1.426E-29  1.967E-18
5.152E+03  1.480E-29  2.023E-18
5.105E+03  1.536E-29  2.080E-18
5.058E+03  1.594E-29  2.139E-18
5.012E+03  1.655E-29  2.200E-18
4.966E+03  1.718E-29  2.263E-18
4.920E+03  1.783E-29  2.327E-18
4.875E+03  1.851E-29  2.394E-18
4.831E+03  1.921E-29  2.462E-18
4.786E+03  1.994E-29  2.532E-18
4.742E+03  2.070E-29  2.605E-18
4.699E+03  2.149E-29  2.679E-18
4.656E+03  2.231E-29  2.756E-18
4.613E+03  2.317E-29  2.835E-18
4.571E+03  2.405E-29  2.916E-18
4.529E+03  2.497E-29  3.000E-18
4.487E+03  2.593E-29  3.086E-18
4.446E+03  2.692E-29  3.175E-18
4.406E+03  2.795E-29  3.267E-18
4.365E+03  2.903E-29  3.361E-18
4.325E+03  3.014E-29  3.458E-18
4.285E+03  3.130E-29  3.558E-18
4.246E+03  3.250E-29  3.661E-18
4.207E+03  3.375E-29  3.767E-18
4.169E+03  3.505E-29  3.876E-18
4.130E+03  3.640E-29  3.988E-18
4.093E+03  3.780E-29  4.104E-18
4.055E+03  3.926E-29  4.223E-18
4.018E+03  4.078E-29  4.346E-18
3.981E+03  4.235E-29  4.472E-18
3.945E+03  4.399E-29  4.602E-18
3.908E+03  4.568E-29  4.736E-18
3.873E+03  4.745E-29  4.874E-18
3.837E+03  4.929E-29  5.016E-18
3.802E+03  5.119E-29  5.163E-18
3.767E+03  5.318E-29  5.314E-18
3.733E+03  5.524E-29  5.469E-18
3.698E+03  5.738E-29  5.629E-18
3.664E+03  5.961E-29  5.794E-18
3.631E+03  6.193E-29  5.964E-18
3.597E+03  6.434E-29  6.140E-18
3.565E+03  6.684E-29  6.320E-18
3.532E+03  6.945E-29  6.506E-18
3.499E+03  7.216E-29  6.698E-18
3.467E+03  7.497E-29  6.895E-18
3.436E+03  7.790E-29  7.099E-18
3.404E+03  8.094E-29  7.309E-18
3.373E+03  8.411E-29  7.525E-18
3.342E+03  8.740E-29  7.748E-18
3.311E+03  9.083E-29  7.978E-18
3.281E+03  9.439E-29  8.215E-18
3.251E+03  9.809E-29  8.459E-18
3.221E+03  1.019E-28  8.710E-18
3.192E+03  1.060E-28  8.970E-18
3.162E+03  1.101E-28  9.237E-18
3.133E+03  1.145E-28  9.512E-18
3.105E+03  1.190E-28  9.796E-18
3.076E+03  1.236E-28  1.009E-17
3.048E+03  1.285E-28  1.039E-17
3.020E+03  1.336E-28  1.070E-17
2.992E+03  1.389E-28  1.102E-17
2.965E+03  1.443E-28  1.135E-17
2.938E+03  1.500E-28  1.169E-17
2.911E+03  1.560E-28  1.204E-17
2.884E+03  1.621E-28  1.240E-17
2.858E+03  1.685E-28  1.277E-17
2.831E+03  1.752E-28  1.316E-17
2.805E+03  1.821E-28  1.355E-17
2.780E+03  1.893E-28  1.396E-17
2.754E+03  1.968E-28  1.438E-17
2.729E+03  2.047E-28  1.481E-17
2.704E+03  2.128E-28  1.526E-17
2.679E+03  2.212E-28  1.572E-17
2.655E+03  2.300E-28  1.620E-17
2.630E+03  2.392E-28  1.669E-17
2.606E+03  2.487E-28  1.719E-17
2.582E+03  2.586E-28  1.772E-17
2.559E+03  2.689E-28  1.825E-17
2.535E+03  2.797E-28  1.881E-17
2.512E+03  2.909E-28  1.938E-17
2.489E+03  3.025E-28  1.997E-17
2.466E+03  3.146E-28  2.058E-17
2.443E+03  3.272E-28  2.121E-17
2.421E+03  3.403E-28  2.185E-17
2.399E+03  3.539E-28  2.252E-17
2.377E+03  3.681E-28  2.321E-17
2.355E+03  3.829E-28  2.392E-17
2.333E+03  3.983E-28  2.465E-17
2.312E+03  4.143E-28  2.541E-17
2.291E+03  4.309E-28  2.619E-17
2.270E+03  4.483E-28  2.699E-17
2.249E+03  4.663E-28  2.782E-17
2.228E+03  4.851E-28  2.868E-17
2.208E+03  5.047E-28  2.956E-17
2.188E+03  5.251E-28  3.047E-17
2.168E+03  5.462E-28  3.141E-17
2.148E+03  5.683E-28  3.238E-17
2.128E+03  5.913E-28  3.338E-17
2.109E+03  6.152E-28  3.441E-17
2.089E+03  6.401E-28  3.547E-17
2.070E+03  6.660E-28  3.657E-17
2.051E+03  6.929E-28  3.770E-17
2.032E+03  7.210E-28  3.887E-17
2.014E+03  7.502E-28  4.007E-17
1.995E+03  7.807E-28  4.132E-17
1.977E+03  8.123E-28  4.260E-17
1.959E+03  8.453E-28  4.392E-17
1.941E+03  8.796E-28  4.528E-17
1.923E+03  9.153E-28  4.669E-17
1.905E+03  9.525E-28  4.814E-17
1.888E+03  9.912E-28  4.964E-17
1.871E+03  1.032E-27  5.119E-17
1.854E+03  1.074E-27  5.278E-17
1.837E+03  1.117E-27  5.443E-17
1.820E+03  1.163E-27  5.612E-17
1.803E+03  1.210E-27  5.788E-17
1.786E+03  1.259E-27  5.968E-17
1.770E+03  1.311E-27  6.155E-17
1.754E+03  1.364E-27  6.347E-17
1.738E+03  1.420E-27  6.546E-17
1.722E+03  1.478E-27  6.751E-17
1.706E+03  1.538E-27  6.962E-17
1.690E+03  1.601E-27  7.180E-17
1.675E+03  1.667E-27  7.406E-17
1.660E+03  1.735E-27  7.638E-17
1.644E+03  1.806E-27  7.877E-17
1.629E+03  1.880E-27  8.125E-17
1.614E+03  1.957E-27  8.380E-17
1.600E+03  2.037E-27  8.643E-17
1.585E+03  2.120E-27  8.915E-17
1.570E+03  2.207E-27  9.195E-17
1.556E+03  2.298E-27  9.484E-17
1.542E+03  2.392E-27  9.782E-17
1.528E+03  2.490E-27  1.009E-16
1.514E+03  2.592E-27  1.041E-16
1.500E+03  2.699E-27  1.074E-16
1.486E+03  2.810E-27  1.107E-16
1.472E+03  2.925E-27  1.142E-16
1.459E+03  3.045E-27  1.178E-16
1.445E+03  3.170E-27  1.216E-16
1.432E+03  3.301E-27  1.254E-16
1.419E+03  3.436E-27  1.294E-16
1.406E+03  3.578E-27  1.334E-16
1.393E+03  3.725E-27  1.377E-16
1.380E+03  3.878E-27  1.420E-16
1.368E+03  4.038E-27  1.465E-16
1.355E+03  4.204E-27  1.511E-16
1.343E+03  4.377E-27  1.559E-16
1.330E+03  4.558E-27  1.609E-16
1.318E+03  4.746E-27  1.659E-16
1.306E+03  4.941E-27  1.712E-16
1.294E+03  5.145E-27  1.766E-16
1.282E+03  5.357E-27  1.822E-16
1.271E+03  5.577E-27  1.880E-16
1.259E+03  5.807E-27  1.939E-16
1.247E+03  6.047E-27  2.001E-16
1.236E+03  6.296E-27  2.064E-16
1.225E+03  6.555E-27  2.129E-16
1.213E+03  6.825E-27  2.197E-16
1.202E+03  7.107E-27  2.266E-16
1.191E+03  7.400E-27  2.338E-16
1.180E+03  7.705E-27  2.412E-16
1.169E+03  8.022E-27  2.489E-16
1.159E+03  8.353E-27  2.567E-16
1.148E+03  8.697E-27  2.649E-16
1.138E+03  9.056E-27  2.733E-16
1.127E+03  9.429E-27  2.819E-16
1.117E+03  9.817E-27  2.908E-16
1.107E+03  1.022E-26  3.001E-16
1.096E+03  1.064E-26  3.096E-16
1.086E+03  1.108E-26  3.194E-16
1.076E+03  1.154E-26  3.295E-16
1.067E+03  1.201E-26  3.399E-16
1.057E+03  1.251E-26  3.506E-16
1.047E+03  1.302E-26  3.617E-16
1.038E+03  1.356E-26  3.732E-16
1.028E+03  1.412E-26  3.850E-16
1.019E+03  1.470E-26  3.971E-16
1.009E+03  1.530E-26  4.097E-16
1.000E+03  1.593E-26  4.226E-16
9.908E+02  1.659E-26  4.360E-16
9.817E+02  1.727E-26  4.498E-16
9.727E+02  1.798E-26  4.640E-16
9.638E+02  1.872E-26  4.787E-16
9.550E+02  1.949E-26  4.938E-16
9.462E+02  2.029E-26  5.094E-16
9.376E+02  2.113E-26  5.255E-16
9.290E+02  2.200E-26  5.421E-16
9.204E+02  2.290E-26  5.592E-16
9.120E+02  2.384E-26  5.768E-16
9.036E+02  2.482E-26  5.950E-16
8.954E+02  2.584E-26  6.138E-16
8.872E+02  2.690E-26  6.331E-16
8.790E+02  2.801E-26  6.530E-16
8.710E+02  2.916E-26  6.736E-16
8.630E+02  3.035E-26  6.947E-16
8.551E+02  3.159E-26  7.166E-16
8.472E+02  3.289E-26  7.391E-16
8.395E+02  3.423E-26  7.622E-16
8.318E+02  3.563E-26  7.861E-16
8.241E+02  3.709E-26  8.107E-16
8.166E+02  3.860E-26  8.361E-16
8.091E+02  4.018E-26  8.623E-16
8.017E+02  4.182E-26  8.892E-16
7.943E+02  4.352E-26  9.170E-16
7.870E+02  4.529E-26  9.456E-16
7.798E+02  4.714E-26  9.751E-16
7.727E+02  4.906E-26  1.006E-15
7.656E+02  5.106E-26  1.037E-15
7.586E+02  5.313E-26  1.069E-15
7.516E+02  5.530E-26  1.102E-15
7.447E+02  5.755E-26  1.137E-15
7.379E+02  5.989E-26  1.172E-15
7.311E+02  6.233E-26  1.209E-15
7.244E+02  6.487E-26  1.247E-15
7.178E+02  6.752E-26  1.286E-15
7.112E+02  7.027E-26  1.326E-15
7.047E+02  7.314E-26  1.367E-15
6.982E+02  7.612E-26  1.410E-15
6.918E+02  7.922E-26  1.454E-15
6.855E+02  8.245E-26  1.499E-15
6.792E+02  8.581E-26  1.546E-15
6.730E+02  8.930E-26  1.594E-15
6.668E+02  9.293E-26  1.644E-15
6.607E+02  9.671E-26  1.695E-15
6.546E+02  1.007E-25  1.748E-15
6.486E+02  1.048E-25  1.803E-15
6.427E+02  1.090E-25  1.859E-15
6.368E+02  1.135E-25  1.917E-15
6.310E+02  1.181E-25  1.977E-15
6.252E+02  1.230E-25  2.039E-15
6.194E+02  1.280E-25  2.103E-15
6.138E+02  1.332E-25  2.169E-15
6.081E+02  1.387E-25  2.237E-15
6.026E+02  1.444E-25  2.307E-15
5.970E+02  1.503E-25  2.380E-15
5.916E+02  1.564E-25  2.455E-15
5.861E+02  1.628E-25  2.532E-15
5.808E+02  1.695E-25  2.611E-15
5.754E+02  1.764E-25  2.693E-15
5.702E+02  1.837E-25  2.778E-15
5.649E+02  1.912E-25  2.865E-15
5.598E+02  1.990E-25  2.955E-15
5.546E+02  2.072E-25  3.048E-15
5.495E+02  2.157E-25  3.144E-15
5.445E+02  2.245E-25  3.243E-15
5.395E+02  2.338E-25  3.345E-15
5.346E+02  2.433E-25  3.451E-15
5.297E+02  2.533E-25  3.559E-15
5.248E+02  2.637E-25  3.671E-15
5.200E+02  2.746E-25  3.787E-15
5.152E+02  2.858E-25  3.907E-15
5.105E+02  2.976E-25  4.030E-15
5.058E+02  3.098E-25  4.157E-15
5.012E+02  3.225E-25  4.288E-15
4.966E+02  3.358E-25  4.423E-15
4.920E+02  3.496E-25  4.563E-15
4.875E+02  3.639E-25  4.706E-15
4.831E+02  3.789E-25  4.855E-15
4.786E+02  3.944E-25  5.008E-15
4.742E+02  4.106E-25  5.166E-15
4.699E+02  4.275E-25  5.329E-15
4.656E+02  4.451E-25  5.497E-15
4.613E+02  4.634E-25  5.670E-15
4.571E+02  4.824E-25  5.849E-15
4.529E+02  5.022E-25  6.033E-15
4.487E+02  5.228E-25  6.224E-15
4.446E+02  5.443E-25  6.420E-15
4.406E+02  5.666E-25  6.622E-15
4.365E+02  5.899E-25  6.830E-15
4.325E+02  6.141E-25  7.046E-15
4.285E+02  6.393E-25  7.268E-15
4.246E+02  6.656E-25  7.496E-15
4.207E+02  6.929E-25  7.733E-15
4.169E+02  7.213E-25  7.976E-15
4.130E+02  7.509E-25  8.227E-15
4.093E+02  7.817E-25  8.486E-15
4.055E+02  8.138E-25  8.754E-15
4.018E+02  8.472E-25  9.029E-15
3.981E+02  8.819E-25  9.313E-15
3.945E+02  9.181E-25  9.607E-15
3.908E+02  9.558E-25  9.909E-15
3.873E+02  9.950E-25  1.022E-14
3.837E+02  1.036E-24  1.054E-14
3.802E+02  1.078E-24  1.087E-14
3.767E+02  1.122E-24  1.122E-14
3.733E+02  1.168E-24  1.157E-14
3.698E+02  1.216E-24  1.193E-14
3.664E+02  1.266E-24  1.231E-14
3.631E+02  1.318E-24  1.269E-14
3.597E+02  1.372E-24  1.309E-14
3.565E+02  1.428E-24  1.350E-14
3.532E+02  1.486E-24  1.393E-14
3.499E+02  1.547E-24  1.436E-14
3.467E+02  1.610E-24  1.481E-14
3.436E+02  1.676E-24  1.527E-14
3.404E+02  1.745E-24  1.575E-14
3.373E+02  1.816E-24  1.624E-14
3.342E+02  1.890E-24  1.675E-14
3.311E+02  1.967E-24  1.727E-14
3.281E+02  2.047E-24  1.781E-14
3.251E+02  2.130E-24  1.837E-14
3.221E+02  2.217E-24  1.894E-14
3.192E+02  2.307E-24  1.953E-14
3.162E+02  2.400E-24  2.014E-14
3.133E+02  2.498E-24  2.076E-14
3.105E+02  2.599E-24  2.140E-14
3.076E+02  2.704E-24  2.207E-14
3.048E+02  2.814E-24  2.275E-14
3.020E+02  2.928E-24  2.345E-14
2.992E+02  3.046E-24  2.418E-14
2.965E+02  3.169E-24  2.492E-14
2.938E+02  3.297E-24  2.569E-14
2.911E+02  3.430E-24  2.648E-14
2.884E+02  3.568E-24  2.729E-14
2.858E+02  3.711E-24  2.813E-14
2.831E+02  3.860E-24  2.899E-14
2.805E+02  4.015E-24  2.988E-14
2.780E+02  4.176E-24  3.079E-14
2.754E+02  4.343E-24  3.173E-14
2.729E+02  4.517E-24  3.270E-14
2.704E+02  4.699E-24  3.370E-14
2.679E+02  4.887E-24  3.473E-14
2.655E+02  5.083E-24  3.579E-14
2.630E+02  5.286E-24  3.688E-14
2.606E+02  5.497E-24  3.800E-14
2.582E+02  5.716E-24  3.915E-14
2.559E+02  5.943E-24  4.034E-14
2.535E+02  6.178E-24  4.154E-14
2.512E+02  6.420E-24  4.278E-14
2.489E+02  6.669E-24  4.403E-14
2.466E+02  6.922E-24  4.528E-14
2.443E+02  7.183E-24  4.656E-14
2.421E+02  7.452E-24  4.786E-14
2.399E+02  7.729E-24  4.918E-14
2.377E+02  8.012E-24  5.051E-14
2.355E+02  8.304E-24  5.187E-14
2.333E+02  8.606E-24  5.327E-14
2.312E+02  8.918E-24  5.469E-14
2.291E+02  9.240E-24  5.615E-14
2.270E+02  9.574E-24  5.764E-14
2.249E+02  9.918E-24  5.917E-14
2.228E+02  1.027E-23  6.073E-14
2.208E+02  1.064E-23  6.233E-14
2.188E+02  1.102E-23  6.396E-14
2.168E+02  1.141E-23  6.563E-14
2.148E+02  1.182E-23  6.733E-14
2.128E+02  1.224E-23  6.908E-14
2.109E+02  1.267E-23  7.086E-14
2.089E+02  1.311E-23  7.267E-14
2.070E+02  1.357E-23  7.453E-14
2.051E+02  1.405E-23  7.642E-14
2.032E+02  1.453E-23  7.836E-14
2.014E+02  1.504E-23  8.033E-14
1.995E+02  1.556E-23  8.235E-14
1.977E+02  1.610E-23  8.441E-14
1.959E+02  1.665E-23  8.651E-14
1.941E+02  1.722E-23  8.865E-14
1.923E+02  1.781E-23  9.083E-14
1.905E+02  1.841E-23  9.306E-14
1.888E+02  1.904E-23  9.534E-14
1.871E+02  1.968E-23  9.766E-14
1.854E+02  2.034E-23  1.000E-13
1.837E+02  2.103E-23  1.024E-13
1.820E+02  2.173E-23  1.049E-13
1.803E+02  2.246E-23  1.074E-13
1.786E+02  2.321E-23  1.100E-13
1.770E+02  2.398E-23  1.126E-13
1.754E+02  2.477E-23  1.152E-13
1.738E+02  2.559E-23  1.180E-13
1.722E+02  2.643E-23  1.207E-13
1.706E+02  2.730E-23  1.236E-13
1.690E+02  2.820E-23  1.264E-13
1.675E+02  2.912E-23  1.294E-13
1.660E+02  3.008E-23  1.324E-13
1.644E+02  3.106E-23  1.355E-13
1.629E+02  3.207E-23  1.386E-13
1.614E+02  3.312E-23  1.418E-13
1.600E+02  3.420E-23  1.451E-13
1.585E+02  3.532E-23  1.485E-13
1.570E+02  3.647E-23  1.519E-13
1.556E+02  3.766E-23  1.555E-13
1.542E+02  3.890E-23  1.591E-13
1.528E+02  4.017E-23  1.628E-13
1.514E+02  4.149E-23  1.666E-13
1.500E+02  4.285E-23  1.705E-13
1.486E+02  4.426E-23  1.744E-13
1.472E+02  4.571E-23  1.785E-13
1.459E+02  4.719E-23  1.826E-13
1.445E+02  4.871E-23  1.868E-13
1.432E+02  5.025E-23  1.909E-13
1.419E+02  5.179E-23  1.949E-13
1.406E+02  5.331E-23  1.988E-13
1.393E+02  5.481E-23  2.026E-13
1.380E+02  5.627E-23  2.060E-13
1.368E+02  5.769E-23  2.093E-13
1.355E+02  5.908E-23  2.124E-13
1.343E+02  6.046E-23  2.153E-13
1.330E+02  6.183E-23  2.182E-13
1.318E+02  6.322E-23  2.211E-13
1.306E+02  6.464E-23  2.239E-13
1.294E+02  6.609E-23  2.269E-13
1.282E+02  6.757E-23  2.299E-13
1.271E+02  6.910E-23  2.329E-13
1.259E+02  7.067E-23  2.360E-13
1.247E+02  7.229E-23  2.392E-13
1.236E+02  7.395E-23  2.424E-13
1.225E+02  7.565E-23  2.457E-13
1.213E+02  7.740E-23  2.491E-13
1.202E+02  7.920E-23  2.526E-13
1.191E+02  8.103E-23  2.561E-13
1.180E+02  8.291E-23  2.596E-13
1.169E+02  8.482E-23  2.631E-13
1.159E+02  8.677E-23  2.667E-13
1.148E+02  8.876E-23  2.703E-13
1.138E+02  9.079E-23  2.740E-13
1.127E+02  9.285E-23  2.776E-13
1.117E+02  9.497E-23  2.814E-13
1.107E+02  9.713E-23  2.851E-13
1.096E+02  9.932E-23  2.889E-13
1.086E+02  1.016E-22  2.927E-13
1.076E+02  1.038E-22  2.965E-13
1.067E+02  1.061E-22  3.003E-13
1.057E+02  1.085E-22  3.041E-13
1.047E+02  1.108E-22  3.079E-13
1.038E+02  1.133E-22  3.117E-13
1.028E+02  1.157E-22  3.155E-13
1.019E+02  1.182E-22  3.192E-13
1.009E+02  1.207E-22  3.230E-13
1.000E+02  1.232E-22  3.268E-13
9.908E+01  1.257E-22  3.304E-13
9.817E+01  1.283E-22  3.341E-13
9.727E+01  1.309E-22  3.378E-13
9.638E+01  1.335E-22  3.414E-13
9.550E+01  1.362E-22  3.450E-13
9.462E+01  1.389E-22  3.486E-13
9.376E+01  1.416E-22  3.521E-13
9.290E+01  1.443E-22  3.556E-13
9.204E+01  1.470E-22  3.590E-13
9.120E+01  1.498E-22  3.624E-13
9.036E+01  1.526E-22  3.657E-13
8.954E+01  1.553E-22  3.689E-13
8.872E+01  1.581E-22  3.722E-13
8.790E+01  1.610E-22  3.753E-13
8.710E+01  1.638E-22  3.784E-13
8.630E+01  1.667E-22  3.815E-13
8.551E+01  1.695E-22  3.845E-13
8.472E+01  1.724E-22  3.874E-13
8.395E+01  1.753E-22  3.902E-13
8.318E+01  1.781E-22  3.930E-13
8.241E+01  1.810E-22  3.957E-13
8.166E+01  1.839E-22  3.984E-13
8.091E+01  1.868E-22  4.010E-13
8.017E+01  1.897E-22  4.035E-13
7.943E+01  1.926E-22  4.059E-13
7.870E+01  1.955E-22  4.082E-13
7.798E+01  1.984E-22  4.104E-13
7.727E+01  2.013E-22  4.125E-13
7.656E+01  2.041E-22  4.146E-13
7.586E+01  2.070E-22  4.165E-13
7.516E+01  2.098E-22  4.184E-13
7.447E+01  2.127E-22  4.201E-13
7.379E+01  2.154E-22  4.217E-13
7.311E+01  2.182E-22  4.232E-13
7.244E+01  2.209E-22  4.245E-13
7.178E+01  2.236E-22  4.258E-13
7.112E+01  2.263E-22  4.270E-13
7.047E+01  2.290E-22  4.281E-13
6.982E+01  2.317E-22  4.291E-13
6.918E+01  2.344E-22  4.301E-13
6.855E+01  2.369E-22  4.308E-13
6.792E+01  2.395E-22  4.315E-13
6.730E+01  2.420E-22  4.320E-13
6.668E+01  2.445E-22  4.325E-13
6.607E+01  2.470E-22  4.328E-13
6.546E+01  2.494E-22  4.330E-13
6.486E+01  2.517E-22  4.331E-13
6.427E+01  2.541E-22  4.331E-13
6.368E+01  2.564E-22  4.330E-13
6.310E+01  2.586E-22  4.328E-13
6.252E+01  2.608E-22  4.325E-13
6.194E+01  2.630E-22  4.321E-13
6.138E+01  2.651E-22  4.316E-13
6.081E+01  2.672E-22  4.310E-13
6.026E+01  2.692E-22  4.302E-13
5.970E+01  2.711E-22  4.293E-13
5.916E+01  2.730E-22  4.284E-13
5.861E+01  2.748E-22  4.273E-13
5.808E+01  2.766E-22  4.261E-13
5.754E+01  2.783E-22  4.249E-13
5.702E+01  2.800E-22  4.235E-13
5.649E+01  2.816E-22  4.220E-13
5.598E+01  2.832E-22  4.205E-13
5.546E+01  2.847E-22  4.189E-13
5.495E+01  2.862E-22  4.172E-13
5.445E+01  2.876E-22  4.154E-13
5.395E+01  2.889E-22  4.135E-13
5.346E+01  2.902E-22  4.115E-13
5.297E+01  2.914E-22  4.095E-13
5.248E+01  2.926E-22  4.074E-13
5.200E+01  2.937E-22  4.051E-13
5.152E+01  2.948E-22  4.029E-13
5.105E+01  2.957E-22  4.005E-13
5.058E+01  2.967E-22  3.980E-13
5.012E+01  2.975E-22  3.955E-13
4.966E+01  2.983E-22  3.929E-13
4.920E+01  2.990E-22  3.903E-13
4.875E+01  2.997E-22  3.875E-13
4.831E+01  3.003E-22  3.848E-13
4.786E+01  3.008E-22  3.819E-13
4.742E+01  3.013E-22  3.790E-13
4.699E+01  3.017E-22  3.760E-13
4.656E+01  3.020E-22  3.730E-13
4.613E+01  3.023E-22  3.699E-13
4.571E+01  3.025E-22  3.668E-13
4.529E+01  3.026E-22  3.635E-13
4.487E+01  3.027E-22  3.603E-13
4.446E+01  3.026E-22  3.569E-13
4.406E+01  3.025E-22  3.535E-13
4.365E+01  3.023E-22  3.500E-13
4.325E+01  3.020E-22  3.465E-13
4.285E+01  3.016E-22  3.428E-13
4.246E+01  3.010E-22  3.390E-13
4.207E+01  3.004E-22  3.352E-13
4.169E+01  2.996E-22  3.313E-13
4.130E+01  2.987E-22  3.272E-13
4.093E+01  2.976E-22  3.231E-13
4.055E+01  2.964E-22  3.188E-13
4.018E+01  2.950E-22  3.144E-13
3.981E+01  2.934E-22  3.098E-13
3.945E+01  2.917E-22  3.052E-13
3.908E+01  2.897E-22  3.003E-13
3.873E+01  2.875E-22  2.954E-13
3.837E+01  2.852E-22  2.902E-13
3.802E+01  2.826E-22  2.850E-13
3.767E+01  2.797E-22  2.795E-13
3.733E+01  2.766E-22  2.738E-13
3.698E+01  2.732E-22  2.680E-13
3.664E+01  2.695E-22  2.620E-13
3.631E+01  2.656E-22  2.558E-13
3.597E+01  2.614E-22  2.495E-13
3.565E+01  2.570E-22  2.430E-13
3.532E+01  2.523E-22  2.363E-13
3.499E+01  2.473E-22  2.295E-13
3.467E+01  2.420E-22  2.226E-13
3.436E+01  2.365E-22  2.155E-13
3.404E+01  2.307E-22  2.083E-13
3.373E+01  2.247E-22  2.011E-13
3.342E+01  2.186E-22  1.937E-13
3.311E+01  2.122E-22  1.864E-13
3.281E+01  2.057E-22  1.790E-13
3.251E+01  1.991E-22  1.716E-13
3.221E+01  1.923E-22  1.643E-13
3.192E+01  1.855E-22  1.570E-13
3.162E+01  1.786E-22  1.498E-13
3.133E+01  1.718E-22  1.428E-13
3.105E+01  1.649E-22  1.358E-13
3.076E+01  1.582E-22  1.290E-13
3.048E+01  1.515E-22  1.225E-13
3.020E+01  1.449E-22  1.161E-13
2.992E+01  1.385E-22  1.099E-13
2.965E+01  1.322E-22  1.040E-13
2.938E+01  1.261E-22  9.826E-14
2.911E+01  1.202E-22  9.281E-14
2.884E+01  1.145E-22  8.763E-14
2.858E+01  1.091E-22  8.270E-14
2.831E+01  1.039E-22  7.804E-14
2.805E+01  9.896E-23  7.365E-14
2.780E+01  9.426E-23  6.951E-14
2.754E+01  8.981E-23  6.561E-14
2.729E+01  8.559E-23  6.196E-14
2.704E+01  8.164E-23  5.855E-14
2.679E+01  7.792E-23  5.537E-14
2.655E+01  7.442E-23  5.240E-14
2.630E+01  7.116E-23  4.965E-14
2.606E+01  6.810E-23  4.708E-14
2.582E+01  6.527E-23  4.470E-14
2.559E+01  6.263E-23  4.250E-14
2.535E+01  6.018E-23  4.047E-14
2.512E+01  5.791E-23  3.859E-14
2.489E+01  5.581E-23  3.685E-14
2.466E+01  5.387E-23  3.524E-14
2.443E+01  5.208E-23  3.376E-14
2.421E+01  5.044E-23  3.239E-14
2.399E+01  4.892E-23  3.113E-14
2.377E+01  4.753E-23  2.996E-14
2.355E+01  4.626E-23  2.890E-14
2.333E+01  4.511E-23  2.792E-14
2.312E+01  4.405E-23  2.701E-14
2.291E+01  4.308E-23  2.618E-14
2.270E+01  4.222E-23  2.542E-14
2.249E+01  4.145E-23  2.473E-14
2.228E+01  4.076E-23  2.409E-14
2.208E+01  4.014E-23  2.351E-14
2.188E+01  3.957E-23  2.297E-14
2.168E+01  3.907E-23  2.246E-14
2.148E+01  3.863E-23  2.201E-14
2.128E+01  3.824E-23  2.159E-14
2.109E+01  3.792E-23  2.121E-14
2.089E+01  3.764E-23  2.086E-14
2.070E+01  3.740E-23  2.054E-14
2.051E+01  3.720E-23  2.024E-14
2.032E+01  3.706E-23  1.998E-14
2.014E+01  3.697E-23  1.975E-14
1.995E+01  3.692E-23  1.954E-14
1.977E+01  3.691E-23  1.936E-14
1.959E+01  3.694E-23  1.919E-14
1.941E+01  3.701E-23  1.906E-14
1.923E+01  3.714E-23  1.895E-14
1.905E+01  3.734E-23  1.887E-14
1.888E+01  3.762E-23  1.884E-14
1.871E+01  3.802E-23  1.886E-14
1.854E+01  3.859E-23  1.897E-14
1.837E+01  3.944E-23  1.921E-14
1.820E+01  4.083E-23  1.971E-14
1.803E+01  4.367E-23  2.088E-14
1.786E+01  4.838E-23  2.293E-14
1.770E+01  4.838E-23  2.272E-14
1.754E+01  5.295E-23  2.463E-14
1.738E+01  6.561E-23  3.024E-14
1.722E+01  6.062E-23  2.769E-14
1.706E+01  6.011E-23  2.720E-14
1.690E+01  5.831E-23  2.615E-14
1.675E+01  5.551E-23  2.466E-14
1.660E+01  5.716E-23  2.516E-14
1.644E+01  6.911E-23  3.014E-14
1.629E+01  5.050E-23  2.183E-14
1.614E+01  4.426E-23  1.895E-14
1.600E+01  4.572E-23  1.940E-14
1.585E+01  4.557E-23  1.916E-14
1.570E+01  3.876E-23  1.615E-14
1.556E+01  3.550E-23  1.465E-14
1.542E+01  3.389E-23  1.386E-14
1.528E+01  3.288E-23  1.332E-14
1.514E+01  3.217E-23  1.292E-14
1.500E+01  3.165E-23  1.259E-14
1.486E+01  3.126E-23  1.232E-14
1.472E+01  3.106E-23  1.213E-14
1.459E+01  3.113E-23  1.204E-14
1.445E+01  3.177E-23  1.218E-14
1.432E+01  3.369E-23  1.280E-14
1.419E+01  3.580E-23  1.347E-14
1.406E+01  3.361E-23  1.253E-14
1.393E+01  3.193E-23  1.180E-14
1.380E+01  3.232E-23  1.184E-14
1.368E+01  3.541E-23  1.285E-14
1.355E+01  3.664E-23  1.317E-14
1.343E+01  3.384E-23  1.205E-14
1.330E+01  3.387E-23  1.195E-14
1.318E+01  3.582E-23  1.253E-14
1.306E+01  3.972E-23  1.376E-14
1.294E+01  4.650E-23  1.596E-14
1.282E+01  5.739E-23  1.952E-14
1.271E+01  7.089E-23  2.389E-14
1.259E+01  7.664E-23  2.559E-14
1.247E+01  6.872E-23  2.274E-14
1.236E+01  5.904E-23  1.936E-14
1.225E+01  5.498E-23  1.786E-14
1.213E+01  5.602E-23  1.803E-14
1.202E+01  5.797E-23  1.849E-14
1.191E+01  5.588E-23  1.766E-14
1.180E+01  5.139E-23  1.609E-14
1.169E+01  4.992E-23  1.548E-14
1.159E+01  5.543E-23  1.704E-14
1.148E+01  7.406E-23  2.255E-14
1.138E+01  1.133E-22  3.420E-14
1.127E+01  1.577E-22  4.715E-14
1.117E+01  1.076E-22  3.187E-14
1.107E+01  5.688E-23  1.670E-14
1.096E+01  3.884E-23  1.130E-14
1.086E+01  3.033E-23  8.742E-15
1.076E+01  2.567E-23  7.330E-15
1.067E+01  2.284E-23  6.462E-15
1.057E+01  2.100E-23  5.886E-15
1.047E+01  1.973E-23  5.480E-15
1.038E+01  1.883E-23  5.182E-15
1.028E+01  1.817E-23  4.955E-15
1.019E+01  1.769E-23  4.779E-15
1.009E+01  1.735E-23  4.645E-15
1.000E+01  1.713E-23  4.544E-15
9.908E+00  1.702E-23  4.474E-15
9.817E+00  1.702E-23  4.432E-15
9.727E+00  1.712E-23  4.417E-15
9.638E+00  1.732E-23  4.429E-15
9.550E+00  1.764E-23  4.469E-15
9.462E+00  1.809E-23  4.540E-15
9.376E+00  1.869E-23  4.649E-15
9.290E+00  1.951E-23  4.807E-15
9.204E+00  2.062E-23  5.035E-15
9.120E+00  2.218E-23  5.367E-15
9.036E+00  2.445E-23  5.861E-15
8.954E+00  2.789E-23  6.623E-15
8.872E+00  3.335E-23  7.849E-15
8.790E+00  4.234E-23  9.873E-15
8.710E+00  5.609E-23  1.296E-14
8.630E+00  6.892E-23  1.578E-14
8.551E+00  6.725E-23  1.525E-14
8.472E+00  5.825E-23  1.309E-14
8.395E+00  5.362E-23  1.194E-14
8.318E+00  5.326E-23  1.175E-14
8.241E+00  5.553E-23  1.214E-14
8.166E+00  6.138E-23  1.329E-14
8.091E+00  7.259E-23  1.558E-14
8.017E+00  9.055E-23  1.926E-14
7.943E+00  1.143E-22  2.409E-14
7.870E+00  1.360E-22  2.839E-14
7.798E+00  1.462E-22  3.024E-14
7.727E+00  1.521E-22  3.118E-14
7.656E+00  1.626E-22  3.303E-14
7.586E+00  1.606E-22  3.232E-14
7.516E+00  1.327E-22  2.645E-14
7.447E+00  1.005E-22  1.986E-14
7.379E+00  7.733E-23  1.514E-14
7.311E+00  6.191E-23  1.201E-14
7.244E+00  5.125E-23  9.848E-15
7.178E+00  4.352E-23  8.287E-15
7.112E+00  3.782E-23  7.135E-15
7.047E+00  3.368E-23  6.297E-15
6.982E+00  3.088E-23  5.719E-15
6.918E+00  2.926E-23  5.369E-15
6.855E+00  2.869E-23  5.217E-15
6.792E+00  2.888E-23  5.203E-15
6.730E+00  2.917E-23  5.207E-15
6.668E+00  2.881E-23  5.096E-15
6.607E+00  2.783E-23  4.877E-15
6.546E+00  2.721E-23  4.725E-15
6.486E+00  2.826E-23  4.863E-15
6.427E+00  3.261E-23  5.559E-15
6.368E+00  4.351E-23  7.350E-15
6.310E+00  6.840E-23  1.145E-14
6.252E+00  1.113E-22  1.846E-14
6.194E+00  1.134E-22  1.863E-14
6.138E+00  6.810E-23  1.109E-14
6.081E+00  3.992E-23  6.440E-15
6.026E+00  2.679E-23  4.282E-15
5.970E+00  2.052E-23  3.251E-15
5.916E+00  1.769E-23  2.776E-15
5.861E+00  1.713E-23  2.664E-15
5.808E+00  1.871E-23  2.883E-15
5.754E+00  2.219E-23  3.387E-15
5.702E+00  2.422E-23  3.663E-15
5.649E+00  2.065E-23  3.095E-15
5.598E+00  1.539E-23  2.285E-15
5.546E+00  1.175E-23  1.728E-15
5.495E+00  9.623E-24  1.403E-15
5.445E+00  8.476E-24  1.224E-15
5.395E+00  8.055E-24  1.153E-15
5.346E+00  8.450E-24  1.198E-15
5.297E+00  9.953E-24  1.398E-15
5.248E+00  1.106E-23  1.539E-15
5.200E+00  8.947E-24  1.234E-15
5.152E+00  6.754E-24  9.230E-16
5.105E+00  5.550E-24  7.515E-16
5.058E+00  4.878E-24  6.545E-16
5.012E+00  4.458E-24  5.926E-16
4.966E+00  4.166E-24  5.488E-16
4.920E+00  3.949E-24  5.154E-16
4.875E+00  3.777E-24  4.885E-16
4.831E+00  3.637E-24  4.660E-16
4.786E+00  3.519E-24  4.467E-16
4.742E+00  3.417E-24  4.299E-16
4.699E+00  3.329E-24  4.149E-16
4.656E+00  3.251E-24  4.015E-16
4.613E+00  3.181E-24  3.893E-16
4.571E+00  3.119E-24  3.781E-16
4.529E+00  3.062E-24  3.679E-16
4.487E+00  3.011E-24  3.584E-16
4.446E+00  2.964E-24  3.496E-16
4.406E+00  2.922E-24  3.414E-16
4.365E+00  2.883E-24  3.338E-16
4.325E+00  2.847E-24  3.267E-16
4.285E+00  2.815E-24  3.200E-16
4.246E+00  2.785E-24  3.137E-16
4.207E+00  2.758E-24  3.078E-16
4.169E+00  2.734E-24  3.023E-16
4.130E+00  2.712E-24  2.971E-16
4.093E+00  2.692E-24  2.922E-16
4.055E+00  2.675E-24  2.877E-16
4.018E+00  2.660E-24  2.836E-16
3.981E+00  2.649E-24  2.797E-16
3.945E+00  2.640E-24  2.763E-16
3.908E+00  2.635E-24  2.732E-16
3.873E+00  2.634E-24  2.705E-16
3.837E+00  2.637E-24  2.684E-16
3.802E+00  2.646E-24  2.669E-16
3.767E+00  2.662E-24  2.660E-16
3.733E+00  2.686E-24  2.660E-16
3.698E+00  2.722E-24  2.670E-16
3.664E+00  2.772E-24  2.695E-16
3.631E+00  2.843E-24  2.738E-16
3.597E+00  2.944E-24  2.809E-16
3.565E+00  3.088E-24  2.920E-16
3.532E+00  3.300E-24  3.091E-16
3.499E+00  3.623E-24  3.363E-16
3.467E+00  4.146E-24  3.814E-16
3.436E+00  5.062E-24  4.613E-16
3.404E+00  6.871E-24  6.205E-16
3.373E+00  1.119E-23  1.001E-15
3.342E+00  2.550E-23  2.261E-15
3.311E+00  9.647E-23  8.474E-15
3.281E+00  6.588E-23  5.734E-15
3.251E+00  1.882E-23  1.623E-15
3.221E+00  8.984E-24  7.676E-16
3.192E+00  5.731E-24  4.851E-16
3.162E+00  4.293E-24  3.601E-16
3.133E+00  3.537E-24  2.940E-16
3.105E+00  3.090E-24  2.545E-16
3.076E+00  2.803E-24  2.287E-16
3.048E+00  2.605E-24  2.106E-16
3.020E+00  2.463E-24  1.973E-16
2.992E+00  2.356E-24  1.870E-16
2.965E+00  2.273E-24  1.787E-16
2.938E+00  2.206E-24  1.719E-16
2.911E+00  2.150E-24  1.660E-16
2.884E+00  2.103E-24  1.609E-16
2.858E+00  2.063E-24  1.564E-16
2.831E+00  2.027E-24  1.523E-16
2.805E+00  1.995E-24  1.485E-16
2.780E+00  1.967E-24  1.450E-16
2.754E+00  1.940E-24  1.417E-16
2.729E+00  1.915E-24  1.386E-16
2.704E+00  1.892E-24  1.357E-16
2.679E+00  1.870E-24  1.329E-16
2.655E+00  1.849E-24  1.302E-16
2.630E+00  1.829E-24  1.276E-16
2.606E+00  1.810E-24  1.251E-16
2.582E+00  1.791E-24  1.226E-16
2.559E+00  1.772E-24  1.203E-16
2.535E+00  1.754E-24  1.179E-16
2.512E+00  1.736E-24  1.157E-16
2.489E+00  1.719E-24  1.135E-16
2.466E+00  1.701E-24  1.113E-16
2.443E+00  1.683E-24  1.091E-16
2.421E+00  1.666E-24  1.070E-16
2.399E+00  1.649E-24  1.049E-16
2.377E+00  1.632E-24  1.029E-16
2.355E+00  1.615E-24  1.009E-16
2.333E+00  1.598E-24  9.893E-17
2.312E+00  1.582E-24  9.700E-17
2.291E+00  1.565E-24  9.510E-17
2.270E+00  1.548E-24  9.321E-17
2.249E+00  1.531E-24  9.135E-17
2.228E+00  1.514E-24  8.950E-17
2.208E+00  1.497E-24  8.766E-17
2.188E+00  1.479E-24  8.583E-17
2.168E+00  1.461E-24  8.400E-17
2.148E+00  1.442E-24  8.216E-17
2.128E+00  1.422E-24  8.030E-17
2.109E+00  1.402E-24  7.841E-17
2.089E+00  1.380E-24  7.647E-17
2.070E+00  1.356E-24  7.448E-17
2.051E+00  1.331E-24  7.240E-17
2.032E+00  1.302E-24  7.021E-17
2.014E+00  1.271E-24  6.787E-17
1.995E+00  1.235E-24  6.537E-17
1.977E+00  1.196E-24  6.271E-17
1.959E+00  1.154E-24  5.995E-17
1.941E+00  1.113E-24  5.731E-17
1.923E+00  1.081E-24  5.515E-17
1.905E+00  1.066E-24  5.386E-17
1.888E+00  1.069E-24  5.353E-17
1.871E+00  1.086E-24  5.388E-17
1.854E+00  1.107E-24  5.443E-17
1.837E+00  1.126E-24  5.484E-17
1.820E+00  1.139E-24  5.500E-17
1.803E+00  1.147E-24  5.488E-17
1.786E+00  1.151E-24  5.454E-17
1.770E+00  1.151E-24  5.404E-17
1.754E+00  1.148E-24  5.342E-17
1.738E+00  1.144E-24  5.271E-17
1.722E+00  1.138E-24  5.196E-17
1.706E+00  1.131E-24  5.117E-17
1.690E+00  1.123E-24  5.036E-17
1.675E+00  1.115E-24  4.954E-17
1.660E+00  1.107E-24  4.873E-17
1.644E+00  1.099E-24  4.792E-17
1.629E+00  1.090E-24  4.713E-17
1.614E+00  1.082E-24  4.635E-17
1.600E+00  1.075E-24  4.560E-17
1.585E+00  1.067E-24  4.488E-17
1.570E+00  1.061E-24  4.418E-17
1.556E+00  1.055E-24  4.353E-17
1.542E+00  1.049E-24  4.292E-17
1.528E+00  1.045E-24  4.235E-17
1.514E+00  1.042E-24  4.184E-17
1.500E+00  1.040E-24  4.139E-17
1.486E+00  1.040E-24  4.100E-17
1.472E+00  1.042E-24  4.069E-17
1.459E+00  1.046E-24  4.047E-17
1.445E+00  1.052E-24  4.035E-17
1.432E+00  1.062E-24  4.035E-17
1.419E+00  1.075E-24  4.048E-17
1.406E+00  1.093E-24  4.078E-17
1.393E+00  1.117E-24  4.126E-17
1.380E+00  1.146E-24  4.197E-17
1.368E+00  1.183E-24  4.294E-17
1.355E+00  1.230E-24  4.420E-17
1.343E+00  1.286E-24  4.580E-17
1.330E+00  1.353E-24  4.774E-17
1.318E+00  1.429E-24  4.997E-17
1.306E+00  1.510E-24  5.233E-17
1.294E+00  1.587E-24  5.447E-17
1.282E+00  1.643E-24  5.587E-17
1.271E+00  1.659E-24  5.591E-17
1.259E+00  1.622E-24  5.418E-17
1.247E+00  1.534E-24  5.075E-17
1.236E+00  1.410E-24  4.623E-17
1.225E+00  1.275E-24  4.140E-17
1.213E+00  1.146E-24  3.690E-17
1.202E+00  1.036E-24  3.303E-17
1.191E+00  9.459E-25  2.989E-17
1.180E+00  8.762E-25  2.743E-17
1.169E+00  8.247E-25  2.558E-17
1.159E+00  7.895E-25  2.427E-17
1.148E+00  7.694E-25  2.343E-17
1.138E+00  7.644E-25  2.307E-17
1.127E+00  7.757E-25  2.319E-17
1.117E+00  8.068E-25  2.390E-17
1.107E+00  8.639E-25  2.536E-17
1.096E+00  9.572E-25  2.784E-17
1.086E+00  1.101E-24  3.174E-17
1.076E+00  1.311E-24  3.744E-17
1.067E+00  1.575E-24  4.455E-17
1.057E+00  1.785E-24  5.004E-17
1.047E+00  1.749E-24  4.859E-17
1.038E+00  1.451E-24  3.994E-17
1.028E+00  1.100E-24  2.999E-17
1.019E+00  8.269E-25  2.234E-17
1.009E+00  6.422E-25  1.719E-17
1.000E+00  5.197E-25  1.379E-17
