Dust emission from Draine & Li (2007): ApJ 657, 810-837
================================================================
         1 = grain model
 4.000E-08 4.000E-01 0.000E+00 = a_01 (cm) , sigma_1 , b_C1/0.92
 2.500E-07 4.000E-01 0.000E+00 = a_02 (cm) , sigma_2 , b_C2/0.92
 8.000E-01 1.000E+05 2.000E+00 = Umin , Umax, beta (dN/dU propto U^{-beta})
 9.389E+00 = <U> 
     mmp83 = radfield
 4.191E-23 = power/H (erg s-1)
 band   nu*P_nu(band) j_nu(band)
 (um)   (erg s-1 H-1)(Jy cm2 sr-1 H-1)
1.270E+00  1.584E-26  5.337E-19 COBE-DIRBE
2.220E+00  1.888E-26  1.112E-18 COBE-DIRBE
3.530E+00  1.174E-25  1.099E-17 COBE-DIRBE
4.880E+00  6.257E-26  8.099E-18 COBE-DIRBE
1.229E+01  2.612E-24  8.515E-16 COBE-DIRBE
2.079E+01  8.368E-24  4.615E-15 COBE-DIRBE
5.599E+01  2.152E-23  3.196E-14 COBE-DIRBE
9.770E+01  1.388E-23  3.597E-14 COBE-DIRBE
1.479E+02  7.927E-24  3.110E-14 COBE-DIRBE
2.479E+02  2.210E-24  1.453E-14 COBE-DIRBE
1.200E+01  2.257E-24  7.186E-16 IRAS
2.500E+01  1.165E-23  7.726E-15 IRAS
6.000E+01  2.084E-23  3.316E-14 IRAS
1.000E+02  1.350E-23  3.582E-14 IRAS
3.550E+00  1.365E-25  1.285E-17 SST-IRAC
4.493E+00  4.109E-26  4.897E-18 SST-IRAC
5.731E+00  4.833E-25  7.347E-17 SST-IRAC
7.872E+00  2.017E-24  4.213E-16 SST-IRAC
2.368E+01  1.087E-23  6.825E-15 SST-MIPS
7.142E+01  1.662E-23  3.148E-14 SST-MIPS
1.559E+02  6.714E-24  2.776E-14 SST-MIPS
1.600E+01  4.021E-24  1.707E-15 SST-IRSPU
2.200E+01  1.027E-23  5.991E-15 SST-IRSPU











lambda    nu*dP/dnu     j_nu
 (um)   (erg s-1 H-1)(Jy cm2 sr-1 H-1)
1.000E+04  6.241E-31  1.656E-19
9.908E+03  6.470E-31  1.701E-19
9.817E+03  6.708E-31  1.747E-19
9.727E+03  6.954E-31  1.794E-19
9.638E+03  7.209E-31  1.843E-19
9.550E+03  7.473E-31  1.893E-19
9.462E+03  7.747E-31  1.945E-19
9.376E+03  8.032E-31  1.997E-19
9.290E+03  8.326E-31  2.052E-19
9.204E+03  8.632E-31  2.108E-19
9.120E+03  8.949E-31  2.165E-19
9.036E+03  9.277E-31  2.224E-19
8.954E+03  9.616E-31  2.284E-19
8.872E+03  9.967E-31  2.346E-19
8.790E+03  1.033E-30  2.409E-19
8.710E+03  1.071E-30  2.474E-19
8.630E+03  1.110E-30  2.541E-19
8.551E+03  1.151E-30  2.610E-19
8.472E+03  1.193E-30  2.681E-19
8.395E+03  1.237E-30  2.753E-19
8.318E+03  1.282E-30  2.828E-19
8.241E+03  1.329E-30  2.905E-19
8.166E+03  1.378E-30  2.984E-19
8.091E+03  1.428E-30  3.065E-19
8.017E+03  1.481E-30  3.149E-19
7.943E+03  1.535E-30  3.235E-19
7.870E+03  1.592E-30  3.323E-19
7.798E+03  1.650E-30  3.414E-19
7.727E+03  1.711E-30  3.507E-19
7.656E+03  1.774E-30  3.603E-19
7.586E+03  1.839E-30  3.701E-19
7.516E+03  1.907E-30  3.803E-19
7.447E+03  1.978E-30  3.907E-19
7.379E+03  2.051E-30  4.014E-19
7.311E+03  2.127E-30  4.124E-19
7.244E+03  2.205E-30  4.237E-19
7.178E+03  2.287E-30  4.354E-19
7.112E+03  2.371E-30  4.474E-19
7.047E+03  2.459E-30  4.597E-19
6.982E+03  2.550E-30  4.723E-19
6.918E+03  2.645E-30  4.853E-19
6.855E+03  2.743E-30  4.987E-19
6.792E+03  2.844E-30  5.124E-19
6.730E+03  2.950E-30  5.266E-19
6.668E+03  3.059E-30  5.411E-19
6.607E+03  3.173E-30  5.560E-19
6.546E+03  3.291E-30  5.714E-19
6.486E+03  3.413E-30  5.872E-19
6.427E+03  3.540E-30  6.035E-19
6.368E+03  3.672E-30  6.202E-19
6.310E+03  3.808E-30  6.374E-19
6.252E+03  3.950E-30  6.551E-19
6.194E+03  4.098E-30  6.733E-19
6.138E+03  4.251E-30  6.920E-19
6.081E+03  4.409E-30  7.113E-19
6.026E+03  4.574E-30  7.311E-19
5.970E+03  4.745E-30  7.514E-19
5.916E+03  4.922E-30  7.724E-19
5.861E+03  5.107E-30  7.940E-19
5.808E+03  5.298E-30  8.161E-19
5.754E+03  5.496E-30  8.389E-19
5.702E+03  5.702E-30  8.624E-19
5.649E+03  5.916E-30  8.866E-19
5.598E+03  6.138E-30  9.114E-19
5.546E+03  6.369E-30  9.369E-19
5.495E+03  6.608E-30  9.632E-19
5.445E+03  6.856E-30  9.903E-19
5.395E+03  7.114E-30  1.018E-18
5.346E+03  7.382E-30  1.047E-18
5.297E+03  7.660E-30  1.076E-18
5.248E+03  7.948E-30  1.106E-18
5.200E+03  8.248E-30  1.138E-18
5.152E+03  8.559E-30  1.170E-18
5.105E+03  8.882E-30  1.203E-18
5.058E+03  9.217E-30  1.237E-18
5.012E+03  9.565E-30  1.272E-18
4.966E+03  9.927E-30  1.308E-18
4.920E+03  1.030E-29  1.345E-18
4.875E+03  1.069E-29  1.383E-18
4.831E+03  1.110E-29  1.422E-18
4.786E+03  1.152E-29  1.462E-18
4.742E+03  1.195E-29  1.504E-18
4.699E+03  1.240E-29  1.546E-18
4.656E+03  1.288E-29  1.590E-18
4.613E+03  1.336E-29  1.635E-18
4.571E+03  1.387E-29  1.682E-18
4.529E+03  1.440E-29  1.730E-18
4.487E+03  1.495E-29  1.779E-18
4.446E+03  1.551E-29  1.830E-18
4.406E+03  1.611E-29  1.882E-18
4.365E+03  1.672E-29  1.936E-18
4.325E+03  1.736E-29  1.991E-18
4.285E+03  1.802E-29  2.048E-18
4.246E+03  1.871E-29  2.107E-18
4.207E+03  1.942E-29  2.167E-18
4.169E+03  2.016E-29  2.229E-18
4.130E+03  2.093E-29  2.293E-18
4.093E+03  2.173E-29  2.359E-18
4.055E+03  2.256E-29  2.427E-18
4.018E+03  2.343E-29  2.497E-18
3.981E+03  2.432E-29  2.569E-18
3.945E+03  2.526E-29  2.643E-18
3.908E+03  2.622E-29  2.719E-18
3.873E+03  2.723E-29  2.797E-18
3.837E+03  2.827E-29  2.877E-18
3.802E+03  2.936E-29  2.960E-18
3.767E+03  3.048E-29  3.046E-18
3.733E+03  3.165E-29  3.134E-18
3.698E+03  3.287E-29  3.225E-18
3.664E+03  3.414E-29  3.318E-18
3.631E+03  3.545E-29  3.414E-18
3.597E+03  3.682E-29  3.513E-18
3.565E+03  3.824E-29  3.615E-18
3.532E+03  3.971E-29  3.720E-18
3.499E+03  4.124E-29  3.829E-18
3.467E+03  4.284E-29  3.940E-18
3.436E+03  4.449E-29  4.055E-18
3.404E+03  4.621E-29  4.173E-18
3.373E+03  4.800E-29  4.295E-18
3.342E+03  4.986E-29  4.420E-18
3.311E+03  5.180E-29  4.549E-18
3.281E+03  5.380E-29  4.683E-18
3.251E+03  5.589E-29  4.820E-18
3.221E+03  5.806E-29  4.961E-18
3.192E+03  6.032E-29  5.106E-18
3.162E+03  6.266E-29  5.256E-18
3.133E+03  6.510E-29  5.411E-18
3.105E+03  6.763E-29  5.570E-18
3.076E+03  7.027E-29  5.733E-18
3.048E+03  7.300E-29  5.902E-18
3.020E+03  7.585E-29  6.076E-18
2.992E+03  7.881E-29  6.255E-18
2.965E+03  8.187E-29  6.439E-18
2.938E+03  8.506E-29  6.628E-18
2.911E+03  8.837E-29  6.823E-18
2.884E+03  9.182E-29  7.024E-18
2.858E+03  9.540E-29  7.231E-18
2.831E+03  9.913E-29  7.445E-18
2.805E+03  1.030E-28  7.665E-18
2.780E+03  1.070E-28  7.891E-18
2.754E+03  1.112E-28  8.125E-18
2.729E+03  1.156E-28  8.365E-18
2.704E+03  1.201E-28  8.613E-18
2.679E+03  1.248E-28  8.869E-18
2.655E+03  1.297E-28  9.132E-18
2.630E+03  1.348E-28  9.403E-18
2.606E+03  1.401E-28  9.683E-18
2.582E+03  1.456E-28  9.971E-18
2.559E+03  1.513E-28  1.027E-17
2.535E+03  1.572E-28  1.057E-17
2.512E+03  1.634E-28  1.089E-17
2.489E+03  1.699E-28  1.121E-17
2.466E+03  1.765E-28  1.155E-17
2.443E+03  1.835E-28  1.189E-17
2.421E+03  1.907E-28  1.225E-17
2.399E+03  1.983E-28  1.262E-17
2.377E+03  2.061E-28  1.299E-17
2.355E+03  2.142E-28  1.338E-17
2.333E+03  2.227E-28  1.378E-17
2.312E+03  2.315E-28  1.420E-17
2.291E+03  2.406E-28  1.462E-17
2.270E+03  2.502E-28  1.506E-17
2.249E+03  2.601E-28  1.551E-17
2.228E+03  2.703E-28  1.598E-17
2.208E+03  2.811E-28  1.646E-17
2.188E+03  2.922E-28  1.696E-17
2.168E+03  3.038E-28  1.747E-17
2.148E+03  3.158E-28  1.799E-17
2.128E+03  3.284E-28  1.854E-17
2.109E+03  3.414E-28  1.909E-17
2.089E+03  3.549E-28  1.967E-17
2.070E+03  3.690E-28  2.026E-17
2.051E+03  3.837E-28  2.088E-17
2.032E+03  3.990E-28  2.151E-17
2.014E+03  4.148E-28  2.216E-17
1.995E+03  4.313E-28  2.283E-17
1.977E+03  4.485E-28  2.352E-17
1.959E+03  4.663E-28  2.423E-17
1.941E+03  4.848E-28  2.496E-17
1.923E+03  5.041E-28  2.572E-17
1.905E+03  5.242E-28  2.650E-17
1.888E+03  5.451E-28  2.730E-17
1.871E+03  5.668E-28  2.813E-17
1.854E+03  5.894E-28  2.898E-17
1.837E+03  6.129E-28  2.986E-17
1.820E+03  6.373E-28  3.076E-17
1.803E+03  6.627E-28  3.170E-17
1.786E+03  6.892E-28  3.266E-17
1.770E+03  7.167E-28  3.365E-17
1.754E+03  7.453E-28  3.467E-17
1.738E+03  7.751E-28  3.573E-17
1.722E+03  8.060E-28  3.681E-17
1.706E+03  8.382E-28  3.793E-17
1.690E+03  8.717E-28  3.909E-17
1.675E+03  9.065E-28  4.027E-17
1.660E+03  9.427E-28  4.150E-17
1.644E+03  9.804E-28  4.276E-17
1.629E+03  1.020E-27  4.406E-17
1.614E+03  1.060E-27  4.541E-17
1.600E+03  1.103E-27  4.679E-17
1.585E+03  1.147E-27  4.821E-17
1.570E+03  1.193E-27  4.968E-17
1.556E+03  1.240E-27  5.119E-17
1.542E+03  1.290E-27  5.275E-17
1.528E+03  1.341E-27  5.436E-17
1.514E+03  1.395E-27  5.601E-17
1.500E+03  1.451E-27  5.772E-17
1.486E+03  1.509E-27  5.948E-17
1.472E+03  1.569E-27  6.129E-17
1.459E+03  1.632E-27  6.316E-17
1.445E+03  1.697E-27  6.508E-17
1.432E+03  1.765E-27  6.707E-17
1.419E+03  1.836E-27  6.911E-17
1.406E+03  1.910E-27  7.122E-17
1.393E+03  1.986E-27  7.339E-17
1.380E+03  2.065E-27  7.563E-17
1.368E+03  2.148E-27  7.793E-17
1.355E+03  2.234E-27  8.031E-17
1.343E+03  2.323E-27  8.276E-17
1.330E+03  2.416E-27  8.528E-17
1.318E+03  2.513E-27  8.788E-17
1.306E+03  2.614E-27  9.055E-17
1.294E+03  2.718E-27  9.331E-17
1.282E+03  2.827E-27  9.615E-17
1.271E+03  2.940E-27  9.908E-17
1.259E+03  3.057E-27  1.021E-16
1.247E+03  3.179E-27  1.052E-16
1.236E+03  3.306E-27  1.084E-16
1.225E+03  3.439E-27  1.117E-16
1.213E+03  3.576E-27  1.151E-16
1.202E+03  3.719E-27  1.186E-16
1.191E+03  3.867E-27  1.222E-16
1.180E+03  4.021E-27  1.259E-16
1.169E+03  4.181E-27  1.297E-16
1.159E+03  4.348E-27  1.337E-16
1.148E+03  4.521E-27  1.377E-16
1.138E+03  4.702E-27  1.419E-16
1.127E+03  4.889E-27  1.462E-16
1.117E+03  5.083E-27  1.506E-16
1.107E+03  5.286E-27  1.552E-16
1.096E+03  5.496E-27  1.599E-16
1.086E+03  5.714E-27  1.647E-16
1.076E+03  5.942E-27  1.697E-16
1.067E+03  6.178E-27  1.748E-16
1.057E+03  6.423E-27  1.800E-16
1.047E+03  6.678E-27  1.855E-16
1.038E+03  6.942E-27  1.911E-16
1.028E+03  7.217E-27  1.968E-16
1.019E+03  7.503E-27  2.027E-16
1.009E+03  7.800E-27  2.088E-16
1.000E+03  8.109E-27  2.151E-16
9.908E+02  8.430E-27  2.216E-16
9.817E+02  8.764E-27  2.282E-16
9.727E+02  9.110E-27  2.351E-16
9.638E+02  9.470E-27  2.421E-16
9.550E+02  9.845E-27  2.494E-16
9.462E+02  1.023E-26  2.568E-16
9.376E+02  1.064E-26  2.645E-16
9.290E+02  1.106E-26  2.724E-16
9.204E+02  1.149E-26  2.806E-16
9.120E+02  1.194E-26  2.890E-16
9.036E+02  1.241E-26  2.976E-16
8.954E+02  1.290E-26  3.064E-16
8.872E+02  1.341E-26  3.155E-16
8.790E+02  1.393E-26  3.249E-16
8.710E+02  1.448E-26  3.345E-16
8.630E+02  1.505E-26  3.444E-16
8.551E+02  1.564E-26  3.546E-16
8.472E+02  1.625E-26  3.651E-16
8.395E+02  1.688E-26  3.759E-16
8.318E+02  1.754E-26  3.869E-16
8.241E+02  1.822E-26  3.983E-16
8.166E+02  1.893E-26  4.100E-16
8.091E+02  1.967E-26  4.221E-16
8.017E+02  2.043E-26  4.344E-16
7.943E+02  2.122E-26  4.471E-16
7.870E+02  2.204E-26  4.602E-16
7.798E+02  2.290E-26  4.736E-16
7.727E+02  2.378E-26  4.874E-16
7.656E+02  2.470E-26  5.016E-16
7.586E+02  2.565E-26  5.162E-16
7.516E+02  2.664E-26  5.312E-16
7.447E+02  2.767E-26  5.466E-16
7.379E+02  2.874E-26  5.625E-16
7.311E+02  2.985E-26  5.789E-16
7.244E+02  3.100E-26  5.957E-16
7.178E+02  3.219E-26  6.129E-16
7.112E+02  3.343E-26  6.307E-16
7.047E+02  3.472E-26  6.490E-16
6.982E+02  3.605E-26  6.677E-16
6.918E+02  3.744E-26  6.870E-16
6.855E+02  3.887E-26  7.069E-16
6.792E+02  4.037E-26  7.272E-16
6.730E+02  4.191E-26  7.481E-16
6.668E+02  4.351E-26  7.696E-16
6.607E+02  4.517E-26  7.917E-16
6.546E+02  4.690E-26  8.144E-16
6.486E+02  4.870E-26  8.379E-16
6.427E+02  5.056E-26  8.620E-16
6.368E+02  5.250E-26  8.868E-16
6.310E+02  5.451E-26  9.123E-16
6.252E+02  5.659E-26  9.384E-16
6.194E+02  5.875E-26  9.654E-16
6.138E+02  6.100E-26  9.930E-16
6.081E+02  6.332E-26  1.021E-15
6.026E+02  6.574E-26  1.051E-15
5.970E+02  6.824E-26  1.081E-15
5.916E+02  7.084E-26  1.112E-15
5.861E+02  7.354E-26  1.143E-15
5.808E+02  7.633E-26  1.176E-15
5.754E+02  7.924E-26  1.209E-15
5.702E+02  8.225E-26  1.244E-15
5.649E+02  8.537E-26  1.279E-15
5.598E+02  8.861E-26  1.316E-15
5.546E+02  9.197E-26  1.353E-15
5.495E+02  9.545E-26  1.391E-15
5.445E+02  9.906E-26  1.431E-15
5.395E+02  1.028E-25  1.471E-15
5.346E+02  1.067E-25  1.513E-15
5.297E+02  1.107E-25  1.556E-15
5.248E+02  1.149E-25  1.600E-15
5.200E+02  1.192E-25  1.645E-15
5.152E+02  1.237E-25  1.691E-15
5.105E+02  1.284E-25  1.739E-15
5.058E+02  1.332E-25  1.787E-15
5.012E+02  1.382E-25  1.837E-15
4.966E+02  1.434E-25  1.889E-15
4.920E+02  1.488E-25  1.942E-15
4.875E+02  1.543E-25  1.996E-15
4.831E+02  1.601E-25  2.052E-15
4.786E+02  1.661E-25  2.109E-15
4.742E+02  1.723E-25  2.167E-15
4.699E+02  1.787E-25  2.228E-15
4.656E+02  1.854E-25  2.289E-15
4.613E+02  1.923E-25  2.353E-15
4.571E+02  1.994E-25  2.418E-15
4.529E+02  2.068E-25  2.484E-15
4.487E+02  2.145E-25  2.553E-15
4.446E+02  2.224E-25  2.623E-15
4.406E+02  2.306E-25  2.695E-15
4.365E+02  2.391E-25  2.769E-15
4.325E+02  2.479E-25  2.844E-15
4.285E+02  2.570E-25  2.922E-15
4.246E+02  2.665E-25  3.001E-15
4.207E+02  2.762E-25  3.083E-15
4.169E+02  2.864E-25  3.167E-15
4.130E+02  2.968E-25  3.252E-15
4.093E+02  3.077E-25  3.340E-15
4.055E+02  3.189E-25  3.430E-15
4.018E+02  3.305E-25  3.522E-15
3.981E+02  3.425E-25  3.617E-15
3.945E+02  3.550E-25  3.714E-15
3.908E+02  3.678E-25  3.813E-15
3.873E+02  3.811E-25  3.915E-15
3.837E+02  3.949E-25  4.019E-15
3.802E+02  4.091E-25  4.126E-15
3.767E+02  4.239E-25  4.236E-15
3.733E+02  4.391E-25  4.347E-15
3.698E+02  4.549E-25  4.462E-15
3.664E+02  4.711E-25  4.579E-15
3.631E+02  4.880E-25  4.700E-15
3.597E+02  5.054E-25  4.822E-15
3.565E+02  5.233E-25  4.948E-15
3.532E+02  5.419E-25  5.077E-15
3.499E+02  5.611E-25  5.209E-15
3.467E+02  5.809E-25  5.343E-15
3.436E+02  6.014E-25  5.481E-15
3.404E+02  6.226E-25  5.622E-15
3.373E+02  6.445E-25  5.766E-15
3.342E+02  6.670E-25  5.913E-15
3.311E+02  6.903E-25  6.064E-15
3.281E+02  7.144E-25  6.217E-15
3.251E+02  7.392E-25  6.374E-15
3.221E+02  7.649E-25  6.535E-15
3.192E+02  7.913E-25  6.699E-15
3.162E+02  8.186E-25  6.867E-15
3.133E+02  8.467E-25  7.038E-15
3.105E+02  8.758E-25  7.212E-15
3.076E+02  9.058E-25  7.391E-15
3.048E+02  9.367E-25  7.573E-15
3.020E+02  9.685E-25  7.758E-15
2.992E+02  1.001E-24  7.948E-15
2.965E+02  1.035E-24  8.141E-15
2.938E+02  1.070E-24  8.338E-15
2.911E+02  1.106E-24  8.539E-15
2.884E+02  1.143E-24  8.744E-15
2.858E+02  1.181E-24  8.954E-15
2.831E+02  1.221E-24  9.167E-15
2.805E+02  1.261E-24  9.384E-15
2.780E+02  1.303E-24  9.605E-15
2.754E+02  1.346E-24  9.831E-15
2.729E+02  1.390E-24  1.006E-14
2.704E+02  1.436E-24  1.030E-14
2.679E+02  1.482E-24  1.054E-14
2.655E+02  1.531E-24  1.078E-14
2.630E+02  1.581E-24  1.103E-14
2.606E+02  1.632E-24  1.128E-14
2.582E+02  1.684E-24  1.154E-14
2.559E+02  1.738E-24  1.180E-14
2.535E+02  1.794E-24  1.206E-14
2.512E+02  1.850E-24  1.233E-14
2.489E+02  1.907E-24  1.259E-14
2.466E+02  1.965E-24  1.285E-14
2.443E+02  2.024E-24  1.312E-14
2.421E+02  2.084E-24  1.338E-14
2.399E+02  2.145E-24  1.365E-14
2.377E+02  2.207E-24  1.391E-14
2.355E+02  2.270E-24  1.418E-14
2.333E+02  2.335E-24  1.445E-14
2.312E+02  2.401E-24  1.472E-14
2.291E+02  2.468E-24  1.500E-14
2.270E+02  2.537E-24  1.528E-14
2.249E+02  2.608E-24  1.556E-14
2.228E+02  2.680E-24  1.584E-14
2.208E+02  2.754E-24  1.613E-14
2.188E+02  2.829E-24  1.642E-14
2.168E+02  2.906E-24  1.671E-14
2.148E+02  2.985E-24  1.700E-14
2.128E+02  3.065E-24  1.730E-14
2.109E+02  3.147E-24  1.760E-14
2.089E+02  3.230E-24  1.790E-14
2.070E+02  3.315E-24  1.820E-14
2.051E+02  3.402E-24  1.851E-14
2.032E+02  3.490E-24  1.882E-14
2.014E+02  3.581E-24  1.913E-14
1.995E+02  3.673E-24  1.944E-14
1.977E+02  3.766E-24  1.975E-14
1.959E+02  3.862E-24  2.006E-14
1.941E+02  3.959E-24  2.038E-14
1.923E+02  4.058E-24  2.070E-14
1.905E+02  4.159E-24  2.102E-14
1.888E+02  4.261E-24  2.134E-14
1.871E+02  4.366E-24  2.166E-14
1.854E+02  4.472E-24  2.199E-14
1.837E+02  4.580E-24  2.231E-14
1.820E+02  4.691E-24  2.264E-14
1.803E+02  4.803E-24  2.297E-14
1.786E+02  4.917E-24  2.330E-14
1.770E+02  5.033E-24  2.363E-14
1.754E+02  5.152E-24  2.397E-14
1.738E+02  5.272E-24  2.430E-14
1.722E+02  5.395E-24  2.464E-14
1.706E+02  5.519E-24  2.498E-14
1.690E+02  5.646E-24  2.532E-14
1.675E+02  5.776E-24  2.566E-14
1.660E+02  5.908E-24  2.601E-14
1.644E+02  6.042E-24  2.635E-14
1.629E+02  6.179E-24  2.670E-14
1.614E+02  6.318E-24  2.706E-14
1.600E+02  6.461E-24  2.741E-14
1.585E+02  6.606E-24  2.777E-14
1.570E+02  6.754E-24  2.814E-14
1.556E+02  6.906E-24  2.850E-14
1.542E+02  7.061E-24  2.887E-14
1.528E+02  7.219E-24  2.925E-14
1.514E+02  7.380E-24  2.963E-14
1.500E+02  7.545E-24  3.001E-14
1.486E+02  7.712E-24  3.040E-14
1.472E+02  7.883E-24  3.079E-14
1.459E+02  8.054E-24  3.117E-14
1.445E+02  8.226E-24  3.154E-14
1.432E+02  8.395E-24  3.189E-14
1.419E+02  8.560E-24  3.222E-14
1.406E+02  8.718E-24  3.251E-14
1.393E+02  8.865E-24  3.276E-14
1.380E+02  9.002E-24  3.296E-14
1.368E+02  9.128E-24  3.312E-14
1.355E+02  9.244E-24  3.323E-14
1.343E+02  9.354E-24  3.332E-14
1.330E+02  9.461E-24  3.339E-14
1.318E+02  9.566E-24  3.345E-14
1.306E+02  9.671E-24  3.351E-14
1.294E+02  9.777E-24  3.357E-14
1.282E+02  9.886E-24  3.363E-14
1.271E+02  9.997E-24  3.369E-14
1.259E+02  1.011E-23  3.376E-14
1.247E+02  1.023E-23  3.384E-14
1.236E+02  1.034E-23  3.392E-14
1.225E+02  1.047E-23  3.400E-14
1.213E+02  1.059E-23  3.409E-14
1.202E+02  1.072E-23  3.417E-14
1.191E+02  1.084E-23  3.426E-14
1.180E+02  1.097E-23  3.435E-14
1.169E+02  1.110E-23  3.444E-14
1.159E+02  1.123E-23  3.453E-14
1.148E+02  1.137E-23  3.462E-14
1.138E+02  1.150E-23  3.470E-14
1.127E+02  1.163E-23  3.479E-14
1.117E+02  1.177E-23  3.487E-14
1.107E+02  1.191E-23  3.496E-14
1.096E+02  1.205E-23  3.504E-14
1.086E+02  1.219E-23  3.512E-14
1.076E+02  1.233E-23  3.520E-14
1.067E+02  1.247E-23  3.527E-14
1.057E+02  1.261E-23  3.534E-14
1.047E+02  1.275E-23  3.541E-14
1.038E+02  1.289E-23  3.548E-14
1.028E+02  1.303E-23  3.554E-14
1.019E+02  1.317E-23  3.559E-14
1.009E+02  1.331E-23  3.564E-14
1.000E+02  1.345E-23  3.569E-14
9.908E+01  1.359E-23  3.573E-14
9.817E+01  1.373E-23  3.576E-14
9.727E+01  1.387E-23  3.579E-14
9.638E+01  1.401E-23  3.581E-14
9.550E+01  1.415E-23  3.583E-14
9.462E+01  1.428E-23  3.585E-14
9.376E+01  1.442E-23  3.586E-14
9.290E+01  1.455E-23  3.586E-14
9.204E+01  1.469E-23  3.586E-14
9.120E+01  1.482E-23  3.585E-14
9.036E+01  1.495E-23  3.584E-14
8.954E+01  1.508E-23  3.582E-14
8.872E+01  1.521E-23  3.580E-14
8.790E+01  1.534E-23  3.577E-14
8.710E+01  1.547E-23  3.574E-14
8.630E+01  1.560E-23  3.571E-14
8.551E+01  1.573E-23  3.568E-14
8.472E+01  1.586E-23  3.563E-14
8.395E+01  1.598E-23  3.559E-14
8.318E+01  1.611E-23  3.554E-14
8.241E+01  1.623E-23  3.548E-14
8.166E+01  1.636E-23  3.543E-14
8.091E+01  1.648E-23  3.537E-14
8.017E+01  1.660E-23  3.531E-14
7.943E+01  1.672E-23  3.524E-14
7.870E+01  1.684E-23  3.517E-14
7.798E+01  1.696E-23  3.509E-14
7.727E+01  1.708E-23  3.501E-14
7.656E+01  1.720E-23  3.493E-14
7.586E+01  1.732E-23  3.484E-14
7.516E+01  1.743E-23  3.476E-14
7.447E+01  1.755E-23  3.466E-14
7.379E+01  1.766E-23  3.457E-14
7.311E+01  1.777E-23  3.447E-14
7.244E+01  1.789E-23  3.437E-14
7.178E+01  1.800E-23  3.427E-14
7.112E+01  1.811E-23  3.416E-14
7.047E+01  1.822E-23  3.406E-14
6.982E+01  1.833E-23  3.395E-14
6.918E+01  1.844E-23  3.384E-14
6.855E+01  1.855E-23  3.373E-14
6.792E+01  1.866E-23  3.362E-14
6.730E+01  1.877E-23  3.350E-14
6.668E+01  1.888E-23  3.339E-14
6.607E+01  1.899E-23  3.327E-14
6.546E+01  1.909E-23  3.316E-14
6.486E+01  1.920E-23  3.304E-14
6.427E+01  1.931E-23  3.292E-14
6.368E+01  1.942E-23  3.280E-14
6.310E+01  1.953E-23  3.269E-14
6.252E+01  1.964E-23  3.257E-14
6.194E+01  1.975E-23  3.246E-14
6.138E+01  1.986E-23  3.234E-14
6.081E+01  1.998E-23  3.223E-14
6.026E+01  2.009E-23  3.211E-14
5.970E+01  2.020E-23  3.200E-14
5.916E+01  2.032E-23  3.188E-14
5.861E+01  2.043E-23  3.177E-14
5.808E+01  2.055E-23  3.166E-14
5.754E+01  2.067E-23  3.155E-14
5.702E+01  2.079E-23  3.144E-14
5.649E+01  2.091E-23  3.134E-14
5.598E+01  2.103E-23  3.123E-14
5.546E+01  2.116E-23  3.113E-14
5.495E+01  2.129E-23  3.103E-14
5.445E+01  2.142E-23  3.094E-14
5.395E+01  2.155E-23  3.084E-14
5.346E+01  2.169E-23  3.075E-14
5.297E+01  2.182E-23  3.066E-14
5.248E+01  2.196E-23  3.058E-14
5.200E+01  2.211E-23  3.049E-14
5.152E+01  2.225E-23  3.041E-14
5.105E+01  2.240E-23  3.033E-14
5.058E+01  2.255E-23  3.026E-14
5.012E+01  2.271E-23  3.019E-14
4.966E+01  2.286E-23  3.012E-14
4.920E+01  2.302E-23  3.005E-14
4.875E+01  2.319E-23  2.999E-14
4.831E+01  2.336E-23  2.993E-14
4.786E+01  2.353E-23  2.987E-14
4.742E+01  2.371E-23  2.982E-14
4.699E+01  2.389E-23  2.977E-14
4.656E+01  2.407E-23  2.973E-14
4.613E+01  2.426E-23  2.968E-14
4.571E+01  2.445E-23  2.964E-14
4.529E+01  2.465E-23  2.961E-14
4.487E+01  2.484E-23  2.957E-14
4.446E+01  2.505E-23  2.954E-14
4.406E+01  2.525E-23  2.951E-14
4.365E+01  2.546E-23  2.948E-14
4.325E+01  2.568E-23  2.946E-14
4.285E+01  2.589E-23  2.943E-14
4.246E+01  2.610E-23  2.940E-14
4.207E+01  2.632E-23  2.937E-14
4.169E+01  2.654E-23  2.934E-14
4.130E+01  2.675E-23  2.931E-14
4.093E+01  2.696E-23  2.927E-14
4.055E+01  2.717E-23  2.923E-14
4.018E+01  2.738E-23  2.918E-14
3.981E+01  2.758E-23  2.913E-14
3.945E+01  2.778E-23  2.907E-14
3.908E+01  2.797E-23  2.900E-14
3.873E+01  2.815E-23  2.891E-14
3.837E+01  2.832E-23  2.882E-14
3.802E+01  2.847E-23  2.871E-14
3.767E+01  2.861E-23  2.859E-14
3.733E+01  2.873E-23  2.845E-14
3.698E+01  2.884E-23  2.829E-14
3.664E+01  2.892E-23  2.811E-14
3.631E+01  2.898E-23  2.791E-14
3.597E+01  2.901E-23  2.769E-14
3.565E+01  2.902E-23  2.744E-14
3.532E+01  2.900E-23  2.717E-14
3.499E+01  2.895E-23  2.687E-14
3.467E+01  2.887E-23  2.655E-14
3.436E+01  2.875E-23  2.620E-14
3.404E+01  2.860E-23  2.583E-14
3.373E+01  2.842E-23  2.543E-14
3.342E+01  2.820E-23  2.500E-14
3.311E+01  2.794E-23  2.454E-14
3.281E+01  2.765E-23  2.407E-14
3.251E+01  2.733E-23  2.356E-14
3.221E+01  2.697E-23  2.304E-14
3.192E+01  2.657E-23  2.250E-14
3.162E+01  2.615E-23  2.194E-14
3.133E+01  2.570E-23  2.136E-14
3.105E+01  2.522E-23  2.077E-14
3.076E+01  2.472E-23  2.017E-14
3.048E+01  2.420E-23  1.957E-14
3.020E+01  2.366E-23  1.896E-14
2.992E+01  2.311E-23  1.834E-14
2.965E+01  2.255E-23  1.773E-14
2.938E+01  2.197E-23  1.712E-14
2.911E+01  2.140E-23  1.652E-14
2.884E+01  2.082E-23  1.593E-14
2.858E+01  2.024E-23  1.534E-14
2.831E+01  1.967E-23  1.477E-14
2.805E+01  1.910E-23  1.421E-14
2.780E+01  1.853E-23  1.367E-14
2.754E+01  1.798E-23  1.314E-14
2.729E+01  1.744E-23  1.263E-14
2.704E+01  1.691E-23  1.213E-14
2.679E+01  1.640E-23  1.165E-14
2.655E+01  1.590E-23  1.119E-14
2.630E+01  1.541E-23  1.075E-14
2.606E+01  1.494E-23  1.033E-14
2.582E+01  1.448E-23  9.920E-15
2.559E+01  1.404E-23  9.530E-15
2.535E+01  1.362E-23  9.158E-15
2.512E+01  1.321E-23  8.802E-15
2.489E+01  1.282E-23  8.461E-15
2.466E+01  1.244E-23  8.136E-15
2.443E+01  1.207E-23  7.826E-15
2.421E+01  1.172E-23  7.528E-15
2.399E+01  1.138E-23  7.243E-15
2.377E+01  1.106E-23  6.972E-15
2.355E+01  1.075E-23  6.716E-15
2.333E+01  1.045E-23  6.470E-15
2.312E+01  1.016E-23  6.233E-15
2.291E+01  9.886E-24  6.008E-15
2.270E+01  9.627E-24  5.796E-15
2.249E+01  9.382E-24  5.597E-15
2.228E+01  9.150E-24  5.408E-15
2.208E+01  8.925E-24  5.227E-15
2.188E+01  8.703E-24  5.051E-15
2.168E+01  8.488E-24  4.881E-15
2.148E+01  8.281E-24  4.718E-15
2.128E+01  8.086E-24  4.565E-15
2.109E+01  7.903E-24  4.420E-15
2.089E+01  7.724E-24  4.281E-15
2.070E+01  7.551E-24  4.146E-15
2.051E+01  7.383E-24  4.017E-15
2.032E+01  7.224E-24  3.894E-15
2.014E+01  7.081E-24  3.782E-15
1.995E+01  6.942E-24  3.674E-15
1.977E+01  6.807E-24  3.570E-15
1.959E+01  6.672E-24  3.467E-15
1.941E+01  6.538E-24  3.366E-15
1.923E+01  6.405E-24  3.267E-15
1.905E+01  6.274E-24  3.171E-15
1.888E+01  6.145E-24  3.077E-15
1.871E+01  6.020E-24  2.987E-15
1.854E+01  5.903E-24  2.902E-15
1.837E+01  5.799E-24  2.825E-15
1.820E+01  5.721E-24  2.762E-15
1.803E+01  5.717E-24  2.734E-15
1.786E+01  5.806E-24  2.751E-15
1.770E+01  5.661E-24  2.658E-15
1.754E+01  5.744E-24  2.672E-15
1.738E+01  6.229E-24  2.871E-15
1.722E+01  5.842E-24  2.668E-15
1.706E+01  5.682E-24  2.572E-15
1.690E+01  5.463E-24  2.450E-15
1.675E+01  5.200E-24  2.310E-15
1.660E+01  5.158E-24  2.270E-15
1.644E+01  5.620E-24  2.451E-15
1.629E+01  4.603E-24  1.990E-15
1.614E+01  4.195E-24  1.796E-15
1.600E+01  4.163E-24  1.767E-15
1.585E+01  4.060E-24  1.707E-15
1.570E+01  3.642E-24  1.517E-15
1.556E+01  3.400E-24  1.403E-15
1.542E+01  3.242E-24  1.326E-15
1.528E+01  3.118E-24  1.263E-15
1.514E+01  3.012E-24  1.209E-15
1.500E+01  2.918E-24  1.161E-15
1.486E+01  2.834E-24  1.117E-15
1.472E+01  2.762E-24  1.079E-15
1.459E+01  2.705E-24  1.047E-15
1.445E+01  2.678E-24  1.027E-15
1.432E+01  2.712E-24  1.030E-15
1.419E+01  2.757E-24  1.038E-15
1.406E+01  2.611E-24  9.740E-16
1.393E+01  2.493E-24  9.212E-16
1.380E+01  2.469E-24  9.041E-16
1.368E+01  2.566E-24  9.308E-16
1.355E+01  2.580E-24  9.274E-16
1.343E+01  2.419E-24  8.615E-16
1.330E+01  2.379E-24  8.397E-16
1.318E+01  2.420E-24  8.463E-16
1.306E+01  2.538E-24  8.793E-16
1.294E+01  2.766E-24  9.495E-16
1.282E+01  3.150E-24  1.071E-15
1.271E+01  3.627E-24  1.222E-15
1.259E+01  3.798E-24  1.268E-15
1.247E+01  3.449E-24  1.141E-15
1.236E+01  3.039E-24  9.963E-16
1.225E+01  2.843E-24  9.235E-16
1.213E+01  2.837E-24  9.132E-16
1.202E+01  2.866E-24  9.138E-16
1.191E+01  2.750E-24  8.689E-16
1.180E+01  2.553E-24  7.993E-16
1.169E+01  2.466E-24  7.651E-16
1.159E+01  2.628E-24  8.079E-16
1.148E+01  3.282E-24  9.997E-16
1.138E+01  4.535E-24  1.369E-15
1.127E+01  5.969E-24  1.785E-15
1.117E+01  4.215E-24  1.249E-15
1.107E+01  2.484E-24  7.290E-16
1.096E+01  1.857E-24  5.402E-16
1.086E+01  1.553E-24  4.476E-16
1.076E+01  1.379E-24  3.937E-16
1.067E+01  1.266E-24  3.583E-16
1.057E+01  1.187E-24  3.329E-16
1.047E+01  1.128E-24  3.133E-16
1.038E+01  1.081E-24  2.974E-16
1.028E+01  1.041E-24  2.839E-16
1.019E+01  1.008E-24  2.723E-16
1.009E+01  9.796E-25  2.623E-16
1.000E+01  9.560E-25  2.536E-16
9.908E+00  9.370E-25  2.463E-16
9.817E+00  9.221E-25  2.401E-16
9.727E+00  9.113E-25  2.351E-16
9.638E+00  9.048E-25  2.313E-16
9.550E+00  9.023E-25  2.286E-16
9.462E+00  9.046E-25  2.271E-16
9.376E+00  9.126E-25  2.270E-16
9.290E+00  9.283E-25  2.287E-16
9.204E+00  9.546E-25  2.331E-16
9.120E+00  9.970E-25  2.412E-16
9.036E+00  1.064E-24  2.551E-16
8.954E+00  1.172E-24  2.783E-16
8.872E+00  1.348E-24  3.173E-16
8.790E+00  1.643E-24  3.831E-16
8.710E+00  2.092E-24  4.833E-16
8.630E+00  2.494E-24  5.709E-16
8.551E+00  2.401E-24  5.445E-16
8.472E+00  2.072E-24  4.657E-16
8.395E+00  1.898E-24  4.227E-16
8.318E+00  1.869E-24  4.124E-16
8.241E+00  1.928E-24  4.215E-16
8.166E+00  2.103E-24  4.556E-16
8.091E+00  2.445E-24  5.248E-16
8.017E+00  2.991E-24  6.361E-16
7.943E+00  3.699E-24  7.793E-16
7.870E+00  4.310E-24  8.998E-16
7.798E+00  4.541E-24  9.394E-16
7.727E+00  4.631E-24  9.492E-16
7.656E+00  4.852E-24  9.854E-16
7.586E+00  4.697E-24  9.451E-16
7.516E+00  3.807E-24  7.591E-16
7.447E+00  2.834E-24  5.599E-16
7.379E+00  2.143E-24  4.195E-16
7.311E+00  1.686E-24  3.270E-16
7.244E+00  1.372E-24  2.636E-16
7.178E+00  1.144E-24  2.179E-16
7.112E+00  9.766E-25  1.842E-16
7.047E+00  8.537E-25  1.596E-16
6.982E+00  7.674E-25  1.421E-16
6.918E+00  7.124E-25  1.307E-16
6.855E+00  6.837E-25  1.243E-16
6.792E+00  6.731E-25  1.213E-16
6.730E+00  6.651E-25  1.187E-16
6.668E+00  6.434E-25  1.138E-16
6.607E+00  6.092E-25  1.068E-16
6.546E+00  5.839E-25  1.014E-16
6.486E+00  5.935E-25  1.021E-16
6.427E+00  6.688E-25  1.140E-16
6.368E+00  8.706E-25  1.471E-16
6.310E+00  1.335E-24  2.235E-16
6.252E+00  2.126E-24  3.526E-16
6.194E+00  2.127E-24  3.495E-16
6.138E+00  1.259E-24  2.050E-16
6.081E+00  7.290E-25  1.176E-16
6.026E+00  4.834E-25  7.727E-17
5.970E+00  3.657E-25  5.792E-17
5.916E+00  3.107E-25  4.876E-17
5.861E+00  2.959E-25  4.601E-17
5.808E+00  3.172E-25  4.886E-17
5.754E+00  3.688E-25  5.630E-17
5.702E+00  3.957E-25  5.984E-17
5.649E+00  3.329E-25  4.989E-17
5.598E+00  2.455E-25  3.645E-17
5.546E+00  1.855E-25  2.729E-17
5.495E+00  1.504E-25  2.192E-17
5.445E+00  1.309E-25  1.891E-17
5.395E+00  1.228E-25  1.757E-17
5.346E+00  1.268E-25  1.798E-17
5.297E+00  1.468E-25  2.063E-17
5.248E+00  1.607E-25  2.237E-17
5.200E+00  1.289E-25  1.778E-17
5.152E+00  9.668E-26  1.321E-17
5.105E+00  7.886E-26  1.068E-17
5.058E+00  6.874E-26  9.223E-18
5.012E+00  6.226E-26  8.276E-18
4.966E+00  5.765E-26  7.594E-18
4.920E+00  5.414E-26  7.067E-18
4.875E+00  5.133E-26  6.638E-18
4.831E+00  4.899E-26  6.277E-18
4.786E+00  4.700E-26  5.967E-18
4.742E+00  4.528E-26  5.696E-18
4.699E+00  4.377E-26  5.455E-18
4.656E+00  4.242E-26  5.239E-18
4.613E+00  4.123E-26  5.045E-18
4.571E+00  4.015E-26  4.868E-18
4.529E+00  3.917E-26  4.706E-18
4.487E+00  3.829E-26  4.558E-18
4.446E+00  3.749E-26  4.421E-18
4.406E+00  3.676E-26  4.295E-18
4.365E+00  3.609E-26  4.179E-18
4.325E+00  3.548E-26  4.071E-18
4.285E+00  3.493E-26  3.970E-18
4.246E+00  3.442E-26  3.877E-18
4.207E+00  3.396E-26  3.790E-18
4.169E+00  3.355E-26  3.709E-18
4.130E+00  3.317E-26  3.634E-18
4.093E+00  3.283E-26  3.565E-18
4.055E+00  3.254E-26  3.500E-18
4.018E+00  3.228E-26  3.441E-18
3.981E+00  3.207E-26  3.387E-18
3.945E+00  3.190E-26  3.338E-18
3.908E+00  3.178E-26  3.295E-18
3.873E+00  3.171E-26  3.258E-18
3.837E+00  3.171E-26  3.227E-18
3.802E+00  3.178E-26  3.205E-18
3.767E+00  3.193E-26  3.191E-18
3.733E+00  3.219E-26  3.187E-18
3.698E+00  3.260E-26  3.198E-18
3.664E+00  3.318E-26  3.225E-18
3.631E+00  3.402E-26  3.276E-18
3.597E+00  3.521E-26  3.360E-18
3.565E+00  3.694E-26  3.493E-18
3.532E+00  3.948E-26  3.699E-18
3.499E+00  4.338E-26  4.026E-18
3.467E+00  4.968E-26  4.570E-18
3.436E+00  6.073E-26  5.535E-18
3.404E+00  8.257E-26  7.456E-18
3.373E+00  1.347E-25  1.205E-17
3.342E+00  3.077E-25  2.727E-17
3.311E+00  1.166E-24  1.024E-16
3.281E+00  7.967E-25  6.934E-17
3.251E+00  2.275E-25  1.962E-17
3.221E+00  1.086E-25  9.276E-18
3.192E+00  6.919E-26  5.857E-18
3.162E+00  5.180E-26  4.345E-18
3.133E+00  4.265E-26  3.544E-18
3.105E+00  3.724E-26  3.067E-18
3.076E+00  3.377E-26  2.756E-18
3.048E+00  3.140E-26  2.539E-18
3.020E+00  2.970E-26  2.379E-18
2.992E+00  2.842E-26  2.256E-18
2.965E+00  2.743E-26  2.157E-18
2.938E+00  2.664E-26  2.076E-18
2.911E+00  2.599E-26  2.007E-18
2.884E+00  2.544E-26  1.946E-18
2.858E+00  2.498E-26  1.893E-18
2.831E+00  2.457E-26  1.845E-18
2.805E+00  2.421E-26  1.802E-18
2.780E+00  2.388E-26  1.761E-18
2.754E+00  2.359E-26  1.723E-18
2.729E+00  2.332E-26  1.688E-18
2.704E+00  2.306E-26  1.654E-18
2.679E+00  2.282E-26  1.622E-18
2.655E+00  2.260E-26  1.591E-18
2.630E+00  2.238E-26  1.562E-18
2.606E+00  2.217E-26  1.533E-18
2.582E+00  2.197E-26  1.505E-18
2.559E+00  2.178E-26  1.478E-18
2.535E+00  2.158E-26  1.451E-18
2.512E+00  2.140E-26  1.426E-18
2.489E+00  2.121E-26  1.400E-18
2.466E+00  2.103E-26  1.375E-18
2.443E+00  2.084E-26  1.351E-18
2.421E+00  2.066E-26  1.327E-18
2.399E+00  2.048E-26  1.303E-18
2.377E+00  2.030E-26  1.280E-18
2.355E+00  2.013E-26  1.257E-18
2.333E+00  1.995E-26  1.235E-18
2.312E+00  1.978E-26  1.213E-18
2.291E+00  1.960E-26  1.191E-18
2.270E+00  1.942E-26  1.169E-18
2.249E+00  1.925E-26  1.148E-18
2.228E+00  1.906E-26  1.127E-18
2.208E+00  1.888E-26  1.106E-18
2.188E+00  1.869E-26  1.085E-18
2.168E+00  1.850E-26  1.064E-18
2.148E+00  1.829E-26  1.042E-18
2.128E+00  1.808E-26  1.021E-18
2.109E+00  1.786E-26  9.988E-19
2.089E+00  1.762E-26  9.763E-19
2.070E+00  1.736E-26  9.530E-19
2.051E+00  1.707E-26  9.287E-19
2.032E+00  1.675E-26  9.031E-19
2.014E+00  1.639E-26  8.757E-19
1.995E+00  1.599E-26  8.463E-19
1.977E+00  1.554E-26  8.148E-19
1.959E+00  1.505E-26  7.822E-19
1.941E+00  1.459E-26  7.509E-19
1.923E+00  1.422E-26  7.252E-19
1.905E+00  1.404E-26  7.097E-19
1.888E+00  1.409E-26  7.056E-19
1.871E+00  1.430E-26  7.095E-19
1.854E+00  1.456E-26  7.159E-19
1.837E+00  1.479E-26  7.207E-19
1.820E+00  1.497E-26  7.224E-19
1.803E+00  1.507E-26  7.209E-19
1.786E+00  1.513E-26  7.168E-19
1.770E+00  1.514E-26  7.107E-19
1.754E+00  1.511E-26  7.031E-19
1.738E+00  1.507E-26  6.946E-19
1.722E+00  1.501E-26  6.854E-19
1.706E+00  1.493E-26  6.758E-19
1.690E+00  1.485E-26  6.660E-19
1.675E+00  1.477E-26  6.560E-19
1.660E+00  1.468E-26  6.461E-19
1.644E+00  1.459E-26  6.362E-19
1.629E+00  1.449E-26  6.264E-19
1.614E+00  1.441E-26  6.169E-19
1.600E+00  1.432E-26  6.076E-19
1.585E+00  1.424E-26  5.987E-19
1.570E+00  1.417E-26  5.901E-19
1.556E+00  1.410E-26  5.820E-19
1.542E+00  1.405E-26  5.744E-19
1.528E+00  1.400E-26  5.674E-19
1.514E+00  1.397E-26  5.610E-19
1.500E+00  1.396E-26  5.553E-19
1.486E+00  1.397E-26  5.505E-19
1.472E+00  1.400E-26  5.467E-19
1.459E+00  1.406E-26  5.439E-19
1.445E+00  1.415E-26  5.424E-19
1.432E+00  1.428E-26  5.424E-19
1.419E+00  1.446E-26  5.442E-19
1.406E+00  1.469E-26  5.480E-19
1.393E+00  1.500E-26  5.542E-19
1.380E+00  1.538E-26  5.633E-19
1.368E+00  1.587E-26  5.757E-19
1.355E+00  1.647E-26  5.921E-19
1.343E+00  1.720E-26  6.127E-19
1.330E+00  1.807E-26  6.378E-19
1.318E+00  1.907E-26  6.667E-19
1.306E+00  2.013E-26  6.973E-19
1.294E+00  2.113E-26  7.254E-19
1.282E+00  2.188E-26  7.442E-19
1.271E+00  2.212E-26  7.454E-19
1.259E+00  2.167E-26  7.238E-19
1.247E+00  2.056E-26  6.802E-19
1.236E+00  1.898E-26  6.223E-19
1.225E+00  1.725E-26  5.602E-19
1.213E+00  1.560E-26  5.020E-19
1.202E+00  1.417E-26  4.519E-19
1.191E+00  1.301E-26  4.111E-19
1.180E+00  1.211E-26  3.791E-19
1.169E+00  1.144E-26  3.550E-19
1.159E+00  1.099E-26  3.378E-19
1.148E+00  1.073E-26  3.269E-19
1.138E+00  1.067E-26  3.221E-19
1.127E+00  1.083E-26  3.239E-19
1.117E+00  1.126E-26  3.335E-19
1.107E+00  1.203E-26  3.530E-19
1.096E+00  1.329E-26  3.864E-19
1.086E+00  1.523E-26  4.390E-19
1.076E+00  1.807E-26  5.160E-19
1.067E+00  2.164E-26  6.122E-19
1.057E+00  2.451E-26  6.872E-19
1.047E+00  2.408E-26  6.687E-19
1.038E+00  2.008E-26  5.526E-19
1.028E+00  1.534E-26  4.183E-19
1.019E+00  1.165E-26  3.148E-19
1.009E+00  9.146E-27  2.449E-19
1.000E+00  7.481E-27  1.984E-19
