Dust emission from Draine & Li (2007): ApJ 657, 810-837
================================================================
         7 = grain model
 4.000E-08 4.000E-01 4.500E-05 = a_01 (cm) , sigma_1 , b_C1/0.92
 2.500E-07 4.000E-01 1.500E-05 = a_02 (cm) , sigma_2 , b_C2/0.92
 8.000E-01 1.000E+04 2.000E+00 = Umin , Umax, beta (dN/dU propto U^{-beta})
 7.547E+00 = <U> 
     mmp83 = radfield
 3.451E-23 = power/H (erg s-1)
 band   nu*P_nu(band) j_nu(band)
 (um)   (erg s-1 H-1)(Jy cm2 sr-1 H-1)
1.270E+00  1.383E-25  4.658E-18 COBE-DIRBE
2.220E+00  1.769E-25  1.041E-17 COBE-DIRBE
3.530E+00  1.151E-24  1.078E-16 COBE-DIRBE
4.880E+00  5.374E-25  6.957E-17 COBE-DIRBE
1.229E+01  5.008E-24  1.633E-15 COBE-DIRBE
2.079E+01  5.077E-24  2.800E-15 COBE-DIRBE
5.599E+01  1.569E-23  2.330E-14 COBE-DIRBE
9.770E+01  1.155E-23  2.993E-14 COBE-DIRBE
1.479E+02  6.945E-24  2.724E-14 COBE-DIRBE
2.479E+02  2.006E-24  1.319E-14 COBE-DIRBE
1.200E+01  5.269E-24  1.677E-15 IRAS
2.500E+01  6.020E-24  3.992E-15 IRAS
6.000E+01  1.536E-23  2.445E-14 IRAS
1.000E+02  1.128E-23  2.993E-14 IRAS
3.550E+00  1.339E-24  1.261E-16 SST-IRAC
4.493E+00  3.764E-25  4.485E-17 SST-IRAC
5.731E+00  3.200E-24  4.865E-16 SST-IRAC
7.872E+00  7.612E-24  1.589E-15 SST-IRAC
2.368E+01  5.306E-24  3.333E-15 SST-MIPS
7.142E+01  1.313E-23  2.487E-14 SST-MIPS
1.559E+02  5.929E-24  2.452E-14 SST-MIPS
1.600E+01  4.242E-24  1.800E-15 SST-IRSPU
2.200E+01  5.248E-24  3.062E-15 SST-IRSPU











lambda    nu*dP/dnu     j_nu
 (um)   (erg s-1 H-1)(Jy cm2 sr-1 H-1)
1.000E+04  6.161E-31  1.634E-19
9.908E+03  6.386E-31  1.678E-19
9.817E+03  6.619E-31  1.724E-19
9.727E+03  6.861E-31  1.770E-19
9.638E+03  7.112E-31  1.818E-19
9.550E+03  7.371E-31  1.867E-19
9.462E+03  7.640E-31  1.918E-19
9.376E+03  7.920E-31  1.970E-19
9.290E+03  8.209E-31  2.023E-19
9.204E+03  8.509E-31  2.077E-19
9.120E+03  8.819E-31  2.134E-19
9.036E+03  9.142E-31  2.191E-19
8.954E+03  9.474E-31  2.250E-19
8.872E+03  9.819E-31  2.311E-19
8.790E+03  1.018E-30  2.373E-19
8.710E+03  1.055E-30  2.436E-19
8.630E+03  1.093E-30  2.502E-19
8.551E+03  1.133E-30  2.569E-19
8.472E+03  1.174E-30  2.638E-19
8.395E+03  1.217E-30  2.709E-19
8.318E+03  1.261E-30  2.783E-19
8.241E+03  1.307E-30  2.858E-19
8.166E+03  1.355E-30  2.935E-19
8.091E+03  1.404E-30  3.014E-19
8.017E+03  1.456E-30  3.096E-19
7.943E+03  1.509E-30  3.180E-19
7.870E+03  1.564E-30  3.266E-19
7.798E+03  1.622E-30  3.354E-19
7.727E+03  1.681E-30  3.446E-19
7.656E+03  1.743E-30  3.539E-19
7.586E+03  1.807E-30  3.635E-19
7.516E+03  1.873E-30  3.734E-19
7.447E+03  1.942E-30  3.836E-19
7.379E+03  2.013E-30  3.941E-19
7.311E+03  2.087E-30  4.048E-19
7.244E+03  2.164E-30  4.159E-19
7.178E+03  2.244E-30  4.272E-19
7.112E+03  2.327E-30  4.389E-19
7.047E+03  2.412E-30  4.509E-19
6.982E+03  2.501E-30  4.633E-19
6.918E+03  2.593E-30  4.759E-19
6.855E+03  2.689E-30  4.890E-19
6.792E+03  2.788E-30  5.024E-19
6.730E+03  2.891E-30  5.161E-19
6.668E+03  2.998E-30  5.303E-19
6.607E+03  3.109E-30  5.448E-19
6.546E+03  3.224E-30  5.598E-19
6.486E+03  3.343E-30  5.752E-19
6.427E+03  3.467E-30  5.910E-19
6.368E+03  3.595E-30  6.073E-19
6.310E+03  3.729E-30  6.241E-19
6.252E+03  3.867E-30  6.413E-19
6.194E+03  4.011E-30  6.590E-19
6.138E+03  4.160E-30  6.772E-19
6.081E+03  4.314E-30  6.960E-19
6.026E+03  4.475E-30  7.152E-19
5.970E+03  4.641E-30  7.351E-19
5.916E+03  4.814E-30  7.555E-19
5.861E+03  4.994E-30  7.764E-19
5.808E+03  5.180E-30  7.980E-19
5.754E+03  5.373E-30  8.202E-19
5.702E+03  5.574E-30  8.430E-19
5.649E+03  5.782E-30  8.665E-19
5.598E+03  5.998E-30  8.906E-19
5.546E+03  6.223E-30  9.155E-19
5.495E+03  6.456E-30  9.410E-19
5.445E+03  6.697E-30  9.673E-19
5.395E+03  6.948E-30  9.944E-19
5.346E+03  7.209E-30  1.022E-18
5.297E+03  7.479E-30  1.051E-18
5.248E+03  7.760E-30  1.080E-18
5.200E+03  8.052E-30  1.111E-18
5.152E+03  8.354E-30  1.142E-18
5.105E+03  8.668E-30  1.174E-18
5.058E+03  8.994E-30  1.207E-18
5.012E+03  9.333E-30  1.241E-18
4.966E+03  9.684E-30  1.276E-18
4.920E+03  1.005E-29  1.312E-18
4.875E+03  1.043E-29  1.348E-18
4.831E+03  1.082E-29  1.386E-18
4.786E+03  1.123E-29  1.426E-18
4.742E+03  1.165E-29  1.466E-18
4.699E+03  1.209E-29  1.507E-18
4.656E+03  1.255E-29  1.550E-18
4.613E+03  1.302E-29  1.594E-18
4.571E+03  1.352E-29  1.639E-18
4.529E+03  1.403E-29  1.685E-18
4.487E+03  1.456E-29  1.733E-18
4.446E+03  1.511E-29  1.783E-18
4.406E+03  1.569E-29  1.833E-18
4.365E+03  1.628E-29  1.885E-18
4.325E+03  1.690E-29  1.939E-18
4.285E+03  1.754E-29  1.994E-18
4.246E+03  1.821E-29  2.051E-18
4.207E+03  1.890E-29  2.110E-18
4.169E+03  1.962E-29  2.170E-18
4.130E+03  2.037E-29  2.232E-18
4.093E+03  2.115E-29  2.296E-18
4.055E+03  2.196E-29  2.362E-18
4.018E+03  2.280E-29  2.429E-18
3.981E+03  2.367E-29  2.499E-18
3.945E+03  2.457E-29  2.571E-18
3.908E+03  2.551E-29  2.644E-18
3.873E+03  2.648E-29  2.720E-18
3.837E+03  2.749E-29  2.798E-18
3.802E+03  2.855E-29  2.879E-18
3.767E+03  2.964E-29  2.962E-18
3.733E+03  3.078E-29  3.047E-18
3.698E+03  3.196E-29  3.135E-18
3.664E+03  3.318E-29  3.225E-18
3.631E+03  3.446E-29  3.319E-18
3.597E+03  3.578E-29  3.415E-18
3.565E+03  3.716E-29  3.513E-18
3.532E+03  3.859E-29  3.615E-18
3.499E+03  4.008E-29  3.720E-18
3.467E+03  4.162E-29  3.828E-18
3.436E+03  4.323E-29  3.939E-18
3.404E+03  4.490E-29  4.054E-18
3.373E+03  4.663E-29  4.172E-18
3.342E+03  4.843E-29  4.293E-18
3.311E+03  5.031E-29  4.419E-18
3.281E+03  5.225E-29  4.548E-18
3.251E+03  5.428E-29  4.680E-18
3.221E+03  5.638E-29  4.817E-18
3.192E+03  5.857E-29  4.958E-18
3.162E+03  6.084E-29  5.103E-18
3.133E+03  6.320E-29  5.253E-18
3.105E+03  6.566E-29  5.407E-18
3.076E+03  6.821E-29  5.566E-18
3.048E+03  7.087E-29  5.729E-18
3.020E+03  7.362E-29  5.898E-18
2.992E+03  7.649E-29  6.071E-18
2.965E+03  7.946E-29  6.249E-18
2.938E+03  8.255E-29  6.432E-18
2.911E+03  8.576E-29  6.621E-18
2.884E+03  8.910E-29  6.816E-18
2.858E+03  9.257E-29  7.017E-18
2.831E+03  9.617E-29  7.223E-18
2.805E+03  9.993E-29  7.436E-18
2.780E+03  1.038E-28  7.655E-18
2.754E+03  1.079E-28  7.882E-18
2.729E+03  1.121E-28  8.114E-18
2.704E+03  1.165E-28  8.354E-18
2.679E+03  1.210E-28  8.602E-18
2.655E+03  1.258E-28  8.857E-18
2.630E+03  1.307E-28  9.119E-18
2.606E+03  1.358E-28  9.390E-18
2.582E+03  1.412E-28  9.669E-18
2.559E+03  1.467E-28  9.956E-18
2.535E+03  1.525E-28  1.025E-17
2.512E+03  1.584E-28  1.056E-17
2.489E+03  1.647E-28  1.087E-17
2.466E+03  1.712E-28  1.120E-17
2.443E+03  1.779E-28  1.153E-17
2.421E+03  1.849E-28  1.187E-17
2.399E+03  1.922E-28  1.223E-17
2.377E+03  1.998E-28  1.259E-17
2.355E+03  2.076E-28  1.297E-17
2.333E+03  2.158E-28  1.336E-17
2.312E+03  2.244E-28  1.376E-17
2.291E+03  2.332E-28  1.417E-17
2.270E+03  2.424E-28  1.460E-17
2.249E+03  2.520E-28  1.503E-17
2.228E+03  2.620E-28  1.549E-17
2.208E+03  2.723E-28  1.595E-17
2.188E+03  2.831E-28  1.643E-17
2.168E+03  2.943E-28  1.692E-17
2.148E+03  3.060E-28  1.743E-17
2.128E+03  3.181E-28  1.796E-17
2.109E+03  3.307E-28  1.850E-17
2.089E+03  3.438E-28  1.906E-17
2.070E+03  3.575E-28  1.963E-17
2.051E+03  3.717E-28  2.022E-17
2.032E+03  3.864E-28  2.083E-17
2.014E+03  4.018E-28  2.146E-17
1.995E+03  4.177E-28  2.211E-17
1.977E+03  4.343E-28  2.278E-17
1.959E+03  4.516E-28  2.346E-17
1.941E+03  4.695E-28  2.417E-17
1.923E+03  4.882E-28  2.490E-17
1.905E+03  5.076E-28  2.565E-17
1.888E+03  5.278E-28  2.643E-17
1.871E+03  5.488E-28  2.723E-17
1.854E+03  5.706E-28  2.805E-17
1.837E+03  5.933E-28  2.890E-17
1.820E+03  6.169E-28  2.978E-17
1.803E+03  6.415E-28  3.068E-17
1.786E+03  6.671E-28  3.161E-17
1.770E+03  6.936E-28  3.257E-17
1.754E+03  7.213E-28  3.356E-17
1.738E+03  7.500E-28  3.457E-17
1.722E+03  7.799E-28  3.562E-17
1.706E+03  8.110E-28  3.670E-17
1.690E+03  8.433E-28  3.782E-17
1.675E+03  8.770E-28  3.896E-17
1.660E+03  9.119E-28  4.015E-17
1.644E+03  9.483E-28  4.136E-17
1.629E+03  9.861E-28  4.262E-17
1.614E+03  1.025E-27  4.391E-17
1.600E+03  1.066E-27  4.525E-17
1.585E+03  1.109E-27  4.662E-17
1.570E+03  1.153E-27  4.803E-17
1.556E+03  1.199E-27  4.949E-17
1.542E+03  1.247E-27  5.100E-17
1.528E+03  1.297E-27  5.254E-17
1.514E+03  1.348E-27  5.414E-17
1.500E+03  1.402E-27  5.578E-17
1.486E+03  1.458E-27  5.748E-17
1.472E+03  1.516E-27  5.922E-17
1.459E+03  1.577E-27  6.102E-17
1.445E+03  1.640E-27  6.287E-17
1.432E+03  1.705E-27  6.478E-17
1.419E+03  1.773E-27  6.675E-17
1.406E+03  1.844E-27  6.878E-17
1.393E+03  1.918E-27  7.087E-17
1.380E+03  1.994E-27  7.302E-17
1.368E+03  2.074E-27  7.524E-17
1.355E+03  2.157E-27  7.752E-17
1.343E+03  2.243E-27  7.987E-17
1.330E+03  2.332E-27  8.230E-17
1.318E+03  2.425E-27  8.479E-17
1.306E+03  2.522E-27  8.737E-17
1.294E+03  2.622E-27  9.001E-17
1.282E+03  2.727E-27  9.274E-17
1.271E+03  2.835E-27  9.555E-17
1.259E+03  2.948E-27  9.845E-17
1.247E+03  3.065E-27  1.014E-16
1.236E+03  3.187E-27  1.045E-16
1.225E+03  3.314E-27  1.077E-16
1.213E+03  3.446E-27  1.109E-16
1.202E+03  3.583E-27  1.143E-16
1.191E+03  3.725E-27  1.177E-16
1.180E+03  3.873E-27  1.213E-16
1.169E+03  4.027E-27  1.249E-16
1.159E+03  4.187E-27  1.287E-16
1.148E+03  4.353E-27  1.326E-16
1.138E+03  4.525E-27  1.366E-16
1.127E+03  4.705E-27  1.407E-16
1.117E+03  4.891E-27  1.449E-16
1.107E+03  5.085E-27  1.493E-16
1.096E+03  5.286E-27  1.537E-16
1.086E+03  5.495E-27  1.584E-16
1.076E+03  5.712E-27  1.631E-16
1.067E+03  5.938E-27  1.680E-16
1.057E+03  6.173E-27  1.730E-16
1.047E+03  6.416E-27  1.782E-16
1.038E+03  6.669E-27  1.835E-16
1.028E+03  6.932E-27  1.890E-16
1.019E+03  7.205E-27  1.947E-16
1.009E+03  7.488E-27  2.005E-16
1.000E+03  7.783E-27  2.064E-16
9.908E+02  8.089E-27  2.126E-16
9.817E+02  8.407E-27  2.189E-16
9.727E+02  8.738E-27  2.255E-16
9.638E+02  9.081E-27  2.322E-16
9.550E+02  9.438E-27  2.391E-16
9.462E+02  9.808E-27  2.462E-16
9.376E+02  1.019E-26  2.535E-16
9.290E+02  1.059E-26  2.610E-16
9.204E+02  1.101E-26  2.687E-16
9.120E+02  1.144E-26  2.767E-16
9.036E+02  1.188E-26  2.848E-16
8.954E+02  1.235E-26  2.932E-16
8.872E+02  1.283E-26  3.019E-16
8.790E+02  1.333E-26  3.107E-16
8.710E+02  1.385E-26  3.199E-16
8.630E+02  1.438E-26  3.292E-16
8.551E+02  1.494E-26  3.389E-16
8.472E+02  1.552E-26  3.488E-16
8.395E+02  1.612E-26  3.590E-16
8.318E+02  1.674E-26  3.694E-16
8.241E+02  1.739E-26  3.802E-16
8.166E+02  1.806E-26  3.912E-16
8.091E+02  1.876E-26  4.026E-16
8.017E+02  1.948E-26  4.143E-16
7.943E+02  2.023E-26  4.262E-16
7.870E+02  2.101E-26  4.386E-16
7.798E+02  2.181E-26  4.512E-16
7.727E+02  2.265E-26  4.642E-16
7.656E+02  2.352E-26  4.776E-16
7.586E+02  2.442E-26  4.913E-16
7.516E+02  2.535E-26  5.054E-16
7.447E+02  2.632E-26  5.199E-16
7.379E+02  2.732E-26  5.348E-16
7.311E+02  2.837E-26  5.501E-16
7.244E+02  2.945E-26  5.659E-16
7.178E+02  3.057E-26  5.821E-16
7.112E+02  3.174E-26  5.988E-16
7.047E+02  3.295E-26  6.159E-16
6.982E+02  3.420E-26  6.335E-16
6.918E+02  3.551E-26  6.516E-16
6.855E+02  3.686E-26  6.702E-16
6.792E+02  3.826E-26  6.892E-16
6.730E+02  3.971E-26  7.088E-16
6.668E+02  4.121E-26  7.289E-16
6.607E+02  4.277E-26  7.495E-16
6.546E+02  4.439E-26  7.708E-16
6.486E+02  4.607E-26  7.927E-16
6.427E+02  4.782E-26  8.152E-16
6.368E+02  4.963E-26  8.383E-16
6.310E+02  5.151E-26  8.621E-16
6.252E+02  5.346E-26  8.866E-16
6.194E+02  5.548E-26  9.117E-16
6.138E+02  5.758E-26  9.375E-16
6.081E+02  5.976E-26  9.640E-16
6.026E+02  6.202E-26  9.912E-16
5.970E+02  6.436E-26  1.019E-15
5.916E+02  6.678E-26  1.048E-15
5.861E+02  6.930E-26  1.077E-15
5.808E+02  7.191E-26  1.108E-15
5.754E+02  7.462E-26  1.139E-15
5.702E+02  7.743E-26  1.171E-15
5.649E+02  8.034E-26  1.204E-15
5.598E+02  8.336E-26  1.238E-15
5.546E+02  8.648E-26  1.272E-15
5.495E+02  8.973E-26  1.308E-15
5.445E+02  9.309E-26  1.345E-15
5.395E+02  9.658E-26  1.382E-15
5.346E+02  1.002E-25  1.421E-15
5.297E+02  1.039E-25  1.460E-15
5.248E+02  1.078E-25  1.501E-15
5.200E+02  1.119E-25  1.543E-15
5.152E+02  1.160E-25  1.586E-15
5.105E+02  1.204E-25  1.630E-15
5.058E+02  1.248E-25  1.675E-15
5.012E+02  1.295E-25  1.721E-15
4.966E+02  1.343E-25  1.769E-15
4.920E+02  1.393E-25  1.818E-15
4.875E+02  1.444E-25  1.868E-15
4.831E+02  1.498E-25  1.919E-15
4.786E+02  1.553E-25  1.972E-15
4.742E+02  1.611E-25  2.026E-15
4.699E+02  1.670E-25  2.082E-15
4.656E+02  1.732E-25  2.139E-15
4.613E+02  1.796E-25  2.197E-15
4.571E+02  1.862E-25  2.257E-15
4.529E+02  1.930E-25  2.319E-15
4.487E+02  2.001E-25  2.382E-15
4.446E+02  2.074E-25  2.447E-15
4.406E+02  2.150E-25  2.513E-15
4.365E+02  2.229E-25  2.581E-15
4.325E+02  2.310E-25  2.650E-15
4.285E+02  2.394E-25  2.722E-15
4.246E+02  2.481E-25  2.795E-15
4.207E+02  2.572E-25  2.870E-15
4.169E+02  2.665E-25  2.947E-15
4.130E+02  2.761E-25  3.025E-15
4.093E+02  2.861E-25  3.106E-15
4.055E+02  2.965E-25  3.189E-15
4.018E+02  3.072E-25  3.274E-15
3.981E+02  3.182E-25  3.361E-15
3.945E+02  3.297E-25  3.450E-15
3.908E+02  3.415E-25  3.541E-15
3.873E+02  3.538E-25  3.634E-15
3.837E+02  3.664E-25  3.730E-15
3.802E+02  3.795E-25  3.828E-15
3.767E+02  3.931E-25  3.928E-15
3.733E+02  4.071E-25  4.030E-15
3.698E+02  4.215E-25  4.135E-15
3.664E+02  4.365E-25  4.243E-15
3.631E+02  4.519E-25  4.353E-15
3.597E+02  4.679E-25  4.465E-15
3.565E+02  4.844E-25  4.580E-15
3.532E+02  5.014E-25  4.698E-15
3.499E+02  5.190E-25  4.818E-15
3.467E+02  5.372E-25  4.941E-15
3.436E+02  5.560E-25  5.067E-15
3.404E+02  5.754E-25  5.196E-15
3.373E+02  5.954E-25  5.327E-15
3.342E+02  6.161E-25  5.461E-15
3.311E+02  6.374E-25  5.599E-15
3.281E+02  6.594E-25  5.739E-15
3.251E+02  6.821E-25  5.882E-15
3.221E+02  7.055E-25  6.028E-15
3.192E+02  7.297E-25  6.178E-15
3.162E+02  7.547E-25  6.330E-15
3.133E+02  7.804E-25  6.486E-15
3.105E+02  8.069E-25  6.645E-15
3.076E+02  8.342E-25  6.807E-15
3.048E+02  8.624E-25  6.973E-15
3.020E+02  8.915E-25  7.141E-15
2.992E+02  9.214E-25  7.314E-15
2.965E+02  9.523E-25  7.489E-15
2.938E+02  9.841E-25  7.668E-15
2.911E+02  1.017E-24  7.851E-15
2.884E+02  1.050E-24  8.036E-15
2.858E+02  1.085E-24  8.226E-15
2.831E+02  1.121E-24  8.419E-15
2.805E+02  1.158E-24  8.616E-15
2.780E+02  1.196E-24  8.816E-15
2.754E+02  1.235E-24  9.021E-15
2.729E+02  1.275E-24  9.229E-15
2.704E+02  1.316E-24  9.442E-15
2.679E+02  1.359E-24  9.659E-15
2.655E+02  1.403E-24  9.879E-15
2.630E+02  1.448E-24  1.010E-14
2.606E+02  1.495E-24  1.033E-14
2.582E+02  1.542E-24  1.056E-14
2.559E+02  1.591E-24  1.080E-14
2.535E+02  1.641E-24  1.104E-14
2.512E+02  1.692E-24  1.128E-14
2.489E+02  1.744E-24  1.151E-14
2.466E+02  1.796E-24  1.175E-14
2.443E+02  1.849E-24  1.198E-14
2.421E+02  1.903E-24  1.222E-14
2.399E+02  1.957E-24  1.245E-14
2.377E+02  2.012E-24  1.269E-14
2.355E+02  2.069E-24  1.292E-14
2.333E+02  2.126E-24  1.316E-14
2.312E+02  2.185E-24  1.340E-14
2.291E+02  2.245E-24  1.364E-14
2.270E+02  2.306E-24  1.389E-14
2.249E+02  2.369E-24  1.413E-14
2.228E+02  2.433E-24  1.438E-14
2.208E+02  2.498E-24  1.463E-14
2.188E+02  2.565E-24  1.488E-14
2.168E+02  2.632E-24  1.514E-14
2.148E+02  2.702E-24  1.539E-14
2.128E+02  2.772E-24  1.565E-14
2.109E+02  2.844E-24  1.591E-14
2.089E+02  2.918E-24  1.617E-14
2.070E+02  2.992E-24  1.643E-14
2.051E+02  3.068E-24  1.669E-14
2.032E+02  3.146E-24  1.696E-14
2.014E+02  3.225E-24  1.723E-14
1.995E+02  3.305E-24  1.749E-14
1.977E+02  3.387E-24  1.776E-14
1.959E+02  3.470E-24  1.803E-14
1.941E+02  3.555E-24  1.830E-14
1.923E+02  3.641E-24  1.857E-14
1.905E+02  3.728E-24  1.885E-14
1.888E+02  3.818E-24  1.912E-14
1.871E+02  3.908E-24  1.939E-14
1.854E+02  4.000E-24  1.967E-14
1.837E+02  4.094E-24  1.995E-14
1.820E+02  4.190E-24  2.022E-14
1.803E+02  4.286E-24  2.050E-14
1.786E+02  4.385E-24  2.078E-14
1.770E+02  4.485E-24  2.106E-14
1.754E+02  4.587E-24  2.134E-14
1.738E+02  4.691E-24  2.162E-14
1.722E+02  4.796E-24  2.191E-14
1.706E+02  4.904E-24  2.219E-14
1.690E+02  5.013E-24  2.248E-14
1.675E+02  5.124E-24  2.277E-14
1.660E+02  5.238E-24  2.306E-14
1.644E+02  5.354E-24  2.335E-14
1.629E+02  5.472E-24  2.365E-14
1.614E+02  5.592E-24  2.395E-14
1.600E+02  5.715E-24  2.425E-14
1.585E+02  5.840E-24  2.455E-14
1.570E+02  5.968E-24  2.486E-14
1.556E+02  6.100E-24  2.518E-14
1.542E+02  6.235E-24  2.550E-14
1.528E+02  6.373E-24  2.582E-14
1.514E+02  6.514E-24  2.615E-14
1.500E+02  6.658E-24  2.649E-14
1.486E+02  6.805E-24  2.682E-14
1.472E+02  6.955E-24  2.716E-14
1.459E+02  7.105E-24  2.749E-14
1.445E+02  7.255E-24  2.782E-14
1.432E+02  7.403E-24  2.812E-14
1.419E+02  7.545E-24  2.840E-14
1.406E+02  7.679E-24  2.864E-14
1.393E+02  7.803E-24  2.884E-14
1.380E+02  7.916E-24  2.898E-14
1.368E+02  8.017E-24  2.909E-14
1.355E+02  8.108E-24  2.915E-14
1.343E+02  8.192E-24  2.918E-14
1.330E+02  8.272E-24  2.919E-14
1.318E+02  8.350E-24  2.920E-14
1.306E+02  8.428E-24  2.920E-14
1.294E+02  8.508E-24  2.921E-14
1.282E+02  8.589E-24  2.921E-14
1.271E+02  8.670E-24  2.922E-14
1.259E+02  8.756E-24  2.924E-14
1.247E+02  8.843E-24  2.926E-14
1.236E+02  8.933E-24  2.929E-14
1.225E+02  9.025E-24  2.932E-14
1.213E+02  9.119E-24  2.935E-14
1.202E+02  9.216E-24  2.939E-14
1.191E+02  9.313E-24  2.943E-14
1.180E+02  9.412E-24  2.947E-14
1.169E+02  9.511E-24  2.951E-14
1.159E+02  9.610E-24  2.954E-14
1.148E+02  9.711E-24  2.958E-14
1.138E+02  9.813E-24  2.961E-14
1.127E+02  9.915E-24  2.965E-14
1.117E+02  1.002E-23  2.968E-14
1.107E+02  1.012E-23  2.972E-14
1.096E+02  1.023E-23  2.975E-14
1.086E+02  1.034E-23  2.979E-14
1.076E+02  1.044E-23  2.981E-14
1.067E+02  1.055E-23  2.984E-14
1.057E+02  1.065E-23  2.987E-14
1.047E+02  1.076E-23  2.989E-14
1.038E+02  1.087E-23  2.991E-14
1.028E+02  1.097E-23  2.992E-14
1.019E+02  1.107E-23  2.992E-14
1.009E+02  1.118E-23  2.993E-14
1.000E+02  1.128E-23  2.993E-14
9.908E+01  1.138E-23  2.992E-14
9.817E+01  1.148E-23  2.991E-14
9.727E+01  1.159E-23  2.989E-14
9.638E+01  1.169E-23  2.988E-14
9.550E+01  1.178E-23  2.985E-14
9.462E+01  1.188E-23  2.983E-14
9.376E+01  1.198E-23  2.979E-14
9.290E+01  1.208E-23  2.976E-14
9.204E+01  1.217E-23  2.972E-14
9.120E+01  1.227E-23  2.967E-14
9.036E+01  1.236E-23  2.962E-14
8.954E+01  1.245E-23  2.957E-14
8.872E+01  1.254E-23  2.951E-14
8.790E+01  1.263E-23  2.945E-14
8.710E+01  1.272E-23  2.939E-14
8.630E+01  1.281E-23  2.932E-14
8.551E+01  1.290E-23  2.925E-14
8.472E+01  1.298E-23  2.917E-14
8.395E+01  1.306E-23  2.909E-14
8.318E+01  1.315E-23  2.901E-14
8.241E+01  1.323E-23  2.892E-14
8.166E+01  1.331E-23  2.883E-14
8.091E+01  1.339E-23  2.874E-14
8.017E+01  1.347E-23  2.865E-14
7.943E+01  1.355E-23  2.855E-14
7.870E+01  1.363E-23  2.845E-14
7.798E+01  1.370E-23  2.834E-14
7.727E+01  1.378E-23  2.824E-14
7.656E+01  1.385E-23  2.813E-14
7.586E+01  1.392E-23  2.801E-14
7.516E+01  1.399E-23  2.790E-14
7.447E+01  1.406E-23  2.778E-14
7.379E+01  1.413E-23  2.765E-14
7.311E+01  1.419E-23  2.752E-14
7.244E+01  1.425E-23  2.739E-14
7.178E+01  1.432E-23  2.726E-14
7.112E+01  1.438E-23  2.712E-14
7.047E+01  1.444E-23  2.699E-14
6.982E+01  1.450E-23  2.686E-14
6.918E+01  1.456E-23  2.672E-14
6.855E+01  1.462E-23  2.659E-14
6.792E+01  1.468E-23  2.644E-14
6.730E+01  1.473E-23  2.630E-14
6.668E+01  1.479E-23  2.616E-14
6.607E+01  1.484E-23  2.601E-14
6.546E+01  1.490E-23  2.587E-14
6.486E+01  1.495E-23  2.572E-14
6.427E+01  1.500E-23  2.557E-14
6.368E+01  1.505E-23  2.542E-14
6.310E+01  1.510E-23  2.527E-14
6.252E+01  1.515E-23  2.512E-14
6.194E+01  1.520E-23  2.497E-14
6.138E+01  1.525E-23  2.482E-14
6.081E+01  1.529E-23  2.467E-14
6.026E+01  1.534E-23  2.452E-14
5.970E+01  1.539E-23  2.437E-14
5.916E+01  1.543E-23  2.421E-14
5.861E+01  1.547E-23  2.406E-14
5.808E+01  1.552E-23  2.390E-14
5.754E+01  1.556E-23  2.375E-14
5.702E+01  1.560E-23  2.360E-14
5.649E+01  1.565E-23  2.345E-14
5.598E+01  1.569E-23  2.329E-14
5.546E+01  1.573E-23  2.314E-14
5.495E+01  1.577E-23  2.299E-14
5.445E+01  1.582E-23  2.284E-14
5.395E+01  1.586E-23  2.270E-14
5.346E+01  1.590E-23  2.255E-14
5.297E+01  1.594E-23  2.240E-14
5.248E+01  1.599E-23  2.225E-14
5.200E+01  1.603E-23  2.211E-14
5.152E+01  1.607E-23  2.196E-14
5.105E+01  1.611E-23  2.182E-14
5.058E+01  1.615E-23  2.167E-14
5.012E+01  1.619E-23  2.153E-14
4.966E+01  1.623E-23  2.139E-14
4.920E+01  1.628E-23  2.124E-14
4.875E+01  1.632E-23  2.110E-14
4.831E+01  1.636E-23  2.096E-14
4.786E+01  1.640E-23  2.082E-14
4.742E+01  1.645E-23  2.069E-14
4.699E+01  1.649E-23  2.055E-14
4.656E+01  1.653E-23  2.042E-14
4.613E+01  1.657E-23  2.028E-14
4.571E+01  1.662E-23  2.015E-14
4.529E+01  1.666E-23  2.001E-14
4.487E+01  1.670E-23  1.988E-14
4.446E+01  1.674E-23  1.975E-14
4.406E+01  1.678E-23  1.961E-14
4.365E+01  1.682E-23  1.948E-14
4.325E+01  1.686E-23  1.935E-14
4.285E+01  1.690E-23  1.921E-14
4.246E+01  1.693E-23  1.907E-14
4.207E+01  1.697E-23  1.893E-14
4.169E+01  1.700E-23  1.879E-14
4.130E+01  1.702E-23  1.865E-14
4.093E+01  1.704E-23  1.850E-14
4.055E+01  1.706E-23  1.835E-14
4.018E+01  1.707E-23  1.820E-14
3.981E+01  1.708E-23  1.804E-14
3.945E+01  1.708E-23  1.787E-14
3.908E+01  1.707E-23  1.770E-14
3.873E+01  1.706E-23  1.752E-14
3.837E+01  1.703E-23  1.734E-14
3.802E+01  1.700E-23  1.714E-14
3.767E+01  1.695E-23  1.694E-14
3.733E+01  1.690E-23  1.673E-14
3.698E+01  1.683E-23  1.651E-14
3.664E+01  1.674E-23  1.627E-14
3.631E+01  1.665E-23  1.603E-14
3.597E+01  1.653E-23  1.578E-14
3.565E+01  1.641E-23  1.551E-14
3.532E+01  1.627E-23  1.524E-14
3.499E+01  1.611E-23  1.495E-14
3.467E+01  1.593E-23  1.465E-14
3.436E+01  1.574E-23  1.435E-14
3.404E+01  1.553E-23  1.403E-14
3.373E+01  1.531E-23  1.370E-14
3.342E+01  1.507E-23  1.336E-14
3.311E+01  1.482E-23  1.302E-14
3.281E+01  1.455E-23  1.266E-14
3.251E+01  1.427E-23  1.230E-14
3.221E+01  1.397E-23  1.194E-14
3.192E+01  1.367E-23  1.157E-14
3.162E+01  1.335E-23  1.120E-14
3.133E+01  1.302E-23  1.083E-14
3.105E+01  1.269E-23  1.045E-14
3.076E+01  1.236E-23  1.008E-14
3.048E+01  1.202E-23  9.715E-15
3.020E+01  1.167E-23  9.352E-15
2.992E+01  1.133E-23  8.995E-15
2.965E+01  1.099E-23  8.644E-15
2.938E+01  1.065E-23  8.301E-15
2.911E+01  1.032E-23  7.967E-15
2.884E+01  9.990E-24  7.642E-15
2.858E+01  9.668E-24  7.328E-15
2.831E+01  9.354E-24  7.026E-15
2.805E+01  9.049E-24  6.734E-15
2.780E+01  8.754E-24  6.455E-15
2.754E+01  8.468E-24  6.186E-15
2.729E+01  8.191E-24  5.929E-15
2.704E+01  7.927E-24  5.685E-15
2.679E+01  7.673E-24  5.453E-15
2.655E+01  7.430E-24  5.232E-15
2.630E+01  7.198E-24  5.022E-15
2.606E+01  6.975E-24  4.822E-15
2.582E+01  6.765E-24  4.634E-15
2.559E+01  6.565E-24  4.456E-15
2.535E+01  6.376E-24  4.287E-15
2.512E+01  6.197E-24  4.129E-15
2.489E+01  6.026E-24  3.978E-15
2.466E+01  5.865E-24  3.837E-15
2.443E+01  5.713E-24  3.703E-15
2.421E+01  5.570E-24  3.577E-15
2.399E+01  5.434E-24  3.458E-15
2.377E+01  5.307E-24  3.346E-15
2.355E+01  5.189E-24  3.241E-15
2.333E+01  5.078E-24  3.143E-15
2.312E+01  4.972E-24  3.049E-15
2.291E+01  4.873E-24  2.961E-15
2.270E+01  4.784E-24  2.880E-15
2.249E+01  4.702E-24  2.805E-15
2.228E+01  4.627E-24  2.735E-15
2.208E+01  4.557E-24  2.669E-15
2.188E+01  4.490E-24  2.606E-15
2.168E+01  4.427E-24  2.546E-15
2.148E+01  4.370E-24  2.490E-15
2.128E+01  4.319E-24  2.438E-15
2.109E+01  4.273E-24  2.390E-15
2.089E+01  4.232E-24  2.345E-15
2.070E+01  4.194E-24  2.303E-15
2.051E+01  4.160E-24  2.264E-15
2.032E+01  4.132E-24  2.228E-15
2.014E+01  4.111E-24  2.196E-15
1.995E+01  4.094E-24  2.167E-15
1.977E+01  4.081E-24  2.140E-15
1.959E+01  4.071E-24  2.115E-15
1.941E+01  4.066E-24  2.093E-15
1.923E+01  4.065E-24  2.074E-15
1.905E+01  4.071E-24  2.058E-15
1.888E+01  4.085E-24  2.046E-15
1.871E+01  4.111E-24  2.040E-15
1.854E+01  4.153E-24  2.042E-15
1.837E+01  4.223E-24  2.057E-15
1.820E+01  4.347E-24  2.098E-15
1.803E+01  4.612E-24  2.206E-15
1.786E+01  5.062E-24  2.399E-15
1.770E+01  5.059E-24  2.375E-15
1.754E+01  5.503E-24  2.560E-15
1.738E+01  6.746E-24  3.110E-15
1.722E+01  6.262E-24  2.860E-15
1.706E+01  6.220E-24  2.815E-15
1.690E+01  6.050E-24  2.713E-15
1.675E+01  5.778E-24  2.567E-15
1.660E+01  5.953E-24  2.621E-15
1.644E+01  7.172E-24  3.128E-15
1.629E+01  5.301E-24  2.291E-15
1.614E+01  4.675E-24  2.002E-15
1.600E+01  4.834E-24  2.051E-15
1.585E+01  4.828E-24  2.030E-15
1.570E+01  4.134E-24  1.722E-15
1.556E+01  3.804E-24  1.570E-15
1.542E+01  3.643E-24  1.490E-15
1.528E+01  3.546E-24  1.437E-15
1.514E+01  3.479E-24  1.397E-15
1.500E+01  3.431E-24  1.365E-15
1.486E+01  3.399E-24  1.340E-15
1.472E+01  3.386E-24  1.322E-15
1.459E+01  3.402E-24  1.316E-15
1.445E+01  3.481E-24  1.335E-15
1.432E+01  3.698E-24  1.405E-15
1.419E+01  3.939E-24  1.483E-15
1.406E+01  3.712E-24  1.384E-15
1.393E+01  3.540E-24  1.308E-15
1.380E+01  3.595E-24  1.316E-15
1.368E+01  3.947E-24  1.432E-15
1.355E+01  4.096E-24  1.472E-15
1.343E+01  3.798E-24  1.353E-15
1.330E+01  3.813E-24  1.346E-15
1.318E+01  4.044E-24  1.414E-15
1.306E+01  4.497E-24  1.558E-15
1.294E+01  5.277E-24  1.812E-15
1.282E+01  6.530E-24  2.221E-15
1.271E+01  8.087E-24  2.725E-15
1.259E+01  8.765E-24  2.927E-15
1.247E+01  7.880E-24  2.607E-15
1.236E+01  6.787E-24  2.225E-15
1.225E+01  6.335E-24  2.058E-15
1.213E+01  6.469E-24  2.082E-15
1.202E+01  6.710E-24  2.140E-15
1.191E+01  6.480E-24  2.047E-15
1.180E+01  5.970E-24  1.869E-15
1.169E+01  5.809E-24  1.802E-15
1.159E+01  6.463E-24  1.987E-15
1.148E+01  8.650E-24  2.635E-15
1.138E+01  1.326E-23  4.001E-15
1.127E+01  1.848E-23  5.525E-15
1.117E+01  1.262E-23  3.740E-15
1.107E+01  6.682E-24  1.961E-15
1.096E+01  4.567E-24  1.328E-15
1.086E+01  3.570E-24  1.029E-15
1.076E+01  3.023E-24  8.632E-16
1.067E+01  2.692E-24  7.615E-16
1.057E+01  2.476E-24  6.941E-16
1.047E+01  2.328E-24  6.467E-16
1.038E+01  2.223E-24  6.119E-16
1.028E+01  2.147E-24  5.855E-16
1.019E+01  2.092E-24  5.651E-16
1.009E+01  2.053E-24  5.496E-16
1.000E+01  2.028E-24  5.381E-16
9.908E+00  2.017E-24  5.302E-16
9.817E+00  2.018E-24  5.256E-16
9.727E+00  2.031E-24  5.241E-16
9.638E+00  2.057E-24  5.260E-16
9.550E+00  2.097E-24  5.312E-16
9.462E+00  2.152E-24  5.401E-16
9.376E+00  2.226E-24  5.536E-16
9.290E+00  2.326E-24  5.731E-16
9.204E+00  2.462E-24  6.011E-16
9.120E+00  2.652E-24  6.416E-16
9.036E+00  2.927E-24  7.017E-16
8.954E+00  3.343E-24  7.940E-16
8.872E+00  4.004E-24  9.421E-16
8.790E+00  5.088E-24  1.186E-15
8.710E+00  6.745E-24  1.558E-15
8.630E+00  8.291E-24  1.898E-15
8.551E+00  8.092E-24  1.835E-15
8.472E+00  7.009E-24  1.575E-15
8.395E+00  6.453E-24  1.437E-15
8.318E+00  6.412E-24  1.415E-15
8.241E+00  6.687E-24  1.462E-15
8.166E+00  7.393E-24  1.601E-15
8.091E+00  8.745E-24  1.877E-15
8.017E+00  1.091E-23  2.320E-15
7.943E+00  1.377E-23  2.902E-15
7.870E+00  1.638E-23  3.420E-15
7.798E+00  1.760E-23  3.641E-15
7.727E+00  1.831E-23  3.752E-15
7.656E+00  1.957E-23  3.974E-15
7.586E+00  1.932E-23  3.887E-15
7.516E+00  1.594E-23  3.179E-15
7.447E+00  1.208E-23  2.385E-15
7.379E+00  9.285E-24  1.817E-15
7.311E+00  7.429E-24  1.441E-15
7.244E+00  6.146E-24  1.181E-15
7.178E+00  5.217E-24  9.933E-16
7.112E+00  4.531E-24  8.547E-16
7.047E+00  4.033E-24  7.539E-16
6.982E+00  3.695E-24  6.844E-16
6.918E+00  3.500E-24  6.422E-16
6.855E+00  3.430E-24  6.238E-16
6.792E+00  3.452E-24  6.218E-16
6.730E+00  3.485E-24  6.221E-16
6.668E+00  3.441E-24  6.086E-16
6.607E+00  3.322E-24  5.823E-16
6.546E+00  3.247E-24  5.639E-16
6.486E+00  3.371E-24  5.801E-16
6.427E+00  3.889E-24  6.630E-16
6.368E+00  5.188E-24  8.764E-16
6.310E+00  8.155E-24  1.365E-15
6.252E+00  1.327E-23  2.200E-15
6.194E+00  1.351E-23  2.220E-15
6.138E+00  8.112E-24  1.321E-15
6.081E+00  4.753E-24  7.667E-16
6.026E+00  3.189E-24  5.096E-16
5.970E+00  2.442E-24  3.867E-16
5.916E+00  2.104E-24  3.302E-16
5.861E+00  2.037E-24  3.168E-16
5.808E+00  2.225E-24  3.428E-16
5.754E+00  2.638E-24  4.027E-16
5.702E+00  2.879E-24  4.354E-16
5.649E+00  2.454E-24  3.678E-16
5.598E+00  1.829E-24  2.715E-16
5.546E+00  1.395E-24  2.053E-16
5.495E+00  1.143E-24  1.666E-16
5.445E+00  1.006E-24  1.453E-16
5.395E+00  9.562E-25  1.368E-16
5.346E+00  1.003E-24  1.422E-16
5.297E+00  1.181E-24  1.660E-16
5.248E+00  1.312E-24  1.827E-16
5.200E+00  1.062E-24  1.464E-16
5.152E+00  8.012E-25  1.095E-16
5.105E+00  6.582E-25  8.913E-17
5.058E+00  5.784E-25  7.760E-17
5.012E+00  5.285E-25  7.026E-17
4.966E+00  4.939E-25  6.505E-17
4.920E+00  4.680E-25  6.108E-17
4.875E+00  4.476E-25  5.789E-17
4.831E+00  4.310E-25  5.522E-17
4.786E+00  4.169E-25  5.293E-17
4.742E+00  4.049E-25  5.093E-17
4.699E+00  3.944E-25  4.915E-17
4.656E+00  3.851E-25  4.756E-17
4.613E+00  3.768E-25  4.611E-17
4.571E+00  3.694E-25  4.479E-17
4.529E+00  3.627E-25  4.357E-17
4.487E+00  3.566E-25  4.244E-17
4.446E+00  3.510E-25  4.140E-17
4.406E+00  3.460E-25  4.043E-17
4.365E+00  3.413E-25  3.952E-17
4.325E+00  3.371E-25  3.868E-17
4.285E+00  3.332E-25  3.788E-17
4.246E+00  3.297E-25  3.714E-17
4.207E+00  3.265E-25  3.644E-17
4.169E+00  3.236E-25  3.578E-17
4.130E+00  3.210E-25  3.517E-17
4.093E+00  3.186E-25  3.459E-17
4.055E+00  3.166E-25  3.406E-17
4.018E+00  3.149E-25  3.356E-17
3.981E+00  3.135E-25  3.311E-17
3.945E+00  3.125E-25  3.269E-17
3.908E+00  3.118E-25  3.233E-17
3.873E+00  3.117E-25  3.202E-17
3.837E+00  3.121E-25  3.176E-17
3.802E+00  3.131E-25  3.158E-17
3.767E+00  3.150E-25  3.147E-17
3.733E+00  3.178E-25  3.147E-17
3.698E+00  3.220E-25  3.159E-17
3.664E+00  3.280E-25  3.188E-17
3.631E+00  3.364E-25  3.240E-17
3.597E+00  3.483E-25  3.324E-17
3.565E+00  3.653E-25  3.454E-17
3.532E+00  3.904E-25  3.657E-17
3.499E+00  4.287E-25  3.979E-17
3.467E+00  4.906E-25  4.512E-17
3.436E+00  5.990E-25  5.459E-17
3.404E+00  8.130E-25  7.341E-17
3.373E+00  1.324E-24  1.185E-16
3.342E+00  3.018E-24  2.675E-16
3.311E+00  1.142E-23  1.003E-15
3.281E+00  7.796E-24  6.785E-16
3.251E+00  2.226E-24  1.920E-16
3.221E+00  1.063E-24  9.081E-17
3.192E+00  6.779E-25  5.739E-17
3.162E+00  5.078E-25  4.260E-17
3.133E+00  4.183E-25  3.477E-17
3.105E+00  3.654E-25  3.009E-17
3.076E+00  3.314E-25  2.704E-17
3.048E+00  3.081E-25  2.491E-17
3.020E+00  2.912E-25  2.333E-17
2.992E+00  2.786E-25  2.211E-17
2.965E+00  2.687E-25  2.113E-17
2.938E+00  2.607E-25  2.032E-17
2.911E+00  2.542E-25  1.962E-17
2.884E+00  2.486E-25  1.902E-17
2.858E+00  2.438E-25  1.848E-17
2.831E+00  2.396E-25  1.799E-17
2.805E+00  2.358E-25  1.755E-17
2.780E+00  2.324E-25  1.714E-17
2.754E+00  2.293E-25  1.675E-17
2.729E+00  2.263E-25  1.638E-17
2.704E+00  2.236E-25  1.604E-17
2.679E+00  2.210E-25  1.570E-17
2.655E+00  2.185E-25  1.538E-17
2.630E+00  2.161E-25  1.508E-17
2.606E+00  2.138E-25  1.478E-17
2.582E+00  2.115E-25  1.449E-17
2.559E+00  2.094E-25  1.421E-17
2.535E+00  2.072E-25  1.393E-17
2.512E+00  2.051E-25  1.366E-17
2.489E+00  2.030E-25  1.340E-17
2.466E+00  2.009E-25  1.314E-17
2.443E+00  1.988E-25  1.289E-17
2.421E+00  1.968E-25  1.264E-17
2.399E+00  1.947E-25  1.239E-17
2.377E+00  1.927E-25  1.215E-17
2.355E+00  1.907E-25  1.192E-17
2.333E+00  1.888E-25  1.168E-17
2.312E+00  1.868E-25  1.145E-17
2.291E+00  1.848E-25  1.123E-17
2.270E+00  1.828E-25  1.101E-17
2.249E+00  1.808E-25  1.079E-17
2.228E+00  1.788E-25  1.057E-17
2.208E+00  1.767E-25  1.035E-17
2.188E+00  1.746E-25  1.013E-17
2.168E+00  1.725E-25  9.917E-18
2.148E+00  1.702E-25  9.699E-18
2.128E+00  1.679E-25  9.479E-18
2.109E+00  1.655E-25  9.256E-18
2.089E+00  1.629E-25  9.027E-18
2.070E+00  1.601E-25  8.791E-18
2.051E+00  1.571E-25  8.545E-18
2.032E+00  1.537E-25  8.286E-18
2.014E+00  1.500E-25  8.010E-18
1.995E+00  1.458E-25  7.715E-18
1.977E+00  1.411E-25  7.400E-18
1.959E+00  1.361E-25  7.074E-18
1.941E+00  1.313E-25  6.762E-18
1.923E+00  1.275E-25  6.506E-18
1.905E+00  1.257E-25  6.353E-18
1.888E+00  1.261E-25  6.315E-18
1.871E+00  1.281E-25  6.356E-18
1.854E+00  1.306E-25  6.421E-18
1.837E+00  1.328E-25  6.470E-18
1.820E+00  1.344E-25  6.488E-18
1.803E+00  1.354E-25  6.474E-18
1.786E+00  1.358E-25  6.435E-18
1.770E+00  1.358E-25  6.375E-18
1.754E+00  1.355E-25  6.302E-18
1.738E+00  1.349E-25  6.219E-18
1.722E+00  1.342E-25  6.129E-18
1.706E+00  1.334E-25  6.036E-18
1.690E+00  1.325E-25  5.940E-18
1.675E+00  1.315E-25  5.844E-18
1.660E+00  1.306E-25  5.748E-18
1.644E+00  1.296E-25  5.653E-18
1.629E+00  1.286E-25  5.559E-18
1.614E+00  1.277E-25  5.467E-18
1.600E+00  1.268E-25  5.378E-18
1.585E+00  1.259E-25  5.293E-18
1.570E+00  1.251E-25  5.211E-18
1.556E+00  1.244E-25  5.134E-18
1.542E+00  1.238E-25  5.061E-18
1.528E+00  1.233E-25  4.995E-18
1.514E+00  1.229E-25  4.934E-18
1.500E+00  1.227E-25  4.881E-18
1.486E+00  1.227E-25  4.835E-18
1.472E+00  1.229E-25  4.799E-18
1.459E+00  1.233E-25  4.772E-18
1.445E+00  1.241E-25  4.758E-18
1.432E+00  1.252E-25  4.758E-18
1.419E+00  1.268E-25  4.774E-18
1.406E+00  1.289E-25  4.809E-18
1.393E+00  1.317E-25  4.866E-18
1.380E+00  1.352E-25  4.949E-18
1.368E+00  1.396E-25  5.064E-18
1.355E+00  1.450E-25  5.213E-18
1.343E+00  1.517E-25  5.402E-18
1.330E+00  1.596E-25  5.631E-18
1.318E+00  1.686E-25  5.894E-18
1.306E+00  1.781E-25  6.172E-18
1.294E+00  1.872E-25  6.425E-18
1.282E+00  1.938E-25  6.591E-18
1.271E+00  1.957E-25  6.596E-18
1.259E+00  1.914E-25  6.390E-18
1.247E+00  1.809E-25  5.985E-18
1.236E+00  1.663E-25  5.452E-18
1.225E+00  1.503E-25  4.882E-18
1.213E+00  1.352E-25  4.351E-18
1.202E+00  1.221E-25  3.894E-18
1.191E+00  1.115E-25  3.523E-18
1.180E+00  1.033E-25  3.233E-18
1.169E+00  9.720E-26  3.015E-18
1.159E+00  9.304E-26  2.860E-18
1.148E+00  9.067E-26  2.761E-18
1.138E+00  9.007E-26  2.718E-18
1.127E+00  9.140E-26  2.733E-18
1.117E+00  9.507E-26  2.817E-18
1.107E+00  1.018E-25  2.989E-18
1.096E+00  1.128E-25  3.281E-18
1.086E+00  1.298E-25  3.742E-18
1.076E+00  1.546E-25  4.414E-18
1.067E+00  1.856E-25  5.252E-18
1.057E+00  2.105E-25  5.900E-18
1.047E+00  2.062E-25  5.728E-18
1.038E+00  1.711E-25  4.708E-18
1.028E+00  1.296E-25  3.534E-18
1.019E+00  9.742E-26  2.632E-18
1.009E+00  7.563E-26  2.025E-18
1.000E+00  6.119E-26  1.623E-18
