Dust emission from Draine & Li (2007): ApJ 657, 810-837
================================================================
         7 = grain model
 4.000E-08 4.000E-01 4.500E-05 = a_01 (cm) , sigma_1 , b_C1/0.92
 2.500E-07 4.000E-01 1.500E-05 = a_02 (cm) , sigma_2 , b_C2/0.92
 8.000E-01 1.000E+03 2.000E+00 = Umin , Umax, beta (dN/dU propto U^{-beta})
 5.709E+00 = <U> 
     mmp83 = radfield
 2.611E-23 = power/H (erg s-1)
 band   nu*P_nu(band) j_nu(band)
 (um)   (erg s-1 H-1)(Jy cm2 sr-1 H-1)
1.270E+00  1.044E-25  3.517E-18 COBE-DIRBE
2.220E+00  1.334E-25  7.857E-18 COBE-DIRBE
3.530E+00  8.677E-25  8.125E-17 COBE-DIRBE
4.880E+00  4.034E-25  5.221E-17 COBE-DIRBE
1.229E+01  3.534E-24  1.152E-15 COBE-DIRBE
2.079E+01  2.879E-24  1.588E-15 COBE-DIRBE
5.599E+01  1.216E-23  1.806E-14 COBE-DIRBE
9.770E+01  1.087E-23  2.817E-14 COBE-DIRBE
1.479E+02  6.794E-24  2.665E-14 COBE-DIRBE
2.479E+02  1.989E-24  1.308E-14 COBE-DIRBE
1.200E+01  3.746E-24  1.192E-15 IRAS
2.500E+01  3.005E-24  1.992E-15 IRAS
6.000E+01  1.219E-23  1.940E-14 IRAS
1.000E+02  1.067E-23  2.830E-14 IRAS
3.550E+00  1.009E-24  9.501E-17 SST-IRAC
4.493E+00  2.829E-25  3.371E-17 SST-IRAC
5.731E+00  2.385E-24  3.625E-16 SST-IRAC
7.872E+00  5.516E-24  1.152E-15 SST-IRAC
2.368E+01  2.565E-24  1.611E-15 SST-MIPS
7.142E+01  1.148E-23  2.175E-14 SST-MIPS
1.559E+02  5.825E-24  2.409E-14 SST-MIPS
1.600E+01  2.863E-24  1.215E-15 SST-IRSPU
2.200E+01  2.662E-24  1.553E-15 SST-IRSPU











lambda    nu*dP/dnu     j_nu
 (um)   (erg s-1 H-1)(Jy cm2 sr-1 H-1)
1.000E+04  6.151E-31  1.632E-19
9.908E+03  6.376E-31  1.676E-19
9.817E+03  6.609E-31  1.721E-19
9.727E+03  6.850E-31  1.767E-19
9.638E+03  7.100E-31  1.815E-19
9.550E+03  7.359E-31  1.864E-19
9.462E+03  7.628E-31  1.915E-19
9.376E+03  7.907E-31  1.966E-19
9.290E+03  8.196E-31  2.020E-19
9.204E+03  8.495E-31  2.074E-19
9.120E+03  8.805E-31  2.130E-19
9.036E+03  9.127E-31  2.188E-19
8.954E+03  9.459E-31  2.247E-19
8.872E+03  9.803E-31  2.307E-19
8.790E+03  1.016E-30  2.369E-19
8.710E+03  1.053E-30  2.432E-19
8.630E+03  1.091E-30  2.498E-19
8.551E+03  1.131E-30  2.565E-19
8.472E+03  1.172E-30  2.634E-19
8.395E+03  1.215E-30  2.705E-19
8.318E+03  1.259E-30  2.778E-19
8.241E+03  1.305E-30  2.853E-19
8.166E+03  1.353E-30  2.930E-19
8.091E+03  1.402E-30  3.009E-19
8.017E+03  1.453E-30  3.091E-19
7.943E+03  1.507E-30  3.175E-19
7.870E+03  1.562E-30  3.261E-19
7.798E+03  1.619E-30  3.349E-19
7.727E+03  1.678E-30  3.440E-19
7.656E+03  1.740E-30  3.533E-19
7.586E+03  1.804E-30  3.630E-19
7.516E+03  1.870E-30  3.728E-19
7.447E+03  1.939E-30  3.830E-19
7.379E+03  2.010E-30  3.934E-19
7.311E+03  2.084E-30  4.042E-19
7.244E+03  2.161E-30  4.152E-19
7.178E+03  2.240E-30  4.265E-19
7.112E+03  2.323E-30  4.382E-19
7.047E+03  2.408E-30  4.502E-19
6.982E+03  2.497E-30  4.625E-19
6.918E+03  2.589E-30  4.752E-19
6.855E+03  2.685E-30  4.882E-19
6.792E+03  2.784E-30  5.015E-19
6.730E+03  2.887E-30  5.153E-19
6.668E+03  2.993E-30  5.294E-19
6.607E+03  3.104E-30  5.439E-19
6.546E+03  3.219E-30  5.589E-19
6.486E+03  3.338E-30  5.743E-19
6.427E+03  3.461E-30  5.901E-19
6.368E+03  3.590E-30  6.063E-19
6.310E+03  3.723E-30  6.231E-19
6.252E+03  3.861E-30  6.402E-19
6.194E+03  4.004E-30  6.579E-19
6.138E+03  4.153E-30  6.761E-19
6.081E+03  4.307E-30  6.948E-19
6.026E+03  4.468E-30  7.141E-19
5.970E+03  4.634E-30  7.339E-19
5.916E+03  4.806E-30  7.542E-19
5.861E+03  4.986E-30  7.752E-19
5.808E+03  5.172E-30  7.967E-19
5.754E+03  5.365E-30  8.188E-19
5.702E+03  5.565E-30  8.416E-19
5.649E+03  5.773E-30  8.651E-19
5.598E+03  5.989E-30  8.892E-19
5.546E+03  6.213E-30  9.140E-19
5.495E+03  6.445E-30  9.395E-19
5.445E+03  6.686E-30  9.657E-19
5.395E+03  6.937E-30  9.927E-19
5.346E+03  7.197E-30  1.021E-18
5.297E+03  7.467E-30  1.049E-18
5.248E+03  7.747E-30  1.078E-18
5.200E+03  8.038E-30  1.109E-18
5.152E+03  8.340E-30  1.140E-18
5.105E+03  8.654E-30  1.172E-18
5.058E+03  8.979E-30  1.205E-18
5.012E+03  9.317E-30  1.239E-18
4.966E+03  9.668E-30  1.274E-18
4.920E+03  1.003E-29  1.309E-18
4.875E+03  1.041E-29  1.346E-18
4.831E+03  1.080E-29  1.384E-18
4.786E+03  1.121E-29  1.423E-18
4.742E+03  1.163E-29  1.463E-18
4.699E+03  1.207E-29  1.505E-18
4.656E+03  1.253E-29  1.547E-18
4.613E+03  1.300E-29  1.591E-18
4.571E+03  1.349E-29  1.636E-18
4.529E+03  1.401E-29  1.683E-18
4.487E+03  1.454E-29  1.730E-18
4.446E+03  1.509E-29  1.780E-18
4.406E+03  1.566E-29  1.830E-18
4.365E+03  1.626E-29  1.882E-18
4.325E+03  1.687E-29  1.936E-18
4.285E+03  1.751E-29  1.991E-18
4.246E+03  1.818E-29  2.048E-18
4.207E+03  1.887E-29  2.106E-18
4.169E+03  1.959E-29  2.166E-18
4.130E+03  2.034E-29  2.228E-18
4.093E+03  2.111E-29  2.292E-18
4.055E+03  2.192E-29  2.358E-18
4.018E+03  2.276E-29  2.425E-18
3.981E+03  2.363E-29  2.495E-18
3.945E+03  2.453E-29  2.566E-18
3.908E+03  2.546E-29  2.640E-18
3.873E+03  2.644E-29  2.716E-18
3.837E+03  2.745E-29  2.794E-18
3.802E+03  2.850E-29  2.874E-18
3.767E+03  2.959E-29  2.957E-18
3.733E+03  3.072E-29  3.042E-18
3.698E+03  3.190E-29  3.130E-18
3.664E+03  3.313E-29  3.220E-18
3.631E+03  3.440E-29  3.313E-18
3.597E+03  3.572E-29  3.409E-18
3.565E+03  3.710E-29  3.507E-18
3.532E+03  3.852E-29  3.609E-18
3.499E+03  4.001E-29  3.714E-18
3.467E+03  4.155E-29  3.822E-18
3.436E+03  4.315E-29  3.933E-18
3.404E+03  4.482E-29  4.047E-18
3.373E+03  4.655E-29  4.165E-18
3.342E+03  4.835E-29  4.286E-18
3.311E+03  5.022E-29  4.411E-18
3.281E+03  5.216E-29  4.540E-18
3.251E+03  5.418E-29  4.672E-18
3.221E+03  5.628E-29  4.809E-18
3.192E+03  5.847E-29  4.950E-18
3.162E+03  6.074E-29  5.095E-18
3.133E+03  6.309E-29  5.244E-18
3.105E+03  6.555E-29  5.398E-18
3.076E+03  6.809E-29  5.556E-18
3.048E+03  7.074E-29  5.719E-18
3.020E+03  7.350E-29  5.887E-18
2.992E+03  7.636E-29  6.060E-18
2.965E+03  7.932E-29  6.238E-18
2.938E+03  8.240E-29  6.421E-18
2.911E+03  8.561E-29  6.610E-18
2.884E+03  8.894E-29  6.804E-18
2.858E+03  9.240E-29  7.004E-18
2.831E+03  9.601E-29  7.210E-18
2.805E+03  9.975E-29  7.423E-18
2.780E+03  1.036E-28  7.642E-18
2.754E+03  1.077E-28  7.868E-18
2.729E+03  1.119E-28  8.100E-18
2.704E+03  1.163E-28  8.340E-18
2.679E+03  1.208E-28  8.587E-18
2.655E+03  1.256E-28  8.841E-18
2.630E+03  1.305E-28  9.103E-18
2.606E+03  1.356E-28  9.373E-18
2.582E+03  1.409E-28  9.651E-18
2.559E+03  1.464E-28  9.938E-18
2.535E+03  1.522E-28  1.023E-17
2.512E+03  1.582E-28  1.054E-17
2.489E+03  1.644E-28  1.085E-17
2.466E+03  1.708E-28  1.118E-17
2.443E+03  1.776E-28  1.151E-17
2.421E+03  1.846E-28  1.185E-17
2.399E+03  1.918E-28  1.221E-17
2.377E+03  1.994E-28  1.257E-17
2.355E+03  2.073E-28  1.295E-17
2.333E+03  2.154E-28  1.334E-17
2.312E+03  2.239E-28  1.373E-17
2.291E+03  2.328E-28  1.415E-17
2.270E+03  2.420E-28  1.457E-17
2.249E+03  2.516E-28  1.501E-17
2.228E+03  2.615E-28  1.546E-17
2.208E+03  2.718E-28  1.592E-17
2.188E+03  2.826E-28  1.640E-17
2.168E+03  2.938E-28  1.689E-17
2.148E+03  3.054E-28  1.740E-17
2.128E+03  3.175E-28  1.793E-17
2.109E+03  3.301E-28  1.846E-17
2.089E+03  3.432E-28  1.902E-17
2.070E+03  3.568E-28  1.959E-17
2.051E+03  3.710E-28  2.019E-17
2.032E+03  3.857E-28  2.079E-17
2.014E+03  4.010E-28  2.142E-17
1.995E+03  4.170E-28  2.207E-17
1.977E+03  4.335E-28  2.273E-17
1.959E+03  4.507E-28  2.342E-17
1.941E+03  4.686E-28  2.413E-17
1.923E+03  4.873E-28  2.486E-17
1.905E+03  5.066E-28  2.561E-17
1.888E+03  5.268E-28  2.638E-17
1.871E+03  5.477E-28  2.718E-17
1.854E+03  5.695E-28  2.800E-17
1.837E+03  5.922E-28  2.885E-17
1.820E+03  6.158E-28  2.972E-17
1.803E+03  6.403E-28  3.062E-17
1.786E+03  6.658E-28  3.155E-17
1.770E+03  6.923E-28  3.251E-17
1.754E+03  7.199E-28  3.349E-17
1.738E+03  7.486E-28  3.451E-17
1.722E+03  7.784E-28  3.555E-17
1.706E+03  8.094E-28  3.663E-17
1.690E+03  8.417E-28  3.774E-17
1.675E+03  8.753E-28  3.889E-17
1.660E+03  9.102E-28  4.007E-17
1.644E+03  9.465E-28  4.128E-17
1.629E+03  9.842E-28  4.254E-17
1.614E+03  1.023E-27  4.383E-17
1.600E+03  1.064E-27  4.516E-17
1.585E+03  1.107E-27  4.653E-17
1.570E+03  1.151E-27  4.794E-17
1.556E+03  1.197E-27  4.940E-17
1.542E+03  1.245E-27  5.090E-17
1.528E+03  1.294E-27  5.244E-17
1.514E+03  1.346E-27  5.403E-17
1.500E+03  1.399E-27  5.567E-17
1.486E+03  1.455E-27  5.736E-17
1.472E+03  1.513E-27  5.910E-17
1.459E+03  1.574E-27  6.090E-17
1.445E+03  1.637E-27  6.275E-17
1.432E+03  1.702E-27  6.465E-17
1.419E+03  1.770E-27  6.662E-17
1.406E+03  1.840E-27  6.864E-17
1.393E+03  1.914E-27  7.073E-17
1.380E+03  1.990E-27  7.287E-17
1.368E+03  2.070E-27  7.509E-17
1.355E+03  2.152E-27  7.736E-17
1.343E+03  2.238E-27  7.971E-17
1.330E+03  2.327E-27  8.213E-17
1.318E+03  2.420E-27  8.462E-17
1.306E+03  2.516E-27  8.719E-17
1.294E+03  2.617E-27  8.983E-17
1.282E+03  2.721E-27  9.255E-17
1.271E+03  2.829E-27  9.535E-17
1.259E+03  2.942E-27  9.824E-17
1.247E+03  3.059E-27  1.012E-16
1.236E+03  3.181E-27  1.043E-16
1.225E+03  3.307E-27  1.074E-16
1.213E+03  3.439E-27  1.107E-16
1.202E+03  3.575E-27  1.140E-16
1.191E+03  3.717E-27  1.175E-16
1.180E+03  3.865E-27  1.210E-16
1.169E+03  4.018E-27  1.247E-16
1.159E+03  4.178E-27  1.284E-16
1.148E+03  4.344E-27  1.323E-16
1.138E+03  4.516E-27  1.363E-16
1.127E+03  4.695E-27  1.404E-16
1.117E+03  4.881E-27  1.446E-16
1.107E+03  5.074E-27  1.489E-16
1.096E+03  5.275E-27  1.534E-16
1.086E+03  5.483E-27  1.580E-16
1.076E+03  5.700E-27  1.628E-16
1.067E+03  5.925E-27  1.676E-16
1.057E+03  6.159E-27  1.727E-16
1.047E+03  6.402E-27  1.778E-16
1.038E+03  6.654E-27  1.831E-16
1.028E+03  6.916E-27  1.886E-16
1.019E+03  7.189E-27  1.942E-16
1.009E+03  7.472E-27  2.000E-16
1.000E+03  7.765E-27  2.060E-16
9.908E+02  8.071E-27  2.121E-16
9.817E+02  8.388E-27  2.184E-16
9.727E+02  8.718E-27  2.249E-16
9.638E+02  9.060E-27  2.316E-16
9.550E+02  9.416E-27  2.385E-16
9.462E+02  9.785E-27  2.456E-16
9.376E+02  1.017E-26  2.529E-16
9.290E+02  1.057E-26  2.604E-16
9.204E+02  1.098E-26  2.681E-16
9.120E+02  1.141E-26  2.760E-16
9.036E+02  1.186E-26  2.842E-16
8.954E+02  1.232E-26  2.925E-16
8.872E+02  1.280E-26  3.012E-16
8.790E+02  1.330E-26  3.100E-16
8.710E+02  1.381E-26  3.191E-16
8.630E+02  1.435E-26  3.285E-16
8.551E+02  1.491E-26  3.381E-16
8.472E+02  1.548E-26  3.480E-16
8.395E+02  1.608E-26  3.581E-16
8.318E+02  1.670E-26  3.686E-16
8.241E+02  1.735E-26  3.793E-16
8.166E+02  1.802E-26  3.903E-16
8.091E+02  1.871E-26  4.016E-16
8.017E+02  1.943E-26  4.132E-16
7.943E+02  2.018E-26  4.252E-16
7.870E+02  2.095E-26  4.375E-16
7.798E+02  2.176E-26  4.501E-16
7.727E+02  2.259E-26  4.630E-16
7.656E+02  2.346E-26  4.764E-16
7.586E+02  2.435E-26  4.900E-16
7.516E+02  2.528E-26  5.041E-16
7.447E+02  2.625E-26  5.186E-16
7.379E+02  2.725E-26  5.334E-16
7.311E+02  2.829E-26  5.487E-16
7.244E+02  2.937E-26  5.645E-16
7.178E+02  3.049E-26  5.806E-16
7.112E+02  3.166E-26  5.972E-16
7.047E+02  3.286E-26  6.143E-16
6.982E+02  3.411E-26  6.318E-16
6.918E+02  3.541E-26  6.499E-16
6.855E+02  3.676E-26  6.684E-16
6.792E+02  3.815E-26  6.874E-16
6.730E+02  3.960E-26  7.069E-16
6.668E+02  4.110E-26  7.269E-16
6.607E+02  4.265E-26  7.475E-16
6.546E+02  4.426E-26  7.686E-16
6.486E+02  4.594E-26  7.905E-16
6.427E+02  4.769E-26  8.129E-16
6.368E+02  4.949E-26  8.360E-16
6.310E+02  5.137E-26  8.597E-16
6.252E+02  5.331E-26  8.841E-16
6.194E+02  5.533E-26  9.091E-16
6.138E+02  5.742E-26  9.348E-16
6.081E+02  5.959E-26  9.612E-16
6.026E+02  6.184E-26  9.884E-16
5.970E+02  6.417E-26  1.016E-15
5.916E+02  6.659E-26  1.045E-15
5.861E+02  6.910E-26  1.074E-15
5.808E+02  7.170E-26  1.105E-15
5.754E+02  7.440E-26  1.136E-15
5.702E+02  7.719E-26  1.168E-15
5.649E+02  8.010E-26  1.200E-15
5.598E+02  8.310E-26  1.234E-15
5.546E+02  8.622E-26  1.268E-15
5.495E+02  8.945E-26  1.304E-15
5.445E+02  9.281E-26  1.340E-15
5.395E+02  9.628E-26  1.378E-15
5.346E+02  9.988E-26  1.416E-15
5.297E+02  1.036E-25  1.456E-15
5.248E+02  1.075E-25  1.496E-15
5.200E+02  1.115E-25  1.538E-15
5.152E+02  1.157E-25  1.581E-15
5.105E+02  1.200E-25  1.625E-15
5.058E+02  1.244E-25  1.670E-15
5.012E+02  1.291E-25  1.716E-15
4.966E+02  1.339E-25  1.763E-15
4.920E+02  1.388E-25  1.812E-15
4.875E+02  1.440E-25  1.862E-15
4.831E+02  1.493E-25  1.913E-15
4.786E+02  1.548E-25  1.966E-15
4.742E+02  1.605E-25  2.019E-15
4.699E+02  1.665E-25  2.075E-15
4.656E+02  1.726E-25  2.132E-15
4.613E+02  1.789E-25  2.190E-15
4.571E+02  1.855E-25  2.249E-15
4.529E+02  1.923E-25  2.311E-15
4.487E+02  1.994E-25  2.373E-15
4.446E+02  2.067E-25  2.438E-15
4.406E+02  2.142E-25  2.504E-15
4.365E+02  2.221E-25  2.571E-15
4.325E+02  2.302E-25  2.641E-15
4.285E+02  2.385E-25  2.712E-15
4.246E+02  2.472E-25  2.784E-15
4.207E+02  2.562E-25  2.859E-15
4.169E+02  2.655E-25  2.936E-15
4.130E+02  2.751E-25  3.014E-15
4.093E+02  2.850E-25  3.094E-15
4.055E+02  2.953E-25  3.176E-15
4.018E+02  3.059E-25  3.261E-15
3.981E+02  3.170E-25  3.347E-15
3.945E+02  3.284E-25  3.436E-15
3.908E+02  3.401E-25  3.526E-15
3.873E+02  3.523E-25  3.619E-15
3.837E+02  3.649E-25  3.714E-15
3.802E+02  3.780E-25  3.812E-15
3.767E+02  3.914E-25  3.911E-15
3.733E+02  4.053E-25  4.013E-15
3.698E+02  4.197E-25  4.117E-15
3.664E+02  4.346E-25  4.224E-15
3.631E+02  4.500E-25  4.334E-15
3.597E+02  4.658E-25  4.445E-15
3.565E+02  4.822E-25  4.560E-15
3.532E+02  4.992E-25  4.676E-15
3.499E+02  5.167E-25  4.796E-15
3.467E+02  5.347E-25  4.918E-15
3.436E+02  5.534E-25  5.043E-15
3.404E+02  5.727E-25  5.171E-15
3.373E+02  5.926E-25  5.302E-15
3.342E+02  6.131E-25  5.435E-15
3.311E+02  6.343E-25  5.571E-15
3.281E+02  6.562E-25  5.711E-15
3.251E+02  6.787E-25  5.853E-15
3.221E+02  7.020E-25  5.998E-15
3.192E+02  7.260E-25  6.146E-15
3.162E+02  7.508E-25  6.298E-15
3.133E+02  7.763E-25  6.452E-15
3.105E+02  8.027E-25  6.610E-15
3.076E+02  8.298E-25  6.771E-15
3.048E+02  8.578E-25  6.935E-15
3.020E+02  8.866E-25  7.103E-15
2.992E+02  9.164E-25  7.273E-15
2.965E+02  9.470E-25  7.447E-15
2.938E+02  9.785E-25  7.625E-15
2.911E+02  1.011E-24  7.806E-15
2.884E+02  1.044E-24  7.990E-15
2.858E+02  1.079E-24  8.178E-15
2.831E+02  1.114E-24  8.370E-15
2.805E+02  1.151E-24  8.564E-15
2.780E+02  1.188E-24  8.763E-15
2.754E+02  1.227E-24  8.965E-15
2.729E+02  1.267E-24  9.172E-15
2.704E+02  1.308E-24  9.382E-15
2.679E+02  1.350E-24  9.597E-15
2.655E+02  1.394E-24  9.815E-15
2.630E+02  1.439E-24  1.004E-14
2.606E+02  1.485E-24  1.026E-14
2.582E+02  1.532E-24  1.049E-14
2.559E+02  1.580E-24  1.073E-14
2.535E+02  1.630E-24  1.096E-14
2.512E+02  1.680E-24  1.120E-14
2.489E+02  1.731E-24  1.143E-14
2.466E+02  1.783E-24  1.166E-14
2.443E+02  1.835E-24  1.189E-14
2.421E+02  1.888E-24  1.213E-14
2.399E+02  1.943E-24  1.236E-14
2.377E+02  1.997E-24  1.259E-14
2.355E+02  2.053E-24  1.282E-14
2.333E+02  2.110E-24  1.306E-14
2.312E+02  2.167E-24  1.329E-14
2.291E+02  2.227E-24  1.353E-14
2.270E+02  2.287E-24  1.377E-14
2.249E+02  2.349E-24  1.401E-14
2.228E+02  2.412E-24  1.426E-14
2.208E+02  2.476E-24  1.450E-14
2.188E+02  2.542E-24  1.475E-14
2.168E+02  2.609E-24  1.500E-14
2.148E+02  2.677E-24  1.525E-14
2.128E+02  2.747E-24  1.551E-14
2.109E+02  2.818E-24  1.576E-14
2.089E+02  2.890E-24  1.602E-14
2.070E+02  2.964E-24  1.628E-14
2.051E+02  3.038E-24  1.653E-14
2.032E+02  3.115E-24  1.679E-14
2.014E+02  3.192E-24  1.705E-14
1.995E+02  3.271E-24  1.731E-14
1.977E+02  3.352E-24  1.758E-14
1.959E+02  3.434E-24  1.784E-14
1.941E+02  3.516E-24  1.810E-14
1.923E+02  3.601E-24  1.837E-14
1.905E+02  3.687E-24  1.864E-14
1.888E+02  3.774E-24  1.890E-14
1.871E+02  3.863E-24  1.917E-14
1.854E+02  3.954E-24  1.944E-14
1.837E+02  4.045E-24  1.971E-14
1.820E+02  4.139E-24  1.998E-14
1.803E+02  4.233E-24  2.025E-14
1.786E+02  4.330E-24  2.052E-14
1.770E+02  4.428E-24  2.079E-14
1.754E+02  4.527E-24  2.106E-14
1.738E+02  4.629E-24  2.134E-14
1.722E+02  4.732E-24  2.161E-14
1.706E+02  4.837E-24  2.189E-14
1.690E+02  4.943E-24  2.216E-14
1.675E+02  5.051E-24  2.244E-14
1.660E+02  5.162E-24  2.272E-14
1.644E+02  5.275E-24  2.301E-14
1.629E+02  5.389E-24  2.329E-14
1.614E+02  5.507E-24  2.358E-14
1.600E+02  5.625E-24  2.387E-14
1.585E+02  5.747E-24  2.416E-14
1.570E+02  5.872E-24  2.446E-14
1.556E+02  5.999E-24  2.476E-14
1.542E+02  6.130E-24  2.507E-14
1.528E+02  6.264E-24  2.538E-14
1.514E+02  6.400E-24  2.570E-14
1.500E+02  6.540E-24  2.602E-14
1.486E+02  6.682E-24  2.634E-14
1.472E+02  6.826E-24  2.666E-14
1.459E+02  6.971E-24  2.697E-14
1.445E+02  7.115E-24  2.728E-14
1.432E+02  7.258E-24  2.757E-14
1.419E+02  7.394E-24  2.783E-14
1.406E+02  7.522E-24  2.805E-14
1.393E+02  7.640E-24  2.823E-14
1.380E+02  7.747E-24  2.836E-14
1.368E+02  7.842E-24  2.845E-14
1.355E+02  7.926E-24  2.849E-14
1.343E+02  8.005E-24  2.851E-14
1.330E+02  8.078E-24  2.851E-14
1.318E+02  8.150E-24  2.850E-14
1.306E+02  8.222E-24  2.849E-14
1.294E+02  8.294E-24  2.847E-14
1.282E+02  8.368E-24  2.846E-14
1.271E+02  8.442E-24  2.845E-14
1.259E+02  8.520E-24  2.845E-14
1.247E+02  8.599E-24  2.845E-14
1.236E+02  8.681E-24  2.846E-14
1.225E+02  8.764E-24  2.847E-14
1.213E+02  8.850E-24  2.848E-14
1.202E+02  8.936E-24  2.850E-14
1.191E+02  9.024E-24  2.852E-14
1.180E+02  9.113E-24  2.853E-14
1.169E+02  9.202E-24  2.855E-14
1.159E+02  9.290E-24  2.856E-14
1.148E+02  9.380E-24  2.857E-14
1.138E+02  9.471E-24  2.858E-14
1.127E+02  9.561E-24  2.859E-14
1.117E+02  9.653E-24  2.860E-14
1.107E+02  9.746E-24  2.861E-14
1.096E+02  9.838E-24  2.861E-14
1.086E+02  9.930E-24  2.862E-14
1.076E+02  1.002E-23  2.862E-14
1.067E+02  1.011E-23  2.861E-14
1.057E+02  1.020E-23  2.861E-14
1.047E+02  1.030E-23  2.860E-14
1.038E+02  1.039E-23  2.858E-14
1.028E+02  1.047E-23  2.856E-14
1.019E+02  1.056E-23  2.854E-14
1.009E+02  1.065E-23  2.851E-14
1.000E+02  1.073E-23  2.847E-14
9.908E+01  1.082E-23  2.843E-14
9.817E+01  1.090E-23  2.838E-14
9.727E+01  1.098E-23  2.833E-14
9.638E+01  1.106E-23  2.828E-14
9.550E+01  1.114E-23  2.822E-14
9.462E+01  1.122E-23  2.815E-14
9.376E+01  1.129E-23  2.808E-14
9.290E+01  1.136E-23  2.800E-14
9.204E+01  1.144E-23  2.792E-14
9.120E+01  1.151E-23  2.783E-14
9.036E+01  1.157E-23  2.774E-14
8.954E+01  1.164E-23  2.765E-14
8.872E+01  1.171E-23  2.755E-14
8.790E+01  1.177E-23  2.744E-14
8.710E+01  1.183E-23  2.733E-14
8.630E+01  1.189E-23  2.722E-14
8.551E+01  1.195E-23  2.710E-14
8.472E+01  1.200E-23  2.697E-14
8.395E+01  1.206E-23  2.685E-14
8.318E+01  1.211E-23  2.672E-14
8.241E+01  1.216E-23  2.658E-14
8.166E+01  1.221E-23  2.645E-14
8.091E+01  1.226E-23  2.631E-14
8.017E+01  1.230E-23  2.616E-14
7.943E+01  1.235E-23  2.601E-14
7.870E+01  1.239E-23  2.586E-14
7.798E+01  1.242E-23  2.570E-14
7.727E+01  1.246E-23  2.554E-14
7.656E+01  1.250E-23  2.538E-14
7.586E+01  1.253E-23  2.521E-14
7.516E+01  1.256E-23  2.504E-14
7.447E+01  1.259E-23  2.486E-14
7.379E+01  1.261E-23  2.468E-14
7.311E+01  1.263E-23  2.450E-14
7.244E+01  1.265E-23  2.431E-14
7.178E+01  1.267E-23  2.412E-14
7.112E+01  1.268E-23  2.392E-14
7.047E+01  1.270E-23  2.373E-14
6.982E+01  1.271E-23  2.354E-14
6.918E+01  1.272E-23  2.334E-14
6.855E+01  1.273E-23  2.315E-14
6.792E+01  1.273E-23  2.294E-14
6.730E+01  1.274E-23  2.274E-14
6.668E+01  1.274E-23  2.254E-14
6.607E+01  1.274E-23  2.233E-14
6.546E+01  1.274E-23  2.212E-14
6.486E+01  1.273E-23  2.191E-14
6.427E+01  1.273E-23  2.170E-14
6.368E+01  1.272E-23  2.149E-14
6.310E+01  1.271E-23  2.127E-14
6.252E+01  1.270E-23  2.106E-14
6.194E+01  1.269E-23  2.084E-14
6.138E+01  1.267E-23  2.063E-14
6.081E+01  1.266E-23  2.042E-14
6.026E+01  1.264E-23  2.020E-14
5.970E+01  1.262E-23  1.998E-14
5.916E+01  1.259E-23  1.976E-14
5.861E+01  1.257E-23  1.954E-14
5.808E+01  1.254E-23  1.932E-14
5.754E+01  1.252E-23  1.911E-14
5.702E+01  1.249E-23  1.889E-14
5.649E+01  1.246E-23  1.867E-14
5.598E+01  1.243E-23  1.845E-14
5.546E+01  1.240E-23  1.824E-14
5.495E+01  1.236E-23  1.802E-14
5.445E+01  1.233E-23  1.781E-14
5.395E+01  1.229E-23  1.759E-14
5.346E+01  1.226E-23  1.738E-14
5.297E+01  1.222E-23  1.717E-14
5.248E+01  1.218E-23  1.696E-14
5.200E+01  1.214E-23  1.674E-14
5.152E+01  1.210E-23  1.653E-14
5.105E+01  1.205E-23  1.632E-14
5.058E+01  1.201E-23  1.612E-14
5.012E+01  1.197E-23  1.591E-14
4.966E+01  1.192E-23  1.570E-14
4.920E+01  1.187E-23  1.550E-14
4.875E+01  1.182E-23  1.529E-14
4.831E+01  1.177E-23  1.509E-14
4.786E+01  1.173E-23  1.489E-14
4.742E+01  1.167E-23  1.469E-14
4.699E+01  1.162E-23  1.449E-14
4.656E+01  1.157E-23  1.429E-14
4.613E+01  1.152E-23  1.409E-14
4.571E+01  1.146E-23  1.390E-14
4.529E+01  1.141E-23  1.370E-14
4.487E+01  1.135E-23  1.351E-14
4.446E+01  1.129E-23  1.332E-14
4.406E+01  1.123E-23  1.312E-14
4.365E+01  1.117E-23  1.293E-14
4.325E+01  1.111E-23  1.274E-14
4.285E+01  1.104E-23  1.255E-14
4.246E+01  1.097E-23  1.236E-14
4.207E+01  1.090E-23  1.216E-14
4.169E+01  1.083E-23  1.197E-14
4.130E+01  1.075E-23  1.178E-14
4.093E+01  1.067E-23  1.158E-14
4.055E+01  1.059E-23  1.139E-14
4.018E+01  1.050E-23  1.119E-14
3.981E+01  1.041E-23  1.099E-14
3.945E+01  1.032E-23  1.079E-14
3.908E+01  1.022E-23  1.059E-14
3.873E+01  1.011E-23  1.039E-14
3.837E+01  1.000E-23  1.018E-14
3.802E+01  9.884E-24  9.968E-15
3.767E+01  9.762E-24  9.754E-15
3.733E+01  9.633E-24  9.537E-15
3.698E+01  9.498E-24  9.317E-15
3.664E+01  9.357E-24  9.095E-15
3.631E+01  9.209E-24  8.869E-15
3.597E+01  9.053E-24  8.639E-15
3.565E+01  8.893E-24  8.408E-15
3.532E+01  8.726E-24  8.175E-15
3.499E+01  8.552E-24  7.938E-15
3.467E+01  8.371E-24  7.700E-15
3.436E+01  8.186E-24  7.460E-15
3.404E+01  7.995E-24  7.219E-15
3.373E+01  7.798E-24  6.977E-15
3.342E+01  7.598E-24  6.736E-15
3.311E+01  7.395E-24  6.495E-15
3.281E+01  7.188E-24  6.256E-15
3.251E+01  6.979E-24  6.018E-15
3.221E+01  6.768E-24  5.783E-15
3.192E+01  6.557E-24  5.551E-15
3.162E+01  6.346E-24  5.323E-15
3.133E+01  6.136E-24  5.100E-15
3.105E+01  5.928E-24  4.882E-15
3.076E+01  5.723E-24  4.670E-15
3.048E+01  5.523E-24  4.465E-15
3.020E+01  5.326E-24  4.266E-15
2.992E+01  5.135E-24  4.076E-15
2.965E+01  4.948E-24  3.892E-15
2.938E+01  4.769E-24  3.716E-15
2.911E+01  4.595E-24  3.548E-15
2.884E+01  4.429E-24  3.388E-15
2.858E+01  4.270E-24  3.237E-15
2.831E+01  4.119E-24  3.094E-15
2.805E+01  3.976E-24  2.959E-15
2.780E+01  3.840E-24  2.831E-15
2.754E+01  3.712E-24  2.712E-15
2.729E+01  3.590E-24  2.599E-15
2.704E+01  3.477E-24  2.494E-15
2.679E+01  3.371E-24  2.396E-15
2.655E+01  3.272E-24  2.304E-15
2.630E+01  3.180E-24  2.219E-15
2.606E+01  3.094E-24  2.139E-15
2.582E+01  3.015E-24  2.065E-15
2.559E+01  2.942E-24  1.997E-15
2.535E+01  2.874E-24  1.933E-15
2.512E+01  2.813E-24  1.874E-15
2.489E+01  2.756E-24  1.819E-15
2.466E+01  2.704E-24  1.769E-15
2.443E+01  2.656E-24  1.721E-15
2.421E+01  2.613E-24  1.678E-15
2.399E+01  2.574E-24  1.638E-15
2.377E+01  2.539E-24  1.601E-15
2.355E+01  2.508E-24  1.567E-15
2.333E+01  2.481E-24  1.535E-15
2.312E+01  2.456E-24  1.506E-15
2.291E+01  2.434E-24  1.479E-15
2.270E+01  2.416E-24  1.455E-15
2.249E+01  2.402E-24  1.433E-15
2.228E+01  2.389E-24  1.412E-15
2.208E+01  2.380E-24  1.394E-15
2.188E+01  2.371E-24  1.376E-15
2.168E+01  2.365E-24  1.360E-15
2.148E+01  2.361E-24  1.345E-15
2.128E+01  2.360E-24  1.332E-15
2.109E+01  2.360E-24  1.320E-15
2.089E+01  2.363E-24  1.309E-15
2.070E+01  2.367E-24  1.300E-15
2.051E+01  2.372E-24  1.291E-15
2.032E+01  2.380E-24  1.283E-15
2.014E+01  2.391E-24  1.277E-15
1.995E+01  2.403E-24  1.272E-15
1.977E+01  2.418E-24  1.268E-15
1.959E+01  2.435E-24  1.265E-15
1.941E+01  2.454E-24  1.264E-15
1.923E+01  2.477E-24  1.263E-15
1.905E+01  2.504E-24  1.266E-15
1.888E+01  2.536E-24  1.270E-15
1.871E+01  2.577E-24  1.279E-15
1.854E+01  2.629E-24  1.293E-15
1.837E+01  2.701E-24  1.316E-15
1.820E+01  2.810E-24  1.357E-15
1.803E+01  3.023E-24  1.446E-15
1.786E+01  3.368E-24  1.596E-15
1.770E+01  3.382E-24  1.588E-15
1.754E+01  3.719E-24  1.730E-15
1.738E+01  4.636E-24  2.137E-15
1.722E+01  4.295E-24  1.962E-15
1.706E+01  4.274E-24  1.934E-15
1.690E+01  4.160E-24  1.865E-15
1.675E+01  3.973E-24  1.765E-15
1.660E+01  4.107E-24  1.808E-15
1.644E+01  4.990E-24  2.176E-15
1.629E+01  3.652E-24  1.578E-15
1.614E+01  3.209E-24  1.374E-15
1.600E+01  3.329E-24  1.413E-15
1.585E+01  3.330E-24  1.400E-15
1.570E+01  2.840E-24  1.183E-15
1.556E+01  2.609E-24  1.077E-15
1.542E+01  2.500E-24  1.022E-15
1.528E+01  2.435E-24  9.865E-16
1.514E+01  2.391E-24  9.600E-16
1.500E+01  2.361E-24  9.392E-16
1.486E+01  2.341E-24  9.228E-16
1.472E+01  2.335E-24  9.119E-16
1.459E+01  2.349E-24  9.091E-16
1.445E+01  2.408E-24  9.232E-16
1.432E+01  2.564E-24  9.741E-16
1.419E+01  2.737E-24  1.030E-15
1.406E+01  2.578E-24  9.616E-16
1.393E+01  2.459E-24  9.086E-16
1.380E+01  2.499E-24  9.152E-16
1.368E+01  2.750E-24  9.978E-16
1.355E+01  2.858E-24  1.027E-15
1.343E+01  2.650E-24  9.438E-16
1.330E+01  2.663E-24  9.399E-16
1.318E+01  2.830E-24  9.897E-16
1.306E+01  3.155E-24  1.093E-15
1.294E+01  3.713E-24  1.275E-15
1.282E+01  4.607E-24  1.567E-15
1.271E+01  5.719E-24  1.927E-15
1.259E+01  6.206E-24  2.072E-15
1.247E+01  5.579E-24  1.846E-15
1.236E+01  4.804E-24  1.575E-15
1.225E+01  4.485E-24  1.457E-15
1.213E+01  4.585E-24  1.476E-15
1.202E+01  4.761E-24  1.518E-15
1.191E+01  4.600E-24  1.454E-15
1.180E+01  4.239E-24  1.327E-15
1.169E+01  4.126E-24  1.280E-15
1.159E+01  4.597E-24  1.413E-15
1.148E+01  6.166E-24  1.878E-15
1.138E+01  9.474E-24  2.859E-15
1.127E+01  1.323E-23  3.955E-15
1.117E+01  9.036E-24  2.677E-15
1.107E+01  4.774E-24  1.401E-15
1.096E+01  3.258E-24  9.475E-16
1.086E+01  2.543E-24  7.328E-16
1.076E+01  2.152E-24  6.144E-16
1.067E+01  1.915E-24  5.417E-16
1.057E+01  1.761E-24  4.937E-16
1.047E+01  1.656E-24  4.600E-16
1.038E+01  1.582E-24  4.353E-16
1.028E+01  1.528E-24  4.166E-16
1.019E+01  1.489E-24  4.022E-16
1.009E+01  1.461E-24  3.913E-16
1.000E+01  1.445E-24  3.832E-16
9.908E+00  1.437E-24  3.777E-16
9.817E+00  1.438E-24  3.746E-16
9.727E+00  1.448E-24  3.737E-16
9.638E+00  1.467E-24  3.752E-16
9.550E+00  1.496E-24  3.790E-16
9.462E+00  1.536E-24  3.855E-16
9.376E+00  1.589E-24  3.952E-16
9.290E+00  1.661E-24  4.092E-16
9.204E+00  1.758E-24  4.292E-16
9.120E+00  1.894E-24  4.582E-16
9.036E+00  2.091E-24  5.012E-16
8.954E+00  2.389E-24  5.673E-16
8.872E+00  2.861E-24  6.734E-16
8.790E+00  3.639E-24  8.485E-16
8.710E+00  4.829E-24  1.116E-15
8.630E+00  5.943E-24  1.360E-15
8.551E+00  5.808E-24  1.317E-15
8.472E+00  5.036E-24  1.132E-15
8.395E+00  4.640E-24  1.033E-15
8.318E+00  4.614E-24  1.018E-15
8.241E+00  4.815E-24  1.053E-15
8.166E+00  5.326E-24  1.154E-15
8.091E+00  6.304E-24  1.353E-15
8.017E+00  7.873E-24  1.674E-15
7.943E+00  9.949E-24  2.096E-15
7.870E+00  1.185E-23  2.474E-15
7.798E+00  1.275E-23  2.638E-15
7.727E+00  1.328E-23  2.722E-15
7.656E+00  1.422E-23  2.887E-15
7.586E+00  1.405E-23  2.828E-15
7.516E+00  1.162E-23  2.316E-15
7.447E+00  8.812E-24  1.741E-15
7.379E+00  6.785E-24  1.328E-15
7.311E+00  5.437E-24  1.054E-15
7.244E+00  4.504E-24  8.656E-16
7.178E+00  3.828E-24  7.289E-16
7.112E+00  3.329E-24  6.281E-16
7.047E+00  2.967E-24  5.547E-16
6.982E+00  2.722E-24  5.041E-16
6.918E+00  2.580E-24  4.735E-16
6.855E+00  2.532E-24  4.604E-16
6.792E+00  2.550E-24  4.594E-16
6.730E+00  2.577E-24  4.600E-16
6.668E+00  2.546E-24  4.504E-16
6.607E+00  2.461E-24  4.313E-16
6.546E+00  2.407E-24  4.180E-16
6.486E+00  2.501E-24  4.303E-16
6.427E+00  2.886E-24  4.921E-16
6.368E+00  3.853E-24  6.508E-16
6.310E+00  6.059E-24  1.014E-15
6.252E+00  9.862E-24  1.635E-15
6.194E+00  1.005E-23  1.651E-15
6.138E+00  6.038E-24  9.830E-16
6.081E+00  3.540E-24  5.711E-16
6.026E+00  2.377E-24  3.799E-16
5.970E+00  1.821E-24  2.884E-16
5.916E+00  1.570E-24  2.464E-16
5.861E+00  1.521E-24  2.365E-16
5.808E+00  1.662E-24  2.560E-16
5.754E+00  1.971E-24  3.008E-16
5.702E+00  2.151E-24  3.254E-16
5.649E+00  1.835E-24  2.750E-16
5.598E+00  1.368E-24  2.031E-16
5.546E+00  1.044E-24  1.536E-16
5.495E+00  8.554E-25  1.247E-16
5.445E+00  7.535E-25  1.088E-16
5.395E+00  7.162E-25  1.025E-16
5.346E+00  7.514E-25  1.065E-16
5.297E+00  8.852E-25  1.244E-16
5.248E+00  9.834E-25  1.369E-16
5.200E+00  7.959E-25  1.098E-16
5.152E+00  6.008E-25  8.212E-17
5.105E+00  4.937E-25  6.686E-17
5.058E+00  4.340E-25  5.823E-17
5.012E+00  3.966E-25  5.273E-17
4.966E+00  3.707E-25  4.883E-17
4.920E+00  3.514E-25  4.586E-17
4.875E+00  3.361E-25  4.347E-17
4.831E+00  3.237E-25  4.147E-17
4.786E+00  3.132E-25  3.976E-17
4.742E+00  3.041E-25  3.826E-17
4.699E+00  2.963E-25  3.693E-17
4.656E+00  2.894E-25  3.574E-17
4.613E+00  2.832E-25  3.465E-17
4.571E+00  2.776E-25  3.366E-17
4.529E+00  2.726E-25  3.275E-17
4.487E+00  2.681E-25  3.191E-17
4.446E+00  2.639E-25  3.113E-17
4.406E+00  2.601E-25  3.040E-17
4.365E+00  2.567E-25  2.972E-17
4.325E+00  2.535E-25  2.909E-17
4.285E+00  2.506E-25  2.849E-17
4.246E+00  2.480E-25  2.793E-17
4.207E+00  2.456E-25  2.741E-17
4.169E+00  2.434E-25  2.692E-17
4.130E+00  2.415E-25  2.646E-17
4.093E+00  2.398E-25  2.603E-17
4.055E+00  2.382E-25  2.563E-17
4.018E+00  2.370E-25  2.525E-17
3.981E+00  2.359E-25  2.491E-17
3.945E+00  2.352E-25  2.461E-17
3.908E+00  2.347E-25  2.433E-17
3.873E+00  2.346E-25  2.410E-17
3.837E+00  2.349E-25  2.391E-17
3.802E+00  2.357E-25  2.377E-17
3.767E+00  2.371E-25  2.370E-17
3.733E+00  2.393E-25  2.369E-17
3.698E+00  2.425E-25  2.379E-17
3.664E+00  2.470E-25  2.401E-17
3.631E+00  2.534E-25  2.440E-17
3.597E+00  2.623E-25  2.503E-17
3.565E+00  2.752E-25  2.602E-17
3.532E+00  2.941E-25  2.755E-17
3.499E+00  3.229E-25  2.998E-17
3.467E+00  3.696E-25  3.399E-17
3.436E+00  4.513E-25  4.113E-17
3.404E+00  6.127E-25  5.532E-17
3.373E+00  9.981E-25  8.930E-17
3.342E+00  2.275E-24  2.017E-16
3.311E+00  8.606E-24  7.559E-16
3.281E+00  5.877E-24  5.115E-16
3.251E+00  1.678E-24  1.447E-16
3.221E+00  8.012E-25  6.845E-17
3.192E+00  5.110E-25  4.326E-17
3.162E+00  3.828E-25  3.211E-17
3.133E+00  3.153E-25  2.621E-17
3.105E+00  2.754E-25  2.268E-17
3.076E+00  2.498E-25  2.038E-17
3.048E+00  2.322E-25  1.877E-17
3.020E+00  2.195E-25  1.758E-17
2.992E+00  2.100E-25  1.667E-17
2.965E+00  2.025E-25  1.593E-17
2.938E+00  1.965E-25  1.531E-17
2.911E+00  1.916E-25  1.479E-17
2.884E+00  1.874E-25  1.434E-17
2.858E+00  1.838E-25  1.393E-17
2.831E+00  1.806E-25  1.357E-17
2.805E+00  1.778E-25  1.323E-17
2.780E+00  1.752E-25  1.292E-17
2.754E+00  1.728E-25  1.263E-17
2.729E+00  1.706E-25  1.235E-17
2.704E+00  1.686E-25  1.209E-17
2.679E+00  1.666E-25  1.184E-17
2.655E+00  1.647E-25  1.160E-17
2.630E+00  1.630E-25  1.137E-17
2.606E+00  1.612E-25  1.114E-17
2.582E+00  1.595E-25  1.093E-17
2.559E+00  1.579E-25  1.071E-17
2.535E+00  1.563E-25  1.051E-17
2.512E+00  1.547E-25  1.031E-17
2.489E+00  1.531E-25  1.011E-17
2.466E+00  1.515E-25  9.912E-18
2.443E+00  1.500E-25  9.720E-18
2.421E+00  1.484E-25  9.531E-18
2.399E+00  1.469E-25  9.347E-18
2.377E+00  1.454E-25  9.166E-18
2.355E+00  1.439E-25  8.988E-18
2.333E+00  1.424E-25  8.813E-18
2.312E+00  1.409E-25  8.641E-18
2.291E+00  1.394E-25  8.471E-18
2.270E+00  1.379E-25  8.303E-18
2.249E+00  1.364E-25  8.137E-18
2.228E+00  1.349E-25  7.972E-18
2.208E+00  1.333E-25  7.808E-18
2.188E+00  1.317E-25  7.645E-18
2.168E+00  1.301E-25  7.482E-18
2.148E+00  1.284E-25  7.318E-18
2.128E+00  1.267E-25  7.152E-18
2.109E+00  1.249E-25  6.983E-18
2.089E+00  1.229E-25  6.811E-18
2.070E+00  1.208E-25  6.633E-18
2.051E+00  1.185E-25  6.448E-18
2.032E+00  1.160E-25  6.252E-18
2.014E+00  1.132E-25  6.044E-18
1.995E+00  1.100E-25  5.821E-18
1.977E+00  1.065E-25  5.584E-18
1.959E+00  1.027E-25  5.338E-18
1.941E+00  9.911E-26  5.102E-18
1.923E+00  9.625E-26  4.910E-18
1.905E+00  9.485E-26  4.794E-18
1.888E+00  9.516E-26  4.766E-18
1.871E+00  9.666E-26  4.797E-18
1.854E+00  9.856E-26  4.846E-18
1.837E+00  1.002E-25  4.883E-18
1.820E+00  1.014E-25  4.897E-18
1.803E+00  1.022E-25  4.886E-18
1.786E+00  1.025E-25  4.856E-18
1.770E+00  1.025E-25  4.811E-18
1.754E+00  1.022E-25  4.756E-18
1.738E+00  1.018E-25  4.694E-18
1.722E+00  1.013E-25  4.626E-18
1.706E+00  1.007E-25  4.556E-18
1.690E+00  9.999E-26  4.484E-18
1.675E+00  9.928E-26  4.411E-18
1.660E+00  9.856E-26  4.339E-18
1.644E+00  9.782E-26  4.267E-18
1.629E+00  9.708E-26  4.196E-18
1.614E+00  9.637E-26  4.127E-18
1.600E+00  9.568E-26  4.060E-18
1.585E+00  9.503E-26  3.995E-18
1.570E+00  9.443E-26  3.934E-18
1.556E+00  9.389E-26  3.875E-18
1.542E+00  9.342E-26  3.821E-18
1.528E+00  9.305E-26  3.770E-18
1.514E+00  9.277E-26  3.725E-18
1.500E+00  9.262E-26  3.684E-18
1.486E+00  9.260E-26  3.650E-18
1.472E+00  9.276E-26  3.623E-18
1.459E+00  9.310E-26  3.603E-18
1.445E+00  9.369E-26  3.592E-18
1.432E+00  9.455E-26  3.592E-18
1.419E+00  9.574E-26  3.604E-18
1.406E+00  9.734E-26  3.630E-18
1.393E+00  9.940E-26  3.673E-18
1.380E+00  1.020E-25  3.737E-18
1.368E+00  1.054E-25  3.823E-18
1.355E+00  1.095E-25  3.936E-18
1.343E+00  1.145E-25  4.079E-18
1.330E+00  1.205E-25  4.252E-18
1.318E+00  1.273E-25  4.450E-18
1.306E+00  1.345E-25  4.660E-18
1.294E+00  1.413E-25  4.851E-18
1.282E+00  1.463E-25  4.976E-18
1.271E+00  1.477E-25  4.980E-18
1.259E+00  1.445E-25  4.825E-18
1.247E+00  1.366E-25  4.519E-18
1.236E+00  1.255E-25  4.116E-18
1.225E+00  1.135E-25  3.686E-18
1.213E+00  1.021E-25  3.285E-18
1.202E+00  9.219E-26  2.940E-18
1.191E+00  8.418E-26  2.660E-18
1.180E+00  7.797E-26  2.441E-18
1.169E+00  7.338E-26  2.276E-18
1.159E+00  7.024E-26  2.159E-18
1.148E+00  6.845E-26  2.085E-18
1.138E+00  6.800E-26  2.052E-18
1.127E+00  6.901E-26  2.063E-18
1.117E+00  7.178E-26  2.126E-18
1.107E+00  7.686E-26  2.256E-18
1.096E+00  8.517E-26  2.477E-18
1.086E+00  9.802E-26  2.825E-18
1.076E+00  1.167E-25  3.333E-18
1.067E+00  1.401E-25  3.965E-18
1.057E+00  1.589E-25  4.454E-18
1.047E+00  1.557E-25  4.325E-18
1.038E+00  1.291E-25  3.554E-18
1.028E+00  9.783E-26  2.668E-18
1.019E+00  7.354E-26  1.987E-18
1.009E+00  5.710E-26  1.529E-18
1.000E+00  4.619E-26  1.225E-18
