Dust emission from Draine & Li (2007): ApJ 657, 810-837
================================================================
        10 = grain model
 4.000E-08 4.000E-01 5.000E-06 = a_01 (cm) , sigma_1 , b_C1/0.92
 2.500E-07 4.000E-01 5.000E-06 = a_02 (cm) , sigma_2 , b_C2/0.92
 8.000E-01 1.000E+04 2.000E+00 = Umin , Umax, beta (dN/dU propto U^{-beta})
 7.547E+00 = <U> 
     mmp83 = radfield
 7.885E-24 = power/H (erg s-1)
 band   nu*P_nu(band) j_nu(band)
 (um)   (erg s-1 H-1)(Jy cm2 sr-1 H-1)
1.270E+00  2.198E-26  7.404E-19 COBE-DIRBE
2.220E+00  2.950E-26  1.737E-18 COBE-DIRBE
3.530E+00  1.555E-25  1.456E-17 COBE-DIRBE
4.880E+00  7.531E-26  9.748E-18 COBE-DIRBE
1.229E+01  9.182E-25  2.993E-16 COBE-DIRBE
2.079E+01  1.352E-24  7.454E-16 COBE-DIRBE
5.599E+01  3.733E-24  5.544E-15 COBE-DIRBE
9.770E+01  2.976E-24  7.713E-15 COBE-DIRBE
1.479E+02  1.839E-24  7.214E-15 COBE-DIRBE
2.479E+02  5.685E-25  3.738E-15 COBE-DIRBE
1.200E+01  9.058E-25  2.883E-16 IRAS
2.500E+01  1.583E-24  1.050E-15 IRAS
6.000E+01  3.685E-24  5.865E-15 IRAS
1.000E+02  2.915E-24  7.733E-15 IRAS
3.550E+00  1.797E-25  1.692E-17 SST-IRAC
4.493E+00  5.500E-26  6.555E-18 SST-IRAC
5.731E+00  4.177E-25  6.350E-17 SST-IRAC
7.872E+00  1.101E-24  2.299E-16 SST-IRAC
2.368E+01  1.461E-24  9.174E-16 SST-MIPS
7.142E+01  3.264E-24  6.183E-15 SST-MIPS
1.559E+02  1.581E-24  6.539E-15 SST-MIPS
1.600E+01  9.473E-25  4.021E-16 SST-IRSPU
2.200E+01  1.440E-24  8.404E-16 SST-IRSPU











lambda    nu*dP/dnu     j_nu
 (um)   (erg s-1 H-1)(Jy cm2 sr-1 H-1)
1.000E+04  2.112E-31  5.602E-20
9.908E+03  2.189E-31  5.752E-20
9.817E+03  2.268E-31  5.907E-20
9.727E+03  2.351E-31  6.066E-20
9.638E+03  2.436E-31  6.229E-20
9.550E+03  2.525E-31  6.396E-20
9.462E+03  2.617E-31  6.568E-20
9.376E+03  2.712E-31  6.744E-20
9.290E+03  2.810E-31  6.925E-20
9.204E+03  2.913E-31  7.112E-20
9.120E+03  3.019E-31  7.303E-20
9.036E+03  3.128E-31  7.499E-20
8.954E+03  3.242E-31  7.699E-20
8.872E+03  3.359E-31  7.905E-20
8.790E+03  3.480E-31  8.115E-20
8.710E+03  3.606E-31  8.332E-20
8.630E+03  3.737E-31  8.555E-20
8.551E+03  3.872E-31  8.783E-20
8.472E+03  4.013E-31  9.018E-20
8.395E+03  4.158E-31  9.260E-20
8.318E+03  4.309E-31  9.508E-20
8.241E+03  4.466E-31  9.763E-20
8.166E+03  4.628E-31  1.002E-19
8.091E+03  4.796E-31  1.029E-19
8.017E+03  4.971E-31  1.057E-19
7.943E+03  5.152E-31  1.086E-19
7.870E+03  5.340E-31  1.115E-19
7.798E+03  5.534E-31  1.145E-19
7.727E+03  5.736E-31  1.176E-19
7.656E+03  5.945E-31  1.207E-19
7.586E+03  6.162E-31  1.240E-19
7.516E+03  6.388E-31  1.274E-19
7.447E+03  6.621E-31  1.308E-19
7.379E+03  6.863E-31  1.343E-19
7.311E+03  7.114E-31  1.380E-19
7.244E+03  7.375E-31  1.417E-19
7.178E+03  7.645E-31  1.456E-19
7.112E+03  7.925E-31  1.495E-19
7.047E+03  8.216E-31  1.536E-19
6.982E+03  8.517E-31  1.577E-19
6.918E+03  8.829E-31  1.620E-19
6.855E+03  9.152E-31  1.664E-19
6.792E+03  9.488E-31  1.709E-19
6.730E+03  9.836E-31  1.756E-19
6.668E+03  1.020E-30  1.804E-19
6.607E+03  1.057E-30  1.853E-19
6.546E+03  1.096E-30  1.903E-19
6.486E+03  1.136E-30  1.955E-19
6.427E+03  1.178E-30  2.009E-19
6.368E+03  1.222E-30  2.064E-19
6.310E+03  1.267E-30  2.120E-19
6.252E+03  1.313E-30  2.178E-19
6.194E+03  1.362E-30  2.238E-19
6.138E+03  1.412E-30  2.299E-19
6.081E+03  1.464E-30  2.362E-19
6.026E+03  1.518E-30  2.427E-19
5.970E+03  1.575E-30  2.494E-19
5.916E+03  1.633E-30  2.562E-19
5.861E+03  1.693E-30  2.633E-19
5.808E+03  1.756E-30  2.705E-19
5.754E+03  1.821E-30  2.780E-19
5.702E+03  1.889E-30  2.856E-19
5.649E+03  1.959E-30  2.935E-19
5.598E+03  2.031E-30  3.016E-19
5.546E+03  2.107E-30  3.100E-19
5.495E+03  2.185E-30  3.185E-19
5.445E+03  2.266E-30  3.273E-19
5.395E+03  2.351E-30  3.364E-19
5.346E+03  2.438E-30  3.457E-19
5.297E+03  2.529E-30  3.553E-19
5.248E+03  2.623E-30  3.652E-19
5.200E+03  2.721E-30  3.753E-19
5.152E+03  2.823E-30  3.858E-19
5.105E+03  2.928E-30  3.965E-19
5.058E+03  3.037E-30  4.075E-19
5.012E+03  3.151E-30  4.189E-19
4.966E+03  3.268E-30  4.305E-19
4.920E+03  3.390E-30  4.425E-19
4.875E+03  3.517E-30  4.548E-19
4.831E+03  3.649E-30  4.675E-19
4.786E+03  3.785E-30  4.806E-19
4.742E+03  3.927E-30  4.940E-19
4.699E+03  4.074E-30  5.078E-19
4.656E+03  4.227E-30  5.220E-19
4.613E+03  4.385E-30  5.366E-19
4.571E+03  4.550E-30  5.517E-19
4.529E+03  4.721E-30  5.671E-19
4.487E+03  4.898E-30  5.831E-19
4.446E+03  5.083E-30  5.994E-19
4.406E+03  5.274E-30  6.163E-19
4.365E+03  5.472E-30  6.336E-19
4.325E+03  5.678E-30  6.515E-19
4.285E+03  5.892E-30  6.698E-19
4.246E+03  6.115E-30  6.887E-19
4.207E+03  6.345E-30  7.081E-19
4.169E+03  6.585E-30  7.281E-19
4.130E+03  6.833E-30  7.487E-19
4.093E+03  7.092E-30  7.699E-19
4.055E+03  7.360E-30  7.916E-19
4.018E+03  7.638E-30  8.141E-19
3.981E+03  7.927E-30  8.371E-19
3.945E+03  8.226E-30  8.607E-19
3.908E+03  8.537E-30  8.851E-19
3.873E+03  8.860E-30  9.102E-19
3.837E+03  9.196E-30  9.360E-19
3.802E+03  9.544E-30  9.625E-19
3.767E+03  9.906E-30  9.899E-19
3.733E+03  1.028E-29  1.018E-18
3.698E+03  1.067E-29  1.047E-18
3.664E+03  1.108E-29  1.077E-18
3.631E+03  1.150E-29  1.107E-18
3.597E+03  1.194E-29  1.139E-18
3.565E+03  1.239E-29  1.172E-18
3.532E+03  1.286E-29  1.205E-18
3.499E+03  1.335E-29  1.240E-18
3.467E+03  1.386E-29  1.275E-18
3.436E+03  1.439E-29  1.312E-18
3.404E+03  1.494E-29  1.349E-18
3.373E+03  1.551E-29  1.388E-18
3.342E+03  1.610E-29  1.428E-18
3.311E+03  1.672E-29  1.469E-18
3.281E+03  1.736E-29  1.511E-18
3.251E+03  1.803E-29  1.554E-18
3.221E+03  1.872E-29  1.599E-18
3.192E+03  1.943E-29  1.645E-18
3.162E+03  2.018E-29  1.693E-18
3.133E+03  2.095E-29  1.742E-18
3.105E+03  2.176E-29  1.792E-18
3.076E+03  2.259E-29  1.844E-18
3.048E+03  2.346E-29  1.897E-18
3.020E+03  2.436E-29  1.952E-18
2.992E+03  2.530E-29  2.008E-18
2.965E+03  2.627E-29  2.066E-18
2.938E+03  2.728E-29  2.126E-18
2.911E+03  2.833E-29  2.187E-18
2.884E+03  2.942E-29  2.250E-18
2.858E+03  3.055E-29  2.316E-18
2.831E+03  3.172E-29  2.383E-18
2.805E+03  3.294E-29  2.452E-18
2.780E+03  3.421E-29  2.523E-18
2.754E+03  3.553E-29  2.596E-18
2.729E+03  3.690E-29  2.671E-18
2.704E+03  3.833E-29  2.749E-18
2.679E+03  3.981E-29  2.829E-18
2.655E+03  4.134E-29  2.911E-18
2.630E+03  4.294E-29  2.996E-18
2.606E+03  4.460E-29  3.083E-18
2.582E+03  4.633E-29  3.173E-18
2.559E+03  4.812E-29  3.266E-18
2.535E+03  4.999E-29  3.361E-18
2.512E+03  5.192E-29  3.460E-18
2.489E+03  5.394E-29  3.561E-18
2.466E+03  5.603E-29  3.665E-18
2.443E+03  5.820E-29  3.772E-18
2.421E+03  6.046E-29  3.883E-18
2.399E+03  6.281E-29  3.997E-18
2.377E+03  6.525E-29  4.114E-18
2.355E+03  6.779E-29  4.235E-18
2.333E+03  7.043E-29  4.359E-18
2.312E+03  7.317E-29  4.487E-18
2.291E+03  7.601E-29  4.619E-18
2.270E+03  7.897E-29  4.755E-18
2.249E+03  8.205E-29  4.895E-18
2.228E+03  8.525E-29  5.039E-18
2.208E+03  8.857E-29  5.188E-18
2.188E+03  9.203E-29  5.340E-18
2.168E+03  9.562E-29  5.498E-18
2.148E+03  9.935E-29  5.660E-18
2.128E+03  1.032E-28  5.827E-18
2.109E+03  1.073E-28  5.999E-18
2.089E+03  1.114E-28  6.176E-18
2.070E+03  1.158E-28  6.359E-18
2.051E+03  1.203E-28  6.547E-18
2.032E+03  1.250E-28  6.740E-18
2.014E+03  1.299E-28  6.940E-18
1.995E+03  1.350E-28  7.145E-18
1.977E+03  1.403E-28  7.356E-18
1.959E+03  1.458E-28  7.573E-18
1.941E+03  1.515E-28  7.797E-18
1.923E+03  1.574E-28  8.028E-18
1.905E+03  1.635E-28  8.266E-18
1.888E+03  1.699E-28  8.511E-18
1.871E+03  1.766E-28  8.763E-18
1.854E+03  1.835E-28  9.023E-18
1.837E+03  1.907E-28  9.290E-18
1.820E+03  1.982E-28  9.565E-18
1.803E+03  2.059E-28  9.849E-18
1.786E+03  2.140E-28  1.014E-17
1.770E+03  2.224E-28  1.044E-17
1.754E+03  2.311E-28  1.075E-17
1.738E+03  2.402E-28  1.107E-17
1.722E+03  2.496E-28  1.140E-17
1.706E+03  2.594E-28  1.174E-17
1.690E+03  2.696E-28  1.209E-17
1.675E+03  2.801E-28  1.245E-17
1.660E+03  2.911E-28  1.282E-17
1.644E+03  3.025E-28  1.320E-17
1.629E+03  3.144E-28  1.359E-17
1.614E+03  3.267E-28  1.399E-17
1.600E+03  3.396E-28  1.441E-17
1.585E+03  3.529E-28  1.484E-17
1.570E+03  3.667E-28  1.528E-17
1.556E+03  3.811E-28  1.573E-17
1.542E+03  3.960E-28  1.620E-17
1.528E+03  4.116E-28  1.668E-17
1.514E+03  4.277E-28  1.717E-17
1.500E+03  4.445E-28  1.768E-17
1.486E+03  4.619E-28  1.821E-17
1.472E+03  4.801E-28  1.875E-17
1.459E+03  4.989E-28  1.931E-17
1.445E+03  5.185E-28  1.988E-17
1.432E+03  5.388E-28  2.047E-17
1.419E+03  5.600E-28  2.108E-17
1.406E+03  5.819E-28  2.170E-17
1.393E+03  6.048E-28  2.235E-17
1.380E+03  6.285E-28  2.301E-17
1.368E+03  6.531E-28  2.370E-17
1.355E+03  6.788E-28  2.440E-17
1.343E+03  7.054E-28  2.512E-17
1.330E+03  7.330E-28  2.587E-17
1.318E+03  7.617E-28  2.664E-17
1.306E+03  7.916E-28  2.743E-17
1.294E+03  8.226E-28  2.824E-17
1.282E+03  8.548E-28  2.908E-17
1.271E+03  8.883E-28  2.994E-17
1.259E+03  9.230E-28  3.082E-17
1.247E+03  9.592E-28  3.174E-17
1.236E+03  9.967E-28  3.268E-17
1.225E+03  1.036E-27  3.364E-17
1.213E+03  1.076E-27  3.464E-17
1.202E+03  1.118E-27  3.566E-17
1.191E+03  1.162E-27  3.671E-17
1.180E+03  1.207E-27  3.779E-17
1.169E+03  1.254E-27  3.891E-17
1.159E+03  1.303E-27  4.006E-17
1.148E+03  1.354E-27  4.124E-17
1.138E+03  1.407E-27  4.245E-17
1.127E+03  1.461E-27  4.370E-17
1.117E+03  1.518E-27  4.498E-17
1.107E+03  1.577E-27  4.630E-17
1.096E+03  1.639E-27  4.766E-17
1.086E+03  1.702E-27  4.906E-17
1.076E+03  1.769E-27  5.050E-17
1.067E+03  1.837E-27  5.198E-17
1.057E+03  1.908E-27  5.350E-17
1.047E+03  1.982E-27  5.506E-17
1.038E+03  2.059E-27  5.667E-17
1.028E+03  2.139E-27  5.833E-17
1.019E+03  2.222E-27  6.003E-17
1.009E+03  2.308E-27  6.178E-17
1.000E+03  2.397E-27  6.357E-17
9.908E+02  2.489E-27  6.543E-17
9.817E+02  2.586E-27  6.733E-17
9.727E+02  2.685E-27  6.929E-17
9.638E+02  2.789E-27  7.131E-17
9.550E+02  2.897E-27  7.338E-17
9.462E+02  3.008E-27  7.550E-17
9.376E+02  3.124E-27  7.769E-17
9.290E+02  3.244E-27  7.994E-17
9.204E+02  3.369E-27  8.225E-17
9.120E+02  3.498E-27  8.463E-17
9.036E+02  3.633E-27  8.707E-17
8.954E+02  3.772E-27  8.958E-17
8.872E+02  3.916E-27  9.215E-17
8.790E+02  4.066E-27  9.480E-17
8.710E+02  4.221E-27  9.751E-17
8.630E+02  4.382E-27  1.003E-16
8.551E+02  4.549E-27  1.032E-16
8.472E+02  4.722E-27  1.061E-16
8.395E+02  4.901E-27  1.091E-16
8.318E+02  5.087E-27  1.122E-16
8.241E+02  5.280E-27  1.154E-16
8.166E+02  5.480E-27  1.187E-16
8.091E+02  5.687E-27  1.221E-16
8.017E+02  5.902E-27  1.255E-16
7.943E+02  6.124E-27  1.290E-16
7.870E+02  6.355E-27  1.327E-16
7.798E+02  6.594E-27  1.364E-16
7.727E+02  6.842E-27  1.402E-16
7.656E+02  7.099E-27  1.442E-16
7.586E+02  7.365E-27  1.482E-16
7.516E+02  7.641E-27  1.523E-16
7.447E+02  7.927E-27  1.566E-16
7.379E+02  8.224E-27  1.610E-16
7.311E+02  8.533E-27  1.655E-16
7.244E+02  8.852E-27  1.701E-16
7.178E+02  9.184E-27  1.749E-16
7.112E+02  9.527E-27  1.797E-16
7.047E+02  9.884E-27  1.848E-16
6.982E+02  1.025E-26  1.899E-16
6.918E+02  1.064E-26  1.952E-16
6.855E+02  1.103E-26  2.006E-16
6.792E+02  1.144E-26  2.062E-16
6.730E+02  1.187E-26  2.119E-16
6.668E+02  1.231E-26  2.177E-16
6.607E+02  1.277E-26  2.237E-16
6.546E+02  1.324E-26  2.299E-16
6.486E+02  1.373E-26  2.363E-16
6.427E+02  1.425E-26  2.429E-16
6.368E+02  1.478E-26  2.496E-16
6.310E+02  1.533E-26  2.565E-16
6.252E+02  1.590E-26  2.636E-16
6.194E+02  1.649E-26  2.709E-16
6.138E+02  1.710E-26  2.784E-16
6.081E+02  1.773E-26  2.861E-16
6.026E+02  1.839E-26  2.940E-16
5.970E+02  1.908E-26  3.021E-16
5.916E+02  1.978E-26  3.104E-16
5.861E+02  2.052E-26  3.190E-16
5.808E+02  2.128E-26  3.278E-16
5.754E+02  2.206E-26  3.368E-16
5.702E+02  2.288E-26  3.461E-16
5.649E+02  2.373E-26  3.556E-16
5.598E+02  2.460E-26  3.653E-16
5.546E+02  2.551E-26  3.754E-16
5.495E+02  2.646E-26  3.856E-16
5.445E+02  2.743E-26  3.962E-16
5.395E+02  2.844E-26  4.071E-16
5.346E+02  2.949E-26  4.182E-16
5.297E+02  3.058E-26  4.296E-16
5.248E+02  3.171E-26  4.414E-16
5.200E+02  3.287E-26  4.534E-16
5.152E+02  3.408E-26  4.658E-16
5.105E+02  3.533E-26  4.785E-16
5.058E+02  3.663E-26  4.915E-16
5.012E+02  3.797E-26  5.048E-16
4.966E+02  3.936E-26  5.185E-16
4.920E+02  4.081E-26  5.326E-16
4.875E+02  4.230E-26  5.470E-16
4.831E+02  4.384E-26  5.618E-16
4.786E+02  4.544E-26  5.770E-16
4.742E+02  4.710E-26  5.925E-16
4.699E+02  4.882E-26  6.084E-16
4.656E+02  5.059E-26  6.248E-16
4.613E+02  5.243E-26  6.416E-16
4.571E+02  5.434E-26  6.588E-16
4.529E+02  5.631E-26  6.765E-16
4.487E+02  5.835E-26  6.945E-16
4.446E+02  6.046E-26  7.131E-16
4.406E+02  6.264E-26  7.320E-16
4.365E+02  6.490E-26  7.515E-16
4.325E+02  6.724E-26  7.714E-16
4.285E+02  6.966E-26  7.919E-16
4.246E+02  7.217E-26  8.129E-16
4.207E+02  7.476E-26  8.343E-16
4.169E+02  7.744E-26  8.563E-16
4.130E+02  8.021E-26  8.788E-16
4.093E+02  8.308E-26  9.019E-16
4.055E+02  8.605E-26  9.256E-16
4.018E+02  8.912E-26  9.498E-16
3.981E+02  9.230E-26  9.747E-16
3.945E+02  9.558E-26  1.000E-15
3.908E+02  9.898E-26  1.026E-15
3.873E+02  1.025E-25  1.053E-15
3.837E+02  1.061E-25  1.080E-15
3.802E+02  1.099E-25  1.108E-15
3.767E+02  1.138E-25  1.137E-15
3.733E+02  1.178E-25  1.166E-15
3.698E+02  1.219E-25  1.196E-15
3.664E+02  1.262E-25  1.227E-15
3.631E+02  1.306E-25  1.258E-15
3.597E+02  1.352E-25  1.290E-15
3.565E+02  1.399E-25  1.323E-15
3.532E+02  1.448E-25  1.357E-15
3.499E+02  1.499E-25  1.391E-15
3.467E+02  1.551E-25  1.426E-15
3.436E+02  1.604E-25  1.462E-15
3.404E+02  1.660E-25  1.499E-15
3.373E+02  1.717E-25  1.536E-15
3.342E+02  1.776E-25  1.575E-15
3.311E+02  1.837E-25  1.614E-15
3.281E+02  1.900E-25  1.654E-15
3.251E+02  1.965E-25  1.695E-15
3.221E+02  2.032E-25  1.737E-15
3.192E+02  2.102E-25  1.779E-15
3.162E+02  2.173E-25  1.823E-15
3.133E+02  2.246E-25  1.867E-15
3.105E+02  2.322E-25  1.912E-15
3.076E+02  2.400E-25  1.959E-15
3.048E+02  2.481E-25  2.006E-15
3.020E+02  2.564E-25  2.054E-15
2.992E+02  2.650E-25  2.103E-15
2.965E+02  2.738E-25  2.153E-15
2.938E+02  2.829E-25  2.204E-15
2.911E+02  2.922E-25  2.256E-15
2.884E+02  3.018E-25  2.309E-15
2.858E+02  3.118E-25  2.363E-15
2.831E+02  3.220E-25  2.418E-15
2.805E+02  3.325E-25  2.474E-15
2.780E+02  3.433E-25  2.531E-15
2.754E+02  3.544E-25  2.589E-15
2.729E+02  3.659E-25  2.649E-15
2.704E+02  3.778E-25  2.709E-15
2.679E+02  3.900E-25  2.771E-15
2.655E+02  4.025E-25  2.834E-15
2.630E+02  4.154E-25  2.898E-15
2.606E+02  4.287E-25  2.964E-15
2.582E+02  4.423E-25  3.030E-15
2.559E+02  4.563E-25  3.097E-15
2.535E+02  4.705E-25  3.164E-15
2.512E+02  4.851E-25  3.232E-15
2.489E+02  4.997E-25  3.299E-15
2.466E+02  5.143E-25  3.364E-15
2.443E+02  5.291E-25  3.430E-15
2.421E+02  5.442E-25  3.495E-15
2.399E+02  5.595E-25  3.560E-15
2.377E+02  5.748E-25  3.624E-15
2.355E+02  5.903E-25  3.688E-15
2.333E+02  6.063E-25  3.753E-15
2.312E+02  6.225E-25  3.818E-15
2.291E+02  6.390E-25  3.883E-15
2.270E+02  6.559E-25  3.949E-15
2.249E+02  6.731E-25  4.015E-15
2.228E+02  6.906E-25  4.082E-15
2.208E+02  7.085E-25  4.149E-15
2.188E+02  7.267E-25  4.217E-15
2.168E+02  7.452E-25  4.285E-15
2.148E+02  7.641E-25  4.353E-15
2.128E+02  7.833E-25  4.422E-15
2.109E+02  8.028E-25  4.490E-15
2.089E+02  8.226E-25  4.559E-15
2.070E+02  8.428E-25  4.628E-15
2.051E+02  8.632E-25  4.697E-15
2.032E+02  8.841E-25  4.766E-15
2.014E+02  9.053E-25  4.835E-15
1.995E+02  9.267E-25  4.905E-15
1.977E+02  9.485E-25  4.974E-15
1.959E+02  9.707E-25  5.044E-15
1.941E+02  9.931E-25  5.113E-15
1.923E+02  1.016E-24  5.182E-15
1.905E+02  1.039E-24  5.251E-15
1.888E+02  1.062E-24  5.320E-15
1.871E+02  1.086E-24  5.389E-15
1.854E+02  1.110E-24  5.458E-15
1.837E+02  1.135E-24  5.527E-15
1.820E+02  1.159E-24  5.595E-15
1.803E+02  1.184E-24  5.663E-15
1.786E+02  1.210E-24  5.732E-15
1.770E+02  1.235E-24  5.799E-15
1.754E+02  1.261E-24  5.867E-15
1.738E+02  1.287E-24  5.934E-15
1.722E+02  1.314E-24  6.002E-15
1.706E+02  1.341E-24  6.068E-15
1.690E+02  1.368E-24  6.135E-15
1.675E+02  1.396E-24  6.201E-15
1.660E+02  1.424E-24  6.268E-15
1.644E+02  1.452E-24  6.334E-15
1.629E+02  1.481E-24  6.400E-15
1.614E+02  1.510E-24  6.467E-15
1.600E+02  1.540E-24  6.532E-15
1.585E+02  1.570E-24  6.599E-15
1.570E+02  1.600E-24  6.665E-15
1.556E+02  1.631E-24  6.732E-15
1.542E+02  1.663E-24  6.800E-15
1.528E+02  1.695E-24  6.868E-15
1.514E+02  1.728E-24  6.937E-15
1.500E+02  1.761E-24  7.006E-15
1.486E+02  1.795E-24  7.077E-15
1.472E+02  1.830E-24  7.148E-15
1.459E+02  1.866E-24  7.219E-15
1.445E+02  1.901E-24  7.290E-15
1.432E+02  1.937E-24  7.358E-15
1.419E+02  1.972E-24  7.422E-15
1.406E+02  2.005E-24  7.478E-15
1.393E+02  2.036E-24  7.525E-15
1.380E+02  2.065E-24  7.561E-15
1.368E+02  2.091E-24  7.588E-15
1.355E+02  2.116E-24  7.606E-15
1.343E+02  2.139E-24  7.618E-15
1.330E+02  2.161E-24  7.627E-15
1.318E+02  2.183E-24  7.635E-15
1.306E+02  2.206E-24  7.642E-15
1.294E+02  2.228E-24  7.650E-15
1.282E+02  2.251E-24  7.658E-15
1.271E+02  2.275E-24  7.667E-15
1.259E+02  2.299E-24  7.676E-15
1.247E+02  2.323E-24  7.686E-15
1.236E+02  2.347E-24  7.696E-15
1.225E+02  2.372E-24  7.706E-15
1.213E+02  2.398E-24  7.717E-15
1.202E+02  2.423E-24  7.727E-15
1.191E+02  2.448E-24  7.736E-15
1.180E+02  2.474E-24  7.746E-15
1.169E+02  2.499E-24  7.753E-15
1.159E+02  2.524E-24  7.760E-15
1.148E+02  2.550E-24  7.766E-15
1.138E+02  2.575E-24  7.772E-15
1.127E+02  2.601E-24  7.776E-15
1.117E+02  2.626E-24  7.781E-15
1.107E+02  2.652E-24  7.785E-15
1.096E+02  2.678E-24  7.788E-15
1.086E+02  2.703E-24  7.790E-15
1.076E+02  2.729E-24  7.791E-15
1.067E+02  2.754E-24  7.791E-15
1.057E+02  2.779E-24  7.791E-15
1.047E+02  2.804E-24  7.789E-15
1.038E+02  2.829E-24  7.786E-15
1.028E+02  2.854E-24  7.782E-15
1.019E+02  2.878E-24  7.775E-15
1.009E+02  2.902E-24  7.768E-15
1.000E+02  2.926E-24  7.760E-15
9.908E+01  2.949E-24  7.750E-15
9.817E+01  2.972E-24  7.739E-15
9.727E+01  2.995E-24  7.727E-15
9.638E+01  3.017E-24  7.714E-15
9.550E+01  3.040E-24  7.700E-15
9.462E+01  3.062E-24  7.684E-15
9.376E+01  3.083E-24  7.668E-15
9.290E+01  3.105E-24  7.650E-15
9.204E+01  3.126E-24  7.632E-15
9.120E+01  3.146E-24  7.612E-15
9.036E+01  3.167E-24  7.591E-15
8.954E+01  3.187E-24  7.569E-15
8.872E+01  3.207E-24  7.546E-15
8.790E+01  3.226E-24  7.523E-15
8.710E+01  3.246E-24  7.498E-15
8.630E+01  3.265E-24  7.473E-15
8.551E+01  3.284E-24  7.448E-15
8.472E+01  3.301E-24  7.419E-15
8.395E+01  3.319E-24  7.391E-15
8.318E+01  3.337E-24  7.362E-15
8.241E+01  3.354E-24  7.332E-15
8.166E+01  3.371E-24  7.302E-15
8.091E+01  3.388E-24  7.271E-15
8.017E+01  3.405E-24  7.240E-15
7.943E+01  3.420E-24  7.207E-15
7.870E+01  3.436E-24  7.173E-15
7.798E+01  3.451E-24  7.139E-15
7.727E+01  3.466E-24  7.104E-15
7.656E+01  3.481E-24  7.068E-15
7.586E+01  3.495E-24  7.032E-15
7.516E+01  3.509E-24  6.996E-15
7.447E+01  3.522E-24  6.958E-15
7.379E+01  3.535E-24  6.918E-15
7.311E+01  3.547E-24  6.879E-15
7.244E+01  3.559E-24  6.839E-15
7.178E+01  3.570E-24  6.798E-15
7.112E+01  3.581E-24  6.757E-15
7.047E+01  3.593E-24  6.716E-15
6.982E+01  3.604E-24  6.675E-15
6.918E+01  3.615E-24  6.634E-15
6.855E+01  3.625E-24  6.592E-15
6.792E+01  3.635E-24  6.548E-15
6.730E+01  3.644E-24  6.505E-15
6.668E+01  3.653E-24  6.462E-15
6.607E+01  3.662E-24  6.418E-15
6.546E+01  3.671E-24  6.374E-15
6.486E+01  3.679E-24  6.330E-15
6.427E+01  3.686E-24  6.285E-15
6.368E+01  3.694E-24  6.240E-15
6.310E+01  3.701E-24  6.194E-15
6.252E+01  3.708E-24  6.150E-15
6.194E+01  3.715E-24  6.105E-15
6.138E+01  3.722E-24  6.060E-15
6.081E+01  3.728E-24  6.014E-15
6.026E+01  3.734E-24  5.969E-15
5.970E+01  3.740E-24  5.923E-15
5.916E+01  3.745E-24  5.877E-15
5.861E+01  3.750E-24  5.830E-15
5.808E+01  3.754E-24  5.783E-15
5.754E+01  3.758E-24  5.737E-15
5.702E+01  3.762E-24  5.690E-15
5.649E+01  3.766E-24  5.643E-15
5.598E+01  3.770E-24  5.597E-15
5.546E+01  3.773E-24  5.551E-15
5.495E+01  3.777E-24  5.505E-15
5.445E+01  3.780E-24  5.459E-15
5.395E+01  3.783E-24  5.413E-15
5.346E+01  3.786E-24  5.368E-15
5.297E+01  3.788E-24  5.322E-15
5.248E+01  3.790E-24  5.276E-15
5.200E+01  3.792E-24  5.231E-15
5.152E+01  3.794E-24  5.185E-15
5.105E+01  3.795E-24  5.139E-15
5.058E+01  3.797E-24  5.094E-15
5.012E+01  3.797E-24  5.048E-15
4.966E+01  3.798E-24  5.003E-15
4.920E+01  3.798E-24  4.958E-15
4.875E+01  3.799E-24  4.912E-15
4.831E+01  3.799E-24  4.868E-15
4.786E+01  3.799E-24  4.823E-15
4.742E+01  3.799E-24  4.778E-15
4.699E+01  3.798E-24  4.734E-15
4.656E+01  3.797E-24  4.690E-15
4.613E+01  3.797E-24  4.646E-15
4.571E+01  3.796E-24  4.602E-15
4.529E+01  3.794E-24  4.558E-15
4.487E+01  3.793E-24  4.515E-15
4.446E+01  3.792E-24  4.472E-15
4.406E+01  3.790E-24  4.429E-15
4.365E+01  3.787E-24  4.385E-15
4.325E+01  3.785E-24  4.342E-15
4.285E+01  3.782E-24  4.299E-15
4.246E+01  3.778E-24  4.255E-15
4.207E+01  3.774E-24  4.211E-15
4.169E+01  3.769E-24  4.167E-15
4.130E+01  3.763E-24  4.123E-15
4.093E+01  3.757E-24  4.078E-15
4.055E+01  3.749E-24  4.033E-15
4.018E+01  3.741E-24  3.987E-15
3.981E+01  3.731E-24  3.940E-15
3.945E+01  3.721E-24  3.893E-15
3.908E+01  3.709E-24  3.846E-15
3.873E+01  3.696E-24  3.797E-15
3.837E+01  3.682E-24  3.748E-15
3.802E+01  3.666E-24  3.697E-15
3.767E+01  3.649E-24  3.646E-15
3.733E+01  3.628E-24  3.592E-15
3.698E+01  3.606E-24  3.538E-15
3.664E+01  3.583E-24  3.482E-15
3.631E+01  3.557E-24  3.426E-15
3.597E+01  3.529E-24  3.368E-15
3.565E+01  3.500E-24  3.309E-15
3.532E+01  3.469E-24  3.249E-15
3.499E+01  3.435E-24  3.188E-15
3.467E+01  3.399E-24  3.126E-15
3.436E+01  3.361E-24  3.063E-15
3.404E+01  3.321E-24  2.999E-15
3.373E+01  3.279E-24  2.934E-15
3.342E+01  3.235E-24  2.868E-15
3.311E+01  3.190E-24  2.802E-15
3.281E+01  3.143E-24  2.735E-15
3.251E+01  3.093E-24  2.668E-15
3.221E+01  3.043E-24  2.600E-15
3.192E+01  2.991E-24  2.532E-15
3.162E+01  2.937E-24  2.464E-15
3.133E+01  2.883E-24  2.396E-15
3.105E+01  2.827E-24  2.328E-15
3.076E+01  2.771E-24  2.261E-15
3.048E+01  2.715E-24  2.195E-15
3.020E+01  2.658E-24  2.129E-15
2.992E+01  2.601E-24  2.064E-15
2.965E+01  2.544E-24  2.000E-15
2.938E+01  2.487E-24  1.938E-15
2.911E+01  2.430E-24  1.877E-15
2.884E+01  2.375E-24  1.817E-15
2.858E+01  2.320E-24  1.759E-15
2.831E+01  2.266E-24  1.702E-15
2.805E+01  2.213E-24  1.647E-15
2.780E+01  2.162E-24  1.594E-15
2.754E+01  2.111E-24  1.543E-15
2.729E+01  2.062E-24  1.493E-15
2.704E+01  2.015E-24  1.445E-15
2.679E+01  1.969E-24  1.399E-15
2.655E+01  1.924E-24  1.355E-15
2.630E+01  1.881E-24  1.312E-15
2.606E+01  1.839E-24  1.271E-15
2.582E+01  1.799E-24  1.232E-15
2.559E+01  1.760E-24  1.194E-15
2.535E+01  1.722E-24  1.158E-15
2.512E+01  1.686E-24  1.124E-15
2.489E+01  1.652E-24  1.090E-15
2.466E+01  1.618E-24  1.058E-15
2.443E+01  1.586E-24  1.028E-15
2.421E+01  1.555E-24  9.984E-16
2.399E+01  1.524E-24  9.700E-16
2.377E+01  1.496E-24  9.429E-16
2.355E+01  1.469E-24  9.175E-16
2.333E+01  1.443E-24  8.929E-16
2.312E+01  1.417E-24  8.689E-16
2.291E+01  1.392E-24  8.461E-16
2.270E+01  1.370E-24  8.248E-16
2.249E+01  1.349E-24  8.050E-16
2.228E+01  1.330E-24  7.862E-16
2.208E+01  1.311E-24  7.680E-16
2.188E+01  1.292E-24  7.499E-16
2.168E+01  1.274E-24  7.324E-16
2.148E+01  1.256E-24  7.157E-16
2.128E+01  1.240E-24  7.000E-16
2.109E+01  1.225E-24  6.854E-16
2.089E+01  1.211E-24  6.712E-16
2.070E+01  1.197E-24  6.575E-16
2.051E+01  1.184E-24  6.442E-16
2.032E+01  1.172E-24  6.319E-16
2.014E+01  1.163E-24  6.210E-16
1.995E+01  1.154E-24  6.106E-16
1.977E+01  1.145E-24  6.006E-16
1.959E+01  1.137E-24  5.907E-16
1.941E+01  1.129E-24  5.812E-16
1.923E+01  1.122E-24  5.721E-16
1.905E+01  1.115E-24  5.635E-16
1.888E+01  1.110E-24  5.557E-16
1.871E+01  1.106E-24  5.490E-16
1.854E+01  1.106E-24  5.439E-16
1.837E+01  1.112E-24  5.415E-16
1.820E+01  1.128E-24  5.445E-16
1.803E+01  1.175E-24  5.619E-16
1.786E+01  1.261E-24  5.975E-16
1.770E+01  1.248E-24  5.858E-16
1.754E+01  1.330E-24  6.187E-16
1.738E+01  1.582E-24  7.291E-16
1.722E+01  1.464E-24  6.684E-16
1.706E+01  1.440E-24  6.517E-16
1.690E+01  1.390E-24  6.232E-16
1.675E+01  1.319E-24  5.861E-16
1.660E+01  1.342E-24  5.906E-16
1.644E+01  1.577E-24  6.880E-16
1.629E+01  1.181E-24  5.106E-16
1.614E+01  1.042E-24  4.463E-16
1.600E+01  1.063E-24  4.510E-16
1.585E+01  1.051E-24  4.417E-16
1.570E+01  9.023E-25  3.759E-16
1.556E+01  8.276E-25  3.416E-16
1.542E+01  7.874E-25  3.220E-16
1.528E+01  7.600E-25  3.080E-16
1.514E+01  7.391E-25  2.967E-16
1.500E+01  7.223E-25  2.873E-16
1.486E+01  7.087E-25  2.794E-16
1.472E+01  6.990E-25  2.730E-16
1.459E+01  6.951E-25  2.690E-16
1.445E+01  7.031E-25  2.696E-16
1.432E+01  7.369E-25  2.799E-16
1.419E+01  7.748E-25  2.916E-16
1.406E+01  7.275E-25  2.713E-16
1.393E+01  6.913E-25  2.555E-16
1.380E+01  6.965E-25  2.550E-16
1.368E+01  7.549E-25  2.739E-16
1.355E+01  7.768E-25  2.792E-16
1.343E+01  7.200E-25  2.564E-16
1.330E+01  7.182E-25  2.535E-16
1.318E+01  7.535E-25  2.635E-16
1.306E+01  8.255E-25  2.860E-16
1.294E+01  9.513E-25  3.266E-16
1.282E+01  1.153E-24  3.924E-16
1.271E+01  1.403E-24  4.729E-16
1.259E+01  1.507E-24  5.031E-16
1.247E+01  1.356E-24  4.485E-16
1.236E+01  1.173E-24  3.846E-16
1.225E+01  1.095E-24  3.557E-16
1.213E+01  1.111E-24  3.577E-16
1.202E+01  1.145E-24  3.651E-16
1.191E+01  1.105E-24  3.491E-16
1.180E+01  1.022E-24  3.200E-16
1.169E+01  9.946E-25  3.086E-16
1.159E+01  1.093E-24  3.359E-16
1.148E+01  1.426E-24  4.341E-16
1.138E+01  2.124E-24  6.409E-16
1.127E+01  2.908E-24  8.694E-16
1.117E+01  2.011E-24  5.957E-16
1.107E+01  1.111E-24  3.261E-16
1.096E+01  7.926E-25  2.305E-16
1.086E+01  6.439E-25  1.856E-16
1.076E+01  5.639E-25  1.610E-16
1.067E+01  5.169E-25  1.462E-16
1.057E+01  4.878E-25  1.367E-16
1.047E+01  4.689E-25  1.302E-16
1.038E+01  4.557E-25  1.254E-16
1.028E+01  4.460E-25  1.216E-16
1.019E+01  4.387E-25  1.185E-16
1.009E+01  4.336E-25  1.161E-16
1.000E+01  4.306E-25  1.142E-16
9.908E+00  4.299E-25  1.130E-16
9.817E+00  4.312E-25  1.123E-16
9.727E+00  4.344E-25  1.121E-16
9.638E+00  4.395E-25  1.124E-16
9.550E+00  4.457E-25  1.129E-16
9.462E+00  4.528E-25  1.137E-16
9.376E+00  4.611E-25  1.147E-16
9.290E+00  4.713E-25  1.161E-16
9.204E+00  4.849E-25  1.184E-16
9.120E+00  5.049E-25  1.222E-16
9.036E+00  5.363E-25  1.286E-16
8.954E+00  5.877E-25  1.396E-16
8.872E+00  6.746E-25  1.587E-16
8.790E+00  8.228E-25  1.918E-16
8.710E+00  1.053E-24  2.433E-16
8.630E+00  1.266E-24  2.897E-16
8.551E+00  1.227E-24  2.782E-16
8.472E+00  1.063E-24  2.389E-16
8.395E+00  9.755E-25  2.172E-16
8.318E+00  9.616E-25  2.122E-16
8.241E+00  9.922E-25  2.169E-16
8.166E+00  1.083E-24  2.346E-16
8.091E+00  1.264E-24  2.713E-16
8.017E+00  1.558E-24  3.314E-16
7.943E+00  1.947E-24  4.103E-16
7.870E+00  2.298E-24  4.797E-16
7.798E+00  2.454E-24  5.076E-16
7.727E+00  2.538E-24  5.201E-16
7.656E+00  2.698E-24  5.479E-16
7.586E+00  2.651E-24  5.333E-16
7.516E+00  2.180E-24  4.346E-16
7.447E+00  1.646E-24  3.251E-16
7.379E+00  1.262E-24  2.470E-16
7.311E+00  1.007E-24  1.953E-16
7.244E+00  8.313E-25  1.597E-16
7.178E+00  7.042E-25  1.341E-16
7.112E+00  6.105E-25  1.152E-16
7.047E+00  5.426E-25  1.014E-16
6.982E+00  4.962E-25  9.190E-17
6.918E+00  4.690E-25  8.607E-17
6.855E+00  4.587E-25  8.341E-17
6.792E+00  4.603E-25  8.293E-17
6.730E+00  4.636E-25  8.276E-17
6.668E+00  4.568E-25  8.080E-17
6.607E+00  4.404E-25  7.718E-17
6.546E+00  4.298E-25  7.463E-17
6.486E+00  4.450E-25  7.657E-17
6.427E+00  5.112E-25  8.715E-17
6.368E+00  6.783E-25  1.146E-16
6.310E+00  1.060E-24  1.774E-16
6.252E+00  1.717E-24  2.847E-16
6.194E+00  1.746E-24  2.868E-16
6.138E+00  1.050E-24  1.709E-16
6.081E+00  6.173E-25  9.958E-17
6.026E+00  4.161E-25  6.650E-17
5.970E+00  3.200E-25  5.069E-17
5.916E+00  2.765E-25  4.339E-17
5.861E+00  2.676E-25  4.161E-17
5.808E+00  2.913E-25  4.488E-17
5.754E+00  3.437E-25  5.246E-17
5.702E+00  3.740E-25  5.657E-17
5.649E+00  3.197E-25  4.791E-17
5.598E+00  2.399E-25  3.562E-17
5.546E+00  1.847E-25  2.717E-17
5.495E+00  1.525E-25  2.222E-17
5.445E+00  1.350E-25  1.950E-17
5.395E+00  1.286E-25  1.841E-17
5.346E+00  1.345E-25  1.907E-17
5.297E+00  1.570E-25  2.206E-17
5.248E+00  1.735E-25  2.416E-17
5.200E+00  1.417E-25  1.955E-17
5.152E+00  1.087E-25  1.486E-17
5.105E+00  9.059E-26  1.227E-17
5.058E+00  8.047E-26  1.080E-17
5.012E+00  7.414E-26  9.857E-18
4.966E+00  6.976E-26  9.189E-18
4.920E+00  6.649E-26  8.678E-18
4.875E+00  6.391E-26  8.265E-18
4.831E+00  6.180E-26  7.919E-18
4.786E+00  6.003E-26  7.621E-18
4.742E+00  5.851E-26  7.361E-18
4.699E+00  5.719E-26  7.129E-18
4.656E+00  5.603E-26  6.920E-18
4.613E+00  5.499E-26  6.729E-18
4.571E+00  5.407E-26  6.555E-18
4.529E+00  5.323E-26  6.395E-18
4.487E+00  5.248E-26  6.246E-18
4.446E+00  5.179E-26  6.108E-18
4.406E+00  5.117E-26  5.980E-18
4.365E+00  5.060E-26  5.859E-18
4.325E+00  5.009E-26  5.746E-18
4.285E+00  4.962E-26  5.640E-18
4.246E+00  4.919E-26  5.541E-18
4.207E+00  4.881E-26  5.447E-18
4.169E+00  4.846E-26  5.359E-18
4.130E+00  4.815E-26  5.276E-18
4.093E+00  4.787E-26  5.197E-18
4.055E+00  4.763E-26  5.123E-18
4.018E+00  4.743E-26  5.055E-18
3.981E+00  4.727E-26  4.992E-18
3.945E+00  4.715E-26  4.934E-18
3.908E+00  4.709E-26  4.882E-18
3.873E+00  4.709E-26  4.837E-18
3.837E+00  4.715E-26  4.799E-18
3.802E+00  4.731E-26  4.771E-18
3.767E+00  4.756E-26  4.753E-18
3.733E+00  4.795E-26  4.747E-18
3.698E+00  4.850E-26  4.758E-18
3.664E+00  4.929E-26  4.791E-18
3.631E+00  5.038E-26  4.852E-18
3.597E+00  5.193E-26  4.955E-18
3.565E+00  5.413E-26  5.118E-18
3.532E+00  5.737E-26  5.375E-18
3.499E+00  6.232E-26  5.785E-18
3.467E+00  7.030E-26  6.466E-18
3.436E+00  8.428E-26  7.681E-18
3.404E+00  1.119E-25  1.010E-17
3.373E+00  1.778E-25  1.591E-17
3.342E+00  3.962E-25  3.512E-17
3.311E+00  1.479E-24  1.299E-16
3.281E+00  1.013E-24  8.815E-17
3.251E+00  2.944E-25  2.539E-17
3.221E+00  1.443E-25  1.233E-17
3.192E+00  9.463E-26  8.011E-18
3.162E+00  7.268E-26  6.096E-18
3.133E+00  6.112E-26  5.080E-18
3.105E+00  5.428E-26  4.470E-18
3.076E+00  4.989E-26  4.071E-18
3.048E+00  4.688E-26  3.790E-18
3.020E+00  4.470E-26  3.581E-18
2.992E+00  4.306E-26  3.418E-18
2.965E+00  4.178E-26  3.286E-18
2.938E+00  4.075E-26  3.176E-18
2.911E+00  3.990E-26  3.081E-18
2.884E+00  3.918E-26  2.997E-18
2.858E+00  3.856E-26  2.923E-18
2.831E+00  3.800E-26  2.854E-18
2.805E+00  3.751E-26  2.791E-18
2.780E+00  3.706E-26  2.733E-18
2.754E+00  3.665E-26  2.677E-18
2.729E+00  3.626E-26  2.625E-18
2.704E+00  3.590E-26  2.575E-18
2.679E+00  3.555E-26  2.527E-18
2.655E+00  3.522E-26  2.480E-18
2.630E+00  3.490E-26  2.435E-18
2.606E+00  3.459E-26  2.391E-18
2.582E+00  3.429E-26  2.349E-18
2.559E+00  3.399E-26  2.307E-18
2.535E+00  3.370E-26  2.266E-18
2.512E+00  3.341E-26  2.226E-18
2.489E+00  3.313E-26  2.187E-18
2.466E+00  3.285E-26  2.149E-18
2.443E+00  3.256E-26  2.110E-18
2.421E+00  3.228E-26  2.073E-18
2.399E+00  3.200E-26  2.036E-18
2.377E+00  3.172E-26  2.000E-18
2.355E+00  3.145E-26  1.965E-18
2.333E+00  3.117E-26  1.929E-18
2.312E+00  3.090E-26  1.895E-18
2.291E+00  3.062E-26  1.861E-18
2.270E+00  3.034E-26  1.827E-18
2.249E+00  3.006E-26  1.793E-18
2.228E+00  2.977E-26  1.760E-18
2.208E+00  2.948E-26  1.727E-18
2.188E+00  2.918E-26  1.694E-18
2.168E+00  2.888E-26  1.661E-18
2.148E+00  2.856E-26  1.627E-18
2.128E+00  2.824E-26  1.594E-18
2.109E+00  2.789E-26  1.560E-18
2.089E+00  2.753E-26  1.526E-18
2.070E+00  2.714E-26  1.490E-18
2.051E+00  2.672E-26  1.454E-18
2.032E+00  2.625E-26  1.415E-18
2.014E+00  2.574E-26  1.375E-18
1.995E+00  2.516E-26  1.332E-18
1.977E+00  2.453E-26  1.286E-18
1.959E+00  2.385E-26  1.239E-18
1.941E+00  2.320E-26  1.194E-18
1.923E+00  2.267E-26  1.156E-18
1.905E+00  2.239E-26  1.132E-18
1.888E+00  2.240E-26  1.122E-18
1.871E+00  2.262E-26  1.123E-18
1.854E+00  2.291E-26  1.126E-18
1.837E+00  2.315E-26  1.128E-18
1.820E+00  2.332E-26  1.126E-18
1.803E+00  2.340E-26  1.119E-18
1.786E+00  2.342E-26  1.110E-18
1.770E+00  2.337E-26  1.097E-18
1.754E+00  2.329E-26  1.084E-18
1.738E+00  2.318E-26  1.068E-18
1.722E+00  2.305E-26  1.053E-18
1.706E+00  2.290E-26  1.036E-18
1.690E+00  2.274E-26  1.020E-18
1.675E+00  2.257E-26  1.003E-18
1.660E+00  2.241E-26  9.863E-19
1.644E+00  2.223E-26  9.699E-19
1.629E+00  2.206E-26  9.536E-19
1.614E+00  2.190E-26  9.376E-19
1.600E+00  2.173E-26  9.221E-19
1.585E+00  2.157E-26  9.070E-19
1.570E+00  2.142E-26  8.924E-19
1.556E+00  2.128E-26  8.784E-19
1.542E+00  2.116E-26  8.652E-19
1.528E+00  2.104E-26  8.526E-19
1.514E+00  2.095E-26  8.410E-19
1.500E+00  2.087E-26  8.303E-19
1.486E+00  2.082E-26  8.206E-19
1.472E+00  2.080E-26  8.122E-19
1.459E+00  2.081E-26  8.051E-19
1.445E+00  2.086E-26  7.998E-19
1.432E+00  2.096E-26  7.962E-19
1.419E+00  2.112E-26  7.948E-19
1.406E+00  2.134E-26  7.959E-19
1.393E+00  2.165E-26  8.000E-19
1.380E+00  2.206E-26  8.076E-19
1.368E+00  2.258E-26  8.193E-19
1.355E+00  2.325E-26  8.357E-19
1.343E+00  2.407E-26  8.573E-19
1.330E+00  2.505E-26  8.842E-19
1.318E+00  2.618E-26  9.156E-19
1.306E+00  2.739E-26  9.491E-19
1.294E+00  2.853E-26  9.794E-19
1.282E+00  2.935E-26  9.983E-19
1.271E+00  2.956E-26  9.961E-19
1.259E+00  2.894E-26  9.664E-19
1.247E+00  2.752E-26  9.105E-19
1.236E+00  2.555E-26  8.377E-19
1.225E+00  2.340E-26  7.602E-19
1.213E+00  2.136E-26  6.875E-19
1.202E+00  1.959E-26  6.248E-19
1.191E+00  1.815E-26  5.734E-19
1.180E+00  1.701E-26  5.326E-19
1.169E+00  1.616E-26  5.013E-19
1.159E+00  1.556E-26  4.783E-19
1.148E+00  1.520E-26  4.629E-19
1.138E+00  1.507E-26  4.548E-19
1.127E+00  1.520E-26  4.544E-19
1.117E+00  1.563E-26  4.631E-19
1.107E+00  1.648E-26  4.836E-19
1.096E+00  1.788E-26  5.202E-19
1.086E+00  2.009E-26  5.790E-19
1.076E+00  2.333E-26  6.661E-19
1.067E+00  2.740E-26  7.751E-19
1.057E+00  3.065E-26  8.592E-19
1.047E+00  3.005E-26  8.347E-19
1.038E+00  2.534E-26  6.974E-19
1.028E+00  1.979E-26  5.397E-19
1.019E+00  1.547E-26  4.180E-19
1.009E+00  1.253E-26  3.354E-19
1.000E+00  1.056E-26  2.801E-19
