Dust emission from Draine & Li (2007): ApJ 657, 810-837
================================================================
         1 = grain model
 4.000E-08 4.000E-01 0.000E+00 = a_01 (cm) , sigma_1 , b_C1/0.92
 2.500E-07 4.000E-01 0.000E+00 = a_02 (cm) , sigma_2 , b_C2/0.92
 8.000E-01 1.000E+04 2.000E+00 = Umin , Umax, beta (dN/dU propto U^{-beta})
 7.547E+00 = <U> 
     mmp83 = radfield
 3.371E-23 = power/H (erg s-1)
 band   nu*P_nu(band) j_nu(band)
 (um)   (erg s-1 H-1)(Jy cm2 sr-1 H-1)
1.270E+00  1.267E-26  4.267E-19 COBE-DIRBE
2.220E+00  1.502E-26  8.844E-19 COBE-DIRBE
3.530E+00  9.227E-26  8.640E-18 COBE-DIRBE
4.880E+00  4.267E-26  5.524E-18 COBE-DIRBE
1.229E+01  1.325E-24  4.318E-16 COBE-DIRBE
2.079E+01  3.785E-24  2.087E-15 COBE-DIRBE
5.599E+01  1.951E-23  2.898E-14 COBE-DIRBE
9.770E+01  1.367E-23  3.544E-14 COBE-DIRBE
1.479E+02  7.891E-24  3.096E-14 COBE-DIRBE
2.479E+02  2.207E-24  1.451E-14 COBE-DIRBE
1.200E+01  1.155E-24  3.678E-16 IRAS
2.500E+01  5.762E-24  3.821E-15 IRAS
6.000E+01  1.902E-23  3.027E-14 IRAS
1.000E+02  1.332E-23  3.534E-14 IRAS
3.550E+00  1.073E-25  1.011E-17 SST-IRAC
4.493E+00  2.952E-26  3.518E-18 SST-IRAC
5.731E+00  2.886E-25  4.387E-17 SST-IRAC
7.872E+00  1.067E-24  2.228E-16 SST-IRAC
2.368E+01  5.111E-24  3.210E-15 SST-MIPS
7.142E+01  1.598E-23  3.027E-14 SST-MIPS
1.559E+02  6.690E-24  2.767E-14 SST-MIPS
1.600E+01  1.917E-24  8.137E-16 SST-IRSPU
2.200E+01  4.746E-24  2.770E-15 SST-IRSPU











lambda    nu*dP/dnu     j_nu
 (um)   (erg s-1 H-1)(Jy cm2 sr-1 H-1)
1.000E+04  6.240E-31  1.655E-19
9.908E+03  6.469E-31  1.700E-19
9.817E+03  6.706E-31  1.746E-19
9.727E+03  6.952E-31  1.794E-19
9.638E+03  7.207E-31  1.843E-19
9.550E+03  7.471E-31  1.893E-19
9.462E+03  7.745E-31  1.944E-19
9.376E+03  8.029E-31  1.997E-19
9.290E+03  8.324E-31  2.051E-19
9.204E+03  8.630E-31  2.107E-19
9.120E+03  8.946E-31  2.164E-19
9.036E+03  9.274E-31  2.223E-19
8.954E+03  9.614E-31  2.283E-19
8.872E+03  9.965E-31  2.345E-19
8.790E+03  1.033E-30  2.408E-19
8.710E+03  1.071E-30  2.473E-19
8.630E+03  1.110E-30  2.540E-19
8.551E+03  1.150E-30  2.609E-19
8.472E+03  1.192E-30  2.680E-19
8.395E+03  1.236E-30  2.753E-19
8.318E+03  1.281E-30  2.827E-19
8.241E+03  1.328E-30  2.904E-19
8.166E+03  1.377E-30  2.983E-19
8.091E+03  1.428E-30  3.064E-19
8.017E+03  1.480E-30  3.148E-19
7.943E+03  1.535E-30  3.234E-19
7.870E+03  1.591E-30  3.322E-19
7.798E+03  1.650E-30  3.413E-19
7.727E+03  1.710E-30  3.506E-19
7.656E+03  1.774E-30  3.602E-19
7.586E+03  1.839E-30  3.700E-19
7.516E+03  1.907E-30  3.802E-19
7.447E+03  1.977E-30  3.906E-19
7.379E+03  2.050E-30  4.013E-19
7.311E+03  2.126E-30  4.123E-19
7.244E+03  2.205E-30  4.236E-19
7.178E+03  2.286E-30  4.353E-19
7.112E+03  2.371E-30  4.473E-19
7.047E+03  2.459E-30  4.596E-19
6.982E+03  2.550E-30  4.722E-19
6.918E+03  2.644E-30  4.852E-19
6.855E+03  2.742E-30  4.986E-19
6.792E+03  2.843E-30  5.123E-19
6.730E+03  2.949E-30  5.264E-19
6.668E+03  3.058E-30  5.409E-19
6.607E+03  3.172E-30  5.559E-19
6.546E+03  3.290E-30  5.713E-19
6.486E+03  3.412E-30  5.871E-19
6.427E+03  3.539E-30  6.033E-19
6.368E+03  3.671E-30  6.200E-19
6.310E+03  3.807E-30  6.372E-19
6.252E+03  3.949E-30  6.549E-19
6.194E+03  4.096E-30  6.731E-19
6.138E+03  4.249E-30  6.918E-19
6.081E+03  4.408E-30  7.111E-19
6.026E+03  4.573E-30  7.309E-19
5.970E+03  4.744E-30  7.512E-19
5.916E+03  4.921E-30  7.722E-19
5.861E+03  5.105E-30  7.937E-19
5.808E+03  5.296E-30  8.159E-19
5.754E+03  5.495E-30  8.387E-19
5.702E+03  5.701E-30  8.622E-19
5.649E+03  5.914E-30  8.863E-19
5.598E+03  6.136E-30  9.111E-19
5.546E+03  6.367E-30  9.367E-19
5.495E+03  6.606E-30  9.630E-19
5.445E+03  6.854E-30  9.900E-19
5.395E+03  7.112E-30  1.018E-18
5.346E+03  7.380E-30  1.046E-18
5.297E+03  7.658E-30  1.076E-18
5.248E+03  7.946E-30  1.106E-18
5.200E+03  8.246E-30  1.137E-18
5.152E+03  8.557E-30  1.169E-18
5.105E+03  8.880E-30  1.202E-18
5.058E+03  9.215E-30  1.236E-18
5.012E+03  9.563E-30  1.271E-18
4.966E+03  9.924E-30  1.307E-18
4.920E+03  1.030E-29  1.344E-18
4.875E+03  1.069E-29  1.382E-18
4.831E+03  1.109E-29  1.421E-18
4.786E+03  1.151E-29  1.462E-18
4.742E+03  1.195E-29  1.503E-18
4.699E+03  1.240E-29  1.546E-18
4.656E+03  1.287E-29  1.590E-18
4.613E+03  1.336E-29  1.635E-18
4.571E+03  1.387E-29  1.681E-18
4.529E+03  1.439E-29  1.729E-18
4.487E+03  1.494E-29  1.779E-18
4.446E+03  1.551E-29  1.829E-18
4.406E+03  1.610E-29  1.882E-18
4.365E+03  1.671E-29  1.935E-18
4.325E+03  1.735E-29  1.991E-18
4.285E+03  1.801E-29  2.048E-18
4.246E+03  1.870E-29  2.106E-18
4.207E+03  1.941E-29  2.167E-18
4.169E+03  2.016E-29  2.229E-18
4.130E+03  2.093E-29  2.293E-18
4.093E+03  2.173E-29  2.359E-18
4.055E+03  2.256E-29  2.426E-18
4.018E+03  2.342E-29  2.496E-18
3.981E+03  2.432E-29  2.568E-18
3.945E+03  2.525E-29  2.642E-18
3.908E+03  2.621E-29  2.718E-18
3.873E+03  2.722E-29  2.796E-18
3.837E+03  2.826E-29  2.877E-18
3.802E+03  2.935E-29  2.960E-18
3.767E+03  3.047E-29  3.045E-18
3.733E+03  3.165E-29  3.133E-18
3.698E+03  3.286E-29  3.224E-18
3.664E+03  3.413E-29  3.317E-18
3.631E+03  3.544E-29  3.413E-18
3.597E+03  3.681E-29  3.512E-18
3.565E+03  3.822E-29  3.614E-18
3.532E+03  3.970E-29  3.719E-18
3.499E+03  4.123E-29  3.827E-18
3.467E+03  4.283E-29  3.939E-18
3.436E+03  4.448E-29  4.054E-18
3.404E+03  4.620E-29  4.172E-18
3.373E+03  4.799E-29  4.294E-18
3.342E+03  4.985E-29  4.419E-18
3.311E+03  5.178E-29  4.548E-18
3.281E+03  5.379E-29  4.681E-18
3.251E+03  5.588E-29  4.818E-18
3.221E+03  5.804E-29  4.959E-18
3.192E+03  6.030E-29  5.105E-18
3.162E+03  6.264E-29  5.255E-18
3.133E+03  6.508E-29  5.409E-18
3.105E+03  6.761E-29  5.568E-18
3.076E+03  7.025E-29  5.732E-18
3.048E+03  7.298E-29  5.900E-18
3.020E+03  7.583E-29  6.074E-18
2.992E+03  7.878E-29  6.253E-18
2.965E+03  8.185E-29  6.437E-18
2.938E+03  8.503E-29  6.626E-18
2.911E+03  8.835E-29  6.821E-18
2.884E+03  9.179E-29  7.022E-18
2.858E+03  9.537E-29  7.229E-18
2.831E+03  9.910E-29  7.443E-18
2.805E+03  1.030E-28  7.662E-18
2.780E+03  1.070E-28  7.889E-18
2.754E+03  1.112E-28  8.122E-18
2.729E+03  1.155E-28  8.363E-18
2.704E+03  1.201E-28  8.611E-18
2.679E+03  1.248E-28  8.866E-18
2.655E+03  1.296E-28  9.129E-18
2.630E+03  1.347E-28  9.400E-18
2.606E+03  1.400E-28  9.680E-18
2.582E+03  1.455E-28  9.968E-18
2.559E+03  1.512E-28  1.026E-17
2.535E+03  1.572E-28  1.057E-17
2.512E+03  1.634E-28  1.089E-17
2.489E+03  1.698E-28  1.121E-17
2.466E+03  1.765E-28  1.154E-17
2.443E+03  1.834E-28  1.189E-17
2.421E+03  1.907E-28  1.225E-17
2.399E+03  1.982E-28  1.261E-17
2.377E+03  2.060E-28  1.299E-17
2.355E+03  2.142E-28  1.338E-17
2.333E+03  2.226E-28  1.378E-17
2.312E+03  2.314E-28  1.419E-17
2.291E+03  2.406E-28  1.462E-17
2.270E+03  2.501E-28  1.506E-17
2.249E+03  2.600E-28  1.551E-17
2.228E+03  2.703E-28  1.598E-17
2.208E+03  2.810E-28  1.646E-17
2.188E+03  2.921E-28  1.695E-17
2.168E+03  3.037E-28  1.746E-17
2.148E+03  3.157E-28  1.799E-17
2.128E+03  3.283E-28  1.853E-17
2.109E+03  3.413E-28  1.909E-17
2.089E+03  3.548E-28  1.966E-17
2.070E+03  3.689E-28  2.026E-17
2.051E+03  3.836E-28  2.087E-17
2.032E+03  3.988E-28  2.150E-17
2.014E+03  4.147E-28  2.215E-17
1.995E+03  4.312E-28  2.282E-17
1.977E+03  4.483E-28  2.351E-17
1.959E+03  4.661E-28  2.422E-17
1.941E+03  4.847E-28  2.495E-17
1.923E+03  5.040E-28  2.571E-17
1.905E+03  5.240E-28  2.649E-17
1.888E+03  5.449E-28  2.729E-17
1.871E+03  5.666E-28  2.812E-17
1.854E+03  5.892E-28  2.897E-17
1.837E+03  6.127E-28  2.985E-17
1.820E+03  6.371E-28  3.075E-17
1.803E+03  6.625E-28  3.169E-17
1.786E+03  6.890E-28  3.265E-17
1.770E+03  7.165E-28  3.364E-17
1.754E+03  7.451E-28  3.466E-17
1.738E+03  7.748E-28  3.572E-17
1.722E+03  8.057E-28  3.680E-17
1.706E+03  8.379E-28  3.792E-17
1.690E+03  8.714E-28  3.907E-17
1.675E+03  9.062E-28  4.026E-17
1.660E+03  9.424E-28  4.149E-17
1.644E+03  9.801E-28  4.275E-17
1.629E+03  1.019E-27  4.405E-17
1.614E+03  1.060E-27  4.539E-17
1.600E+03  1.102E-27  4.677E-17
1.585E+03  1.146E-27  4.820E-17
1.570E+03  1.192E-27  4.966E-17
1.556E+03  1.240E-27  5.118E-17
1.542E+03  1.289E-27  5.273E-17
1.528E+03  1.341E-27  5.434E-17
1.514E+03  1.395E-27  5.599E-17
1.500E+03  1.450E-27  5.770E-17
1.486E+03  1.508E-27  5.946E-17
1.472E+03  1.569E-27  6.127E-17
1.459E+03  1.632E-27  6.314E-17
1.445E+03  1.697E-27  6.506E-17
1.432E+03  1.765E-27  6.705E-17
1.419E+03  1.835E-27  6.909E-17
1.406E+03  1.909E-27  7.120E-17
1.393E+03  1.985E-27  7.337E-17
1.380E+03  2.065E-27  7.560E-17
1.368E+03  2.147E-27  7.791E-17
1.355E+03  2.233E-27  8.028E-17
1.343E+03  2.323E-27  8.273E-17
1.330E+03  2.416E-27  8.525E-17
1.318E+03  2.512E-27  8.785E-17
1.306E+03  2.613E-27  9.052E-17
1.294E+03  2.717E-27  9.328E-17
1.282E+03  2.826E-27  9.612E-17
1.271E+03  2.939E-27  9.905E-17
1.259E+03  3.056E-27  1.021E-16
1.247E+03  3.178E-27  1.052E-16
1.236E+03  3.305E-27  1.084E-16
1.225E+03  3.437E-27  1.117E-16
1.213E+03  3.575E-27  1.150E-16
1.202E+03  3.717E-27  1.185E-16
1.191E+03  3.865E-27  1.221E-16
1.180E+03  4.020E-27  1.259E-16
1.169E+03  4.180E-27  1.297E-16
1.159E+03  4.347E-27  1.336E-16
1.148E+03  4.520E-27  1.377E-16
1.138E+03  4.700E-27  1.418E-16
1.127E+03  4.887E-27  1.461E-16
1.117E+03  5.082E-27  1.505E-16
1.107E+03  5.284E-27  1.551E-16
1.096E+03  5.494E-27  1.598E-16
1.086E+03  5.712E-27  1.646E-16
1.076E+03  5.939E-27  1.696E-16
1.067E+03  6.175E-27  1.747E-16
1.057E+03  6.420E-27  1.800E-16
1.047E+03  6.675E-27  1.854E-16
1.038E+03  6.940E-27  1.910E-16
1.028E+03  7.215E-27  1.967E-16
1.019E+03  7.500E-27  2.027E-16
1.009E+03  7.797E-27  2.087E-16
1.000E+03  8.106E-27  2.150E-16
9.908E+02  8.427E-27  2.215E-16
9.817E+02  8.760E-27  2.281E-16
9.727E+02  9.107E-27  2.350E-16
9.638E+02  9.467E-27  2.420E-16
9.550E+02  9.841E-27  2.493E-16
9.462E+02  1.023E-26  2.567E-16
9.376E+02  1.063E-26  2.644E-16
9.290E+02  1.105E-26  2.723E-16
9.204E+02  1.149E-26  2.805E-16
9.120E+02  1.194E-26  2.888E-16
9.036E+02  1.241E-26  2.975E-16
8.954E+02  1.290E-26  3.063E-16
8.872E+02  1.340E-26  3.154E-16
8.790E+02  1.393E-26  3.248E-16
8.710E+02  1.447E-26  3.344E-16
8.630E+02  1.504E-26  3.443E-16
8.551E+02  1.563E-26  3.545E-16
8.472E+02  1.624E-26  3.650E-16
8.395E+02  1.687E-26  3.757E-16
8.318E+02  1.753E-26  3.868E-16
8.241E+02  1.821E-26  3.982E-16
8.166E+02  1.892E-26  4.099E-16
8.091E+02  1.966E-26  4.219E-16
8.017E+02  2.042E-26  4.342E-16
7.943E+02  2.121E-26  4.469E-16
7.870E+02  2.203E-26  4.600E-16
7.798E+02  2.289E-26  4.734E-16
7.727E+02  2.377E-26  4.872E-16
7.656E+02  2.469E-26  5.014E-16
7.586E+02  2.564E-26  5.160E-16
7.516E+02  2.663E-26  5.310E-16
7.447E+02  2.766E-26  5.464E-16
7.379E+02  2.873E-26  5.623E-16
7.311E+02  2.983E-26  5.786E-16
7.244E+02  3.098E-26  5.954E-16
7.178E+02  3.218E-26  6.127E-16
7.112E+02  3.342E-26  6.304E-16
7.047E+02  3.470E-26  6.487E-16
6.982E+02  3.604E-26  6.674E-16
6.918E+02  3.742E-26  6.867E-16
6.855E+02  3.886E-26  7.065E-16
6.792E+02  4.035E-26  7.269E-16
6.730E+02  4.189E-26  7.478E-16
6.668E+02  4.349E-26  7.692E-16
6.607E+02  4.515E-26  7.913E-16
6.546E+02  4.688E-26  8.140E-16
6.486E+02  4.868E-26  8.375E-16
6.427E+02  5.054E-26  8.616E-16
6.368E+02  5.247E-26  8.864E-16
6.310E+02  5.448E-26  9.118E-16
6.252E+02  5.656E-26  9.380E-16
6.194E+02  5.872E-26  9.649E-16
6.138E+02  6.096E-26  9.925E-16
6.081E+02  6.329E-26  1.021E-15
6.026E+02  6.570E-26  1.050E-15
5.970E+02  6.821E-26  1.080E-15
5.916E+02  7.081E-26  1.111E-15
5.861E+02  7.350E-26  1.143E-15
5.808E+02  7.630E-26  1.175E-15
5.754E+02  7.920E-26  1.209E-15
5.702E+02  8.220E-26  1.243E-15
5.649E+02  8.532E-26  1.279E-15
5.598E+02  8.856E-26  1.315E-15
5.546E+02  9.192E-26  1.352E-15
5.495E+02  9.540E-26  1.391E-15
5.445E+02  9.901E-26  1.430E-15
5.395E+02  1.028E-25  1.471E-15
5.346E+02  1.066E-25  1.512E-15
5.297E+02  1.107E-25  1.555E-15
5.248E+02  1.148E-25  1.599E-15
5.200E+02  1.192E-25  1.644E-15
5.152E+02  1.237E-25  1.690E-15
5.105E+02  1.283E-25  1.738E-15
5.058E+02  1.331E-25  1.786E-15
5.012E+02  1.381E-25  1.836E-15
4.966E+02  1.433E-25  1.888E-15
4.920E+02  1.487E-25  1.941E-15
4.875E+02  1.543E-25  1.995E-15
4.831E+02  1.600E-25  2.050E-15
4.786E+02  1.660E-25  2.108E-15
4.742E+02  1.722E-25  2.166E-15
4.699E+02  1.786E-25  2.226E-15
4.656E+02  1.853E-25  2.288E-15
4.613E+02  1.921E-25  2.351E-15
4.571E+02  1.993E-25  2.416E-15
4.529E+02  2.067E-25  2.483E-15
4.487E+02  2.143E-25  2.551E-15
4.446E+02  2.222E-25  2.621E-15
4.406E+02  2.305E-25  2.693E-15
4.365E+02  2.390E-25  2.767E-15
4.325E+02  2.477E-25  2.842E-15
4.285E+02  2.569E-25  2.920E-15
4.246E+02  2.663E-25  2.999E-15
4.207E+02  2.761E-25  3.081E-15
4.169E+02  2.862E-25  3.164E-15
4.130E+02  2.966E-25  3.250E-15
4.093E+02  3.075E-25  3.338E-15
4.055E+02  3.187E-25  3.428E-15
4.018E+02  3.303E-25  3.520E-15
3.981E+02  3.423E-25  3.614E-15
3.945E+02  3.547E-25  3.711E-15
3.908E+02  3.676E-25  3.811E-15
3.873E+02  3.809E-25  3.912E-15
3.837E+02  3.946E-25  4.017E-15
3.802E+02  4.089E-25  4.123E-15
3.767E+02  4.236E-25  4.232E-15
3.733E+02  4.388E-25  4.344E-15
3.698E+02  4.545E-25  4.459E-15
3.664E+02  4.708E-25  4.576E-15
3.631E+02  4.876E-25  4.696E-15
3.597E+02  5.050E-25  4.819E-15
3.565E+02  5.229E-25  4.944E-15
3.532E+02  5.415E-25  5.073E-15
3.499E+02  5.607E-25  5.204E-15
3.467E+02  5.805E-25  5.339E-15
3.436E+02  6.009E-25  5.477E-15
3.404E+02  6.221E-25  5.617E-15
3.373E+02  6.439E-25  5.761E-15
3.342E+02  6.665E-25  5.908E-15
3.311E+02  6.897E-25  6.058E-15
3.281E+02  7.138E-25  6.212E-15
3.251E+02  7.386E-25  6.369E-15
3.221E+02  7.642E-25  6.529E-15
3.192E+02  7.906E-25  6.693E-15
3.162E+02  8.179E-25  6.860E-15
3.133E+02  8.460E-25  7.031E-15
3.105E+02  8.750E-25  7.206E-15
3.076E+02  9.049E-25  7.384E-15
3.048E+02  9.358E-25  7.565E-15
3.020E+02  9.676E-25  7.751E-15
2.992E+02  1.000E-24  7.940E-15
2.965E+02  1.034E-24  8.133E-15
2.938E+02  1.069E-24  8.330E-15
2.911E+02  1.105E-24  8.531E-15
2.884E+02  1.142E-24  8.736E-15
2.858E+02  1.180E-24  8.944E-15
2.831E+02  1.219E-24  9.157E-15
2.805E+02  1.260E-24  9.374E-15
2.780E+02  1.301E-24  9.595E-15
2.754E+02  1.344E-24  9.820E-15
2.729E+02  1.388E-24  1.005E-14
2.704E+02  1.434E-24  1.028E-14
2.679E+02  1.481E-24  1.052E-14
2.655E+02  1.529E-24  1.077E-14
2.630E+02  1.579E-24  1.101E-14
2.606E+02  1.630E-24  1.127E-14
2.582E+02  1.682E-24  1.152E-14
2.559E+02  1.736E-24  1.178E-14
2.535E+02  1.791E-24  1.205E-14
2.512E+02  1.848E-24  1.231E-14
2.489E+02  1.905E-24  1.258E-14
2.466E+02  1.962E-24  1.284E-14
2.443E+02  2.021E-24  1.310E-14
2.421E+02  2.081E-24  1.337E-14
2.399E+02  2.142E-24  1.363E-14
2.377E+02  2.204E-24  1.389E-14
2.355E+02  2.267E-24  1.416E-14
2.333E+02  2.331E-24  1.443E-14
2.312E+02  2.397E-24  1.470E-14
2.291E+02  2.465E-24  1.498E-14
2.270E+02  2.534E-24  1.525E-14
2.249E+02  2.604E-24  1.553E-14
2.228E+02  2.676E-24  1.582E-14
2.208E+02  2.750E-24  1.610E-14
2.188E+02  2.825E-24  1.639E-14
2.168E+02  2.901E-24  1.668E-14
2.148E+02  2.980E-24  1.698E-14
2.128E+02  3.060E-24  1.727E-14
2.109E+02  3.141E-24  1.757E-14
2.089E+02  3.224E-24  1.787E-14
2.070E+02  3.309E-24  1.817E-14
2.051E+02  3.396E-24  1.848E-14
2.032E+02  3.484E-24  1.878E-14
2.014E+02  3.574E-24  1.909E-14
1.995E+02  3.666E-24  1.940E-14
1.977E+02  3.759E-24  1.971E-14
1.959E+02  3.854E-24  2.003E-14
1.941E+02  3.951E-24  2.034E-14
1.923E+02  4.049E-24  2.066E-14
1.905E+02  4.150E-24  2.098E-14
1.888E+02  4.252E-24  2.130E-14
1.871E+02  4.356E-24  2.162E-14
1.854E+02  4.462E-24  2.194E-14
1.837E+02  4.570E-24  2.226E-14
1.820E+02  4.680E-24  2.259E-14
1.803E+02  4.792E-24  2.292E-14
1.786E+02  4.905E-24  2.325E-14
1.770E+02  5.021E-24  2.358E-14
1.754E+02  5.139E-24  2.391E-14
1.738E+02  5.259E-24  2.424E-14
1.722E+02  5.381E-24  2.458E-14
1.706E+02  5.505E-24  2.491E-14
1.690E+02  5.631E-24  2.525E-14
1.675E+02  5.760E-24  2.559E-14
1.660E+02  5.891E-24  2.593E-14
1.644E+02  6.025E-24  2.628E-14
1.629E+02  6.161E-24  2.663E-14
1.614E+02  6.300E-24  2.698E-14
1.600E+02  6.441E-24  2.733E-14
1.585E+02  6.586E-24  2.769E-14
1.570E+02  6.733E-24  2.805E-14
1.556E+02  6.884E-24  2.841E-14
1.542E+02  7.037E-24  2.878E-14
1.528E+02  7.194E-24  2.915E-14
1.514E+02  7.355E-24  2.953E-14
1.500E+02  7.518E-24  2.991E-14
1.486E+02  7.685E-24  3.029E-14
1.472E+02  7.854E-24  3.067E-14
1.459E+02  8.024E-24  3.105E-14
1.445E+02  8.194E-24  3.142E-14
1.432E+02  8.362E-24  3.177E-14
1.419E+02  8.526E-24  3.209E-14
1.406E+02  8.682E-24  3.238E-14
1.393E+02  8.828E-24  3.262E-14
1.380E+02  8.963E-24  3.282E-14
1.368E+02  9.087E-24  3.297E-14
1.355E+02  9.202E-24  3.308E-14
1.343E+02  9.310E-24  3.316E-14
1.330E+02  9.415E-24  3.323E-14
1.318E+02  9.518E-24  3.328E-14
1.306E+02  9.622E-24  3.334E-14
1.294E+02  9.727E-24  3.339E-14
1.282E+02  9.833E-24  3.345E-14
1.271E+02  9.942E-24  3.351E-14
1.259E+02  1.005E-23  3.357E-14
1.247E+02  1.017E-23  3.364E-14
1.236E+02  1.028E-23  3.371E-14
1.225E+02  1.040E-23  3.379E-14
1.213E+02  1.052E-23  3.387E-14
1.202E+02  1.065E-23  3.395E-14
1.191E+02  1.077E-23  3.404E-14
1.180E+02  1.090E-23  3.412E-14
1.169E+02  1.102E-23  3.420E-14
1.159E+02  1.115E-23  3.428E-14
1.148E+02  1.128E-23  3.436E-14
1.138E+02  1.141E-23  3.444E-14
1.127E+02  1.154E-23  3.452E-14
1.117E+02  1.168E-23  3.460E-14
1.107E+02  1.181E-23  3.467E-14
1.096E+02  1.195E-23  3.475E-14
1.086E+02  1.208E-23  3.482E-14
1.076E+02  1.222E-23  3.488E-14
1.067E+02  1.235E-23  3.495E-14
1.057E+02  1.249E-23  3.501E-14
1.047E+02  1.263E-23  3.507E-14
1.038E+02  1.276E-23  3.512E-14
1.028E+02  1.290E-23  3.517E-14
1.019E+02  1.303E-23  3.521E-14
1.009E+02  1.317E-23  3.525E-14
1.000E+02  1.330E-23  3.528E-14
9.908E+01  1.344E-23  3.531E-14
9.817E+01  1.357E-23  3.534E-14
9.727E+01  1.370E-23  3.535E-14
9.638E+01  1.383E-23  3.536E-14
9.550E+01  1.396E-23  3.537E-14
9.462E+01  1.409E-23  3.537E-14
9.376E+01  1.422E-23  3.536E-14
9.290E+01  1.435E-23  3.535E-14
9.204E+01  1.447E-23  3.533E-14
9.120E+01  1.460E-23  3.531E-14
9.036E+01  1.472E-23  3.528E-14
8.954E+01  1.484E-23  3.525E-14
8.872E+01  1.496E-23  3.521E-14
8.790E+01  1.508E-23  3.517E-14
8.710E+01  1.520E-23  3.512E-14
8.630E+01  1.532E-23  3.507E-14
8.551E+01  1.544E-23  3.501E-14
8.472E+01  1.555E-23  3.495E-14
8.395E+01  1.567E-23  3.488E-14
8.318E+01  1.578E-23  3.481E-14
8.241E+01  1.589E-23  3.474E-14
8.166E+01  1.600E-23  3.466E-14
8.091E+01  1.611E-23  3.458E-14
8.017E+01  1.622E-23  3.449E-14
7.943E+01  1.633E-23  3.440E-14
7.870E+01  1.643E-23  3.430E-14
7.798E+01  1.653E-23  3.420E-14
7.727E+01  1.664E-23  3.410E-14
7.656E+01  1.674E-23  3.399E-14
7.586E+01  1.684E-23  3.388E-14
7.516E+01  1.693E-23  3.376E-14
7.447E+01  1.703E-23  3.364E-14
7.379E+01  1.712E-23  3.352E-14
7.311E+01  1.722E-23  3.339E-14
7.244E+01  1.731E-23  3.326E-14
7.178E+01  1.740E-23  3.312E-14
7.112E+01  1.749E-23  3.299E-14
7.047E+01  1.757E-23  3.285E-14
6.982E+01  1.766E-23  3.271E-14
6.918E+01  1.775E-23  3.257E-14
6.855E+01  1.783E-23  3.242E-14
6.792E+01  1.791E-23  3.227E-14
6.730E+01  1.799E-23  3.212E-14
6.668E+01  1.807E-23  3.196E-14
6.607E+01  1.815E-23  3.181E-14
6.546E+01  1.823E-23  3.166E-14
6.486E+01  1.831E-23  3.150E-14
6.427E+01  1.838E-23  3.134E-14
6.368E+01  1.846E-23  3.118E-14
6.310E+01  1.853E-23  3.102E-14
6.252E+01  1.861E-23  3.085E-14
6.194E+01  1.868E-23  3.069E-14
6.138E+01  1.875E-23  3.053E-14
6.081E+01  1.882E-23  3.037E-14
6.026E+01  1.890E-23  3.020E-14
5.970E+01  1.897E-23  3.004E-14
5.916E+01  1.904E-23  2.987E-14
5.861E+01  1.911E-23  2.970E-14
5.808E+01  1.917E-23  2.954E-14
5.754E+01  1.924E-23  2.937E-14
5.702E+01  1.931E-23  2.921E-14
5.649E+01  1.938E-23  2.904E-14
5.598E+01  1.945E-23  2.888E-14
5.546E+01  1.952E-23  2.871E-14
5.495E+01  1.959E-23  2.855E-14
5.445E+01  1.966E-23  2.839E-14
5.395E+01  1.973E-23  2.823E-14
5.346E+01  1.980E-23  2.807E-14
5.297E+01  1.987E-23  2.791E-14
5.248E+01  1.994E-23  2.775E-14
5.200E+01  2.001E-23  2.760E-14
5.152E+01  2.008E-23  2.744E-14
5.105E+01  2.015E-23  2.729E-14
5.058E+01  2.022E-23  2.713E-14
5.012E+01  2.029E-23  2.698E-14
4.966E+01  2.037E-23  2.683E-14
4.920E+01  2.044E-23  2.668E-14
4.875E+01  2.051E-23  2.653E-14
4.831E+01  2.059E-23  2.638E-14
4.786E+01  2.066E-23  2.623E-14
4.742E+01  2.074E-23  2.609E-14
4.699E+01  2.081E-23  2.594E-14
4.656E+01  2.089E-23  2.580E-14
4.613E+01  2.096E-23  2.565E-14
4.571E+01  2.104E-23  2.551E-14
4.529E+01  2.112E-23  2.537E-14
4.487E+01  2.119E-23  2.523E-14
4.446E+01  2.127E-23  2.508E-14
4.406E+01  2.134E-23  2.494E-14
4.365E+01  2.141E-23  2.480E-14
4.325E+01  2.149E-23  2.465E-14
4.285E+01  2.155E-23  2.450E-14
4.246E+01  2.162E-23  2.435E-14
4.207E+01  2.168E-23  2.420E-14
4.169E+01  2.174E-23  2.404E-14
4.130E+01  2.179E-23  2.388E-14
4.093E+01  2.184E-23  2.371E-14
4.055E+01  2.188E-23  2.354E-14
4.018E+01  2.192E-23  2.336E-14
3.981E+01  2.194E-23  2.317E-14
3.945E+01  2.196E-23  2.297E-14
3.908E+01  2.196E-23  2.277E-14
3.873E+01  2.196E-23  2.255E-14
3.837E+01  2.194E-23  2.233E-14
3.802E+01  2.190E-23  2.209E-14
3.767E+01  2.185E-23  2.184E-14
3.733E+01  2.179E-23  2.157E-14
3.698E+01  2.170E-23  2.129E-14
3.664E+01  2.160E-23  2.099E-14
3.631E+01  2.147E-23  2.068E-14
3.597E+01  2.133E-23  2.035E-14
3.565E+01  2.116E-23  2.001E-14
3.532E+01  2.097E-23  1.965E-14
3.499E+01  2.076E-23  1.927E-14
3.467E+01  2.052E-23  1.887E-14
3.436E+01  2.025E-23  1.846E-14
3.404E+01  1.997E-23  1.803E-14
3.373E+01  1.965E-23  1.758E-14
3.342E+01  1.932E-23  1.713E-14
3.311E+01  1.896E-23  1.665E-14
3.281E+01  1.858E-23  1.617E-14
3.251E+01  1.818E-23  1.568E-14
3.221E+01  1.776E-23  1.518E-14
3.192E+01  1.733E-23  1.467E-14
3.162E+01  1.687E-23  1.415E-14
3.133E+01  1.641E-23  1.364E-14
3.105E+01  1.593E-23  1.312E-14
3.076E+01  1.545E-23  1.261E-14
3.048E+01  1.496E-23  1.209E-14
3.020E+01  1.447E-23  1.159E-14
2.992E+01  1.397E-23  1.109E-14
2.965E+01  1.348E-23  1.060E-14
2.938E+01  1.299E-23  1.012E-14
2.911E+01  1.250E-23  9.653E-15
2.884E+01  1.203E-23  9.199E-15
2.858E+01  1.156E-23  8.760E-15
2.831E+01  1.110E-23  8.336E-15
2.805E+01  1.065E-23  7.928E-15
2.780E+01  1.022E-23  7.535E-15
2.754E+01  9.800E-24  7.160E-15
2.729E+01  9.395E-24  6.801E-15
2.704E+01  9.004E-24  6.458E-15
2.679E+01  8.629E-24  6.132E-15
2.655E+01  8.268E-24  5.822E-15
2.630E+01  7.923E-24  5.528E-15
2.606E+01  7.593E-24  5.249E-15
2.582E+01  7.279E-24  4.986E-15
2.559E+01  6.978E-24  4.736E-15
2.535E+01  6.692E-24  4.500E-15
2.512E+01  6.421E-24  4.278E-15
2.489E+01  6.162E-24  4.068E-15
2.466E+01  5.916E-24  3.870E-15
2.443E+01  5.683E-24  3.683E-15
2.421E+01  5.461E-24  3.507E-15
2.399E+01  5.250E-24  3.341E-15
2.377E+01  5.050E-24  3.184E-15
2.355E+01  4.862E-24  3.037E-15
2.333E+01  4.684E-24  2.899E-15
2.312E+01  4.513E-24  2.768E-15
2.291E+01  4.353E-24  2.645E-15
2.270E+01  4.202E-24  2.530E-15
2.249E+01  4.062E-24  2.423E-15
2.228E+01  3.929E-24  2.323E-15
2.208E+01  3.803E-24  2.227E-15
2.188E+01  3.682E-24  2.137E-15
2.168E+01  3.567E-24  2.051E-15
2.148E+01  3.459E-24  1.970E-15
2.128E+01  3.357E-24  1.895E-15
2.109E+01  3.262E-24  1.824E-15
2.089E+01  3.172E-24  1.758E-15
2.070E+01  3.086E-24  1.694E-15
2.051E+01  3.004E-24  1.635E-15
2.032E+01  2.928E-24  1.578E-15
2.014E+01  2.859E-24  1.527E-15
1.995E+01  2.794E-24  1.479E-15
1.977E+01  2.732E-24  1.433E-15
1.959E+01  2.673E-24  1.389E-15
1.941E+01  2.617E-24  1.347E-15
1.923E+01  2.565E-24  1.308E-15
1.905E+01  2.517E-24  1.272E-15
1.888E+01  2.473E-24  1.239E-15
1.871E+01  2.436E-24  1.209E-15
1.854E+01  2.408E-24  1.184E-15
1.837E+01  2.392E-24  1.165E-15
1.820E+01  2.400E-24  1.159E-15
1.803E+01  2.471E-24  1.182E-15
1.786E+01  2.621E-24  1.242E-15
1.770E+01  2.572E-24  1.208E-15
1.754E+01  2.716E-24  1.263E-15
1.738E+01  3.194E-24  1.472E-15
1.722E+01  2.939E-24  1.342E-15
1.706E+01  2.872E-24  1.300E-15
1.690E+01  2.755E-24  1.235E-15
1.675E+01  2.599E-24  1.155E-15
1.660E+01  2.625E-24  1.155E-15
1.644E+01  3.061E-24  1.335E-15
1.629E+01  2.284E-24  9.873E-16
1.614E+01  2.005E-24  8.584E-16
1.600E+01  2.030E-24  8.612E-16
1.585E+01  1.993E-24  8.378E-16
1.570E+01  1.702E-24  7.090E-16
1.556E+01  1.551E-24  6.403E-16
1.542E+01  1.466E-24  5.995E-16
1.528E+01  1.405E-24  5.694E-16
1.514E+01  1.356E-24  5.446E-16
1.500E+01  1.316E-24  5.233E-16
1.486E+01  1.281E-24  5.049E-16
1.472E+01  1.253E-24  4.895E-16
1.459E+01  1.236E-24  4.784E-16
1.445E+01  1.240E-24  4.754E-16
1.432E+01  1.287E-24  4.891E-16
1.419E+01  1.341E-24  5.047E-16
1.406E+01  1.246E-24  4.649E-16
1.393E+01  1.171E-24  4.329E-16
1.380E+01  1.166E-24  4.270E-16
1.368E+01  1.249E-24  4.532E-16
1.355E+01  1.269E-24  4.563E-16
1.343E+01  1.159E-24  4.127E-16
1.330E+01  1.139E-24  4.018E-16
1.318E+01  1.177E-24  4.116E-16
1.306E+01  1.271E-24  4.404E-16
1.294E+01  1.444E-24  4.958E-16
1.282E+01  1.728E-24  5.877E-16
1.271E+01  2.075E-24  6.994E-16
1.259E+01  2.200E-24  7.348E-16
1.247E+01  1.953E-24  6.463E-16
1.236E+01  1.666E-24  5.461E-16
1.225E+01  1.532E-24  4.977E-16
1.213E+01  1.533E-24  4.935E-16
1.202E+01  1.558E-24  4.968E-16
1.191E+01  1.481E-24  4.681E-16
1.180E+01  1.350E-24  4.227E-16
1.169E+01  1.295E-24  4.019E-16
1.159E+01  1.409E-24  4.332E-16
1.148E+01  1.829E-24  5.571E-16
1.138E+01  2.710E-24  8.178E-16
1.127E+01  3.680E-24  1.100E-15
1.117E+01  2.495E-24  7.390E-16
1.107E+01  1.334E-24  3.917E-16
1.096E+01  9.214E-25  2.680E-16
1.086E+01  7.254E-25  2.090E-16
1.076E+01  6.165E-25  1.760E-16
1.067E+01  5.491E-25  1.554E-16
1.057E+01  5.040E-25  1.413E-16
1.047E+01  4.719E-25  1.311E-16
1.038E+01  4.482E-25  1.233E-16
1.028E+01  4.299E-25  1.172E-16
1.019E+01  4.157E-25  1.123E-16
1.009E+01  4.047E-25  1.084E-16
1.000E+01  3.966E-25  1.052E-16
9.908E+00  3.909E-25  1.027E-16
9.817E+00  3.877E-25  1.010E-16
9.727E+00  3.867E-25  9.978E-17
9.638E+00  3.881E-25  9.921E-17
9.550E+00  3.918E-25  9.925E-17
9.462E+00  3.982E-25  9.995E-17
9.376E+00  4.078E-25  1.014E-16
9.290E+00  4.217E-25  1.039E-16
9.204E+00  4.415E-25  1.078E-16
9.120E+00  4.702E-25  1.137E-16
9.036E+00  5.127E-25  1.229E-16
8.954E+00  5.779E-25  1.373E-16
8.872E+00  6.822E-25  1.605E-16
8.790E+00  8.533E-25  1.990E-16
8.710E+00  1.111E-24  2.568E-16
8.630E+00  1.341E-24  3.070E-16
8.551E+00  1.287E-24  2.919E-16
8.472E+00  1.099E-24  2.471E-16
8.395E+00  9.998E-25  2.226E-16
8.318E+00  9.820E-25  2.167E-16
8.241E+00  1.013E-24  2.215E-16
8.166E+00  1.108E-24  2.400E-16
8.091E+00  1.295E-24  2.780E-16
8.017E+00  1.593E-24  3.388E-16
7.943E+00  1.980E-24  4.172E-16
7.870E+00  2.314E-24  4.830E-16
7.798E+00  2.440E-24  5.047E-16
7.727E+00  2.490E-24  5.103E-16
7.656E+00  2.612E-24  5.304E-16
7.586E+00  2.530E-24  5.090E-16
7.516E+00  2.047E-24  4.081E-16
7.447E+00  1.519E-24  3.001E-16
7.379E+00  1.144E-24  2.240E-16
7.311E+00  8.974E-25  1.740E-16
7.244E+00  7.279E-25  1.399E-16
7.178E+00  6.061E-25  1.154E-16
7.112E+00  5.166E-25  9.746E-17
7.047E+00  4.516E-25  8.441E-17
6.982E+00  4.065E-25  7.529E-17
6.918E+00  3.787E-25  6.949E-17
6.855E+00  3.654E-25  6.644E-17
6.792E+00  3.622E-25  6.525E-17
6.730E+00  3.604E-25  6.434E-17
6.668E+00  3.509E-25  6.206E-17
6.607E+00  3.341E-25  5.855E-17
6.546E+00  3.222E-25  5.595E-17
6.486E+00  3.304E-25  5.685E-17
6.427E+00  3.768E-25  6.424E-17
6.368E+00  4.975E-25  8.404E-17
6.310E+00  7.741E-25  1.296E-16
6.252E+00  1.246E-24  2.067E-16
6.194E+00  1.255E-24  2.062E-16
6.138E+00  7.449E-25  1.213E-16
6.081E+00  4.314E-25  6.958E-17
6.026E+00  2.861E-25  4.573E-17
5.970E+00  2.168E-25  3.434E-17
5.916E+00  1.850E-25  2.904E-17
5.861E+00  1.776E-25  2.762E-17
5.808E+00  1.925E-25  2.965E-17
5.754E+00  2.266E-25  3.459E-17
5.702E+00  2.455E-25  3.713E-17
5.649E+00  2.077E-25  3.112E-17
5.598E+00  1.536E-25  2.280E-17
5.546E+00  1.163E-25  1.711E-17
5.495E+00  9.466E-26  1.380E-17
5.445E+00  8.286E-26  1.197E-17
5.395E+00  7.832E-26  1.121E-17
5.346E+00  8.174E-26  1.159E-17
5.297E+00  9.583E-26  1.346E-17
5.248E+00  1.059E-25  1.475E-17
5.200E+00  8.535E-26  1.177E-17
5.152E+00  6.419E-26  8.772E-18
5.105E+00  5.257E-26  7.119E-18
5.058E+00  4.608E-26  6.182E-18
5.012E+00  4.200E-26  5.583E-18
4.966E+00  3.916E-26  5.158E-18
4.920E+00  3.703E-26  4.833E-18
4.875E+00  3.535E-26  4.572E-18
4.831E+00  3.398E-26  4.354E-18
4.786E+00  3.282E-26  4.167E-18
4.742E+00  3.183E-26  4.004E-18
4.699E+00  3.096E-26  3.859E-18
4.656E+00  3.020E-26  3.729E-18
4.613E+00  2.952E-26  3.612E-18
4.571E+00  2.891E-26  3.505E-18
4.529E+00  2.836E-26  3.407E-18
4.487E+00  2.787E-26  3.317E-18
4.446E+00  2.742E-26  3.234E-18
4.406E+00  2.701E-26  3.156E-18
4.365E+00  2.664E-26  3.085E-18
4.325E+00  2.630E-26  3.017E-18
4.285E+00  2.599E-26  2.955E-18
4.246E+00  2.571E-26  2.896E-18
4.207E+00  2.546E-26  2.842E-18
4.169E+00  2.524E-26  2.791E-18
4.130E+00  2.504E-26  2.743E-18
4.093E+00  2.486E-26  2.698E-18
4.055E+00  2.470E-26  2.657E-18
4.018E+00  2.458E-26  2.619E-18
3.981E+00  2.448E-26  2.585E-18
3.945E+00  2.441E-26  2.554E-18
3.908E+00  2.437E-26  2.526E-18
3.873E+00  2.437E-26  2.503E-18
3.837E+00  2.441E-26  2.485E-18
3.802E+00  2.451E-26  2.472E-18
3.767E+00  2.468E-26  2.466E-18
3.733E+00  2.492E-26  2.468E-18
3.698E+00  2.528E-26  2.480E-18
3.664E+00  2.577E-26  2.505E-18
3.631E+00  2.646E-26  2.549E-18
3.597E+00  2.743E-26  2.618E-18
3.565E+00  2.882E-26  2.725E-18
3.532E+00  3.085E-26  2.890E-18
3.499E+00  3.394E-26  3.151E-18
3.467E+00  3.893E-26  3.581E-18
3.436E+00  4.766E-26  4.344E-18
3.404E+00  6.489E-26  5.860E-18
3.373E+00  1.060E-25  9.487E-18
3.342E+00  2.424E-25  2.149E-17
3.311E+00  9.193E-25  8.075E-17
3.281E+00  6.286E-25  5.471E-17
3.251E+00  1.795E-25  1.548E-17
3.221E+00  8.565E-26  7.318E-18
3.192E+00  5.458E-26  4.620E-18
3.162E+00  4.086E-26  3.427E-18
3.133E+00  3.364E-26  2.796E-18
3.105E+00  2.938E-26  2.420E-18
3.076E+00  2.665E-26  2.175E-18
3.048E+00  2.479E-26  2.004E-18
3.020E+00  2.345E-26  1.878E-18
2.992E+00  2.245E-26  1.782E-18
2.965E+00  2.167E-26  1.704E-18
2.938E+00  2.105E-26  1.640E-18
2.911E+00  2.054E-26  1.586E-18
2.884E+00  2.012E-26  1.539E-18
2.858E+00  1.976E-26  1.498E-18
2.831E+00  1.944E-26  1.460E-18
2.805E+00  1.916E-26  1.426E-18
2.780E+00  1.891E-26  1.394E-18
2.754E+00  1.868E-26  1.365E-18
2.729E+00  1.847E-26  1.337E-18
2.704E+00  1.828E-26  1.311E-18
2.679E+00  1.809E-26  1.286E-18
2.655E+00  1.792E-26  1.262E-18
2.630E+00  1.775E-26  1.238E-18
2.606E+00  1.759E-26  1.216E-18
2.582E+00  1.743E-26  1.194E-18
2.559E+00  1.728E-26  1.173E-18
2.535E+00  1.713E-26  1.152E-18
2.512E+00  1.699E-26  1.132E-18
2.489E+00  1.684E-26  1.112E-18
2.466E+00  1.670E-26  1.092E-18
2.443E+00  1.656E-26  1.073E-18
2.421E+00  1.641E-26  1.054E-18
2.399E+00  1.627E-26  1.036E-18
2.377E+00  1.614E-26  1.017E-18
2.355E+00  1.600E-26  9.994E-19
2.333E+00  1.586E-26  9.817E-19
2.312E+00  1.572E-26  9.643E-19
2.291E+00  1.559E-26  9.471E-19
2.270E+00  1.545E-26  9.301E-19
2.249E+00  1.531E-26  9.133E-19
2.228E+00  1.517E-26  8.965E-19
2.208E+00  1.502E-26  8.798E-19
2.188E+00  1.487E-26  8.631E-19
2.168E+00  1.472E-26  8.464E-19
2.148E+00  1.456E-26  8.296E-19
2.128E+00  1.439E-26  8.125E-19
2.109E+00  1.422E-26  7.952E-19
2.089E+00  1.403E-26  7.773E-19
2.070E+00  1.382E-26  7.589E-19
2.051E+00  1.359E-26  7.396E-19
2.032E+00  1.334E-26  7.192E-19
2.014E+00  1.306E-26  6.975E-19
1.995E+00  1.274E-26  6.741E-19
1.977E+00  1.238E-26  6.491E-19
1.959E+00  1.199E-26  6.232E-19
1.941E+00  1.162E-26  5.982E-19
1.923E+00  1.133E-26  5.778E-19
1.905E+00  1.119E-26  5.655E-19
1.888E+00  1.123E-26  5.623E-19
1.871E+00  1.140E-26  5.655E-19
1.854E+00  1.161E-26  5.707E-19
1.837E+00  1.179E-26  5.746E-19
1.820E+00  1.193E-26  5.760E-19
1.803E+00  1.202E-26  5.749E-19
1.786E+00  1.206E-26  5.716E-19
1.770E+00  1.207E-26  5.668E-19
1.754E+00  1.206E-26  5.609E-19
1.738E+00  1.202E-26  5.541E-19
1.722E+00  1.197E-26  5.468E-19
1.706E+00  1.192E-26  5.392E-19
1.690E+00  1.185E-26  5.314E-19
1.675E+00  1.178E-26  5.235E-19
1.660E+00  1.171E-26  5.156E-19
1.644E+00  1.164E-26  5.078E-19
1.629E+00  1.157E-26  5.000E-19
1.614E+00  1.150E-26  4.924E-19
1.600E+00  1.143E-26  4.850E-19
1.585E+00  1.137E-26  4.779E-19
1.570E+00  1.131E-26  4.711E-19
1.556E+00  1.126E-26  4.647E-19
1.542E+00  1.121E-26  4.586E-19
1.528E+00  1.118E-26  4.531E-19
1.514E+00  1.116E-26  4.480E-19
1.500E+00  1.115E-26  4.435E-19
1.486E+00  1.116E-26  4.397E-19
1.472E+00  1.118E-26  4.366E-19
1.459E+00  1.123E-26  4.344E-19
1.445E+00  1.130E-26  4.333E-19
1.432E+00  1.141E-26  4.334E-19
1.419E+00  1.155E-26  4.348E-19
1.406E+00  1.174E-26  4.378E-19
1.393E+00  1.198E-26  4.428E-19
1.380E+00  1.229E-26  4.501E-19
1.368E+00  1.268E-26  4.601E-19
1.355E+00  1.316E-26  4.732E-19
1.343E+00  1.375E-26  4.897E-19
1.330E+00  1.445E-26  5.098E-19
1.318E+00  1.524E-26  5.330E-19
1.306E+00  1.609E-26  5.575E-19
1.294E+00  1.690E-26  5.800E-19
1.282E+00  1.749E-26  5.950E-19
1.271E+00  1.769E-26  5.961E-19
1.259E+00  1.733E-26  5.788E-19
1.247E+00  1.644E-26  5.439E-19
1.236E+00  1.518E-26  4.976E-19
1.225E+00  1.379E-26  4.480E-19
1.213E+00  1.247E-26  4.014E-19
1.202E+00  1.133E-26  3.614E-19
1.191E+00  1.040E-26  3.287E-19
1.180E+00  9.682E-27  3.031E-19
1.169E+00  9.149E-27  2.838E-19
1.159E+00  8.787E-27  2.701E-19
1.148E+00  8.582E-27  2.614E-19
1.138E+00  8.535E-27  2.576E-19
1.127E+00  8.662E-27  2.590E-19
1.117E+00  9.001E-27  2.667E-19
1.107E+00  9.618E-27  2.823E-19
1.096E+00  1.063E-26  3.090E-19
1.086E+00  1.218E-26  3.511E-19
1.076E+00  1.445E-26  4.127E-19
1.067E+00  1.731E-26  4.897E-19
1.057E+00  1.961E-26  5.498E-19
1.047E+00  1.926E-26  5.350E-19
1.038E+00  1.606E-26  4.421E-19
1.028E+00  1.227E-26  3.346E-19
1.019E+00  9.320E-27  2.518E-19
1.009E+00  7.316E-27  1.958E-19
1.000E+00  5.983E-27  1.587E-19
