Dust emission from Draine & Li (2007): ApJ 657, 810-837
================================================================
         4 = grain model
 4.000E-08 4.000E-01 2.250E-05 = a_01 (cm) , sigma_1 , b_C1/0.92
 2.500E-07 4.000E-01 7.500E-06 = a_02 (cm) , sigma_2 , b_C2/0.92
 8.000E-01 1.000E+03 2.000E+00 = Umin , Umax, beta (dN/dU propto U^{-beta})
 5.709E+00 = <U> 
     mmp83 = radfield
 2.545E-23 = power/H (erg s-1)
 band   nu*P_nu(band) j_nu(band)
 (um)   (erg s-1 H-1)(Jy cm2 sr-1 H-1)
1.270E+00  5.255E-26  1.770E-18 COBE-DIRBE
2.220E+00  6.634E-26  3.907E-18 COBE-DIRBE
3.530E+00  4.442E-25  4.160E-17 COBE-DIRBE
4.880E+00  2.053E-25  2.658E-17 COBE-DIRBE
1.229E+01  1.950E-24  6.357E-16 COBE-DIRBE
2.079E+01  1.978E-24  1.091E-15 COBE-DIRBE
5.599E+01  1.374E-23  2.040E-14 COBE-DIRBE
9.770E+01  1.199E-23  3.108E-14 COBE-DIRBE
1.479E+02  7.335E-24  2.877E-14 COBE-DIRBE
2.479E+02  2.109E-24  1.386E-14 COBE-DIRBE
1.200E+01  2.021E-24  6.432E-16 IRAS
2.500E+01  2.398E-24  1.590E-15 IRAS
6.000E+01  1.374E-23  2.186E-14 IRAS
1.000E+02  1.176E-23  3.119E-14 IRAS
3.550E+00  5.170E-25  4.868E-17 SST-IRAC
4.493E+00  1.430E-25  1.705E-17 SST-IRAC
5.731E+00  1.232E-24  1.873E-16 SST-IRAC
7.872E+00  2.889E-24  6.032E-16 SST-IRAC
2.368E+01  2.015E-24  1.266E-15 SST-MIPS
7.142E+01  1.286E-23  2.435E-14 SST-MIPS
1.559E+02  6.266E-24  2.591E-14 SST-MIPS
1.600E+01  1.734E-24  7.361E-16 SST-IRSPU
2.200E+01  2.013E-24  1.174E-15 SST-IRSPU











lambda    nu*dP/dnu     j_nu
 (um)   (erg s-1 H-1)(Jy cm2 sr-1 H-1)
1.000E+04  6.176E-31  1.638E-19
9.908E+03  6.402E-31  1.683E-19
9.817E+03  6.637E-31  1.728E-19
9.727E+03  6.879E-31  1.775E-19
9.638E+03  7.131E-31  1.823E-19
9.550E+03  7.392E-31  1.873E-19
9.462E+03  7.663E-31  1.923E-19
9.376E+03  7.943E-31  1.975E-19
9.290E+03  8.234E-31  2.029E-19
9.204E+03  8.535E-31  2.084E-19
9.120E+03  8.847E-31  2.140E-19
9.036E+03  9.171E-31  2.198E-19
8.954E+03  9.506E-31  2.258E-19
8.872E+03  9.852E-31  2.318E-19
8.790E+03  1.021E-30  2.381E-19
8.710E+03  1.058E-30  2.445E-19
8.630E+03  1.097E-30  2.511E-19
8.551E+03  1.137E-30  2.579E-19
8.472E+03  1.178E-30  2.648E-19
8.395E+03  1.221E-30  2.720E-19
8.318E+03  1.266E-30  2.793E-19
8.241E+03  1.312E-30  2.869E-19
8.166E+03  1.360E-30  2.947E-19
8.091E+03  1.410E-30  3.027E-19
8.017E+03  1.462E-30  3.109E-19
7.943E+03  1.516E-30  3.193E-19
7.870E+03  1.571E-30  3.280E-19
7.798E+03  1.629E-30  3.369E-19
7.727E+03  1.689E-30  3.461E-19
7.656E+03  1.751E-30  3.556E-19
7.586E+03  1.815E-30  3.652E-19
7.516E+03  1.882E-30  3.752E-19
7.447E+03  1.951E-30  3.855E-19
7.379E+03  2.023E-30  3.960E-19
7.311E+03  2.098E-30  4.068E-19
7.244E+03  2.175E-30  4.180E-19
7.178E+03  2.255E-30  4.294E-19
7.112E+03  2.339E-30  4.412E-19
7.047E+03  2.425E-30  4.533E-19
6.982E+03  2.515E-30  4.658E-19
6.918E+03  2.608E-30  4.785E-19
6.855E+03  2.704E-30  4.917E-19
6.792E+03  2.804E-30  5.052E-19
6.730E+03  2.908E-30  5.190E-19
6.668E+03  3.015E-30  5.333E-19
6.607E+03  3.127E-30  5.480E-19
6.546E+03  3.243E-30  5.631E-19
6.486E+03  3.363E-30  5.786E-19
6.427E+03  3.488E-30  5.946E-19
6.368E+03  3.617E-30  6.110E-19
6.310E+03  3.752E-30  6.279E-19
6.252E+03  3.891E-30  6.453E-19
6.194E+03  4.036E-30  6.632E-19
6.138E+03  4.186E-30  6.816E-19
6.081E+03  4.342E-30  7.005E-19
6.026E+03  4.504E-30  7.199E-19
5.970E+03  4.672E-30  7.399E-19
5.916E+03  4.847E-30  7.605E-19
5.861E+03  5.028E-30  7.817E-19
5.808E+03  5.215E-30  8.034E-19
5.754E+03  5.410E-30  8.258E-19
5.702E+03  5.613E-30  8.489E-19
5.649E+03  5.823E-30  8.726E-19
5.598E+03  6.041E-30  8.970E-19
5.546E+03  6.267E-30  9.221E-19
5.495E+03  6.502E-30  9.479E-19
5.445E+03  6.746E-30  9.744E-19
5.395E+03  7.000E-30  1.002E-18
5.346E+03  7.263E-30  1.030E-18
5.297E+03  7.536E-30  1.059E-18
5.248E+03  7.819E-30  1.088E-18
5.200E+03  8.113E-30  1.119E-18
5.152E+03  8.419E-30  1.151E-18
5.105E+03  8.736E-30  1.183E-18
5.058E+03  9.065E-30  1.216E-18
5.012E+03  9.407E-30  1.251E-18
4.966E+03  9.762E-30  1.286E-18
4.920E+03  1.013E-29  1.322E-18
4.875E+03  1.051E-29  1.359E-18
4.831E+03  1.091E-29  1.398E-18
4.786E+03  1.132E-29  1.437E-18
4.742E+03  1.175E-29  1.478E-18
4.699E+03  1.219E-29  1.520E-18
4.656E+03  1.266E-29  1.563E-18
4.613E+03  1.314E-29  1.607E-18
4.571E+03  1.363E-29  1.653E-18
4.529E+03  1.415E-29  1.700E-18
4.487E+03  1.469E-29  1.748E-18
4.446E+03  1.525E-29  1.798E-18
4.406E+03  1.583E-29  1.849E-18
4.365E+03  1.643E-29  1.902E-18
4.325E+03  1.705E-29  1.957E-18
4.285E+03  1.770E-29  2.012E-18
4.246E+03  1.838E-29  2.070E-18
4.207E+03  1.908E-29  2.129E-18
4.169E+03  1.981E-29  2.190E-18
4.130E+03  2.056E-29  2.253E-18
4.093E+03  2.135E-29  2.318E-18
4.055E+03  2.216E-29  2.384E-18
4.018E+03  2.301E-29  2.453E-18
3.981E+03  2.389E-29  2.523E-18
3.945E+03  2.481E-29  2.596E-18
3.908E+03  2.575E-29  2.670E-18
3.873E+03  2.674E-29  2.747E-18
3.837E+03  2.777E-29  2.826E-18
3.802E+03  2.883E-29  2.907E-18
3.767E+03  2.994E-29  2.991E-18
3.733E+03  3.109E-29  3.078E-18
3.698E+03  3.228E-29  3.167E-18
3.664E+03  3.352E-29  3.258E-18
3.631E+03  3.481E-29  3.353E-18
3.597E+03  3.615E-29  3.450E-18
3.565E+03  3.754E-29  3.550E-18
3.532E+03  3.899E-29  3.653E-18
3.499E+03  4.050E-29  3.759E-18
3.467E+03  4.206E-29  3.868E-18
3.436E+03  4.368E-29  3.981E-18
3.404E+03  4.537E-29  4.097E-18
3.373E+03  4.713E-29  4.217E-18
3.342E+03  4.895E-29  4.340E-18
3.311E+03  5.085E-29  4.466E-18
3.281E+03  5.282E-29  4.597E-18
3.251E+03  5.487E-29  4.732E-18
3.221E+03  5.700E-29  4.870E-18
3.192E+03  5.921E-29  5.013E-18
3.162E+03  6.152E-29  5.160E-18
3.133E+03  6.391E-29  5.312E-18
3.105E+03  6.639E-29  5.468E-18
3.076E+03  6.898E-29  5.628E-18
3.048E+03  7.167E-29  5.794E-18
3.020E+03  7.446E-29  5.965E-18
2.992E+03  7.736E-29  6.140E-18
2.965E+03  8.037E-29  6.321E-18
2.938E+03  8.350E-29  6.507E-18
2.911E+03  8.675E-29  6.698E-18
2.884E+03  9.014E-29  6.895E-18
2.858E+03  9.365E-29  7.099E-18
2.831E+03  9.731E-29  7.308E-18
2.805E+03  1.011E-28  7.524E-18
2.780E+03  1.051E-28  7.746E-18
2.754E+03  1.092E-28  7.976E-18
2.729E+03  1.134E-28  8.212E-18
2.704E+03  1.179E-28  8.455E-18
2.679E+03  1.225E-28  8.706E-18
2.655E+03  1.273E-28  8.964E-18
2.630E+03  1.323E-28  9.231E-18
2.606E+03  1.375E-28  9.505E-18
2.582E+03  1.429E-28  9.788E-18
2.559E+03  1.485E-28  1.008E-17
2.535E+03  1.544E-28  1.038E-17
2.512E+03  1.604E-28  1.069E-17
2.489E+03  1.667E-28  1.101E-17
2.466E+03  1.733E-28  1.134E-17
2.443E+03  1.801E-28  1.168E-17
2.421E+03  1.873E-28  1.203E-17
2.399E+03  1.946E-28  1.239E-17
2.377E+03  2.023E-28  1.276E-17
2.355E+03  2.103E-28  1.314E-17
2.333E+03  2.186E-28  1.353E-17
2.312E+03  2.273E-28  1.394E-17
2.291E+03  2.363E-28  1.436E-17
2.270E+03  2.456E-28  1.479E-17
2.249E+03  2.553E-28  1.523E-17
2.228E+03  2.654E-28  1.569E-17
2.208E+03  2.760E-28  1.616E-17
2.188E+03  2.869E-28  1.665E-17
2.168E+03  2.983E-28  1.715E-17
2.148E+03  3.101E-28  1.767E-17
2.128E+03  3.224E-28  1.820E-17
2.109E+03  3.352E-28  1.875E-17
2.089E+03  3.485E-28  1.932E-17
2.070E+03  3.624E-28  1.990E-17
2.051E+03  3.768E-28  2.050E-17
2.032E+03  3.918E-28  2.112E-17
2.014E+03  4.074E-28  2.176E-17
1.995E+03  4.236E-28  2.242E-17
1.977E+03  4.404E-28  2.310E-17
1.959E+03  4.579E-28  2.379E-17
1.941E+03  4.762E-28  2.451E-17
1.923E+03  4.951E-28  2.526E-17
1.905E+03  5.148E-28  2.602E-17
1.888E+03  5.353E-28  2.681E-17
1.871E+03  5.567E-28  2.762E-17
1.854E+03  5.789E-28  2.846E-17
1.837E+03  6.019E-28  2.932E-17
1.820E+03  6.260E-28  3.021E-17
1.803E+03  6.509E-28  3.113E-17
1.786E+03  6.769E-28  3.208E-17
1.770E+03  7.039E-28  3.305E-17
1.754E+03  7.320E-28  3.406E-17
1.738E+03  7.612E-28  3.509E-17
1.722E+03  7.917E-28  3.616E-17
1.706E+03  8.233E-28  3.726E-17
1.690E+03  8.562E-28  3.839E-17
1.675E+03  8.904E-28  3.956E-17
1.660E+03  9.260E-28  4.076E-17
1.644E+03  9.630E-28  4.200E-17
1.629E+03  1.001E-27  4.328E-17
1.614E+03  1.041E-27  4.460E-17
1.600E+03  1.083E-27  4.596E-17
1.585E+03  1.126E-27  4.735E-17
1.570E+03  1.171E-27  4.880E-17
1.556E+03  1.218E-27  5.028E-17
1.542E+03  1.267E-27  5.181E-17
1.528E+03  1.318E-27  5.339E-17
1.514E+03  1.370E-27  5.502E-17
1.500E+03  1.425E-27  5.669E-17
1.486E+03  1.482E-27  5.842E-17
1.472E+03  1.541E-27  6.020E-17
1.459E+03  1.603E-27  6.203E-17
1.445E+03  1.667E-27  6.392E-17
1.432E+03  1.734E-27  6.587E-17
1.419E+03  1.803E-27  6.788E-17
1.406E+03  1.875E-27  6.995E-17
1.393E+03  1.950E-27  7.208E-17
1.380E+03  2.028E-27  7.427E-17
1.368E+03  2.110E-27  7.654E-17
1.355E+03  2.194E-27  7.887E-17
1.343E+03  2.282E-27  8.127E-17
1.330E+03  2.373E-27  8.374E-17
1.318E+03  2.468E-27  8.629E-17
1.306E+03  2.566E-27  8.892E-17
1.294E+03  2.669E-27  9.163E-17
1.282E+03  2.776E-27  9.441E-17
1.271E+03  2.887E-27  9.728E-17
1.259E+03  3.002E-27  1.002E-16
1.247E+03  3.122E-27  1.033E-16
1.236E+03  3.246E-27  1.064E-16
1.225E+03  3.376E-27  1.097E-16
1.213E+03  3.510E-27  1.130E-16
1.202E+03  3.650E-27  1.164E-16
1.191E+03  3.796E-27  1.199E-16
1.180E+03  3.947E-27  1.236E-16
1.169E+03  4.104E-27  1.273E-16
1.159E+03  4.268E-27  1.312E-16
1.148E+03  4.438E-27  1.351E-16
1.138E+03  4.614E-27  1.392E-16
1.127E+03  4.798E-27  1.434E-16
1.117E+03  4.988E-27  1.478E-16
1.107E+03  5.187E-27  1.522E-16
1.096E+03  5.393E-27  1.568E-16
1.086E+03  5.607E-27  1.616E-16
1.076E+03  5.829E-27  1.664E-16
1.067E+03  6.060E-27  1.715E-16
1.057E+03  6.300E-27  1.766E-16
1.047E+03  6.550E-27  1.819E-16
1.038E+03  6.809E-27  1.874E-16
1.028E+03  7.078E-27  1.930E-16
1.019E+03  7.358E-27  1.988E-16
1.009E+03  7.649E-27  2.048E-16
1.000E+03  7.951E-27  2.109E-16
9.908E+02  8.265E-27  2.172E-16
9.817E+02  8.592E-27  2.237E-16
9.727E+02  8.931E-27  2.304E-16
9.638E+02  9.283E-27  2.373E-16
9.550E+02  9.649E-27  2.444E-16
9.462E+02  1.003E-26  2.517E-16
9.376E+02  1.042E-26  2.592E-16
9.290E+02  1.083E-26  2.670E-16
9.204E+02  1.126E-26  2.749E-16
9.120E+02  1.170E-26  2.831E-16
9.036E+02  1.216E-26  2.915E-16
8.954E+02  1.264E-26  3.002E-16
8.872E+02  1.313E-26  3.090E-16
8.790E+02  1.365E-26  3.182E-16
8.710E+02  1.418E-26  3.276E-16
8.630E+02  1.473E-26  3.372E-16
8.551E+02  1.531E-26  3.472E-16
8.472E+02  1.590E-26  3.574E-16
8.395E+02  1.652E-26  3.679E-16
8.318E+02  1.716E-26  3.787E-16
8.241E+02  1.783E-26  3.898E-16
8.166E+02  1.852E-26  4.012E-16
8.091E+02  1.924E-26  4.129E-16
8.017E+02  1.998E-26  4.250E-16
7.943E+02  2.076E-26  4.373E-16
7.870E+02  2.156E-26  4.501E-16
7.798E+02  2.239E-26  4.631E-16
7.727E+02  2.325E-26  4.766E-16
7.656E+02  2.415E-26  4.904E-16
7.586E+02  2.508E-26  5.046E-16
7.516E+02  2.604E-26  5.192E-16
7.447E+02  2.704E-26  5.342E-16
7.379E+02  2.808E-26  5.496E-16
7.311E+02  2.916E-26  5.655E-16
7.244E+02  3.028E-26  5.818E-16
7.178E+02  3.144E-26  5.986E-16
7.112E+02  3.265E-26  6.159E-16
7.047E+02  3.390E-26  6.336E-16
6.982E+02  3.519E-26  6.518E-16
6.918E+02  3.654E-26  6.706E-16
6.855E+02  3.794E-26  6.899E-16
6.792E+02  3.939E-26  7.096E-16
6.730E+02  4.089E-26  7.299E-16
6.668E+02  4.244E-26  7.507E-16
6.607E+02  4.406E-26  7.722E-16
6.546E+02  4.574E-26  7.942E-16
6.486E+02  4.748E-26  8.170E-16
6.427E+02  4.930E-26  8.404E-16
6.368E+02  5.117E-26  8.644E-16
6.310E+02  5.312E-26  8.891E-16
6.252E+02  5.515E-26  9.145E-16
6.194E+02  5.725E-26  9.406E-16
6.138E+02  5.942E-26  9.674E-16
6.081E+02  6.168E-26  9.950E-16
6.026E+02  6.402E-26  1.023E-15
5.970E+02  6.645E-26  1.052E-15
5.916E+02  6.897E-26  1.082E-15
5.861E+02  7.159E-26  1.113E-15
5.808E+02  7.430E-26  1.145E-15
5.754E+02  7.711E-26  1.177E-15
5.702E+02  8.003E-26  1.210E-15
5.649E+02  8.306E-26  1.245E-15
5.598E+02  8.619E-26  1.280E-15
5.546E+02  8.945E-26  1.316E-15
5.495E+02  9.282E-26  1.353E-15
5.445E+02  9.632E-26  1.391E-15
5.395E+02  9.995E-26  1.430E-15
5.346E+02  1.037E-25  1.471E-15
5.297E+02  1.076E-25  1.512E-15
5.248E+02  1.117E-25  1.554E-15
5.200E+02  1.159E-25  1.598E-15
5.152E+02  1.202E-25  1.643E-15
5.105E+02  1.247E-25  1.689E-15
5.058E+02  1.294E-25  1.736E-15
5.012E+02  1.342E-25  1.784E-15
4.966E+02  1.392E-25  1.834E-15
4.920E+02  1.444E-25  1.885E-15
4.875E+02  1.498E-25  1.937E-15
4.831E+02  1.554E-25  1.991E-15
4.786E+02  1.612E-25  2.046E-15
4.742E+02  1.672E-25  2.103E-15
4.699E+02  1.734E-25  2.161E-15
4.656E+02  1.798E-25  2.220E-15
4.613E+02  1.864E-25  2.281E-15
4.571E+02  1.933E-25  2.344E-15
4.529E+02  2.005E-25  2.408E-15
4.487E+02  2.079E-25  2.474E-15
4.446E+02  2.155E-25  2.542E-15
4.406E+02  2.235E-25  2.611E-15
4.365E+02  2.317E-25  2.682E-15
4.325E+02  2.402E-25  2.755E-15
4.285E+02  2.489E-25  2.830E-15
4.246E+02  2.581E-25  2.907E-15
4.207E+02  2.675E-25  2.985E-15
4.169E+02  2.772E-25  3.066E-15
4.130E+02  2.873E-25  3.148E-15
4.093E+02  2.978E-25  3.233E-15
4.055E+02  3.086E-25  3.319E-15
4.018E+02  3.198E-25  3.408E-15
3.981E+02  3.313E-25  3.499E-15
3.945E+02  3.433E-25  3.592E-15
3.908E+02  3.557E-25  3.688E-15
3.873E+02  3.685E-25  3.786E-15
3.837E+02  3.818E-25  3.886E-15
3.802E+02  3.955E-25  3.989E-15
3.767E+02  4.097E-25  4.094E-15
3.733E+02  4.243E-25  4.201E-15
3.698E+02  4.395E-25  4.311E-15
3.664E+02  4.551E-25  4.424E-15
3.631E+02  4.713E-25  4.539E-15
3.597E+02  4.881E-25  4.657E-15
3.565E+02  5.053E-25  4.778E-15
3.532E+02  5.232E-25  4.902E-15
3.499E+02  5.416E-25  5.028E-15
3.467E+02  5.607E-25  5.157E-15
3.436E+02  5.804E-25  5.289E-15
3.404E+02  6.007E-25  5.424E-15
3.373E+02  6.217E-25  5.562E-15
3.342E+02  6.434E-25  5.703E-15
3.311E+02  6.657E-25  5.848E-15
3.281E+02  6.888E-25  5.995E-15
3.251E+02  7.126E-25  6.145E-15
3.221E+02  7.372E-25  6.299E-15
3.192E+02  7.626E-25  6.456E-15
3.162E+02  7.888E-25  6.616E-15
3.133E+02  8.158E-25  6.780E-15
3.105E+02  8.436E-25  6.947E-15
3.076E+02  8.723E-25  7.118E-15
3.048E+02  9.019E-25  7.292E-15
3.020E+02  9.324E-25  7.469E-15
2.992E+02  9.639E-25  7.650E-15
2.965E+02  9.962E-25  7.835E-15
2.938E+02  1.030E-24  8.023E-15
2.911E+02  1.064E-24  8.215E-15
2.884E+02  1.099E-24  8.411E-15
2.858E+02  1.136E-24  8.610E-15
2.831E+02  1.174E-24  8.814E-15
2.805E+02  1.212E-24  9.021E-15
2.780E+02  1.252E-24  9.232E-15
2.754E+02  1.293E-24  9.446E-15
2.729E+02  1.335E-24  9.666E-15
2.704E+02  1.379E-24  9.890E-15
2.679E+02  1.424E-24  1.012E-14
2.655E+02  1.470E-24  1.035E-14
2.630E+02  1.517E-24  1.059E-14
2.606E+02  1.566E-24  1.083E-14
2.582E+02  1.616E-24  1.107E-14
2.559E+02  1.668E-24  1.132E-14
2.535E+02  1.720E-24  1.157E-14
2.512E+02  1.774E-24  1.182E-14
2.489E+02  1.828E-24  1.207E-14
2.466E+02  1.883E-24  1.232E-14
2.443E+02  1.939E-24  1.257E-14
2.421E+02  1.996E-24  1.282E-14
2.399E+02  2.054E-24  1.307E-14
2.377E+02  2.112E-24  1.332E-14
2.355E+02  2.172E-24  1.357E-14
2.333E+02  2.233E-24  1.382E-14
2.312E+02  2.295E-24  1.407E-14
2.291E+02  2.359E-24  1.433E-14
2.270E+02  2.424E-24  1.459E-14
2.249E+02  2.490E-24  1.485E-14
2.228E+02  2.558E-24  1.512E-14
2.208E+02  2.627E-24  1.539E-14
2.188E+02  2.698E-24  1.566E-14
2.168E+02  2.770E-24  1.593E-14
2.148E+02  2.843E-24  1.620E-14
2.128E+02  2.918E-24  1.647E-14
2.109E+02  2.995E-24  1.675E-14
2.089E+02  3.073E-24  1.703E-14
2.070E+02  3.152E-24  1.731E-14
2.051E+02  3.233E-24  1.759E-14
2.032E+02  3.316E-24  1.788E-14
2.014E+02  3.400E-24  1.816E-14
1.995E+02  3.485E-24  1.845E-14
1.977E+02  3.572E-24  1.873E-14
1.959E+02  3.661E-24  1.902E-14
1.941E+02  3.751E-24  1.931E-14
1.923E+02  3.843E-24  1.960E-14
1.905E+02  3.936E-24  1.990E-14
1.888E+02  4.031E-24  2.019E-14
1.871E+02  4.128E-24  2.048E-14
1.854E+02  4.226E-24  2.078E-14
1.837E+02  4.326E-24  2.108E-14
1.820E+02  4.428E-24  2.137E-14
1.803E+02  4.531E-24  2.167E-14
1.786E+02  4.636E-24  2.197E-14
1.770E+02  4.743E-24  2.227E-14
1.754E+02  4.852E-24  2.257E-14
1.738E+02  4.962E-24  2.287E-14
1.722E+02  5.075E-24  2.318E-14
1.706E+02  5.189E-24  2.348E-14
1.690E+02  5.305E-24  2.379E-14
1.675E+02  5.423E-24  2.410E-14
1.660E+02  5.544E-24  2.441E-14
1.644E+02  5.667E-24  2.472E-14
1.629E+02  5.792E-24  2.503E-14
1.614E+02  5.919E-24  2.535E-14
1.600E+02  6.049E-24  2.566E-14
1.585E+02  6.181E-24  2.599E-14
1.570E+02  6.316E-24  2.631E-14
1.556E+02  6.455E-24  2.664E-14
1.542E+02  6.596E-24  2.697E-14
1.528E+02  6.740E-24  2.731E-14
1.514E+02  6.887E-24  2.765E-14
1.500E+02  7.037E-24  2.799E-14
1.486E+02  7.190E-24  2.834E-14
1.472E+02  7.344E-24  2.868E-14
1.459E+02  7.500E-24  2.902E-14
1.445E+02  7.655E-24  2.935E-14
1.432E+02  7.807E-24  2.966E-14
1.419E+02  7.955E-24  2.994E-14
1.406E+02  8.094E-24  3.019E-14
1.393E+02  8.224E-24  3.039E-14
1.380E+02  8.343E-24  3.055E-14
1.368E+02  8.450E-24  3.066E-14
1.355E+02  8.548E-24  3.073E-14
1.343E+02  8.640E-24  3.077E-14
1.330E+02  8.727E-24  3.080E-14
1.318E+02  8.812E-24  3.081E-14
1.306E+02  8.897E-24  3.083E-14
1.294E+02  8.983E-24  3.084E-14
1.282E+02  9.071E-24  3.085E-14
1.271E+02  9.159E-24  3.087E-14
1.259E+02  9.251E-24  3.089E-14
1.247E+02  9.344E-24  3.092E-14
1.236E+02  9.439E-24  3.095E-14
1.225E+02  9.536E-24  3.098E-14
1.213E+02  9.635E-24  3.101E-14
1.202E+02  9.736E-24  3.105E-14
1.191E+02  9.838E-24  3.109E-14
1.180E+02  9.940E-24  3.112E-14
1.169E+02  1.004E-23  3.116E-14
1.159E+02  1.015E-23  3.119E-14
1.148E+02  1.025E-23  3.122E-14
1.138E+02  1.036E-23  3.125E-14
1.127E+02  1.046E-23  3.128E-14
1.117E+02  1.057E-23  3.130E-14
1.107E+02  1.067E-23  3.133E-14
1.096E+02  1.078E-23  3.135E-14
1.086E+02  1.089E-23  3.137E-14
1.076E+02  1.099E-23  3.139E-14
1.067E+02  1.110E-23  3.140E-14
1.057E+02  1.120E-23  3.141E-14
1.047E+02  1.131E-23  3.141E-14
1.038E+02  1.141E-23  3.141E-14
1.028E+02  1.152E-23  3.141E-14
1.019E+02  1.162E-23  3.139E-14
1.009E+02  1.172E-23  3.138E-14
1.000E+02  1.182E-23  3.136E-14
9.908E+01  1.192E-23  3.132E-14
9.817E+01  1.202E-23  3.129E-14
9.727E+01  1.211E-23  3.125E-14
9.638E+01  1.221E-23  3.120E-14
9.550E+01  1.230E-23  3.115E-14
9.462E+01  1.239E-23  3.110E-14
9.376E+01  1.248E-23  3.103E-14
9.290E+01  1.257E-23  3.096E-14
9.204E+01  1.265E-23  3.089E-14
9.120E+01  1.273E-23  3.081E-14
9.036E+01  1.282E-23  3.072E-14
8.954E+01  1.289E-23  3.063E-14
8.872E+01  1.297E-23  3.053E-14
8.790E+01  1.305E-23  3.043E-14
8.710E+01  1.312E-23  3.032E-14
8.630E+01  1.320E-23  3.021E-14
8.551E+01  1.327E-23  3.009E-14
8.472E+01  1.333E-23  2.996E-14
8.395E+01  1.340E-23  2.984E-14
8.318E+01  1.346E-23  2.971E-14
8.241E+01  1.353E-23  2.957E-14
8.166E+01  1.359E-23  2.943E-14
8.091E+01  1.364E-23  2.928E-14
8.017E+01  1.370E-23  2.914E-14
7.943E+01  1.375E-23  2.898E-14
7.870E+01  1.381E-23  2.882E-14
7.798E+01  1.385E-23  2.866E-14
7.727E+01  1.390E-23  2.849E-14
7.656E+01  1.394E-23  2.832E-14
7.586E+01  1.399E-23  2.814E-14
7.516E+01  1.402E-23  2.796E-14
7.447E+01  1.406E-23  2.778E-14
7.379E+01  1.409E-23  2.759E-14
7.311E+01  1.412E-23  2.739E-14
7.244E+01  1.415E-23  2.719E-14
7.178E+01  1.418E-23  2.699E-14
7.112E+01  1.420E-23  2.679E-14
7.047E+01  1.422E-23  2.658E-14
6.982E+01  1.424E-23  2.638E-14
6.918E+01  1.426E-23  2.617E-14
6.855E+01  1.427E-23  2.596E-14
6.792E+01  1.429E-23  2.574E-14
6.730E+01  1.430E-23  2.552E-14
6.668E+01  1.430E-23  2.530E-14
6.607E+01  1.431E-23  2.508E-14
6.546E+01  1.431E-23  2.485E-14
6.486E+01  1.431E-23  2.463E-14
6.427E+01  1.431E-23  2.440E-14
6.368E+01  1.431E-23  2.417E-14
6.310E+01  1.430E-23  2.394E-14
6.252E+01  1.429E-23  2.370E-14
6.194E+01  1.429E-23  2.347E-14
6.138E+01  1.427E-23  2.324E-14
6.081E+01  1.426E-23  2.300E-14
6.026E+01  1.425E-23  2.277E-14
5.970E+01  1.423E-23  2.253E-14
5.916E+01  1.421E-23  2.230E-14
5.861E+01  1.419E-23  2.206E-14
5.808E+01  1.416E-23  2.182E-14
5.754E+01  1.414E-23  2.158E-14
5.702E+01  1.411E-23  2.134E-14
5.649E+01  1.408E-23  2.110E-14
5.598E+01  1.405E-23  2.086E-14
5.546E+01  1.402E-23  2.063E-14
5.495E+01  1.399E-23  2.039E-14
5.445E+01  1.395E-23  2.016E-14
5.395E+01  1.392E-23  1.992E-14
5.346E+01  1.388E-23  1.968E-14
5.297E+01  1.384E-23  1.945E-14
5.248E+01  1.380E-23  1.922E-14
5.200E+01  1.376E-23  1.898E-14
5.152E+01  1.372E-23  1.875E-14
5.105E+01  1.368E-23  1.852E-14
5.058E+01  1.363E-23  1.829E-14
5.012E+01  1.358E-23  1.806E-14
4.966E+01  1.354E-23  1.783E-14
4.920E+01  1.349E-23  1.760E-14
4.875E+01  1.344E-23  1.737E-14
4.831E+01  1.338E-23  1.715E-14
4.786E+01  1.333E-23  1.692E-14
4.742E+01  1.328E-23  1.670E-14
4.699E+01  1.322E-23  1.648E-14
4.656E+01  1.316E-23  1.626E-14
4.613E+01  1.310E-23  1.604E-14
4.571E+01  1.304E-23  1.582E-14
4.529E+01  1.298E-23  1.560E-14
4.487E+01  1.292E-23  1.538E-14
4.446E+01  1.285E-23  1.516E-14
4.406E+01  1.279E-23  1.494E-14
4.365E+01  1.272E-23  1.473E-14
4.325E+01  1.265E-23  1.451E-14
4.285E+01  1.257E-23  1.429E-14
4.246E+01  1.249E-23  1.407E-14
4.207E+01  1.241E-23  1.385E-14
4.169E+01  1.233E-23  1.363E-14
4.130E+01  1.224E-23  1.341E-14
4.093E+01  1.214E-23  1.318E-14
4.055E+01  1.204E-23  1.296E-14
4.018E+01  1.194E-23  1.273E-14
3.981E+01  1.183E-23  1.250E-14
3.945E+01  1.172E-23  1.226E-14
3.908E+01  1.160E-23  1.203E-14
3.873E+01  1.147E-23  1.179E-14
3.837E+01  1.134E-23  1.154E-14
3.802E+01  1.120E-23  1.129E-14
3.767E+01  1.105E-23  1.104E-14
3.733E+01  1.089E-23  1.079E-14
3.698E+01  1.073E-23  1.052E-14
3.664E+01  1.056E-23  1.026E-14
3.631E+01  1.037E-23  9.991E-15
3.597E+01  1.018E-23  9.717E-15
3.565E+01  9.985E-24  9.441E-15
3.532E+01  9.778E-24  9.161E-15
3.499E+01  9.563E-24  8.877E-15
3.467E+01  9.340E-24  8.591E-15
3.436E+01  9.110E-24  8.302E-15
3.404E+01  8.872E-24  8.011E-15
3.373E+01  8.628E-24  7.719E-15
3.342E+01  8.379E-24  7.427E-15
3.311E+01  8.125E-24  7.136E-15
3.281E+01  7.866E-24  6.846E-15
3.251E+01  7.605E-24  6.558E-15
3.221E+01  7.342E-24  6.273E-15
3.192E+01  7.077E-24  5.991E-15
3.162E+01  6.813E-24  5.715E-15
3.133E+01  6.550E-24  5.444E-15
3.105E+01  6.289E-24  5.179E-15
3.076E+01  6.032E-24  4.922E-15
3.048E+01  5.780E-24  4.673E-15
3.020E+01  5.533E-24  4.432E-15
2.992E+01  5.292E-24  4.200E-15
2.965E+01  5.058E-24  3.978E-15
2.938E+01  4.831E-24  3.765E-15
2.911E+01  4.613E-24  3.562E-15
2.884E+01  4.403E-24  3.369E-15
2.858E+01  4.203E-24  3.186E-15
2.831E+01  4.011E-24  3.013E-15
2.805E+01  3.830E-24  2.850E-15
2.780E+01  3.657E-24  2.697E-15
2.754E+01  3.494E-24  2.553E-15
2.729E+01  3.340E-24  2.418E-15
2.704E+01  3.195E-24  2.292E-15
2.679E+01  3.059E-24  2.174E-15
2.655E+01  2.932E-24  2.064E-15
2.630E+01  2.813E-24  1.963E-15
2.606E+01  2.702E-24  1.868E-15
2.582E+01  2.598E-24  1.780E-15
2.559E+01  2.502E-24  1.698E-15
2.535E+01  2.413E-24  1.623E-15
2.512E+01  2.331E-24  1.553E-15
2.489E+01  2.254E-24  1.488E-15
2.466E+01  2.184E-24  1.429E-15
2.443E+01  2.119E-24  1.373E-15
2.421E+01  2.059E-24  1.322E-15
2.399E+01  2.004E-24  1.275E-15
2.377E+01  1.953E-24  1.231E-15
2.355E+01  1.907E-24  1.191E-15
2.333E+01  1.865E-24  1.154E-15
2.312E+01  1.827E-24  1.120E-15
2.291E+01  1.791E-24  1.089E-15
2.270E+01  1.760E-24  1.060E-15
2.249E+01  1.732E-24  1.033E-15
2.228E+01  1.706E-24  1.009E-15
2.208E+01  1.684E-24  9.862E-16
2.188E+01  1.663E-24  9.652E-16
2.168E+01  1.645E-24  9.457E-16
2.148E+01  1.629E-24  9.280E-16
2.128E+01  1.615E-24  9.116E-16
2.109E+01  1.603E-24  8.966E-16
2.089E+01  1.593E-24  8.828E-16
2.070E+01  1.585E-24  8.701E-16
2.051E+01  1.578E-24  8.585E-16
2.032E+01  1.573E-24  8.480E-16
2.014E+01  1.570E-24  8.387E-16
1.995E+01  1.569E-24  8.303E-16
1.977E+01  1.569E-24  8.230E-16
1.959E+01  1.571E-24  8.164E-16
1.941E+01  1.576E-24  8.112E-16
1.923E+01  1.582E-24  8.071E-16
1.905E+01  1.592E-24  8.045E-16
1.888E+01  1.605E-24  8.038E-16
1.871E+01  1.624E-24  8.057E-16
1.854E+01  1.650E-24  8.113E-16
1.837E+01  1.689E-24  8.228E-16
1.820E+01  1.752E-24  8.456E-16
1.803E+01  1.879E-24  8.987E-16
1.786E+01  2.089E-24  9.901E-16
1.770E+01  2.091E-24  9.816E-16
1.754E+01  2.294E-24  1.067E-15
1.738E+01  2.857E-24  1.317E-15
1.722E+01  2.636E-24  1.204E-15
1.706E+01  2.616E-24  1.184E-15
1.690E+01  2.537E-24  1.138E-15
1.675E+01  2.415E-24  1.073E-15
1.660E+01  2.489E-24  1.096E-15
1.644E+01  3.020E-24  1.317E-15
1.629E+01  2.198E-24  9.501E-16
1.614E+01  1.924E-24  8.238E-16
1.600E+01  1.991E-24  8.447E-16
1.585E+01  1.986E-24  8.349E-16
1.570E+01  1.686E-24  7.024E-16
1.556E+01  1.543E-24  6.370E-16
1.542E+01  1.474E-24  6.027E-16
1.528E+01  1.431E-24  5.800E-16
1.514E+01  1.402E-24  5.627E-16
1.500E+01  1.380E-24  5.489E-16
1.486E+01  1.365E-24  5.379E-16
1.472E+01  1.357E-24  5.301E-16
1.459E+01  1.362E-24  5.270E-16
1.445E+01  1.392E-24  5.338E-16
1.432E+01  1.479E-24  5.619E-16
1.419E+01  1.575E-24  5.928E-16
1.406E+01  1.479E-24  5.515E-16
1.393E+01  1.405E-24  5.193E-16
1.380E+01  1.424E-24  5.214E-16
1.368E+01  1.563E-24  5.670E-16
1.355E+01  1.619E-24  5.820E-16
1.343E+01  1.495E-24  5.324E-16
1.330E+01  1.497E-24  5.283E-16
1.318E+01  1.586E-24  5.545E-16
1.306E+01  1.762E-24  6.106E-16
1.294E+01  2.069E-24  7.102E-16
1.282E+01  2.561E-24  8.711E-16
1.271E+01  3.172E-24  1.069E-15
1.259E+01  3.433E-24  1.147E-15
1.247E+01  3.078E-24  1.018E-15
1.236E+01  2.641E-24  8.660E-16
1.225E+01  2.459E-24  7.987E-16
1.213E+01  2.507E-24  8.070E-16
1.202E+01  2.597E-24  8.282E-16
1.191E+01  2.503E-24  7.908E-16
1.180E+01  2.300E-24  7.200E-16
1.169E+01  2.233E-24  6.927E-16
1.159E+01  2.484E-24  7.636E-16
1.148E+01  3.332E-24  1.015E-15
1.138E+01  5.119E-24  1.545E-15
1.127E+01  7.142E-24  2.135E-15
1.117E+01  4.862E-24  1.440E-15
1.107E+01  2.553E-24  7.494E-16
1.096E+01  1.731E-24  5.033E-16
1.086E+01  1.342E-24  3.868E-16
1.076E+01  1.129E-24  3.222E-16
1.067E+01  9.983E-25  2.824E-16
1.057E+01  9.129E-25  2.559E-16
1.047E+01  8.539E-25  2.372E-16
1.038E+01  8.116E-25  2.234E-16
1.028E+01  7.809E-25  2.129E-16
1.019E+01  7.584E-25  2.049E-16
1.009E+01  7.425E-25  1.988E-16
1.000E+01  7.322E-25  1.942E-16
9.908E+00  7.268E-25  1.910E-16
9.817E+00  7.261E-25  1.891E-16
9.727E+00  7.300E-25  1.884E-16
9.638E+00  7.389E-25  1.889E-16
9.550E+00  7.532E-25  1.908E-16
9.462E+00  7.739E-25  1.942E-16
9.376E+00  8.024E-25  1.996E-16
9.290E+00  8.414E-25  2.073E-16
9.204E+00  8.947E-25  2.185E-16
9.120E+00  9.692E-25  2.345E-16
9.036E+00  1.076E-24  2.580E-16
8.954E+00  1.237E-24  2.938E-16
8.872E+00  1.490E-24  3.508E-16
8.790E+00  1.905E-24  4.443E-16
8.710E+00  2.538E-24  5.863E-16
8.630E+00  3.129E-24  7.162E-16
8.551E+00  3.055E-24  6.930E-16
8.472E+00  2.645E-24  5.945E-16
8.395E+00  2.436E-24  5.423E-16
8.318E+00  2.422E-24  5.343E-16
8.241E+00  2.529E-24  5.528E-16
8.166E+00  2.800E-24  6.064E-16
8.091E+00  3.317E-24  7.118E-16
8.017E+00  4.144E-24  8.812E-16
7.943E+00  5.237E-24  1.103E-15
7.870E+00  6.234E-24  1.302E-15
7.798E+00  6.706E-24  1.387E-15
7.727E+00  6.979E-24  1.430E-15
7.656E+00  7.465E-24  1.516E-15
7.586E+00  7.374E-24  1.484E-15
7.516E+00  6.090E-24  1.214E-15
7.447E+00  4.615E-24  9.116E-16
7.379E+00  3.550E-24  6.948E-16
7.311E+00  2.842E-24  5.511E-16
7.244E+00  2.352E-24  4.519E-16
7.178E+00  1.997E-24  3.802E-16
7.112E+00  1.735E-24  3.273E-16
7.047E+00  1.545E-24  2.888E-16
6.982E+00  1.416E-24  2.622E-16
6.918E+00  1.342E-24  2.462E-16
6.855E+00  1.316E-24  2.392E-16
6.792E+00  1.324E-24  2.386E-16
6.730E+00  1.338E-24  2.388E-16
6.668E+00  1.321E-24  2.337E-16
6.607E+00  1.276E-24  2.236E-16
6.546E+00  1.248E-24  2.166E-16
6.486E+00  1.296E-24  2.229E-16
6.427E+00  1.495E-24  2.549E-16
6.368E+00  1.997E-24  3.373E-16
6.310E+00  3.141E-24  5.257E-16
6.252E+00  5.112E-24  8.478E-16
6.194E+00  5.208E-24  8.558E-16
6.138E+00  3.127E-24  5.090E-16
6.081E+00  1.831E-24  2.954E-16
6.026E+00  1.228E-24  1.963E-16
5.970E+00  9.401E-25  1.489E-16
5.916E+00  8.099E-25  1.271E-16
5.861E+00  7.842E-25  1.219E-16
5.808E+00  8.568E-25  1.320E-16
5.754E+00  1.017E-24  1.552E-16
5.702E+00  1.110E-24  1.678E-16
5.649E+00  9.458E-25  1.417E-16
5.598E+00  7.041E-25  1.045E-16
5.546E+00  5.367E-25  7.896E-17
5.495E+00  4.392E-25  6.402E-17
5.445E+00  3.864E-25  5.581E-17
5.395E+00  3.671E-25  5.254E-17
5.346E+00  3.852E-25  5.463E-17
5.297E+00  4.543E-25  6.382E-17
5.248E+00  5.049E-25  7.029E-17
5.200E+00  4.081E-25  5.628E-17
5.152E+00  3.073E-25  4.200E-17
5.105E+00  2.520E-25  3.413E-17
5.058E+00  2.212E-25  2.968E-17
5.012E+00  2.019E-25  2.684E-17
4.966E+00  1.885E-25  2.483E-17
4.920E+00  1.785E-25  2.330E-17
4.875E+00  1.706E-25  2.206E-17
4.831E+00  1.642E-25  2.104E-17
4.786E+00  1.587E-25  2.015E-17
4.742E+00  1.541E-25  1.938E-17
4.699E+00  1.500E-25  1.870E-17
4.656E+00  1.464E-25  1.808E-17
4.613E+00  1.432E-25  1.753E-17
4.571E+00  1.404E-25  1.702E-17
4.529E+00  1.378E-25  1.655E-17
4.487E+00  1.354E-25  1.612E-17
4.446E+00  1.333E-25  1.572E-17
4.406E+00  1.313E-25  1.534E-17
4.365E+00  1.295E-25  1.500E-17
4.325E+00  1.279E-25  1.467E-17
4.285E+00  1.264E-25  1.437E-17
4.246E+00  1.250E-25  1.408E-17
4.207E+00  1.238E-25  1.381E-17
4.169E+00  1.226E-25  1.356E-17
4.130E+00  1.216E-25  1.333E-17
4.093E+00  1.207E-25  1.311E-17
4.055E+00  1.199E-25  1.290E-17
4.018E+00  1.193E-25  1.271E-17
3.981E+00  1.187E-25  1.254E-17
3.945E+00  1.183E-25  1.238E-17
3.908E+00  1.181E-25  1.224E-17
3.873E+00  1.180E-25  1.213E-17
3.837E+00  1.182E-25  1.203E-17
3.802E+00  1.186E-25  1.196E-17
3.767E+00  1.193E-25  1.193E-17
3.733E+00  1.205E-25  1.193E-17
3.698E+00  1.221E-25  1.198E-17
3.664E+00  1.244E-25  1.209E-17
3.631E+00  1.277E-25  1.230E-17
3.597E+00  1.323E-25  1.263E-17
3.565E+00  1.389E-25  1.314E-17
3.532E+00  1.487E-25  1.393E-17
3.499E+00  1.635E-25  1.518E-17
3.467E+00  1.876E-25  1.725E-17
3.436E+00  2.297E-25  2.093E-17
3.404E+00  3.128E-25  2.825E-17
3.373E+00  5.114E-25  4.575E-17
3.342E+00  1.169E-24  1.036E-16
3.311E+00  4.431E-24  3.892E-16
3.281E+00  3.025E-24  2.633E-16
3.251E+00  8.619E-25  7.433E-17
3.221E+00  4.100E-25  3.503E-17
3.192E+00  2.605E-25  2.205E-17
3.162E+00  1.944E-25  1.631E-17
3.133E+00  1.597E-25  1.327E-17
3.105E+00  1.391E-25  1.146E-17
3.076E+00  1.259E-25  1.027E-17
3.048E+00  1.169E-25  9.449E-18
3.020E+00  1.103E-25  8.839E-18
2.992E+00  1.054E-25  8.368E-18
2.965E+00  1.016E-25  7.990E-18
2.938E+00  9.853E-26  7.677E-18
2.911E+00  9.599E-26  7.411E-18
2.884E+00  9.384E-26  7.179E-18
2.858E+00  9.199E-26  6.973E-18
2.831E+00  9.036E-26  6.786E-18
2.805E+00  8.891E-26  6.616E-18
2.780E+00  8.759E-26  6.458E-18
2.754E+00  8.638E-26  6.310E-18
2.729E+00  8.525E-26  6.171E-18
2.704E+00  8.420E-26  6.039E-18
2.679E+00  8.320E-26  5.913E-18
2.655E+00  8.224E-26  5.791E-18
2.630E+00  8.133E-26  5.674E-18
2.606E+00  8.044E-26  5.561E-18
2.582E+00  7.958E-26  5.451E-18
2.559E+00  7.875E-26  5.344E-18
2.535E+00  7.792E-26  5.240E-18
2.512E+00  7.712E-26  5.138E-18
2.489E+00  7.632E-26  5.038E-18
2.466E+00  7.552E-26  4.940E-18
2.443E+00  7.472E-26  4.843E-18
2.421E+00  7.394E-26  4.748E-18
2.399E+00  7.316E-26  4.655E-18
2.377E+00  7.240E-26  4.565E-18
2.355E+00  7.164E-26  4.475E-18
2.333E+00  7.088E-26  4.387E-18
2.312E+00  7.013E-26  4.301E-18
2.291E+00  6.937E-26  4.216E-18
2.270E+00  6.861E-26  4.131E-18
2.249E+00  6.785E-26  4.048E-18
2.228E+00  6.708E-26  3.965E-18
2.208E+00  6.629E-26  3.883E-18
2.188E+00  6.550E-26  3.801E-18
2.168E+00  6.468E-26  3.719E-18
2.148E+00  6.383E-26  3.636E-18
2.128E+00  6.294E-26  3.553E-18
2.109E+00  6.201E-26  3.468E-18
2.089E+00  6.102E-26  3.382E-18
2.070E+00  5.995E-26  3.292E-18
2.051E+00  5.879E-26  3.198E-18
2.032E+00  5.750E-26  3.100E-18
2.014E+00  5.606E-26  2.995E-18
1.995E+00  5.445E-26  2.882E-18
1.977E+00  5.266E-26  2.761E-18
1.959E+00  5.074E-26  2.637E-18
1.941E+00  4.889E-26  2.517E-18
1.923E+00  4.744E-26  2.420E-18
1.905E+00  4.674E-26  2.362E-18
1.888E+00  4.691E-26  2.349E-18
1.871E+00  4.770E-26  2.367E-18
1.854E+00  4.870E-26  2.394E-18
1.837E+00  4.958E-26  2.415E-18
1.820E+00  5.022E-26  2.424E-18
1.803E+00  5.061E-26  2.420E-18
1.786E+00  5.079E-26  2.407E-18
1.770E+00  5.080E-26  2.385E-18
1.754E+00  5.070E-26  2.359E-18
1.738E+00  5.050E-26  2.328E-18
1.722E+00  5.025E-26  2.295E-18
1.706E+00  4.995E-26  2.260E-18
1.690E+00  4.962E-26  2.225E-18
1.675E+00  4.927E-26  2.189E-18
1.660E+00  4.891E-26  2.153E-18
1.644E+00  4.855E-26  2.118E-18
1.629E+00  4.819E-26  2.083E-18
1.614E+00  4.784E-26  2.049E-18
1.600E+00  4.751E-26  2.016E-18
1.585E+00  4.719E-26  1.984E-18
1.570E+00  4.690E-26  1.954E-18
1.556E+00  4.665E-26  1.925E-18
1.542E+00  4.642E-26  1.899E-18
1.528E+00  4.625E-26  1.874E-18
1.514E+00  4.613E-26  1.852E-18
1.500E+00  4.607E-26  1.833E-18
1.486E+00  4.608E-26  1.816E-18
1.472E+00  4.618E-26  1.804E-18
1.459E+00  4.638E-26  1.795E-18
1.445E+00  4.671E-26  1.791E-18
1.432E+00  4.717E-26  1.792E-18
1.419E+00  4.781E-26  1.800E-18
1.406E+00  4.865E-26  1.814E-18
1.393E+00  4.974E-26  1.838E-18
1.380E+00  5.112E-26  1.872E-18
1.368E+00  5.286E-26  1.918E-18
1.355E+00  5.501E-26  1.977E-18
1.343E+00  5.762E-26  2.052E-18
1.330E+00  6.072E-26  2.143E-18
1.318E+00  6.425E-26  2.247E-18
1.306E+00  6.800E-26  2.356E-18
1.294E+00  7.154E-26  2.456E-18
1.282E+00  7.413E-26  2.522E-18
1.271E+00  7.491E-26  2.525E-18
1.259E+00  7.324E-26  2.446E-18
1.247E+00  6.918E-26  2.289E-18
1.236E+00  6.352E-26  2.082E-18
1.225E+00  5.731E-26  1.862E-18
1.213E+00  5.144E-26  1.656E-18
1.202E+00  4.637E-26  1.479E-18
1.191E+00  4.225E-26  1.335E-18
1.180E+00  3.907E-26  1.223E-18
1.169E+00  3.672E-26  1.139E-18
1.159E+00  3.512E-26  1.080E-18
1.148E+00  3.422E-26  1.042E-18
1.138E+00  3.400E-26  1.026E-18
1.127E+00  3.455E-26  1.033E-18
1.117E+00  3.600E-26  1.066E-18
1.107E+00  3.865E-26  1.134E-18
1.096E+00  4.296E-26  1.249E-18
1.086E+00  4.962E-26  1.430E-18
1.076E+00  5.929E-26  1.693E-18
1.067E+00  7.142E-26  2.021E-18
1.057E+00  8.113E-26  2.274E-18
1.047E+00  7.951E-26  2.208E-18
1.038E+00  6.581E-26  1.811E-18
1.028E+00  4.965E-26  1.354E-18
1.019E+00  3.712E-26  1.003E-18
1.009E+00  2.864E-26  7.666E-19
1.000E+00  2.302E-26  6.106E-19
