Dust emission from Draine & Li (2007): ApJ 657, 810-837
================================================================
         7 = grain model
 4.000E-08 4.000E-01 4.500E-05 = a_01 (cm) , sigma_1 , b_C1/0.92
 2.500E-07 4.000E-01 1.500E-05 = a_02 (cm) , sigma_2 , b_C2/0.92
 1.200E+01 1.000E+04 2.000E+00 = Umin , Umax, beta (dN/dU propto U^{-beta})
 8.080E+01 = <U> 
     mmp83 = radfield
 3.693E-22 = power/H (erg s-1)
 band   nu*P_nu(band) j_nu(band)
 (um)   (erg s-1 H-1)(Jy cm2 sr-1 H-1)
1.270E+00  1.483E-24  4.995E-17 COBE-DIRBE
2.220E+00  1.897E-24  1.117E-16 COBE-DIRBE
3.530E+00  1.235E-23  1.157E-15 COBE-DIRBE
4.880E+00  5.777E-24  7.479E-16 COBE-DIRBE
1.229E+01  5.625E-23  1.834E-14 COBE-DIRBE
2.079E+01  6.336E-23  3.494E-14 COBE-DIRBE
5.599E+01  1.926E-22  2.860E-13 COBE-DIRBE
9.770E+01  9.171E-23  2.377E-13 COBE-DIRBE
1.479E+02  3.593E-23  1.410E-13 COBE-DIRBE
2.479E+02  6.701E-24  4.406E-14 COBE-DIRBE
1.200E+01  5.865E-23  1.867E-14 IRAS
2.500E+01  7.896E-23  5.236E-14 IRAS
6.000E+01  1.827E-22  2.908E-13 IRAS
1.000E+02  8.705E-23  2.309E-13 IRAS
3.550E+00  1.436E-23  1.352E-15 SST-IRAC
4.493E+00  4.043E-24  4.819E-16 SST-IRAC
5.731E+00  3.452E-23  5.248E-15 SST-IRAC
7.872E+00  8.327E-23  1.739E-14 SST-IRAC
2.368E+01  6.967E-23  4.376E-14 SST-MIPS
7.142E+01  1.382E-22  2.618E-13 SST-MIPS
1.559E+02  2.798E-23  1.157E-13 SST-MIPS
1.600E+01  4.950E-23  2.101E-14 SST-IRSPU
2.200E+01  6.798E-23  3.967E-14 SST-IRSPU











lambda    nu*dP/dnu     j_nu
 (um)   (erg s-1 H-1)(Jy cm2 sr-1 H-1)
1.000E+04  9.852E-31  2.613E-19
9.908E+03  1.021E-30  2.684E-19
9.817E+03  1.059E-30  2.757E-19
9.727E+03  1.098E-30  2.832E-19
9.638E+03  1.138E-30  2.909E-19
9.550E+03  1.179E-30  2.988E-19
9.462E+03  1.223E-30  3.069E-19
9.376E+03  1.267E-30  3.152E-19
9.290E+03  1.314E-30  3.238E-19
9.204E+03  1.362E-30  3.326E-19
9.120E+03  1.412E-30  3.416E-19
9.036E+03  1.464E-30  3.509E-19
8.954E+03  1.517E-30  3.604E-19
8.872E+03  1.573E-30  3.701E-19
8.790E+03  1.630E-30  3.801E-19
8.710E+03  1.689E-30  3.903E-19
8.630E+03  1.751E-30  4.009E-19
8.551E+03  1.815E-30  4.117E-19
8.472E+03  1.882E-30  4.228E-19
8.395E+03  1.950E-30  4.343E-19
8.318E+03  2.022E-30  4.461E-19
8.241E+03  2.096E-30  4.582E-19
8.166E+03  2.173E-30  4.706E-19
8.091E+03  2.252E-30  4.834E-19
8.017E+03  2.335E-30  4.966E-19
7.943E+03  2.421E-30  5.101E-19
7.870E+03  2.510E-30  5.240E-19
7.798E+03  2.602E-30  5.383E-19
7.727E+03  2.698E-30  5.530E-19
7.656E+03  2.797E-30  5.681E-19
7.586E+03  2.901E-30  5.837E-19
7.516E+03  3.008E-30  5.996E-19
7.447E+03  3.119E-30  6.161E-19
7.379E+03  3.234E-30  6.330E-19
7.311E+03  3.353E-30  6.503E-19
7.244E+03  3.477E-30  6.682E-19
7.178E+03  3.606E-30  6.866E-19
7.112E+03  3.739E-30  7.054E-19
7.047E+03  3.878E-30  7.249E-19
6.982E+03  4.021E-30  7.448E-19
6.918E+03  4.170E-30  7.653E-19
6.855E+03  4.325E-30  7.864E-19
6.792E+03  4.485E-30  8.081E-19
6.730E+03  4.651E-30  8.303E-19
6.668E+03  4.824E-30  8.533E-19
6.607E+03  5.003E-30  8.769E-19
6.546E+03  5.189E-30  9.011E-19
6.486E+03  5.382E-30  9.261E-19
6.427E+03  5.583E-30  9.517E-19
6.368E+03  5.791E-30  9.781E-19
6.310E+03  6.006E-30  1.005E-18
6.252E+03  6.231E-30  1.033E-18
6.194E+03  6.463E-30  1.062E-18
6.138E+03  6.705E-30  1.092E-18
6.081E+03  6.955E-30  1.122E-18
6.026E+03  7.215E-30  1.153E-18
5.970E+03  7.485E-30  1.185E-18
5.916E+03  7.766E-30  1.219E-18
5.861E+03  8.057E-30  1.253E-18
5.808E+03  8.359E-30  1.288E-18
5.754E+03  8.673E-30  1.324E-18
5.702E+03  8.998E-30  1.361E-18
5.649E+03  9.336E-30  1.399E-18
5.598E+03  9.687E-30  1.438E-18
5.546E+03  1.005E-29  1.479E-18
5.495E+03  1.043E-29  1.520E-18
5.445E+03  1.082E-29  1.563E-18
5.395E+03  1.123E-29  1.607E-18
5.346E+03  1.166E-29  1.653E-18
5.297E+03  1.210E-29  1.699E-18
5.248E+03  1.255E-29  1.747E-18
5.200E+03  1.303E-29  1.797E-18
5.152E+03  1.352E-29  1.848E-18
5.105E+03  1.403E-29  1.900E-18
5.058E+03  1.456E-29  1.954E-18
5.012E+03  1.511E-29  2.009E-18
4.966E+03  1.569E-29  2.066E-18
4.920E+03  1.628E-29  2.125E-18
4.875E+03  1.690E-29  2.185E-18
4.831E+03  1.754E-29  2.247E-18
4.786E+03  1.821E-29  2.311E-18
4.742E+03  1.890E-29  2.377E-18
4.699E+03  1.962E-29  2.445E-18
4.656E+03  2.036E-29  2.515E-18
4.613E+03  2.114E-29  2.587E-18
4.571E+03  2.195E-29  2.661E-18
4.529E+03  2.278E-29  2.737E-18
4.487E+03  2.365E-29  2.815E-18
4.446E+03  2.456E-29  2.896E-18
4.406E+03  2.550E-29  2.979E-18
4.365E+03  2.647E-29  3.065E-18
4.325E+03  2.748E-29  3.153E-18
4.285E+03  2.854E-29  3.244E-18
4.246E+03  2.963E-29  3.338E-18
4.207E+03  3.077E-29  3.434E-18
4.169E+03  3.195E-29  3.533E-18
4.130E+03  3.318E-29  3.635E-18
4.093E+03  3.445E-29  3.740E-18
4.055E+03  3.578E-29  3.849E-18
4.018E+03  3.716E-29  3.960E-18
3.981E+03  3.859E-29  4.075E-18
3.945E+03  4.007E-29  4.193E-18
3.908E+03  4.162E-29  4.314E-18
3.873E+03  4.322E-29  4.440E-18
3.837E+03  4.489E-29  4.569E-18
3.802E+03  4.662E-29  4.702E-18
3.767E+03  4.842E-29  4.839E-18
3.733E+03  5.029E-29  4.980E-18
3.698E+03  5.224E-29  5.125E-18
3.664E+03  5.427E-29  5.275E-18
3.631E+03  5.637E-29  5.429E-18
3.597E+03  5.856E-29  5.588E-18
3.565E+03  6.083E-29  5.752E-18
3.532E+03  6.319E-29  5.920E-18
3.499E+03  6.565E-29  6.094E-18
3.467E+03  6.821E-29  6.273E-18
3.436E+03  7.087E-29  6.458E-18
3.404E+03  7.363E-29  6.648E-18
3.373E+03  7.650E-29  6.844E-18
3.342E+03  7.949E-29  7.046E-18
3.311E+03  8.259E-29  7.255E-18
3.281E+03  8.582E-29  7.469E-18
3.251E+03  8.918E-29  7.690E-18
3.221E+03  9.268E-29  7.918E-18
3.192E+03  9.631E-29  8.153E-18
3.162E+03  1.001E-28  8.395E-18
3.133E+03  1.040E-28  8.645E-18
3.105E+03  1.081E-28  8.902E-18
3.076E+03  1.123E-28  9.167E-18
3.048E+03  1.168E-28  9.440E-18
3.020E+03  1.214E-28  9.722E-18
2.992E+03  1.261E-28  1.001E-17
2.965E+03  1.311E-28  1.031E-17
2.938E+03  1.362E-28  1.062E-17
2.911E+03  1.416E-28  1.093E-17
2.884E+03  1.472E-28  1.126E-17
2.858E+03  1.530E-28  1.160E-17
2.831E+03  1.590E-28  1.194E-17
2.805E+03  1.653E-28  1.230E-17
2.780E+03  1.718E-28  1.267E-17
2.754E+03  1.786E-28  1.305E-17
2.729E+03  1.857E-28  1.344E-17
2.704E+03  1.930E-28  1.385E-17
2.679E+03  2.007E-28  1.426E-17
2.655E+03  2.087E-28  1.469E-17
2.630E+03  2.169E-28  1.514E-17
2.606E+03  2.255E-28  1.559E-17
2.582E+03  2.345E-28  1.606E-17
2.559E+03  2.438E-28  1.655E-17
2.535E+03  2.535E-28  1.705E-17
2.512E+03  2.636E-28  1.757E-17
2.489E+03  2.742E-28  1.810E-17
2.466E+03  2.851E-28  1.865E-17
2.443E+03  2.965E-28  1.922E-17
2.421E+03  3.083E-28  1.980E-17
2.399E+03  3.206E-28  2.040E-17
2.377E+03  3.334E-28  2.102E-17
2.355E+03  3.468E-28  2.166E-17
2.333E+03  3.607E-28  2.232E-17
2.312E+03  3.751E-28  2.301E-17
2.291E+03  3.902E-28  2.371E-17
2.270E+03  4.058E-28  2.443E-17
2.249E+03  4.221E-28  2.518E-17
2.228E+03  4.391E-28  2.595E-17
2.208E+03  4.567E-28  2.675E-17
2.188E+03  4.751E-28  2.757E-17
2.168E+03  4.942E-28  2.842E-17
2.148E+03  5.141E-28  2.929E-17
2.128E+03  5.348E-28  3.019E-17
2.109E+03  5.563E-28  3.112E-17
2.089E+03  5.787E-28  3.207E-17
2.070E+03  6.021E-28  3.306E-17
2.051E+03  6.264E-28  3.408E-17
2.032E+03  6.517E-28  3.513E-17
2.014E+03  6.780E-28  3.622E-17
1.995E+03  7.054E-28  3.733E-17
1.977E+03  7.339E-28  3.849E-17
1.959E+03  7.636E-28  3.967E-17
1.941E+03  7.944E-28  4.090E-17
1.923E+03  8.266E-28  4.217E-17
1.905E+03  8.600E-28  4.347E-17
1.888E+03  8.949E-28  4.482E-17
1.871E+03  9.311E-28  4.620E-17
1.854E+03  9.689E-28  4.764E-17
1.837E+03  1.008E-27  4.911E-17
1.820E+03  1.049E-27  5.064E-17
1.803E+03  1.092E-27  5.221E-17
1.786E+03  1.136E-27  5.383E-17
1.770E+03  1.182E-27  5.551E-17
1.754E+03  1.230E-27  5.723E-17
1.738E+03  1.280E-27  5.902E-17
1.722E+03  1.332E-27  6.085E-17
1.706E+03  1.387E-27  6.275E-17
1.690E+03  1.443E-27  6.470E-17
1.675E+03  1.502E-27  6.672E-17
1.660E+03  1.563E-27  6.880E-17
1.644E+03  1.627E-27  7.095E-17
1.629E+03  1.693E-27  7.316E-17
1.614E+03  1.762E-27  7.545E-17
1.600E+03  1.834E-27  7.780E-17
1.585E+03  1.908E-27  8.023E-17
1.570E+03  1.986E-27  8.274E-17
1.556E+03  2.067E-27  8.532E-17
1.542E+03  2.152E-27  8.799E-17
1.528E+03  2.239E-27  9.074E-17
1.514E+03  2.331E-27  9.358E-17
1.500E+03  2.426E-27  9.651E-17
1.486E+03  2.525E-27  9.953E-17
1.472E+03  2.628E-27  1.027E-16
1.459E+03  2.736E-27  1.059E-16
1.445E+03  2.848E-27  1.092E-16
1.432E+03  2.964E-27  1.126E-16
1.419E+03  3.086E-27  1.161E-16
1.406E+03  3.212E-27  1.198E-16
1.393E+03  3.343E-27  1.236E-16
1.380E+03  3.480E-27  1.274E-16
1.368E+03  3.623E-27  1.314E-16
1.355E+03  3.771E-27  1.356E-16
1.343E+03  3.925E-27  1.398E-16
1.330E+03  4.086E-27  1.442E-16
1.318E+03  4.254E-27  1.487E-16
1.306E+03  4.428E-27  1.534E-16
1.294E+03  4.609E-27  1.582E-16
1.282E+03  4.798E-27  1.632E-16
1.271E+03  4.994E-27  1.683E-16
1.259E+03  5.199E-27  1.736E-16
1.247E+03  5.412E-27  1.791E-16
1.236E+03  5.634E-27  1.847E-16
1.225E+03  5.864E-27  1.905E-16
1.213E+03  6.105E-27  1.965E-16
1.202E+03  6.355E-27  2.027E-16
1.191E+03  6.615E-27  2.090E-16
1.180E+03  6.886E-27  2.156E-16
1.169E+03  7.167E-27  2.223E-16
1.159E+03  7.461E-27  2.293E-16
1.148E+03  7.766E-27  2.365E-16
1.138E+03  8.084E-27  2.440E-16
1.127E+03  8.415E-27  2.516E-16
1.117E+03  8.759E-27  2.595E-16
1.107E+03  9.118E-27  2.676E-16
1.096E+03  9.491E-27  2.760E-16
1.086E+03  9.879E-27  2.847E-16
1.076E+03  1.028E-26  2.936E-16
1.067E+03  1.070E-26  3.028E-16
1.057E+03  1.114E-26  3.123E-16
1.047E+03  1.160E-26  3.221E-16
1.038E+03  1.207E-26  3.322E-16
1.028E+03  1.256E-26  3.426E-16
1.019E+03  1.308E-26  3.533E-16
1.009E+03  1.361E-26  3.643E-16
1.000E+03  1.416E-26  3.757E-16
9.908E+02  1.474E-26  3.875E-16
9.817E+02  1.534E-26  3.996E-16
9.727E+02  1.597E-26  4.121E-16
9.638E+02  1.662E-26  4.250E-16
9.550E+02  1.730E-26  4.383E-16
9.462E+02  1.801E-26  4.520E-16
9.376E+02  1.874E-26  4.661E-16
9.290E+02  1.951E-26  4.807E-16
9.204E+02  2.030E-26  4.957E-16
9.120E+02  2.113E-26  5.111E-16
9.036E+02  2.199E-26  5.270E-16
8.954E+02  2.288E-26  5.435E-16
8.872E+02  2.381E-26  5.604E-16
8.790E+02  2.478E-26  5.778E-16
8.710E+02  2.579E-26  5.957E-16
8.630E+02  2.683E-26  6.142E-16
8.551E+02  2.792E-26  6.333E-16
8.472E+02  2.905E-26  6.529E-16
8.395E+02  3.023E-26  6.731E-16
8.318E+02  3.145E-26  6.939E-16
8.241E+02  3.272E-26  7.154E-16
8.166E+02  3.405E-26  7.375E-16
8.091E+02  3.542E-26  7.602E-16
8.017E+02  3.685E-26  7.837E-16
7.943E+02  3.834E-26  8.078E-16
7.870E+02  3.989E-26  8.327E-16
7.798E+02  4.149E-26  8.583E-16
7.727E+02  4.316E-26  8.847E-16
7.656E+02  4.490E-26  9.119E-16
7.586E+02  4.671E-26  9.399E-16
7.516E+02  4.859E-26  9.687E-16
7.447E+02  5.054E-26  9.985E-16
7.379E+02  5.258E-26  1.029E-15
7.311E+02  5.470E-26  1.061E-15
7.244E+02  5.690E-26  1.093E-15
7.178E+02  5.920E-26  1.127E-15
7.112E+02  6.158E-26  1.162E-15
7.047E+02  6.406E-26  1.197E-15
6.982E+02  6.664E-26  1.234E-15
6.918E+02  6.933E-26  1.272E-15
6.855E+02  7.212E-26  1.311E-15
6.792E+02  7.502E-26  1.352E-15
6.730E+02  7.803E-26  1.393E-15
6.668E+02  8.117E-26  1.436E-15
6.607E+02  8.443E-26  1.480E-15
6.546E+02  8.782E-26  1.525E-15
6.486E+02  9.137E-26  1.572E-15
6.427E+02  9.505E-26  1.620E-15
6.368E+02  9.889E-26  1.670E-15
6.310E+02  1.029E-25  1.722E-15
6.252E+02  1.070E-25  1.775E-15
6.194E+02  1.114E-25  1.830E-15
6.138E+02  1.158E-25  1.886E-15
6.081E+02  1.205E-25  1.944E-15
6.026E+02  1.254E-25  2.004E-15
5.970E+02  1.305E-25  2.066E-15
5.916E+02  1.357E-25  2.130E-15
5.861E+02  1.412E-25  2.195E-15
5.808E+02  1.469E-25  2.263E-15
5.754E+02  1.528E-25  2.333E-15
5.702E+02  1.590E-25  2.405E-15
5.649E+02  1.654E-25  2.479E-15
5.598E+02  1.721E-25  2.556E-15
5.546E+02  1.791E-25  2.635E-15
5.495E+02  1.863E-25  2.716E-15
5.445E+02  1.939E-25  2.800E-15
5.395E+02  2.017E-25  2.886E-15
5.346E+02  2.098E-25  2.976E-15
5.297E+02  2.183E-25  3.068E-15
5.248E+02  2.272E-25  3.162E-15
5.200E+02  2.363E-25  3.260E-15
5.152E+02  2.459E-25  3.361E-15
5.105E+02  2.559E-25  3.465E-15
5.058E+02  2.662E-25  3.572E-15
5.012E+02  2.770E-25  3.682E-15
4.966E+02  2.882E-25  3.796E-15
4.920E+02  2.998E-25  3.913E-15
4.875E+02  3.119E-25  4.034E-15
4.831E+02  3.245E-25  4.159E-15
4.786E+02  3.377E-25  4.287E-15
4.742E+02  3.513E-25  4.419E-15
4.699E+02  3.655E-25  4.556E-15
4.656E+02  3.803E-25  4.696E-15
4.613E+02  3.956E-25  4.841E-15
4.571E+02  4.116E-25  4.991E-15
4.529E+02  4.282E-25  5.145E-15
4.487E+02  4.455E-25  5.303E-15
4.446E+02  4.635E-25  5.467E-15
4.406E+02  4.822E-25  5.635E-15
4.365E+02  5.016E-25  5.808E-15
4.325E+02  5.219E-25  5.987E-15
4.285E+02  5.429E-25  6.172E-15
4.246E+02  5.648E-25  6.362E-15
4.207E+02  5.876E-25  6.557E-15
4.169E+02  6.112E-25  6.759E-15
4.130E+02  6.359E-25  6.967E-15
4.093E+02  6.615E-25  7.181E-15
4.055E+02  6.881E-25  7.401E-15
4.018E+02  7.158E-25  7.629E-15
3.981E+02  7.446E-25  7.863E-15
3.945E+02  7.746E-25  8.105E-15
3.908E+02  8.057E-25  8.353E-15
3.873E+02  8.382E-25  8.610E-15
3.837E+02  8.719E-25  8.874E-15
3.802E+02  9.069E-25  9.146E-15
3.767E+02  9.433E-25  9.426E-15
3.733E+02  9.812E-25  9.715E-15
3.698E+02  1.021E-24  1.001E-14
3.664E+02  1.062E-24  1.032E-14
3.631E+02  1.104E-24  1.063E-14
3.597E+02  1.148E-24  1.096E-14
3.565E+02  1.194E-24  1.129E-14
3.532E+02  1.242E-24  1.164E-14
3.499E+02  1.292E-24  1.199E-14
3.467E+02  1.343E-24  1.236E-14
3.436E+02  1.397E-24  1.273E-14
3.404E+02  1.453E-24  1.312E-14
3.373E+02  1.511E-24  1.352E-14
3.342E+02  1.571E-24  1.393E-14
3.311E+02  1.634E-24  1.435E-14
3.281E+02  1.699E-24  1.478E-14
3.251E+02  1.766E-24  1.523E-14
3.221E+02  1.836E-24  1.569E-14
3.192E+02  1.909E-24  1.616E-14
3.162E+02  1.985E-24  1.665E-14
3.133E+02  2.064E-24  1.715E-14
3.105E+02  2.145E-24  1.767E-14
3.076E+02  2.230E-24  1.820E-14
3.048E+02  2.318E-24  1.874E-14
3.020E+02  2.410E-24  1.930E-14
2.992E+02  2.504E-24  1.988E-14
2.965E+02  2.603E-24  2.047E-14
2.938E+02  2.705E-24  2.108E-14
2.911E+02  2.812E-24  2.171E-14
2.884E+02  2.922E-24  2.235E-14
2.858E+02  3.036E-24  2.301E-14
2.831E+02  3.155E-24  2.370E-14
2.805E+02  3.278E-24  2.440E-14
2.780E+02  3.406E-24  2.511E-14
2.754E+02  3.539E-24  2.585E-14
2.729E+02  3.677E-24  2.662E-14
2.704E+02  3.820E-24  2.740E-14
2.679E+02  3.969E-24  2.821E-14
2.655E+02  4.123E-24  2.904E-14
2.630E+02  4.284E-24  2.989E-14
2.606E+02  4.450E-24  3.076E-14
2.582E+02  4.622E-24  3.166E-14
2.559E+02  4.800E-24  3.258E-14
2.535E+02  4.984E-24  3.352E-14
2.512E+02  5.174E-24  3.447E-14
2.489E+02  5.368E-24  3.544E-14
2.466E+02  5.565E-24  3.640E-14
2.443E+02  5.768E-24  3.738E-14
2.421E+02  5.977E-24  3.838E-14
2.399E+02  6.191E-24  3.939E-14
2.377E+02  6.409E-24  4.041E-14
2.355E+02  6.634E-24  4.144E-14
2.333E+02  6.867E-24  4.250E-14
2.312E+02  7.106E-24  4.358E-14
2.291E+02  7.354E-24  4.469E-14
2.270E+02  7.609E-24  4.581E-14
2.249E+02  7.872E-24  4.696E-14
2.228E+02  8.144E-24  4.814E-14
2.208E+02  8.424E-24  4.934E-14
2.188E+02  8.713E-24  5.056E-14
2.168E+02  9.010E-24  5.181E-14
2.148E+02  9.317E-24  5.308E-14
2.128E+02  9.633E-24  5.438E-14
2.109E+02  9.959E-24  5.570E-14
2.089E+02  1.029E-23  5.705E-14
2.070E+02  1.064E-23  5.843E-14
2.051E+02  1.099E-23  5.982E-14
2.032E+02  1.136E-23  6.125E-14
2.014E+02  1.174E-23  6.270E-14
1.995E+02  1.213E-23  6.418E-14
1.977E+02  1.253E-23  6.569E-14
1.959E+02  1.294E-23  6.722E-14
1.941E+02  1.336E-23  6.878E-14
1.923E+02  1.380E-23  7.037E-14
1.905E+02  1.424E-23  7.199E-14
1.888E+02  1.470E-23  7.364E-14
1.871E+02  1.518E-23  7.532E-14
1.854E+02  1.567E-23  7.702E-14
1.837E+02  1.617E-23  7.876E-14
1.820E+02  1.668E-23  8.053E-14
1.803E+02  1.721E-23  8.233E-14
1.786E+02  1.776E-23  8.416E-14
1.770E+02  1.832E-23  8.602E-14
1.754E+02  1.890E-23  8.792E-14
1.738E+02  1.949E-23  8.985E-14
1.722E+02  2.010E-23  9.182E-14
1.706E+02  2.073E-23  9.383E-14
1.690E+02  2.138E-23  9.586E-14
1.675E+02  2.205E-23  9.795E-14
1.660E+02  2.273E-23  1.001E-13
1.644E+02  2.344E-23  1.022E-13
1.629E+02  2.417E-23  1.044E-13
1.614E+02  2.492E-23  1.067E-13
1.600E+02  2.569E-23  1.090E-13
1.585E+02  2.649E-23  1.114E-13
1.570E+02  2.731E-23  1.138E-13
1.556E+02  2.816E-23  1.162E-13
1.542E+02  2.904E-23  1.188E-13
1.528E+02  2.995E-23  1.214E-13
1.514E+02  3.089E-23  1.240E-13
1.500E+02  3.186E-23  1.267E-13
1.486E+02  3.285E-23  1.295E-13
1.472E+02  3.388E-23  1.323E-13
1.459E+02  3.493E-23  1.352E-13
1.445E+02  3.601E-23  1.381E-13
1.432E+02  3.709E-23  1.409E-13
1.419E+02  3.816E-23  1.436E-13
1.406E+02  3.922E-23  1.463E-13
1.393E+02  4.026E-23  1.488E-13
1.380E+02  4.125E-23  1.511E-13
1.368E+02  4.222E-23  1.532E-13
1.355E+02  4.315E-23  1.551E-13
1.343E+02  4.406E-23  1.569E-13
1.330E+02  4.497E-23  1.587E-13
1.318E+02  4.589E-23  1.605E-13
1.306E+02  4.682E-23  1.622E-13
1.294E+02  4.778E-23  1.640E-13
1.282E+02  4.875E-23  1.658E-13
1.271E+02  4.975E-23  1.677E-13
1.259E+02  5.078E-23  1.696E-13
1.247E+02  5.184E-23  1.715E-13
1.236E+02  5.293E-23  1.735E-13
1.225E+02  5.405E-23  1.756E-13
1.213E+02  5.519E-23  1.776E-13
1.202E+02  5.637E-23  1.798E-13
1.191E+02  5.757E-23  1.819E-13
1.180E+02  5.879E-23  1.841E-13
1.169E+02  6.004E-23  1.862E-13
1.159E+02  6.130E-23  1.884E-13
1.148E+02  6.260E-23  1.906E-13
1.138E+02  6.391E-23  1.929E-13
1.127E+02  6.525E-23  1.951E-13
1.117E+02  6.662E-23  1.974E-13
1.107E+02  6.802E-23  1.997E-13
1.096E+02  6.943E-23  2.019E-13
1.086E+02  7.087E-23  2.042E-13
1.076E+02  7.233E-23  2.065E-13
1.067E+02  7.382E-23  2.088E-13
1.057E+02  7.532E-23  2.111E-13
1.047E+02  7.685E-23  2.134E-13
1.038E+02  7.839E-23  2.157E-13
1.028E+02  7.995E-23  2.180E-13
1.019E+02  8.152E-23  2.203E-13
1.009E+02  8.311E-23  2.225E-13
1.000E+02  8.472E-23  2.247E-13
9.908E+01  8.633E-23  2.269E-13
9.817E+01  8.797E-23  2.291E-13
9.727E+01  8.962E-23  2.313E-13
9.638E+01  9.129E-23  2.334E-13
9.550E+01  9.297E-23  2.355E-13
9.462E+01  9.467E-23  2.376E-13
9.376E+01  9.637E-23  2.397E-13
9.290E+01  9.809E-23  2.417E-13
9.204E+01  9.982E-23  2.437E-13
9.120E+01  1.016E-22  2.457E-13
9.036E+01  1.033E-22  2.476E-13
8.954E+01  1.051E-22  2.495E-13
8.872E+01  1.068E-22  2.514E-13
8.790E+01  1.086E-22  2.532E-13
8.710E+01  1.104E-22  2.550E-13
8.630E+01  1.122E-22  2.568E-13
8.551E+01  1.140E-22  2.586E-13
8.472E+01  1.158E-22  2.602E-13
8.395E+01  1.176E-22  2.619E-13
8.318E+01  1.194E-22  2.635E-13
8.241E+01  1.213E-22  2.651E-13
8.166E+01  1.231E-22  2.666E-13
8.091E+01  1.249E-22  2.681E-13
8.017E+01  1.268E-22  2.696E-13
7.943E+01  1.286E-22  2.710E-13
7.870E+01  1.305E-22  2.724E-13
7.798E+01  1.323E-22  2.737E-13
7.727E+01  1.341E-22  2.749E-13
7.656E+01  1.360E-22  2.761E-13
7.586E+01  1.378E-22  2.773E-13
7.516E+01  1.397E-22  2.784E-13
7.447E+01  1.415E-22  2.795E-13
7.379E+01  1.433E-22  2.804E-13
7.311E+01  1.451E-22  2.814E-13
7.244E+01  1.469E-22  2.822E-13
7.178E+01  1.486E-22  2.830E-13
7.112E+01  1.504E-22  2.838E-13
7.047E+01  1.522E-22  2.845E-13
6.982E+01  1.540E-22  2.852E-13
6.918E+01  1.558E-22  2.859E-13
6.855E+01  1.575E-22  2.865E-13
6.792E+01  1.593E-22  2.870E-13
6.730E+01  1.610E-22  2.874E-13
6.668E+01  1.628E-22  2.879E-13
6.607E+01  1.645E-22  2.882E-13
6.546E+01  1.662E-22  2.885E-13
6.486E+01  1.679E-22  2.888E-13
6.427E+01  1.695E-22  2.890E-13
6.368E+01  1.712E-22  2.892E-13
6.310E+01  1.728E-22  2.893E-13
6.252E+01  1.745E-22  2.893E-13
6.194E+01  1.761E-22  2.894E-13
6.138E+01  1.777E-22  2.894E-13
6.081E+01  1.793E-22  2.893E-13
6.026E+01  1.809E-22  2.892E-13
5.970E+01  1.825E-22  2.890E-13
5.916E+01  1.840E-22  2.888E-13
5.861E+01  1.856E-22  2.885E-13
5.808E+01  1.871E-22  2.882E-13
5.754E+01  1.886E-22  2.878E-13
5.702E+01  1.901E-22  2.874E-13
5.649E+01  1.915E-22  2.870E-13
5.598E+01  1.930E-22  2.866E-13
5.546E+01  1.944E-22  2.861E-13
5.495E+01  1.959E-22  2.855E-13
5.445E+01  1.973E-22  2.850E-13
5.395E+01  1.987E-22  2.844E-13
5.346E+01  2.001E-22  2.838E-13
5.297E+01  2.015E-22  2.831E-13
5.248E+01  2.029E-22  2.824E-13
5.200E+01  2.043E-22  2.817E-13
5.152E+01  2.056E-22  2.810E-13
5.105E+01  2.069E-22  2.802E-13
5.058E+01  2.082E-22  2.794E-13
5.012E+01  2.095E-22  2.786E-13
4.966E+01  2.108E-22  2.777E-13
4.920E+01  2.121E-22  2.768E-13
4.875E+01  2.133E-22  2.759E-13
4.831E+01  2.146E-22  2.750E-13
4.786E+01  2.158E-22  2.740E-13
4.742E+01  2.171E-22  2.731E-13
4.699E+01  2.183E-22  2.721E-13
4.656E+01  2.195E-22  2.711E-13
4.613E+01  2.207E-22  2.700E-13
4.571E+01  2.219E-22  2.690E-13
4.529E+01  2.230E-22  2.679E-13
4.487E+01  2.242E-22  2.668E-13
4.446E+01  2.253E-22  2.657E-13
4.406E+01  2.264E-22  2.646E-13
4.365E+01  2.275E-22  2.634E-13
4.325E+01  2.285E-22  2.622E-13
4.285E+01  2.295E-22  2.609E-13
4.246E+01  2.305E-22  2.596E-13
4.207E+01  2.314E-22  2.583E-13
4.169E+01  2.323E-22  2.569E-13
4.130E+01  2.331E-22  2.554E-13
4.093E+01  2.338E-22  2.539E-13
4.055E+01  2.345E-22  2.522E-13
4.018E+01  2.351E-22  2.505E-13
3.981E+01  2.356E-22  2.488E-13
3.945E+01  2.359E-22  2.469E-13
3.908E+01  2.362E-22  2.449E-13
3.873E+01  2.363E-22  2.428E-13
3.837E+01  2.363E-22  2.405E-13
3.802E+01  2.362E-22  2.382E-13
3.767E+01  2.358E-22  2.357E-13
3.733E+01  2.353E-22  2.330E-13
3.698E+01  2.346E-22  2.301E-13
3.664E+01  2.337E-22  2.271E-13
3.631E+01  2.325E-22  2.240E-13
3.597E+01  2.312E-22  2.206E-13
3.565E+01  2.296E-22  2.171E-13
3.532E+01  2.278E-22  2.134E-13
3.499E+01  2.257E-22  2.095E-13
3.467E+01  2.234E-22  2.055E-13
3.436E+01  2.208E-22  2.012E-13
3.404E+01  2.180E-22  1.968E-13
3.373E+01  2.149E-22  1.923E-13
3.342E+01  2.116E-22  1.876E-13
3.311E+01  2.080E-22  1.827E-13
3.281E+01  2.043E-22  1.778E-13
3.251E+01  2.003E-22  1.727E-13
3.221E+01  1.961E-22  1.675E-13
3.192E+01  1.917E-22  1.623E-13
3.162E+01  1.872E-22  1.570E-13
3.133E+01  1.825E-22  1.517E-13
3.105E+01  1.778E-22  1.464E-13
3.076E+01  1.729E-22  1.411E-13
3.048E+01  1.680E-22  1.358E-13
3.020E+01  1.630E-22  1.306E-13
2.992E+01  1.581E-22  1.255E-13
2.965E+01  1.531E-22  1.204E-13
2.938E+01  1.482E-22  1.155E-13
2.911E+01  1.433E-22  1.107E-13
2.884E+01  1.385E-22  1.060E-13
2.858E+01  1.338E-22  1.014E-13
2.831E+01  1.292E-22  9.707E-14
2.805E+01  1.248E-22  9.286E-14
2.780E+01  1.204E-22  8.881E-14
2.754E+01  1.163E-22  8.493E-14
2.729E+01  1.122E-22  8.122E-14
2.704E+01  1.083E-22  7.768E-14
2.679E+01  1.046E-22  7.432E-14
2.655E+01  1.010E-22  7.111E-14
2.630E+01  9.757E-23  6.807E-14
2.606E+01  9.429E-23  6.518E-14
2.582E+01  9.118E-23  6.246E-14
2.559E+01  8.822E-23  5.988E-14
2.535E+01  8.541E-23  5.744E-14
2.512E+01  8.275E-23  5.514E-14
2.489E+01  8.022E-23  5.296E-14
2.466E+01  7.783E-23  5.091E-14
2.443E+01  7.556E-23  4.897E-14
2.421E+01  7.342E-23  4.715E-14
2.399E+01  7.139E-23  4.542E-14
2.377E+01  6.947E-23  4.380E-14
2.355E+01  6.769E-23  4.229E-14
2.333E+01  6.601E-23  4.086E-14
2.312E+01  6.441E-23  3.951E-14
2.291E+01  6.291E-23  3.823E-14
2.270E+01  6.154E-23  3.705E-14
2.249E+01  6.029E-23  3.597E-14
2.228E+01  5.912E-23  3.495E-14
2.208E+01  5.802E-23  3.398E-14
2.188E+01  5.697E-23  3.306E-14
2.168E+01  5.598E-23  3.219E-14
2.148E+01  5.507E-23  3.138E-14
2.128E+01  5.424E-23  3.062E-14
2.109E+01  5.350E-23  2.992E-14
2.089E+01  5.281E-23  2.927E-14
2.070E+01  5.217E-23  2.865E-14
2.051E+01  5.158E-23  2.806E-14
2.032E+01  5.107E-23  2.753E-14
2.014E+01  5.066E-23  2.706E-14
1.995E+01  5.030E-23  2.662E-14
1.977E+01  4.999E-23  2.622E-14
1.959E+01  4.972E-23  2.583E-14
1.941E+01  4.950E-23  2.549E-14
1.923E+01  4.935E-23  2.517E-14
1.905E+01  4.927E-23  2.490E-14
1.888E+01  4.928E-23  2.468E-14
1.871E+01  4.944E-23  2.453E-14
1.854E+01  4.979E-23  2.448E-14
1.837E+01  5.046E-23  2.458E-14
1.820E+01  5.174E-23  2.497E-14
1.803E+01  5.465E-23  2.614E-14
1.786E+01  5.968E-23  2.828E-14
1.770E+01  5.953E-23  2.795E-14
1.754E+01  6.450E-23  3.001E-14
1.738E+01  7.863E-23  3.625E-14
1.722E+01  7.299E-23  3.334E-14
1.706E+01  7.241E-23  3.277E-14
1.690E+01  7.036E-23  3.155E-14
1.675E+01  6.716E-23  2.984E-14
1.660E+01  6.908E-23  3.041E-14
1.644E+01  8.293E-23  3.617E-14
1.629E+01  6.145E-23  2.656E-14
1.614E+01  5.421E-23  2.321E-14
1.600E+01  5.595E-23  2.374E-14
1.585E+01  5.581E-23  2.346E-14
1.570E+01  4.782E-23  1.992E-14
1.556E+01  4.398E-23  1.815E-14
1.542E+01  4.209E-23  1.721E-14
1.528E+01  4.093E-23  1.658E-14
1.514E+01  4.011E-23  1.610E-14
1.500E+01  3.951E-23  1.572E-14
1.486E+01  3.910E-23  1.541E-14
1.472E+01  3.890E-23  1.519E-14
1.459E+01  3.903E-23  1.510E-14
1.445E+01  3.988E-23  1.529E-14
1.432E+01  4.230E-23  1.607E-14
1.419E+01  4.498E-23  1.693E-14
1.406E+01  4.236E-23  1.580E-14
1.393E+01  4.037E-23  1.492E-14
1.380E+01  4.094E-23  1.499E-14
1.368E+01  4.487E-23  1.628E-14
1.355E+01  4.650E-23  1.672E-14
1.343E+01  4.308E-23  1.534E-14
1.330E+01  4.319E-23  1.524E-14
1.318E+01  4.574E-23  1.599E-14
1.306E+01  5.076E-23  1.759E-14
1.294E+01  5.944E-23  2.041E-14
1.282E+01  7.339E-23  2.496E-14
1.271E+01  9.072E-23  3.057E-14
1.259E+01  9.821E-23  3.280E-14
1.247E+01  8.824E-23  2.920E-14
1.236E+01  7.597E-23  2.491E-14
1.225E+01  7.085E-23  2.302E-14
1.213E+01  7.227E-23  2.326E-14
1.202E+01  7.488E-23  2.388E-14
1.191E+01  7.226E-23  2.283E-14
1.180E+01  6.654E-23  2.083E-14
1.169E+01  6.471E-23  2.007E-14
1.159E+01  7.191E-23  2.210E-14
1.148E+01  9.609E-23  2.927E-14
1.138E+01  1.470E-22  4.436E-14
1.127E+01  2.047E-22  6.119E-14
1.117E+01  1.398E-22  4.141E-14
1.107E+01  7.402E-23  2.173E-14
1.096E+01  5.062E-23  1.472E-14
1.086E+01  3.958E-23  1.141E-14
1.076E+01  3.353E-23  9.574E-15
1.067E+01  2.985E-23  8.446E-15
1.057E+01  2.746E-23  7.697E-15
1.047E+01  2.581E-23  7.170E-15
1.038E+01  2.464E-23  6.782E-15
1.028E+01  2.379E-23  6.487E-15
1.019E+01  2.317E-23  6.259E-15
1.009E+01  2.273E-23  6.085E-15
1.000E+01  2.245E-23  5.955E-15
9.908E+00  2.231E-23  5.865E-15
9.817E+00  2.232E-23  5.812E-15
9.727E+00  2.245E-23  5.794E-15
9.638E+00  2.273E-23  5.812E-15
9.550E+00  2.316E-23  5.868E-15
9.462E+00  2.376E-23  5.964E-15
9.376E+00  2.458E-23  6.112E-15
9.290E+00  2.567E-23  6.326E-15
9.204E+00  2.717E-23  6.633E-15
9.120E+00  2.926E-23  7.079E-15
9.036E+00  3.229E-23  7.740E-15
8.954E+00  3.687E-23  8.756E-15
8.872E+00  4.413E-23  1.039E-14
8.790E+00  5.607E-23  1.307E-14
8.710E+00  7.428E-23  1.716E-14
8.630E+00  9.124E-23  2.089E-14
8.551E+00  8.898E-23  2.018E-14
8.472E+00  7.703E-23  1.731E-14
8.395E+00  7.088E-23  1.578E-14
8.318E+00  7.039E-23  1.553E-14
8.241E+00  7.339E-23  1.604E-14
8.166E+00  8.111E-23  1.757E-14
8.091E+00  9.590E-23  2.058E-14
8.017E+00  1.196E-22  2.543E-14
7.943E+00  1.509E-22  3.179E-14
7.870E+00  1.793E-22  3.743E-14
7.798E+00  1.925E-22  3.983E-14
7.727E+00  2.001E-22  4.101E-14
7.656E+00  2.137E-22  4.340E-14
7.586E+00  2.108E-22  4.242E-14
7.516E+00  1.739E-22  3.467E-14
7.447E+00  1.316E-22  2.600E-14
7.379E+00  1.011E-22  1.979E-14
7.311E+00  8.084E-23  1.568E-14
7.244E+00  6.683E-23  1.284E-14
7.178E+00  5.669E-23  1.079E-14
7.112E+00  4.920E-23  9.283E-15
7.047E+00  4.377E-23  8.183E-15
6.982E+00  4.008E-23  7.424E-15
6.918E+00  3.794E-23  6.963E-15
6.855E+00  3.718E-23  6.760E-15
6.792E+00  3.739E-23  6.736E-15
6.730E+00  3.773E-23  6.736E-15
6.668E+00  3.724E-23  6.587E-15
6.607E+00  3.594E-23  6.299E-15
6.546E+00  3.512E-23  6.098E-15
6.486E+00  3.645E-23  6.271E-15
6.427E+00  4.203E-23  7.165E-15
6.368E+00  5.606E-23  9.469E-15
6.310E+00  8.809E-23  1.474E-14
6.252E+00  1.433E-22  2.376E-14
6.194E+00  1.459E-22  2.397E-14
6.138E+00  8.755E-23  1.425E-14
6.081E+00  5.128E-23  8.273E-15
6.026E+00  3.439E-23  5.497E-15
5.970E+00  2.633E-23  4.170E-15
5.916E+00  2.269E-23  3.560E-15
5.861E+00  2.196E-23  3.414E-15
5.808E+00  2.398E-23  3.694E-15
5.754E+00  2.842E-23  4.339E-15
5.702E+00  3.101E-23  4.690E-15
5.649E+00  2.643E-23  3.961E-15
5.598E+00  1.969E-23  2.924E-15
5.546E+00  1.502E-23  2.210E-15
5.495E+00  1.230E-23  1.793E-15
5.445E+00  1.083E-23  1.564E-15
5.395E+00  1.029E-23  1.472E-15
5.346E+00  1.079E-23  1.530E-15
5.297E+00  1.271E-23  1.786E-15
5.248E+00  1.412E-23  1.965E-15
5.200E+00  1.142E-23  1.575E-15
5.152E+00  8.616E-24  1.178E-15
5.105E+00  7.078E-24  9.584E-16
5.058E+00  6.219E-24  8.344E-16
5.012E+00  5.682E-24  7.553E-16
4.966E+00  5.309E-24  6.993E-16
4.920E+00  5.031E-24  6.566E-16
4.875E+00  4.811E-24  6.222E-16
4.831E+00  4.632E-24  5.935E-16
4.786E+00  4.480E-24  5.688E-16
4.742E+00  4.351E-24  5.473E-16
4.699E+00  4.238E-24  5.282E-16
4.656E+00  4.138E-24  5.110E-16
4.613E+00  4.048E-24  4.954E-16
4.571E+00  3.968E-24  4.812E-16
4.529E+00  3.896E-24  4.681E-16
4.487E+00  3.830E-24  4.560E-16
4.446E+00  3.771E-24  4.447E-16
4.406E+00  3.716E-24  4.343E-16
4.365E+00  3.666E-24  4.245E-16
4.325E+00  3.621E-24  4.154E-16
4.285E+00  3.579E-24  4.068E-16
4.246E+00  3.541E-24  3.988E-16
4.207E+00  3.506E-24  3.913E-16
4.169E+00  3.475E-24  3.843E-16
4.130E+00  3.447E-24  3.776E-16
4.093E+00  3.422E-24  3.714E-16
4.055E+00  3.400E-24  3.657E-16
4.018E+00  3.381E-24  3.603E-16
3.981E+00  3.366E-24  3.554E-16
3.945E+00  3.355E-24  3.510E-16
3.908E+00  3.348E-24  3.471E-16
3.873E+00  3.346E-24  3.437E-16
3.837E+00  3.350E-24  3.410E-16
3.802E+00  3.361E-24  3.390E-16
3.767E+00  3.381E-24  3.378E-16
3.733E+00  3.412E-24  3.378E-16
3.698E+00  3.457E-24  3.391E-16
3.664E+00  3.521E-24  3.422E-16
3.631E+00  3.611E-24  3.477E-16
3.597E+00  3.738E-24  3.567E-16
3.565E+00  3.921E-24  3.707E-16
3.532E+00  4.189E-24  3.925E-16
3.499E+00  4.600E-24  4.270E-16
3.467E+00  5.264E-24  4.841E-16
3.436E+00  6.427E-24  5.857E-16
3.404E+00  8.723E-24  7.876E-16
3.373E+00  1.421E-23  1.271E-15
3.342E+00  3.237E-23  2.870E-15
3.311E+00  1.225E-22  1.076E-14
3.281E+00  8.362E-23  7.278E-15
3.251E+00  2.388E-23  2.059E-15
3.221E+00  1.140E-23  9.741E-16
3.192E+00  7.272E-24  6.156E-16
3.162E+00  5.448E-24  4.570E-16
3.133E+00  4.488E-24  3.730E-16
3.105E+00  3.920E-24  3.228E-16
3.076E+00  3.555E-24  2.901E-16
3.048E+00  3.305E-24  2.672E-16
3.020E+00  3.124E-24  2.503E-16
2.992E+00  2.988E-24  2.372E-16
2.965E+00  2.882E-24  2.267E-16
2.938E+00  2.797E-24  2.179E-16
2.911E+00  2.726E-24  2.105E-16
2.884E+00  2.667E-24  2.040E-16
2.858E+00  2.615E-24  1.982E-16
2.831E+00  2.570E-24  1.930E-16
2.805E+00  2.530E-24  1.882E-16
2.780E+00  2.493E-24  1.838E-16
2.754E+00  2.459E-24  1.797E-16
2.729E+00  2.428E-24  1.757E-16
2.704E+00  2.398E-24  1.720E-16
2.679E+00  2.370E-24  1.684E-16
2.655E+00  2.343E-24  1.650E-16
2.630E+00  2.318E-24  1.617E-16
2.606E+00  2.293E-24  1.585E-16
2.582E+00  2.269E-24  1.554E-16
2.559E+00  2.245E-24  1.524E-16
2.535E+00  2.222E-24  1.494E-16
2.512E+00  2.200E-24  1.466E-16
2.489E+00  2.177E-24  1.437E-16
2.466E+00  2.155E-24  1.409E-16
2.443E+00  2.132E-24  1.382E-16
2.421E+00  2.110E-24  1.355E-16
2.399E+00  2.088E-24  1.329E-16
2.377E+00  2.067E-24  1.303E-16
2.355E+00  2.046E-24  1.278E-16
2.333E+00  2.024E-24  1.253E-16
2.312E+00  2.003E-24  1.228E-16
2.291E+00  1.982E-24  1.204E-16
2.270E+00  1.960E-24  1.180E-16
2.249E+00  1.939E-24  1.157E-16
2.228E+00  1.917E-24  1.133E-16
2.208E+00  1.895E-24  1.110E-16
2.188E+00  1.872E-24  1.087E-16
2.168E+00  1.849E-24  1.063E-16
2.148E+00  1.825E-24  1.040E-16
2.128E+00  1.801E-24  1.016E-16
2.109E+00  1.774E-24  9.925E-17
2.089E+00  1.747E-24  9.680E-17
2.070E+00  1.717E-24  9.427E-17
2.051E+00  1.684E-24  9.163E-17
2.032E+00  1.648E-24  8.885E-17
2.014E+00  1.608E-24  8.589E-17
1.995E+00  1.563E-24  8.272E-17
1.977E+00  1.513E-24  7.934E-17
1.959E+00  1.460E-24  7.585E-17
1.941E+00  1.408E-24  7.250E-17
1.923E+00  1.368E-24  6.976E-17
1.905E+00  1.348E-24  6.812E-17
1.888E+00  1.352E-24  6.771E-17
1.871E+00  1.373E-24  6.815E-17
1.854E+00  1.400E-24  6.885E-17
1.837E+00  1.424E-24  6.937E-17
1.820E+00  1.441E-24  6.956E-17
1.803E+00  1.451E-24  6.942E-17
1.786E+00  1.456E-24  6.899E-17
1.770E+00  1.456E-24  6.835E-17
1.754E+00  1.452E-24  6.756E-17
1.738E+00  1.446E-24  6.667E-17
1.722E+00  1.439E-24  6.572E-17
1.706E+00  1.430E-24  6.471E-17
1.690E+00  1.420E-24  6.369E-17
1.675E+00  1.410E-24  6.266E-17
1.660E+00  1.400E-24  6.163E-17
1.644E+00  1.389E-24  6.061E-17
1.629E+00  1.379E-24  5.960E-17
1.614E+00  1.369E-24  5.861E-17
1.600E+00  1.359E-24  5.766E-17
1.585E+00  1.350E-24  5.675E-17
1.570E+00  1.341E-24  5.587E-17
1.556E+00  1.334E-24  5.504E-17
1.542E+00  1.327E-24  5.426E-17
1.528E+00  1.322E-24  5.355E-17
1.514E+00  1.318E-24  5.290E-17
1.500E+00  1.315E-24  5.233E-17
1.486E+00  1.315E-24  5.184E-17
1.472E+00  1.317E-24  5.145E-17
1.459E+00  1.322E-24  5.117E-17
1.445E+00  1.331E-24  5.102E-17
1.432E+00  1.343E-24  5.101E-17
1.419E+00  1.360E-24  5.118E-17
1.406E+00  1.382E-24  5.156E-17
1.393E+00  1.412E-24  5.217E-17
1.380E+00  1.449E-24  5.307E-17
1.368E+00  1.496E-24  5.429E-17
1.355E+00  1.555E-24  5.590E-17
1.343E+00  1.626E-24  5.792E-17
1.330E+00  1.711E-24  6.038E-17
1.318E+00  1.807E-24  6.320E-17
1.306E+00  1.910E-24  6.618E-17
1.294E+00  2.007E-24  6.889E-17
1.282E+00  2.077E-24  7.067E-17
1.271E+00  2.098E-24  7.072E-17
1.259E+00  2.052E-24  6.852E-17
1.247E+00  1.939E-24  6.417E-17
1.236E+00  1.783E-24  5.845E-17
1.225E+00  1.612E-24  5.235E-17
1.213E+00  1.449E-24  4.665E-17
1.202E+00  1.309E-24  4.176E-17
1.191E+00  1.196E-24  3.778E-17
1.180E+00  1.107E-24  3.467E-17
1.169E+00  1.042E-24  3.233E-17
1.159E+00  9.977E-25  3.067E-17
1.148E+00  9.723E-25  2.961E-17
1.138E+00  9.659E-25  2.915E-17
1.127E+00  9.802E-25  2.931E-17
1.117E+00  1.020E-24  3.021E-17
1.107E+00  1.092E-24  3.205E-17
1.096E+00  1.210E-24  3.519E-17
1.086E+00  1.392E-24  4.012E-17
1.076E+00  1.658E-24  4.734E-17
1.067E+00  1.991E-24  5.632E-17
1.057E+00  2.257E-24  6.327E-17
1.047E+00  2.212E-24  6.143E-17
1.038E+00  1.835E-24  5.049E-17
1.028E+00  1.390E-24  3.790E-17
1.019E+00  1.045E-24  2.823E-17
1.009E+00  8.112E-25  2.172E-17
1.000E+00  6.564E-25  1.741E-17
