Dust emission from Draine & Li (2007): ApJ 657, 810-837
==========================================================
         1 = grain model
 4.000E-08 4.000E-01 0.000E+00 = a_01 (cm) , sigma_1 , b_C1/0.92
 2.000E-07 5.500E-01 0.000E+00 = a_02 (cm) , sigma_2 , b_C2/0.92
 2.000E+01 2.000E+01 1.000E+00 = Umin , Umax, beta (dN/dU propto U^{-beta})
 2.000E+01 = <U> 
     mmp83 = radfield
 8.936E-23 = power/H (erg s-1)
 band   nu*P_nu(band) j_nu(band)
 (um)   (erg s-1 H-1)(Jy cm2 sr-1 H-1)
1.270E+00  3.371E-26  1.135E-18 COBE-DIRBE
2.220E+00  3.990E-26  2.350E-18 COBE-DIRBE
3.530E+00  2.446E-25  2.290E-17 COBE-DIRBE
4.880E+00  1.070E-25  1.385E-17 COBE-DIRBE
1.229E+01  2.294E-24  7.479E-16 COBE-DIRBE
2.079E+01  4.145E-24  2.286E-15 COBE-DIRBE
5.599E+01  6.029E-23  8.954E-14 COBE-DIRBE
9.770E+01  5.348E-23  1.386E-13 COBE-DIRBE
1.479E+02  2.595E-23  1.018E-13 COBE-DIRBE
2.479E+02  5.504E-24  3.619E-14 COBE-DIRBE
1.200E+01  2.111E-24  6.718E-16 IRAS
2.500E+01  5.101E-24  3.383E-15 IRAS
6.000E+01  6.132E-23  9.760E-14 IRAS
1.000E+02  5.190E-23  1.377E-13 IRAS
3.550E+00  2.845E-25  2.679E-17 SST-IRAC
4.493E+00  7.751E-26  9.237E-18 SST-IRAC
5.731E+00  6.637E-25  1.009E-16 SST-IRAC
7.872E+00  2.073E-24  4.328E-16 SST-IRAC
2.368E+01  4.505E-24  2.830E-15 SST-MIPS
7.142E+01  6.130E-23  1.161E-13 SST-MIPS
1.559E+02  2.094E-23  8.660E-14 SST-MIPS
1.600E+01  3.092E-24  1.312E-15 SST-IRSPU
2.200E+01  4.478E-24  2.613E-15 SST-IRSPU
7.500E+01  5.310E-23  1.056E-13 Herschel-PACS
1.100E+02  3.735E-23  1.090E-13 Herschel-PACS
1.700E+02  1.590E-23  7.170E-14 Herschel-PACS
2.500E+02  4.521E-24  2.998E-14 Herschel-SPIRE
3.600E+02  1.057E-24  1.009E-14 Herschel-SPIRE
5.200E+02  2.302E-25  3.175E-15 Herschel-SPIRE
2.400E+00  4.390E-26  2.794E-18 Akari IRC NIR N2
3.200E+00  1.886E-25  1.601E-17 Akari IRC NIR N3
4.100E+00  8.437E-26  9.176E-18 Akari IRC NIR N4
7.000E+00  2.233E-24  4.147E-16 Akari IRC MIR-S S7
9.000E+00  1.844E-24  4.401E-16 Akari IRC MIR-S S9W
1.100E+01  1.882E-24  5.493E-16 Akari IRC MIR-S S11
1.500E+01  3.246E-24  1.292E-15 Akari IRC MIR-L L15
1.800E+01  3.757E-24  1.794E-15 Akari IRC MIR-L L18W
2.400E+01  4.364E-24  2.778E-15 Akari IRC MIR-L L24
6.500E+01  6.680E-23  1.152E-13 Akari FIS N60
8.000E+01  5.914E-23  1.255E-13 Akari FIS WIDE-S
1.400E+02  2.580E-23  9.582E-14 Akari FIS WIDE-L
1.600E+02  1.941E-23  8.239E-14 Akari FIS N160
 
 
 
 


lambda    nu*dP/dnu     j_nu
 (um)   (erg s-1 H-1)(Jy cm2 sr-1 H-1)
1.000E+04  8.911E-31  2.364E-19
9.908E+03  9.239E-31  2.428E-19
9.817E+03  9.579E-31  2.494E-19
9.727E+03  9.931E-31  2.562E-19
9.638E+03  1.030E-30  2.632E-19
9.550E+03  1.067E-30  2.704E-19
9.462E+03  1.107E-30  2.778E-19
9.376E+03  1.147E-30  2.854E-19
9.290E+03  1.190E-30  2.932E-19
9.204E+03  1.233E-30  3.012E-19
9.120E+03  1.279E-30  3.094E-19
9.036E+03  1.326E-30  3.178E-19
8.954E+03  1.375E-30  3.265E-19
8.872E+03  1.425E-30  3.353E-19
8.790E+03  1.477E-30  3.444E-19
8.710E+03  1.531E-30  3.538E-19
8.630E+03  1.587E-30  3.634E-19
8.551E+03  1.646E-30  3.732E-19
8.472E+03  1.706E-30  3.834E-19
8.395E+03  1.769E-30  3.939E-19
8.318E+03  1.834E-30  4.046E-19
8.241E+03  1.901E-30  4.156E-19
8.166E+03  1.971E-30  4.270E-19
8.091E+03  2.044E-30  4.387E-19
8.017E+03  2.119E-30  4.507E-19
7.943E+03  2.197E-30  4.630E-19
7.870E+03  2.278E-30  4.757E-19
7.798E+03  2.363E-30  4.887E-19
7.727E+03  2.450E-30  5.021E-19
7.656E+03  2.541E-30  5.159E-19
7.586E+03  2.635E-30  5.301E-19
7.516E+03  2.732E-30  5.447E-19
7.447E+03  2.833E-30  5.597E-19
7.379E+03  2.938E-30  5.751E-19
7.311E+03  3.047E-30  5.910E-19
7.244E+03  3.160E-30  6.073E-19
7.178E+03  3.278E-30  6.241E-19
7.112E+03  3.399E-30  6.413E-19
7.047E+03  3.526E-30  6.591E-19
6.982E+03  3.657E-30  6.773E-19
6.918E+03  3.793E-30  6.960E-19
6.855E+03  3.934E-30  7.153E-19
6.792E+03  4.080E-30  7.351E-19
6.730E+03  4.232E-30  7.555E-19
6.668E+03  4.390E-30  7.764E-19
6.607E+03  4.553E-30  7.980E-19
6.546E+03  4.723E-30  8.201E-19
6.486E+03  4.899E-30  8.430E-19
6.427E+03  5.082E-30  8.664E-19
6.368E+03  5.272E-30  8.906E-19
6.310E+03  5.469E-30  9.154E-19
6.252E+03  5.674E-30  9.410E-19
6.194E+03  5.887E-30  9.672E-19
6.138E+03  6.107E-30  9.943E-19
6.081E+03  6.336E-30  1.022E-18
6.026E+03  6.574E-30  1.051E-18
5.970E+03  6.821E-30  1.080E-18
5.916E+03  7.077E-30  1.110E-18
5.861E+03  7.343E-30  1.142E-18
5.808E+03  7.619E-30  1.174E-18
5.754E+03  7.906E-30  1.207E-18
5.702E+03  8.204E-30  1.241E-18
5.649E+03  8.513E-30  1.276E-18
5.598E+03  8.834E-30  1.312E-18
5.546E+03  9.167E-30  1.349E-18
5.495E+03  9.513E-30  1.387E-18
5.445E+03  9.873E-30  1.426E-18
5.395E+03  1.025E-29  1.466E-18
5.346E+03  1.063E-29  1.508E-18
5.297E+03  1.104E-29  1.550E-18
5.248E+03  1.145E-29  1.594E-18
5.200E+03  1.189E-29  1.640E-18
5.152E+03  1.234E-29  1.686E-18
5.105E+03  1.281E-29  1.734E-18
5.058E+03  1.329E-29  1.783E-18
5.012E+03  1.380E-29  1.834E-18
4.966E+03  1.432E-29  1.886E-18
4.920E+03  1.486E-29  1.940E-18
4.875E+03  1.543E-29  1.995E-18
4.831E+03  1.602E-29  2.052E-18
4.786E+03  1.663E-29  2.111E-18
4.742E+03  1.726E-29  2.171E-18
4.699E+03  1.792E-29  2.233E-18
4.656E+03  1.860E-29  2.297E-18
4.613E+03  1.931E-29  2.363E-18
4.571E+03  2.005E-29  2.431E-18
4.529E+03  2.082E-29  2.501E-18
4.487E+03  2.161E-29  2.572E-18
4.446E+03  2.244E-29  2.646E-18
4.406E+03  2.330E-29  2.723E-18
4.365E+03  2.419E-29  2.801E-18
4.325E+03  2.512E-29  2.882E-18
4.285E+03  2.608E-29  2.965E-18
4.246E+03  2.708E-29  3.051E-18
4.207E+03  2.812E-29  3.139E-18
4.169E+03  2.921E-29  3.230E-18
4.130E+03  3.033E-29  3.323E-18
4.093E+03  3.150E-29  3.419E-18
4.055E+03  3.271E-29  3.519E-18
4.018E+03  3.397E-29  3.621E-18
3.981E+03  3.528E-29  3.726E-18
3.945E+03  3.664E-29  3.834E-18
3.908E+03  3.805E-29  3.945E-18
3.873E+03  3.952E-29  4.060E-18
3.837E+03  4.105E-29  4.178E-18
3.802E+03  4.263E-29  4.300E-18
3.767E+03  4.428E-29  4.425E-18
3.733E+03  4.600E-29  4.554E-18
3.698E+03  4.778E-29  4.687E-18
3.664E+03  4.963E-29  4.824E-18
3.631E+03  5.156E-29  4.965E-18
3.597E+03  5.356E-29  5.111E-18
3.565E+03  5.564E-29  5.261E-18
3.532E+03  5.780E-29  5.415E-18
3.499E+03  6.005E-29  5.574E-18
3.467E+03  6.239E-29  5.738E-18
3.436E+03  6.482E-29  5.907E-18
3.404E+03  6.735E-29  6.081E-18
3.373E+03  6.998E-29  6.261E-18
3.342E+03  7.271E-29  6.445E-18
3.311E+03  7.555E-29  6.636E-18
3.281E+03  7.850E-29  6.832E-18
3.251E+03  8.157E-29  7.034E-18
3.221E+03  8.477E-29  7.243E-18
3.192E+03  8.809E-29  7.458E-18
3.162E+03  9.154E-29  7.679E-18
3.133E+03  9.514E-29  7.907E-18
3.105E+03  9.887E-29  8.142E-18
3.076E+03  1.028E-28  8.385E-18
3.048E+03  1.068E-28  8.634E-18
3.020E+03  1.110E-28  8.892E-18
2.992E+03  1.154E-28  9.157E-18
2.965E+03  1.199E-28  9.429E-18
2.938E+03  1.246E-28  9.710E-18
2.911E+03  1.295E-28  9.999E-18
2.884E+03  1.346E-28  1.030E-17
2.858E+03  1.399E-28  1.060E-17
2.831E+03  1.454E-28  1.092E-17
2.805E+03  1.512E-28  1.125E-17
2.780E+03  1.571E-28  1.159E-17
2.754E+03  1.633E-28  1.193E-17
2.729E+03  1.698E-28  1.229E-17
2.704E+03  1.765E-28  1.266E-17
2.679E+03  1.835E-28  1.304E-17
2.655E+03  1.908E-28  1.343E-17
2.630E+03  1.983E-28  1.384E-17
2.606E+03  2.062E-28  1.425E-17
2.582E+03  2.144E-28  1.468E-17
2.559E+03  2.229E-28  1.513E-17
2.535E+03  2.318E-28  1.558E-17
2.512E+03  2.410E-28  1.606E-17
2.489E+03  2.506E-28  1.654E-17
2.466E+03  2.605E-28  1.704E-17
2.443E+03  2.709E-28  1.756E-17
2.421E+03  2.817E-28  1.809E-17
2.399E+03  2.930E-28  1.864E-17
2.377E+03  3.047E-28  1.921E-17
2.355E+03  3.168E-28  1.979E-17
2.333E+03  3.295E-28  2.040E-17
2.312E+03  3.427E-28  2.102E-17
2.291E+03  3.564E-28  2.166E-17
2.270E+03  3.707E-28  2.232E-17
2.249E+03  3.855E-28  2.300E-17
2.228E+03  4.010E-28  2.370E-17
2.208E+03  4.171E-28  2.443E-17
2.188E+03  4.338E-28  2.517E-17
2.168E+03  4.512E-28  2.594E-17
2.148E+03  4.693E-28  2.674E-17
2.128E+03  4.882E-28  2.756E-17
2.109E+03  5.078E-28  2.840E-17
2.089E+03  5.283E-28  2.928E-17
2.070E+03  5.495E-28  3.018E-17
2.051E+03  5.717E-28  3.110E-17
2.032E+03  5.947E-28  3.206E-17
2.014E+03  6.187E-28  3.305E-17
1.995E+03  6.436E-28  3.406E-17
1.977E+03  6.696E-28  3.511E-17
1.959E+03  6.966E-28  3.619E-17
1.941E+03  7.247E-28  3.731E-17
1.923E+03  7.539E-28  3.846E-17
1.905E+03  7.844E-28  3.965E-17
1.888E+03  8.161E-28  4.087E-17
1.871E+03  8.491E-28  4.213E-17
1.854E+03  8.835E-28  4.344E-17
1.837E+03  9.192E-28  4.478E-17
1.820E+03  9.564E-28  4.617E-17
1.803E+03  9.952E-28  4.760E-17
1.786E+03  1.035E-27  4.907E-17
1.770E+03  1.077E-27  5.059E-17
1.754E+03  1.121E-27  5.216E-17
1.738E+03  1.167E-27  5.378E-17
1.722E+03  1.214E-27  5.545E-17
1.706E+03  1.263E-27  5.717E-17
1.690E+03  1.315E-27  5.895E-17
1.675E+03  1.368E-27  6.078E-17
1.660E+03  1.424E-27  6.267E-17
1.644E+03  1.481E-27  6.462E-17
1.629E+03  1.542E-27  6.663E-17
1.614E+03  1.604E-27  6.870E-17
1.600E+03  1.670E-27  7.084E-17
1.585E+03  1.738E-27  7.305E-17
1.570E+03  1.808E-27  7.532E-17
1.556E+03  1.882E-27  7.767E-17
1.542E+03  1.959E-27  8.009E-17
1.528E+03  2.038E-27  8.259E-17
1.514E+03  2.121E-27  8.517E-17
1.500E+03  2.208E-27  8.782E-17
1.486E+03  2.298E-27  9.057E-17
1.472E+03  2.391E-27  9.340E-17
1.459E+03  2.489E-27  9.632E-17
1.445E+03  2.591E-27  9.933E-17
1.432E+03  2.696E-27  1.024E-16
1.419E+03  2.806E-27  1.056E-16
1.406E+03  2.921E-27  1.089E-16
1.393E+03  3.040E-27  1.124E-16
1.380E+03  3.164E-27  1.159E-16
1.368E+03  3.294E-27  1.195E-16
1.355E+03  3.428E-27  1.232E-16
1.343E+03  3.568E-27  1.271E-16
1.330E+03  3.714E-27  1.311E-16
1.318E+03  3.866E-27  1.352E-16
1.306E+03  4.024E-27  1.394E-16
1.294E+03  4.189E-27  1.438E-16
1.282E+03  4.360E-27  1.483E-16
1.271E+03  4.538E-27  1.529E-16
1.259E+03  4.723E-27  1.577E-16
1.247E+03  4.917E-27  1.627E-16
1.236E+03  5.118E-27  1.678E-16
1.225E+03  5.327E-27  1.730E-16
1.213E+03  5.544E-27  1.785E-16
1.202E+03  5.771E-27  1.840E-16
1.191E+03  6.007E-27  1.898E-16
1.180E+03  6.252E-27  1.958E-16
1.169E+03  6.508E-27  2.019E-16
1.159E+03  6.774E-27  2.082E-16
1.148E+03  7.050E-27  2.147E-16
1.138E+03  7.338E-27  2.214E-16
1.127E+03  7.638E-27  2.284E-16
1.117E+03  7.950E-27  2.355E-16
1.107E+03  8.275E-27  2.429E-16
1.096E+03  8.613E-27  2.505E-16
1.086E+03  8.964E-27  2.583E-16
1.076E+03  9.330E-27  2.664E-16
1.067E+03  9.711E-27  2.747E-16
1.057E+03  1.011E-26  2.833E-16
1.047E+03  1.052E-26  2.922E-16
1.038E+03  1.095E-26  3.013E-16
1.028E+03  1.139E-26  3.107E-16
1.019E+03  1.186E-26  3.204E-16
1.009E+03  1.234E-26  3.304E-16
1.000E+03  1.284E-26  3.407E-16
9.908E+02  1.337E-26  3.513E-16
9.817E+02  1.391E-26  3.623E-16
9.727E+02  1.448E-26  3.736E-16
9.638E+02  1.507E-26  3.853E-16
9.550E+02  1.568E-26  3.973E-16
9.462E+02  1.632E-26  4.097E-16
9.376E+02  1.699E-26  4.224E-16
9.290E+02  1.768E-26  4.356E-16
9.204E+02  1.840E-26  4.492E-16
9.120E+02  1.914E-26  4.631E-16
9.036E+02  1.992E-26  4.775E-16
8.954E+02  2.073E-26  4.924E-16
8.872E+02  2.157E-26  5.076E-16
8.790E+02  2.245E-26  5.234E-16
8.710E+02  2.336E-26  5.396E-16
8.630E+02  2.430E-26  5.563E-16
8.551E+02  2.529E-26  5.735E-16
8.472E+02  2.631E-26  5.912E-16
8.395E+02  2.737E-26  6.095E-16
8.318E+02  2.848E-26  6.283E-16
8.241E+02  2.963E-26  6.477E-16
8.166E+02  3.082E-26  6.677E-16
8.091E+02  3.207E-26  6.882E-16
8.017E+02  3.336E-26  7.094E-16
7.943E+02  3.470E-26  7.312E-16
7.870E+02  3.610E-26  7.536E-16
7.798E+02  3.755E-26  7.767E-16
7.727E+02  3.906E-26  8.006E-16
7.656E+02  4.063E-26  8.251E-16
7.586E+02  4.226E-26  8.504E-16
7.516E+02  4.396E-26  8.764E-16
7.447E+02  4.572E-26  9.032E-16
7.379E+02  4.756E-26  9.309E-16
7.311E+02  4.947E-26  9.594E-16
7.244E+02  5.146E-26  9.888E-16
7.178E+02  5.353E-26  1.019E-15
7.112E+02  5.568E-26  1.050E-15
7.047E+02  5.791E-26  1.083E-15
6.982E+02  6.024E-26  1.116E-15
6.918E+02  6.266E-26  1.150E-15
6.855E+02  6.517E-26  1.185E-15
6.792E+02  6.779E-26  1.221E-15
6.730E+02  7.050E-26  1.259E-15
6.668E+02  7.332E-26  1.297E-15
6.607E+02  7.626E-26  1.336E-15
6.546E+02  7.931E-26  1.377E-15
6.486E+02  8.250E-26  1.419E-15
6.427E+02  8.581E-26  1.463E-15
6.368E+02  8.926E-26  1.508E-15
6.310E+02  9.285E-26  1.554E-15
6.252E+02  9.658E-26  1.602E-15
6.194E+02  1.005E-25  1.651E-15
6.138E+02  1.045E-25  1.701E-15
6.081E+02  1.087E-25  1.753E-15
6.026E+02  1.130E-25  1.807E-15
5.970E+02  1.176E-25  1.862E-15
5.916E+02  1.223E-25  1.919E-15
5.861E+02  1.272E-25  1.978E-15
5.808E+02  1.323E-25  2.038E-15
5.754E+02  1.376E-25  2.101E-15
5.702E+02  1.432E-25  2.165E-15
5.649E+02  1.489E-25  2.231E-15
5.598E+02  1.549E-25  2.300E-15
5.546E+02  1.611E-25  2.370E-15
5.495E+02  1.676E-25  2.443E-15
5.445E+02  1.743E-25  2.517E-15
5.395E+02  1.813E-25  2.594E-15
5.346E+02  1.885E-25  2.674E-15
5.297E+02  1.961E-25  2.755E-15
5.248E+02  2.040E-25  2.839E-15
5.200E+02  2.121E-25  2.926E-15
5.152E+02  2.206E-25  3.016E-15
5.105E+02  2.295E-25  3.108E-15
5.058E+02  2.387E-25  3.203E-15
5.012E+02  2.482E-25  3.300E-15
4.966E+02  2.582E-25  3.401E-15
4.920E+02  2.685E-25  3.505E-15
4.875E+02  2.793E-25  3.611E-15
4.831E+02  2.904E-25  3.721E-15
4.786E+02  3.020E-25  3.835E-15
4.742E+02  3.141E-25  3.951E-15
4.699E+02  3.266E-25  4.071E-15
4.656E+02  3.397E-25  4.195E-15
4.613E+02  3.532E-25  4.323E-15
4.571E+02  3.673E-25  4.454E-15
4.529E+02  3.820E-25  4.589E-15
4.487E+02  3.972E-25  4.728E-15
4.446E+02  4.130E-25  4.871E-15
4.406E+02  4.295E-25  5.019E-15
4.365E+02  4.465E-25  5.170E-15
4.325E+02  4.643E-25  5.327E-15
4.285E+02  4.827E-25  5.488E-15
4.246E+02  5.019E-25  5.653E-15
4.207E+02  5.218E-25  5.824E-15
4.169E+02  5.425E-25  5.999E-15
4.130E+02  5.641E-25  6.180E-15
4.093E+02  5.864E-25  6.366E-15
4.055E+02  6.096E-25  6.557E-15
4.018E+02  6.338E-25  6.755E-15
3.981E+02  6.588E-25  6.957E-15
3.945E+02  6.849E-25  7.166E-15
3.908E+02  7.120E-25  7.381E-15
3.873E+02  7.401E-25  7.602E-15
3.837E+02  7.693E-25  7.830E-15
3.802E+02  7.996E-25  8.064E-15
3.767E+02  8.311E-25  8.305E-15
3.733E+02  8.638E-25  8.553E-15
3.698E+02  8.978E-25  8.808E-15
3.664E+02  9.331E-25  9.070E-15
3.631E+02  9.697E-25  9.340E-15
3.597E+02  1.008E-24  9.617E-15
3.565E+02  1.047E-24  9.902E-15
3.532E+02  1.088E-24  1.020E-14
3.499E+02  1.131E-24  1.050E-14
3.467E+02  1.175E-24  1.081E-14
3.436E+02  1.221E-24  1.113E-14
3.404E+02  1.268E-24  1.145E-14
3.373E+02  1.318E-24  1.179E-14
3.342E+02  1.369E-24  1.214E-14
3.311E+02  1.422E-24  1.249E-14
3.281E+02  1.477E-24  1.286E-14
3.251E+02  1.534E-24  1.323E-14
3.221E+02  1.594E-24  1.362E-14
3.192E+02  1.655E-24  1.401E-14
3.162E+02  1.719E-24  1.442E-14
3.133E+02  1.785E-24  1.484E-14
3.105E+02  1.854E-24  1.527E-14
3.076E+02  1.925E-24  1.571E-14
3.048E+02  1.999E-24  1.616E-14
3.020E+02  2.075E-24  1.663E-14
2.992E+02  2.155E-24  1.710E-14
2.965E+02  2.237E-24  1.759E-14
2.938E+02  2.322E-24  1.809E-14
2.911E+02  2.410E-24  1.861E-14
2.884E+02  2.502E-24  1.914E-14
2.858E+02  2.596E-24  1.968E-14
2.831E+02  2.695E-24  2.024E-14
2.805E+02  2.796E-24  2.081E-14
2.780E+02  2.901E-24  2.139E-14
2.754E+02  3.010E-24  2.199E-14
2.729E+02  3.124E-24  2.261E-14
2.704E+02  3.241E-24  2.324E-14
2.679E+02  3.362E-24  2.389E-14
2.655E+02  3.488E-24  2.456E-14
2.630E+02  3.618E-24  2.524E-14
2.606E+02  3.753E-24  2.595E-14
2.582E+02  3.893E-24  2.666E-14
2.559E+02  4.036E-24  2.739E-14
2.535E+02  4.185E-24  2.814E-14
2.512E+02  4.337E-24  2.890E-14
2.489E+02  4.493E-24  2.966E-14
2.466E+02  4.651E-24  3.043E-14
2.443E+02  4.814E-24  3.120E-14
2.421E+02  4.981E-24  3.199E-14
2.399E+02  5.152E-24  3.278E-14
2.377E+02  5.326E-24  3.358E-14
2.355E+02  5.506E-24  3.439E-14
2.333E+02  5.690E-24  3.522E-14
2.312E+02  5.881E-24  3.607E-14
2.291E+02  6.076E-24  3.692E-14
2.270E+02  6.278E-24  3.780E-14
2.249E+02  6.485E-24  3.869E-14
2.228E+02  6.698E-24  3.959E-14
2.208E+02  6.918E-24  4.052E-14
2.188E+02  7.144E-24  4.146E-14
2.168E+02  7.376E-24  4.241E-14
2.148E+02  7.614E-24  4.338E-14
2.128E+02  7.859E-24  4.437E-14
2.109E+02  8.111E-24  4.537E-14
2.089E+02  8.370E-24  4.639E-14
2.070E+02  8.636E-24  4.742E-14
2.051E+02  8.909E-24  4.847E-14
2.032E+02  9.189E-24  4.954E-14
2.014E+02  9.477E-24  5.062E-14
1.995E+02  9.772E-24  5.172E-14
1.977E+02  1.008E-23  5.284E-14
1.959E+02  1.039E-23  5.397E-14
1.941E+02  1.071E-23  5.511E-14
1.923E+02  1.103E-23  5.628E-14
1.905E+02  1.137E-23  5.746E-14
1.888E+02  1.171E-23  5.865E-14
1.871E+02  1.206E-23  5.987E-14
1.854E+02  1.243E-23  6.110E-14
1.837E+02  1.280E-23  6.234E-14
1.820E+02  1.318E-23  6.360E-14
1.803E+02  1.357E-23  6.488E-14
1.786E+02  1.397E-23  6.618E-14
1.770E+02  1.437E-23  6.749E-14
1.754E+02  1.479E-23  6.882E-14
1.738E+02  1.522E-23  7.017E-14
1.722E+02  1.566E-23  7.154E-14
1.706E+02  1.611E-23  7.292E-14
1.690E+02  1.657E-23  7.432E-14
1.675E+02  1.705E-23  7.574E-14
1.660E+02  1.753E-23  7.718E-14
1.644E+02  1.803E-23  7.865E-14
1.629E+02  1.854E-23  8.013E-14
1.614E+02  1.906E-23  8.163E-14
1.600E+02  1.960E-23  8.316E-14
1.585E+02  2.015E-23  8.471E-14
1.570E+02  2.072E-23  8.629E-14
1.556E+02  2.130E-23  8.790E-14
1.542E+02  2.189E-23  8.953E-14
1.528E+02  2.250E-23  9.119E-14
1.514E+02  2.313E-23  9.288E-14
1.500E+02  2.378E-23  9.459E-14
1.486E+02  2.444E-23  9.633E-14
1.472E+02  2.512E-23  9.809E-14
1.459E+02  2.580E-23  9.985E-14
1.445E+02  2.650E-23  1.016E-13
1.432E+02  2.719E-23  1.033E-13
1.419E+02  2.788E-23  1.049E-13
1.406E+02  2.855E-23  1.065E-13
1.393E+02  2.920E-23  1.079E-13
1.380E+02  2.982E-23  1.092E-13
1.368E+02  3.040E-23  1.103E-13
1.355E+02  3.096E-23  1.113E-13
1.343E+02  3.151E-23  1.122E-13
1.330E+02  3.204E-23  1.131E-13
1.318E+02  3.258E-23  1.139E-13
1.306E+02  3.312E-23  1.147E-13
1.294E+02  3.366E-23  1.156E-13
1.282E+02  3.422E-23  1.164E-13
1.271E+02  3.479E-23  1.172E-13
1.259E+02  3.537E-23  1.181E-13
1.247E+02  3.596E-23  1.190E-13
1.236E+02  3.656E-23  1.199E-13
1.225E+02  3.717E-23  1.207E-13
1.213E+02  3.780E-23  1.216E-13
1.202E+02  3.843E-23  1.226E-13
1.191E+02  3.907E-23  1.235E-13
1.180E+02  3.972E-23  1.244E-13
1.169E+02  4.037E-23  1.252E-13
1.159E+02  4.103E-23  1.261E-13
1.148E+02  4.170E-23  1.270E-13
1.138E+02  4.238E-23  1.279E-13
1.127E+02  4.305E-23  1.287E-13
1.117E+02  4.374E-23  1.296E-13
1.107E+02  4.443E-23  1.304E-13
1.096E+02  4.512E-23  1.312E-13
1.086E+02  4.582E-23  1.320E-13
1.076E+02  4.651E-23  1.328E-13
1.067E+02  4.721E-23  1.336E-13
1.057E+02  4.791E-23  1.343E-13
1.047E+02  4.861E-23  1.350E-13
1.038E+02  4.931E-23  1.357E-13
1.028E+02  5.001E-23  1.364E-13
1.019E+02  5.070E-23  1.370E-13
1.009E+02  5.139E-23  1.376E-13
1.000E+02  5.207E-23  1.381E-13
9.908E+01  5.275E-23  1.386E-13
9.817E+01  5.342E-23  1.391E-13
9.727E+01  5.409E-23  1.396E-13
9.638E+01  5.475E-23  1.400E-13
9.550E+01  5.540E-23  1.403E-13
9.462E+01  5.604E-23  1.407E-13
9.376E+01  5.667E-23  1.409E-13
9.290E+01  5.729E-23  1.412E-13
9.204E+01  5.790E-23  1.414E-13
9.120E+01  5.850E-23  1.415E-13
9.036E+01  5.909E-23  1.416E-13
8.954E+01  5.967E-23  1.417E-13
8.872E+01  6.023E-23  1.417E-13
8.790E+01  6.078E-23  1.417E-13
8.710E+01  6.132E-23  1.417E-13
8.630E+01  6.185E-23  1.416E-13
8.551E+01  6.236E-23  1.414E-13
8.472E+01  6.286E-23  1.413E-13
8.395E+01  6.334E-23  1.410E-13
8.318E+01  6.380E-23  1.408E-13
8.241E+01  6.425E-23  1.405E-13
8.166E+01  6.468E-23  1.401E-13
8.091E+01  6.509E-23  1.397E-13
8.017E+01  6.549E-23  1.393E-13
7.943E+01  6.586E-23  1.388E-13
7.870E+01  6.621E-23  1.382E-13
7.798E+01  6.655E-23  1.377E-13
7.727E+01  6.686E-23  1.370E-13
7.656E+01  6.715E-23  1.364E-13
7.586E+01  6.742E-23  1.357E-13
7.516E+01  6.767E-23  1.349E-13
7.447E+01  6.790E-23  1.341E-13
7.379E+01  6.810E-23  1.333E-13
7.311E+01  6.827E-23  1.324E-13
7.244E+01  6.843E-23  1.315E-13
7.178E+01  6.856E-23  1.305E-13
7.112E+01  6.867E-23  1.295E-13
7.047E+01  6.875E-23  1.285E-13
6.982E+01  6.882E-23  1.275E-13
6.918E+01  6.886E-23  1.264E-13
6.855E+01  6.888E-23  1.252E-13
6.792E+01  6.887E-23  1.241E-13
6.730E+01  6.884E-23  1.229E-13
6.668E+01  6.878E-23  1.217E-13
6.607E+01  6.871E-23  1.204E-13
6.546E+01  6.861E-23  1.191E-13
6.486E+01  6.848E-23  1.178E-13
6.427E+01  6.833E-23  1.165E-13
6.368E+01  6.816E-23  1.151E-13
6.310E+01  6.797E-23  1.138E-13
6.252E+01  6.776E-23  1.124E-13
6.194E+01  6.752E-23  1.109E-13
6.138E+01  6.726E-23  1.095E-13
6.081E+01  6.698E-23  1.081E-13
6.026E+01  6.668E-23  1.066E-13
5.970E+01  6.636E-23  1.051E-13
5.916E+01  6.602E-23  1.036E-13
5.861E+01  6.565E-23  1.021E-13
5.808E+01  6.527E-23  1.006E-13
5.754E+01  6.487E-23  9.902E-14
5.702E+01  6.445E-23  9.747E-14
5.649E+01  6.401E-23  9.592E-14
5.598E+01  6.355E-23  9.436E-14
5.546E+01  6.308E-23  9.280E-14
5.495E+01  6.259E-23  9.124E-14
5.445E+01  6.208E-23  8.967E-14
5.395E+01  6.156E-23  8.810E-14
5.346E+01  6.103E-23  8.653E-14
5.297E+01  6.047E-23  8.496E-14
5.248E+01  5.991E-23  8.340E-14
5.200E+01  5.933E-23  8.183E-14
5.152E+01  5.873E-23  8.027E-14
5.105E+01  5.812E-23  7.871E-14
5.058E+01  5.750E-23  7.715E-14
5.012E+01  5.687E-23  7.560E-14
4.966E+01  5.622E-23  7.406E-14
4.920E+01  5.557E-23  7.252E-14
4.875E+01  5.490E-23  7.099E-14
4.831E+01  5.422E-23  6.947E-14
4.786E+01  5.353E-23  6.796E-14
4.742E+01  5.283E-23  6.646E-14
4.699E+01  5.212E-23  6.497E-14
4.656E+01  5.140E-23  6.348E-14
4.613E+01  5.067E-23  6.201E-14
4.571E+01  4.994E-23  6.055E-14
4.529E+01  4.919E-23  5.909E-14
4.487E+01  4.843E-23  5.765E-14
4.446E+01  4.767E-23  5.622E-14
4.406E+01  4.690E-23  5.480E-14
4.365E+01  4.611E-23  5.339E-14
4.325E+01  4.532E-23  5.199E-14
4.285E+01  4.451E-23  5.060E-14
4.246E+01  4.370E-23  4.922E-14
4.207E+01  4.288E-23  4.785E-14
4.169E+01  4.204E-23  4.649E-14
4.130E+01  4.120E-23  4.514E-14
4.093E+01  4.035E-23  4.380E-14
4.055E+01  3.948E-23  4.247E-14
4.018E+01  3.861E-23  4.115E-14
3.981E+01  3.772E-23  3.983E-14
3.945E+01  3.682E-23  3.853E-14
3.908E+01  3.592E-23  3.724E-14
3.873E+01  3.500E-23  3.595E-14
3.837E+01  3.407E-23  3.468E-14
3.802E+01  3.314E-23  3.342E-14
3.767E+01  3.219E-23  3.217E-14
3.733E+01  3.124E-23  3.093E-14
3.698E+01  3.028E-23  2.971E-14
3.664E+01  2.932E-23  2.850E-14
3.631E+01  2.835E-23  2.730E-14
3.597E+01  2.738E-23  2.612E-14
3.565E+01  2.640E-23  2.496E-14
3.532E+01  2.543E-23  2.383E-14
3.499E+01  2.446E-23  2.271E-14
3.467E+01  2.350E-23  2.161E-14
3.436E+01  2.254E-23  2.054E-14
3.404E+01  2.160E-23  1.950E-14
3.373E+01  2.066E-23  1.849E-14
3.342E+01  1.975E-23  1.750E-14
3.311E+01  1.885E-23  1.655E-14
3.281E+01  1.797E-23  1.564E-14
3.251E+01  1.711E-23  1.476E-14
3.221E+01  1.628E-23  1.391E-14
3.192E+01  1.548E-23  1.310E-14
3.162E+01  1.470E-23  1.233E-14
3.133E+01  1.396E-23  1.160E-14
3.105E+01  1.325E-23  1.091E-14
3.076E+01  1.257E-23  1.026E-14
3.048E+01  1.193E-23  9.645E-15
3.020E+01  1.132E-23  9.068E-15
2.992E+01  1.075E-23  8.529E-15
2.965E+01  1.020E-23  8.026E-15
2.938E+01  9.698E-24  7.557E-15
2.911E+01  9.224E-24  7.122E-15
2.884E+01  8.783E-24  6.719E-15
2.858E+01  8.372E-24  6.346E-15
2.831E+01  7.991E-24  6.002E-15
2.805E+01  7.638E-24  5.684E-15
2.780E+01  7.312E-24  5.392E-15
2.754E+01  7.012E-24  5.123E-15
2.729E+01  6.735E-24  4.875E-15
2.704E+01  6.480E-24  4.648E-15
2.679E+01  6.246E-24  4.439E-15
2.655E+01  6.031E-24  4.247E-15
2.630E+01  5.834E-24  4.070E-15
2.606E+01  5.652E-24  3.908E-15
2.582E+01  5.486E-24  3.758E-15
2.559E+01  5.334E-24  3.620E-15
2.535E+01  5.194E-24  3.493E-15
2.512E+01  5.065E-24  3.375E-15
2.489E+01  4.947E-24  3.266E-15
2.466E+01  4.838E-24  3.165E-15
2.443E+01  4.737E-24  3.071E-15
2.421E+01  4.645E-24  2.983E-15
2.399E+01  4.558E-24  2.901E-15
2.377E+01  4.479E-24  2.824E-15
2.355E+01  4.405E-24  2.752E-15
2.333E+01  4.336E-24  2.684E-15
2.312E+01  4.271E-24  2.619E-15
2.291E+01  4.211E-24  2.559E-15
2.270E+01  4.154E-24  2.501E-15
2.249E+01  4.102E-24  2.447E-15
2.228E+01  4.052E-24  2.395E-15
2.208E+01  4.005E-24  2.346E-15
2.188E+01  3.960E-24  2.298E-15
2.168E+01  3.917E-24  2.252E-15
2.148E+01  3.877E-24  2.209E-15
2.128E+01  3.838E-24  2.166E-15
2.109E+01  3.801E-24  2.126E-15
2.089E+01  3.765E-24  2.087E-15
2.070E+01  3.732E-24  2.049E-15
2.051E+01  3.699E-24  2.013E-15
2.032E+01  3.668E-24  1.978E-15
2.014E+01  3.641E-24  1.945E-15
1.995E+01  3.615E-24  1.913E-15
1.977E+01  3.593E-24  1.884E-15
1.959E+01  3.576E-24  1.858E-15
1.941E+01  3.572E-24  1.839E-15
1.923E+01  3.598E-24  1.835E-15
1.905E+01  3.719E-24  1.880E-15
1.888E+01  3.808E-24  1.907E-15
1.871E+01  3.603E-24  1.788E-15
1.854E+01  3.519E-24  1.730E-15
1.837E+01  3.505E-24  1.708E-15
1.820E+01  3.534E-24  1.706E-15
1.803E+01  3.637E-24  1.739E-15
1.786E+01  3.833E-24  1.816E-15
1.770E+01  3.830E-24  1.798E-15
1.754E+01  4.020E-24  1.870E-15
1.738E+01  4.514E-24  2.081E-15
1.722E+01  4.396E-24  2.008E-15
1.706E+01  4.368E-24  1.977E-15
1.690E+01  4.206E-24  1.886E-15
1.675E+01  3.971E-24  1.764E-15
1.660E+01  3.976E-24  1.750E-15
1.644E+01  4.520E-24  1.972E-15
1.629E+01  3.440E-24  1.487E-15
1.614E+01  2.982E-24  1.277E-15
1.600E+01  2.797E-24  1.187E-15
1.585E+01  2.668E-24  1.122E-15
1.570E+01  2.529E-24  1.054E-15
1.556E+01  2.429E-24  1.002E-15
1.542E+01  2.349E-24  9.604E-16
1.528E+01  2.280E-24  9.239E-16
1.514E+01  2.220E-24  8.914E-16
1.500E+01  2.168E-24  8.624E-16
1.486E+01  2.124E-24  8.371E-16
1.472E+01  2.090E-24  8.164E-16
1.459E+01  2.075E-24  8.029E-16
1.445E+01  2.095E-24  8.034E-16
1.432E+01  2.191E-24  8.324E-16
1.419E+01  2.302E-24  8.664E-16
1.406E+01  2.182E-24  8.139E-16
1.393E+01  2.110E-24  7.797E-16
1.380E+01  2.163E-24  7.921E-16
1.368E+01  2.329E-24  8.449E-16
1.355E+01  2.543E-24  9.142E-16
1.343E+01  2.568E-24  9.147E-16
1.330E+01  2.395E-24  8.452E-16
1.318E+01  2.294E-24  8.021E-16
1.306E+01  2.362E-24  8.185E-16
1.294E+01  2.632E-24  9.036E-16
1.282E+01  3.147E-24  1.070E-15
1.271E+01  3.792E-24  1.278E-15
1.259E+01  3.959E-24  1.322E-15
1.247E+01  3.425E-24  1.133E-15
1.236E+01  2.892E-24  9.481E-16
1.225E+01  2.687E-24  8.727E-16
1.213E+01  2.764E-24  8.897E-16
1.202E+01  2.892E-24  9.223E-16
1.191E+01  2.753E-24  8.698E-16
1.180E+01  2.473E-24  7.743E-16
1.169E+01  2.380E-24  7.383E-16
1.159E+01  2.645E-24  8.129E-16
1.148E+01  3.477E-24  1.059E-15
1.138E+01  4.865E-24  1.468E-15
1.127E+01  6.341E-24  1.896E-15
1.117E+01  4.448E-24  1.318E-15
1.107E+01  2.317E-24  6.802E-16
1.096E+01  1.610E-24  4.681E-16
1.086E+01  1.282E-24  3.695E-16
1.076E+01  1.108E-24  3.163E-16
1.067E+01  1.003E-24  2.837E-16
1.057E+01  9.132E-25  2.560E-16
1.047E+01  8.527E-25  2.368E-16
1.038E+01  8.109E-25  2.232E-16
1.028E+01  7.799E-25  2.127E-16
1.019E+01  7.564E-25  2.044E-16
1.009E+01  7.388E-25  1.978E-16
1.000E+01  7.261E-25  1.926E-16
9.908E+00  7.181E-25  1.887E-16
9.817E+00  7.144E-25  1.860E-16
9.727E+00  7.148E-25  1.844E-16
9.638E+00  7.193E-25  1.839E-16
9.550E+00  7.279E-25  1.844E-16
9.462E+00  7.410E-25  1.860E-16
9.376E+00  7.596E-25  1.889E-16
9.290E+00  7.854E-25  1.935E-16
9.204E+00  8.216E-25  2.006E-16
9.120E+00  8.736E-25  2.113E-16
9.036E+00  9.505E-25  2.278E-16
8.954E+00  1.069E-24  2.538E-16
8.872E+00  1.259E-24  2.962E-16
8.790E+00  1.572E-24  3.665E-16
8.710E+00  2.047E-24  4.730E-16
8.630E+00  2.481E-24  5.679E-16
8.551E+00  2.400E-24  5.444E-16
8.472E+00  2.069E-24  4.651E-16
8.395E+00  1.896E-24  4.223E-16
8.318E+00  1.873E-24  4.132E-16
8.241E+00  1.940E-24  4.241E-16
8.166E+00  2.127E-24  4.608E-16
8.091E+00  2.491E-24  5.347E-16
8.017E+00  3.071E-24  6.530E-16
7.943E+00  3.821E-24  8.050E-16
7.870E+00  4.457E-24  9.305E-16
7.798E+00  4.649E-24  9.617E-16
7.727E+00  4.628E-24  9.486E-16
7.656E+00  4.724E-24  9.593E-16
7.586E+00  4.552E-24  9.159E-16
7.516E+00  3.790E-24  7.555E-16
7.447E+00  2.955E-24  5.838E-16
7.379E+00  2.347E-24  4.594E-16
7.311E+00  1.927E-24  3.738E-16
7.244E+00  1.622E-24  3.117E-16
7.178E+00  1.390E-24  2.646E-16
7.112E+00  1.212E-24  2.287E-16
7.047E+00  1.080E-24  2.019E-16
6.982E+00  9.895E-25  1.833E-16
6.918E+00  9.370E-25  1.720E-16
6.855E+00  9.186E-25  1.670E-16
6.792E+00  9.239E-25  1.665E-16
6.730E+00  9.298E-25  1.660E-16
6.668E+00  9.101E-25  1.610E-16
6.607E+00  8.653E-25  1.516E-16
6.546E+00  8.282E-25  1.438E-16
6.486E+00  8.393E-25  1.444E-16
6.427E+00  9.434E-25  1.608E-16
6.368E+00  1.224E-24  2.067E-16
6.310E+00  1.853E-24  3.102E-16
6.252E+00  2.867E-24  4.755E-16
6.194E+00  2.887E-24  4.744E-16
6.138E+00  1.788E-24  2.911E-16
6.081E+00  1.059E-24  1.708E-16
6.026E+00  7.015E-25  1.121E-16
5.970E+00  5.204E-25  8.241E-17
5.916E+00  4.257E-25  6.680E-17
5.861E+00  3.831E-25  5.957E-17
5.808E+00  3.847E-25  5.927E-17
5.754E+00  4.300E-25  6.563E-17
5.702E+00  4.612E-25  6.975E-17
5.649E+00  3.873E-25  5.803E-17
5.598E+00  2.938E-25  4.362E-17
5.546E+00  2.363E-25  3.476E-17
5.495E+00  2.057E-25  2.998E-17
5.445E+00  1.922E-25  2.775E-17
5.395E+00  1.937E-25  2.772E-17
5.346E+00  2.140E-25  3.034E-17
5.297E+00  2.477E-25  3.480E-17
5.248E+00  2.415E-25  3.361E-17
5.200E+00  1.913E-25  2.639E-17
5.152E+00  1.524E-25  2.083E-17
5.105E+00  1.298E-25  1.758E-17
5.058E+00  1.162E-25  1.560E-17
5.012E+00  1.072E-25  1.426E-17
4.966E+00  1.008E-25  1.328E-17
4.920E+00  9.584E-26  1.251E-17
4.875E+00  9.187E-26  1.188E-17
4.831E+00  8.858E-26  1.135E-17
4.786E+00  8.579E-26  1.089E-17
4.742E+00  8.338E-26  1.049E-17
4.699E+00  8.126E-26  1.013E-17
4.656E+00  7.938E-26  9.804E-18
4.613E+00  7.770E-26  9.508E-18
4.571E+00  7.619E-26  9.237E-18
4.529E+00  7.482E-26  8.988E-18
4.487E+00  7.358E-26  8.758E-18
4.446E+00  7.244E-26  8.544E-18
4.406E+00  7.141E-26  8.345E-18
4.365E+00  7.047E-26  8.160E-18
4.325E+00  6.961E-26  7.987E-18
4.285E+00  6.883E-26  7.824E-18
4.246E+00  6.812E-26  7.672E-18
4.207E+00  6.747E-26  7.530E-18
4.169E+00  6.689E-26  7.397E-18
4.130E+00  6.638E-26  7.273E-18
4.093E+00  6.592E-26  7.156E-18
4.055E+00  6.552E-26  7.048E-18
4.018E+00  6.520E-26  6.949E-18
3.981E+00  6.494E-26  6.858E-18
3.945E+00  6.476E-26  6.776E-18
3.908E+00  6.467E-26  6.705E-18
3.873E+00  6.468E-26  6.644E-18
3.837E+00  6.480E-26  6.596E-18
3.802E+00  6.507E-26  6.562E-18
3.767E+00  6.551E-26  6.546E-18
3.733E+00  6.616E-26  6.551E-18
3.698E+00  6.710E-26  6.583E-18
3.664E+00  6.842E-26  6.650E-18
3.631E+00  7.025E-26  6.766E-18
3.597E+00  7.282E-26  6.949E-18
3.565E+00  7.649E-26  7.232E-18
3.532E+00  8.186E-26  7.669E-18
3.499E+00  9.006E-26  8.360E-18
3.467E+00  1.033E-25  9.499E-18
3.436E+00  1.264E-25  1.152E-17
3.404E+00  1.721E-25  1.554E-17
3.373E+00  2.811E-25  2.515E-17
3.342E+00  6.424E-25  5.695E-17
3.311E+00  2.436E-24  2.140E-16
3.281E+00  1.666E-24  1.450E-16
3.251E+00  4.759E-25  4.104E-17
3.221E+00  2.271E-25  1.940E-17
3.192E+00  1.448E-25  1.226E-17
3.162E+00  1.084E-25  9.094E-18
3.133E+00  8.929E-26  7.421E-18
3.105E+00  7.800E-26  6.424E-18
3.076E+00  7.077E-26  5.774E-18
3.048E+00  6.582E-26  5.322E-18
3.020E+00  6.227E-26  4.989E-18
2.992E+00  5.962E-26  4.732E-18
2.965E+00  5.756E-26  4.527E-18
2.938E+00  5.592E-26  4.358E-18
2.911E+00  5.458E-26  4.214E-18
2.884E+00  5.345E-26  4.089E-18
2.858E+00  5.249E-26  3.979E-18
2.831E+00  5.165E-26  3.879E-18
2.805E+00  5.091E-26  3.788E-18
2.780E+00  5.024E-26  3.704E-18
2.754E+00  4.963E-26  3.626E-18
2.729E+00  4.907E-26  3.552E-18
2.704E+00  4.855E-26  3.482E-18
2.679E+00  4.806E-26  3.416E-18
2.655E+00  4.760E-26  3.352E-18
2.630E+00  4.715E-26  3.290E-18
2.606E+00  4.673E-26  3.230E-18
2.582E+00  4.631E-26  3.172E-18
2.559E+00  4.591E-26  3.116E-18
2.535E+00  4.552E-26  3.061E-18
2.512E+00  4.513E-26  3.007E-18
2.489E+00  4.475E-26  2.954E-18
2.466E+00  4.437E-26  2.902E-18
2.443E+00  4.398E-26  2.851E-18
2.421E+00  4.361E-26  2.800E-18
2.399E+00  4.324E-26  2.751E-18
2.377E+00  4.287E-26  2.703E-18
2.355E+00  4.250E-26  2.655E-18
2.333E+00  4.214E-26  2.608E-18
2.312E+00  4.178E-26  2.562E-18
2.291E+00  4.141E-26  2.516E-18
2.270E+00  4.104E-26  2.471E-18
2.249E+00  4.067E-26  2.426E-18
2.228E+00  4.029E-26  2.382E-18
2.208E+00  3.991E-26  2.337E-18
2.188E+00  3.951E-26  2.293E-18
2.168E+00  3.911E-26  2.249E-18
2.148E+00  3.868E-26  2.204E-18
2.128E+00  3.824E-26  2.159E-18
2.109E+00  3.777E-26  2.112E-18
2.089E+00  3.726E-26  2.065E-18
2.070E+00  3.671E-26  2.016E-18
2.051E+00  3.611E-26  1.965E-18
2.032E+00  3.544E-26  1.910E-18
2.014E+00  3.468E-26  1.852E-18
1.995E+00  3.383E-26  1.790E-18
1.977E+00  3.287E-26  1.724E-18
1.959E+00  3.184E-26  1.655E-18
1.941E+00  3.085E-26  1.588E-18
1.923E+00  3.007E-26  1.534E-18
1.905E+00  2.970E-26  1.501E-18
1.888E+00  2.981E-26  1.493E-18
1.871E+00  3.026E-26  1.502E-18
1.854E+00  3.082E-26  1.516E-18
1.837E+00  3.133E-26  1.526E-18
1.820E+00  3.170E-26  1.530E-18
1.803E+00  3.193E-26  1.527E-18
1.786E+00  3.205E-26  1.519E-18
1.770E+00  3.208E-26  1.506E-18
1.754E+00  3.204E-26  1.490E-18
1.738E+00  3.194E-26  1.473E-18
1.722E+00  3.182E-26  1.453E-18
1.706E+00  3.167E-26  1.433E-18
1.690E+00  3.150E-26  1.412E-18
1.675E+00  3.132E-26  1.391E-18
1.660E+00  3.113E-26  1.370E-18
1.644E+00  3.094E-26  1.350E-18
1.629E+00  3.075E-26  1.329E-18
1.614E+00  3.057E-26  1.309E-18
1.600E+00  3.039E-26  1.289E-18
1.585E+00  3.022E-26  1.271E-18
1.570E+00  3.007E-26  1.252E-18
1.556E+00  2.993E-26  1.235E-18
1.542E+00  2.982E-26  1.219E-18
1.528E+00  2.973E-26  1.205E-18
1.514E+00  2.967E-26  1.191E-18
1.500E+00  2.964E-26  1.179E-18
1.486E+00  2.966E-26  1.169E-18
1.472E+00  2.973E-26  1.161E-18
1.459E+00  2.986E-26  1.155E-18
1.445E+00  3.006E-26  1.152E-18
1.432E+00  3.034E-26  1.153E-18
1.419E+00  3.072E-26  1.156E-18
1.406E+00  3.123E-26  1.165E-18
1.393E+00  3.188E-26  1.178E-18
1.380E+00  3.271E-26  1.198E-18
1.368E+00  3.375E-26  1.224E-18
1.355E+00  3.503E-26  1.259E-18
1.343E+00  3.660E-26  1.303E-18
1.330E+00  3.845E-26  1.357E-18
1.318E+00  4.057E-26  1.419E-18
1.306E+00  4.284E-26  1.484E-18
1.294E+00  4.498E-26  1.544E-18
1.282E+00  4.658E-26  1.584E-18
1.271E+00  4.709E-26  1.587E-18
1.259E+00  4.614E-26  1.541E-18
1.247E+00  4.376E-26  1.448E-18
1.236E+00  4.040E-26  1.325E-18
1.225E+00  3.670E-26  1.192E-18
1.213E+00  3.319E-26  1.068E-18
1.202E+00  3.015E-26  9.615E-19
1.191E+00  2.767E-26  8.745E-19
1.180E+00  2.575E-26  8.063E-19
1.169E+00  2.434E-26  7.549E-19
1.159E+00  2.337E-26  7.183E-19
1.148E+00  2.282E-26  6.951E-19
1.138E+00  2.270E-26  6.850E-19
1.127E+00  2.304E-26  6.888E-19
1.117E+00  2.394E-26  7.093E-19
1.107E+00  2.559E-26  7.510E-19
1.096E+00  2.827E-26  8.222E-19
1.086E+00  3.242E-26  9.343E-19
1.076E+00  3.847E-26  1.098E-18
1.067E+00  4.607E-26  1.303E-18
1.057E+00  5.220E-26  1.463E-18
1.047E+00  5.126E-26  1.424E-18
1.038E+00  4.275E-26  1.177E-18
1.028E+00  3.265E-26  8.903E-19
1.019E+00  2.479E-26  6.698E-19
1.009E+00  1.945E-26  5.208E-19
1.000E+00  1.590E-26  4.219E-19
