Dust emission from Draine & Li (2007): ApJ 657, 810-837
================================================================
         9 = grain model
 4.000E-08 4.000E-01 2.500E-06 = a_01 (cm) , sigma_1 , b_C1/0.92
 2.500E-07 4.000E-01 2.500E-06 = a_02 (cm) , sigma_2 , b_C2/0.92
 8.000E-01 1.000E+04 2.000E+00 = Umin , Umax, beta (dN/dU propto U^{-beta})
 7.547E+00 = <U> 
     mmp83 = radfield
 7.114E-24 = power/H (erg s-1)
 band   nu*P_nu(band) j_nu(band)
 (um)   (erg s-1 H-1)(Jy cm2 sr-1 H-1)
1.270E+00  1.307E-26  4.404E-19 COBE-DIRBE
2.220E+00  1.716E-26  1.010E-18 COBE-DIRBE
3.530E+00  7.095E-26  6.644E-18 COBE-DIRBE
4.880E+00  3.289E-26  4.258E-18 COBE-DIRBE
1.229E+01  4.870E-25  1.588E-16 COBE-DIRBE
2.079E+01  9.829E-25  5.421E-16 COBE-DIRBE
5.599E+01  3.729E-24  5.539E-15 COBE-DIRBE
9.770E+01  3.036E-24  7.868E-15 COBE-DIRBE
1.479E+02  1.874E-24  7.353E-15 COBE-DIRBE
2.479E+02  5.767E-25  3.792E-15 COBE-DIRBE
1.200E+01  4.634E-25  1.475E-16 IRAS
2.500E+01  1.273E-24  8.439E-16 IRAS
6.000E+01  3.692E-24  5.876E-15 IRAS
1.000E+02  2.975E-24  7.891E-15 IRAS
3.550E+00  8.143E-26  7.668E-18 SST-IRAC
4.493E+00  2.564E-26  3.056E-18 SST-IRAC
5.731E+00  1.608E-25  2.445E-17 SST-IRAC
7.872E+00  4.817E-25  1.006E-16 SST-IRAC
2.368E+01  1.180E-24  7.411E-16 SST-MIPS
7.142E+01  3.308E-24  6.267E-15 SST-MIPS
1.559E+02  1.611E-24  6.661E-15 SST-MIPS
1.600E+01  5.637E-25  2.392E-16 SST-IRSPU
2.200E+01  1.134E-24  6.619E-16 SST-IRSPU











lambda    nu*dP/dnu     j_nu
 (um)   (erg s-1 H-1)(Jy cm2 sr-1 H-1)
1.000E+04  2.143E-31  5.685E-20
9.908E+03  2.221E-31  5.838E-20
9.817E+03  2.302E-31  5.995E-20
9.727E+03  2.386E-31  6.156E-20
9.638E+03  2.473E-31  6.322E-20
9.550E+03  2.563E-31  6.492E-20
9.462E+03  2.656E-31  6.666E-20
9.376E+03  2.753E-31  6.846E-20
9.290E+03  2.853E-31  7.030E-20
9.204E+03  2.957E-31  7.219E-20
9.120E+03  3.064E-31  7.413E-20
9.036E+03  3.176E-31  7.613E-20
8.954E+03  3.291E-31  7.817E-20
8.872E+03  3.410E-31  8.025E-20
8.790E+03  3.534E-31  8.240E-20
8.710E+03  3.662E-31  8.460E-20
8.630E+03  3.795E-31  8.686E-20
8.551E+03  3.932E-31  8.919E-20
8.472E+03  4.075E-31  9.158E-20
8.395E+03  4.223E-31  9.403E-20
8.318E+03  4.376E-31  9.656E-20
8.241E+03  4.535E-31  9.915E-20
8.166E+03  4.700E-31  1.018E-19
8.091E+03  4.872E-31  1.046E-19
8.017E+03  5.049E-31  1.074E-19
7.943E+03  5.233E-31  1.103E-19
7.870E+03  5.424E-31  1.132E-19
7.798E+03  5.622E-31  1.163E-19
7.727E+03  5.827E-31  1.194E-19
7.656E+03  6.040E-31  1.227E-19
7.586E+03  6.260E-31  1.260E-19
7.516E+03  6.489E-31  1.294E-19
7.447E+03  6.727E-31  1.329E-19
7.379E+03  6.973E-31  1.365E-19
7.311E+03  7.228E-31  1.402E-19
7.244E+03  7.493E-31  1.440E-19
7.178E+03  7.768E-31  1.479E-19
7.112E+03  8.053E-31  1.519E-19
7.047E+03  8.348E-31  1.560E-19
6.982E+03  8.654E-31  1.603E-19
6.918E+03  8.972E-31  1.646E-19
6.855E+03  9.301E-31  1.691E-19
6.792E+03  9.642E-31  1.737E-19
6.730E+03  9.996E-31  1.784E-19
6.668E+03  1.036E-30  1.833E-19
6.607E+03  1.074E-30  1.883E-19
6.546E+03  1.114E-30  1.934E-19
6.486E+03  1.155E-30  1.987E-19
6.427E+03  1.198E-30  2.042E-19
6.368E+03  1.242E-30  2.097E-19
6.310E+03  1.287E-30  2.155E-19
6.252E+03  1.335E-30  2.214E-19
6.194E+03  1.384E-30  2.274E-19
6.138E+03  1.435E-30  2.337E-19
6.081E+03  1.488E-30  2.401E-19
6.026E+03  1.543E-30  2.467E-19
5.970E+03  1.601E-30  2.535E-19
5.916E+03  1.660E-30  2.605E-19
5.861E+03  1.721E-30  2.676E-19
5.808E+03  1.785E-30  2.750E-19
5.754E+03  1.851E-30  2.826E-19
5.702E+03  1.920E-30  2.904E-19
5.649E+03  1.991E-30  2.984E-19
5.598E+03  2.065E-30  3.066E-19
5.546E+03  2.142E-30  3.151E-19
5.495E+03  2.222E-30  3.238E-19
5.445E+03  2.304E-30  3.328E-19
5.395E+03  2.390E-30  3.420E-19
5.346E+03  2.479E-30  3.515E-19
5.297E+03  2.571E-30  3.612E-19
5.248E+03  2.667E-30  3.713E-19
5.200E+03  2.766E-30  3.816E-19
5.152E+03  2.870E-30  3.922E-19
5.105E+03  2.977E-30  4.031E-19
5.058E+03  3.088E-30  4.143E-19
5.012E+03  3.203E-30  4.258E-19
4.966E+03  3.323E-30  4.377E-19
4.920E+03  3.447E-30  4.499E-19
4.875E+03  3.576E-30  4.624E-19
4.831E+03  3.709E-30  4.753E-19
4.786E+03  3.848E-30  4.886E-19
4.742E+03  3.992E-30  5.022E-19
4.699E+03  4.142E-30  5.163E-19
4.656E+03  4.297E-30  5.307E-19
4.613E+03  4.458E-30  5.455E-19
4.571E+03  4.626E-30  5.608E-19
4.529E+03  4.799E-30  5.766E-19
4.487E+03  4.980E-30  5.927E-19
4.446E+03  5.167E-30  6.094E-19
4.406E+03  5.361E-30  6.265E-19
4.365E+03  5.563E-30  6.441E-19
4.325E+03  5.772E-30  6.622E-19
4.285E+03  5.990E-30  6.809E-19
4.246E+03  6.215E-30  7.001E-19
4.207E+03  6.450E-30  7.198E-19
4.169E+03  6.693E-30  7.401E-19
4.130E+03  6.946E-30  7.610E-19
4.093E+03  7.208E-30  7.825E-19
4.055E+03  7.480E-30  8.046E-19
4.018E+03  7.763E-30  8.274E-19
3.981E+03  8.056E-30  8.507E-19
3.945E+03  8.360E-30  8.748E-19
3.908E+03  8.676E-30  8.995E-19
3.873E+03  9.004E-30  9.250E-19
3.837E+03  9.345E-30  9.511E-19
3.802E+03  9.699E-30  9.781E-19
3.767E+03  1.007E-29  1.006E-18
3.733E+03  1.045E-29  1.034E-18
3.698E+03  1.084E-29  1.064E-18
3.664E+03  1.126E-29  1.094E-18
3.631E+03  1.168E-29  1.125E-18
3.597E+03  1.213E-29  1.157E-18
3.565E+03  1.259E-29  1.190E-18
3.532E+03  1.307E-29  1.224E-18
3.499E+03  1.356E-29  1.259E-18
3.467E+03  1.408E-29  1.295E-18
3.436E+03  1.462E-29  1.332E-18
3.404E+03  1.518E-29  1.370E-18
3.373E+03  1.575E-29  1.410E-18
3.342E+03  1.636E-29  1.450E-18
3.311E+03  1.698E-29  1.492E-18
3.281E+03  1.763E-29  1.534E-18
3.251E+03  1.830E-29  1.578E-18
3.221E+03  1.900E-29  1.624E-18
3.192E+03  1.973E-29  1.671E-18
3.162E+03  2.049E-29  1.719E-18
3.133E+03  2.127E-29  1.768E-18
3.105E+03  2.209E-29  1.819E-18
3.076E+03  2.294E-29  1.872E-18
3.048E+03  2.382E-29  1.926E-18
3.020E+03  2.473E-29  1.981E-18
2.992E+03  2.568E-29  2.038E-18
2.965E+03  2.666E-29  2.097E-18
2.938E+03  2.769E-29  2.157E-18
2.911E+03  2.875E-29  2.220E-18
2.884E+03  2.985E-29  2.284E-18
2.858E+03  3.100E-29  2.350E-18
2.831E+03  3.219E-29  2.417E-18
2.805E+03  3.343E-29  2.487E-18
2.780E+03  3.471E-29  2.559E-18
2.754E+03  3.605E-29  2.633E-18
2.729E+03  3.743E-29  2.710E-18
2.704E+03  3.888E-29  2.788E-18
2.679E+03  4.037E-29  2.869E-18
2.655E+03  4.193E-29  2.953E-18
2.630E+03  4.355E-29  3.038E-18
2.606E+03  4.523E-29  3.127E-18
2.582E+03  4.698E-29  3.218E-18
2.559E+03  4.879E-29  3.312E-18
2.535E+03  5.068E-29  3.408E-18
2.512E+03  5.264E-29  3.507E-18
2.489E+03  5.468E-29  3.610E-18
2.466E+03  5.680E-29  3.715E-18
2.443E+03  5.900E-29  3.824E-18
2.421E+03  6.128E-29  3.935E-18
2.399E+03  6.366E-29  4.051E-18
2.377E+03  6.613E-29  4.169E-18
2.355E+03  6.869E-29  4.291E-18
2.333E+03  7.136E-29  4.417E-18
2.312E+03  7.413E-29  4.546E-18
2.291E+03  7.701E-29  4.680E-18
2.270E+03  8.000E-29  4.817E-18
2.249E+03  8.312E-29  4.958E-18
2.228E+03  8.635E-29  5.104E-18
2.208E+03  8.971E-29  5.254E-18
2.188E+03  9.320E-29  5.409E-18
2.168E+03  9.683E-29  5.568E-18
2.148E+03  1.006E-28  5.731E-18
2.128E+03  1.045E-28  5.900E-18
2.109E+03  1.086E-28  6.074E-18
2.089E+03  1.128E-28  6.253E-18
2.070E+03  1.172E-28  6.437E-18
2.051E+03  1.218E-28  6.627E-18
2.032E+03  1.265E-28  6.822E-18
2.014E+03  1.315E-28  7.024E-18
1.995E+03  1.366E-28  7.231E-18
1.977E+03  1.419E-28  7.444E-18
1.959E+03  1.475E-28  7.664E-18
1.941E+03  1.532E-28  7.890E-18
1.923E+03  1.592E-28  8.123E-18
1.905E+03  1.655E-28  8.363E-18
1.888E+03  1.719E-28  8.610E-18
1.871E+03  1.786E-28  8.864E-18
1.854E+03  1.856E-28  9.126E-18
1.837E+03  1.929E-28  9.396E-18
1.820E+03  2.004E-28  9.674E-18
1.803E+03  2.083E-28  9.960E-18
1.786E+03  2.164E-28  1.025E-17
1.770E+03  2.249E-28  1.056E-17
1.754E+03  2.337E-28  1.087E-17
1.738E+03  2.428E-28  1.119E-17
1.722E+03  2.523E-28  1.152E-17
1.706E+03  2.622E-28  1.187E-17
1.690E+03  2.725E-28  1.222E-17
1.675E+03  2.831E-28  1.258E-17
1.660E+03  2.942E-28  1.295E-17
1.644E+03  3.058E-28  1.334E-17
1.629E+03  3.177E-28  1.373E-17
1.614E+03  3.302E-28  1.414E-17
1.600E+03  3.431E-28  1.456E-17
1.585E+03  3.565E-28  1.499E-17
1.570E+03  3.705E-28  1.543E-17
1.556E+03  3.850E-28  1.589E-17
1.542E+03  4.001E-28  1.636E-17
1.528E+03  4.158E-28  1.685E-17
1.514E+03  4.320E-28  1.735E-17
1.500E+03  4.490E-28  1.786E-17
1.486E+03  4.666E-28  1.839E-17
1.472E+03  4.848E-28  1.894E-17
1.459E+03  5.038E-28  1.950E-17
1.445E+03  5.236E-28  2.008E-17
1.432E+03  5.441E-28  2.067E-17
1.419E+03  5.654E-28  2.128E-17
1.406E+03  5.876E-28  2.192E-17
1.393E+03  6.106E-28  2.256E-17
1.380E+03  6.345E-28  2.323E-17
1.368E+03  6.594E-28  2.392E-17
1.355E+03  6.852E-28  2.463E-17
1.343E+03  7.121E-28  2.536E-17
1.330E+03  7.399E-28  2.611E-17
1.318E+03  7.689E-28  2.689E-17
1.306E+03  7.990E-28  2.768E-17
1.294E+03  8.303E-28  2.850E-17
1.282E+03  8.627E-28  2.935E-17
1.271E+03  8.965E-28  3.021E-17
1.259E+03  9.315E-28  3.111E-17
1.247E+03  9.679E-28  3.203E-17
1.236E+03  1.006E-27  3.297E-17
1.225E+03  1.045E-27  3.395E-17
1.213E+03  1.086E-27  3.495E-17
1.202E+03  1.128E-27  3.598E-17
1.191E+03  1.172E-27  3.704E-17
1.180E+03  1.218E-27  3.813E-17
1.169E+03  1.265E-27  3.926E-17
1.159E+03  1.315E-27  4.041E-17
1.148E+03  1.366E-27  4.160E-17
1.138E+03  1.419E-27  4.283E-17
1.127E+03  1.474E-27  4.409E-17
1.117E+03  1.532E-27  4.538E-17
1.107E+03  1.591E-27  4.671E-17
1.096E+03  1.653E-27  4.808E-17
1.086E+03  1.717E-27  4.949E-17
1.076E+03  1.784E-27  5.094E-17
1.067E+03  1.853E-27  5.243E-17
1.057E+03  1.925E-27  5.397E-17
1.047E+03  2.000E-27  5.554E-17
1.038E+03  2.077E-27  5.717E-17
1.028E+03  2.158E-27  5.883E-17
1.019E+03  2.241E-27  6.055E-17
1.009E+03  2.328E-27  6.231E-17
1.000E+03  2.417E-27  6.412E-17
9.908E+02  2.511E-27  6.599E-17
9.817E+02  2.608E-27  6.791E-17
9.727E+02  2.709E-27  6.989E-17
9.638E+02  2.813E-27  7.192E-17
9.550E+02  2.922E-27  7.401E-17
9.462E+02  3.034E-27  7.616E-17
9.376E+02  3.151E-27  7.836E-17
9.290E+02  3.272E-27  8.063E-17
9.204E+02  3.398E-27  8.296E-17
9.120E+02  3.529E-27  8.536E-17
9.036E+02  3.664E-27  8.782E-17
8.954E+02  3.804E-27  9.035E-17
8.872E+02  3.950E-27  9.295E-17
8.790E+02  4.101E-27  9.562E-17
8.710E+02  4.257E-27  9.836E-17
8.630E+02  4.420E-27  1.012E-16
8.551E+02  4.588E-27  1.041E-16
8.472E+02  4.763E-27  1.070E-16
8.395E+02  4.944E-27  1.101E-16
8.318E+02  5.132E-27  1.132E-16
8.241E+02  5.326E-27  1.164E-16
8.166E+02  5.528E-27  1.197E-16
8.091E+02  5.737E-27  1.231E-16
8.017E+02  5.954E-27  1.266E-16
7.943E+02  6.178E-27  1.302E-16
7.870E+02  6.411E-27  1.338E-16
7.798E+02  6.652E-27  1.376E-16
7.727E+02  6.903E-27  1.415E-16
7.656E+02  7.162E-27  1.454E-16
7.586E+02  7.431E-27  1.495E-16
7.516E+02  7.709E-27  1.537E-16
7.447E+02  7.998E-27  1.580E-16
7.379E+02  8.299E-27  1.624E-16
7.311E+02  8.610E-27  1.670E-16
7.244E+02  8.933E-27  1.717E-16
7.178E+02  9.267E-27  1.764E-16
7.112E+02  9.614E-27  1.814E-16
7.047E+02  9.974E-27  1.864E-16
6.982E+02  1.035E-26  1.916E-16
6.918E+02  1.073E-26  1.970E-16
6.855E+02  1.113E-26  2.025E-16
6.792E+02  1.155E-26  2.081E-16
6.730E+02  1.198E-26  2.138E-16
6.668E+02  1.242E-26  2.198E-16
6.607E+02  1.289E-26  2.258E-16
6.546E+02  1.337E-26  2.321E-16
6.486E+02  1.386E-26  2.385E-16
6.427E+02  1.438E-26  2.452E-16
6.368E+02  1.492E-26  2.520E-16
6.310E+02  1.547E-26  2.590E-16
6.252E+02  1.605E-26  2.661E-16
6.194E+02  1.665E-26  2.735E-16
6.138E+02  1.726E-26  2.811E-16
6.081E+02  1.791E-26  2.889E-16
6.026E+02  1.857E-26  2.968E-16
5.970E+02  1.926E-26  3.051E-16
5.916E+02  1.998E-26  3.135E-16
5.861E+02  2.072E-26  3.221E-16
5.808E+02  2.149E-26  3.310E-16
5.754E+02  2.228E-26  3.401E-16
5.702E+02  2.311E-26  3.495E-16
5.649E+02  2.396E-26  3.591E-16
5.598E+02  2.485E-26  3.690E-16
5.546E+02  2.577E-26  3.791E-16
5.495E+02  2.672E-26  3.895E-16
5.445E+02  2.771E-26  4.002E-16
5.395E+02  2.873E-26  4.112E-16
5.346E+02  2.979E-26  4.225E-16
5.297E+02  3.089E-26  4.340E-16
5.248E+02  3.203E-26  4.459E-16
5.200E+02  3.321E-26  4.581E-16
5.152E+02  3.443E-26  4.706E-16
5.105E+02  3.570E-26  4.834E-16
5.058E+02  3.701E-26  4.966E-16
5.012E+02  3.837E-26  5.101E-16
4.966E+02  3.978E-26  5.240E-16
4.920E+02  4.124E-26  5.382E-16
4.875E+02  4.275E-26  5.528E-16
4.831E+02  4.431E-26  5.678E-16
4.786E+02  4.593E-26  5.831E-16
4.742E+02  4.761E-26  5.989E-16
4.699E+02  4.934E-26  6.150E-16
4.656E+02  5.114E-26  6.316E-16
4.613E+02  5.300E-26  6.486E-16
4.571E+02  5.493E-26  6.660E-16
4.529E+02  5.692E-26  6.838E-16
4.487E+02  5.899E-26  7.021E-16
4.446E+02  6.112E-26  7.209E-16
4.406E+02  6.333E-26  7.401E-16
4.365E+02  6.562E-26  7.598E-16
4.325E+02  6.799E-26  7.800E-16
4.285E+02  7.044E-26  8.007E-16
4.246E+02  7.298E-26  8.220E-16
4.207E+02  7.560E-26  8.437E-16
4.169E+02  7.831E-26  8.660E-16
4.130E+02  8.112E-26  8.888E-16
4.093E+02  8.403E-26  9.122E-16
4.055E+02  8.703E-26  9.362E-16
4.018E+02  9.014E-26  9.607E-16
3.981E+02  9.336E-26  9.859E-16
3.945E+02  9.669E-26  1.012E-15
3.908E+02  1.001E-25  1.038E-15
3.873E+02  1.037E-25  1.065E-15
3.837E+02  1.074E-25  1.093E-15
3.802E+02  1.112E-25  1.121E-15
3.767E+02  1.151E-25  1.150E-15
3.733E+02  1.192E-25  1.180E-15
3.698E+02  1.234E-25  1.210E-15
3.664E+02  1.277E-25  1.241E-15
3.631E+02  1.322E-25  1.273E-15
3.597E+02  1.368E-25  1.306E-15
3.565E+02  1.416E-25  1.339E-15
3.532E+02  1.466E-25  1.373E-15
3.499E+02  1.517E-25  1.408E-15
3.467E+02  1.569E-25  1.443E-15
3.436E+02  1.624E-25  1.480E-15
3.404E+02  1.680E-25  1.517E-15
3.373E+02  1.738E-25  1.555E-15
3.342E+02  1.798E-25  1.594E-15
3.311E+02  1.860E-25  1.634E-15
3.281E+02  1.924E-25  1.674E-15
3.251E+02  1.990E-25  1.716E-15
3.221E+02  2.058E-25  1.758E-15
3.192E+02  2.128E-25  1.801E-15
3.162E+02  2.200E-25  1.845E-15
3.133E+02  2.274E-25  1.890E-15
3.105E+02  2.351E-25  1.936E-15
3.076E+02  2.430E-25  1.983E-15
3.048E+02  2.512E-25  2.031E-15
3.020E+02  2.596E-25  2.080E-15
2.992E+02  2.683E-25  2.130E-15
2.965E+02  2.772E-25  2.180E-15
2.938E+02  2.865E-25  2.232E-15
2.911E+02  2.959E-25  2.285E-15
2.884E+02  3.057E-25  2.339E-15
2.858E+02  3.158E-25  2.393E-15
2.831E+02  3.261E-25  2.449E-15
2.805E+02  3.368E-25  2.506E-15
2.780E+02  3.477E-25  2.564E-15
2.754E+02  3.590E-25  2.623E-15
2.729E+02  3.707E-25  2.683E-15
2.704E+02  3.827E-25  2.745E-15
2.679E+02  3.951E-25  2.808E-15
2.655E+02  4.078E-25  2.872E-15
2.630E+02  4.209E-25  2.937E-15
2.606E+02  4.344E-25  3.003E-15
2.582E+02  4.482E-25  3.070E-15
2.559E+02  4.624E-25  3.138E-15
2.535E+02  4.768E-25  3.206E-15
2.512E+02  4.916E-25  3.275E-15
2.489E+02  5.064E-25  3.343E-15
2.466E+02  5.212E-25  3.410E-15
2.443E+02  5.363E-25  3.476E-15
2.421E+02  5.516E-25  3.543E-15
2.399E+02  5.672E-25  3.609E-15
2.377E+02  5.827E-25  3.674E-15
2.355E+02  5.985E-25  3.739E-15
2.333E+02  6.147E-25  3.805E-15
2.312E+02  6.312E-25  3.871E-15
2.291E+02  6.481E-25  3.938E-15
2.270E+02  6.652E-25  4.005E-15
2.249E+02  6.827E-25  4.073E-15
2.228E+02  7.006E-25  4.141E-15
2.208E+02  7.188E-25  4.210E-15
2.188E+02  7.373E-25  4.279E-15
2.168E+02  7.562E-25  4.348E-15
2.148E+02  7.754E-25  4.418E-15
2.128E+02  7.950E-25  4.488E-15
2.109E+02  8.149E-25  4.558E-15
2.089E+02  8.351E-25  4.628E-15
2.070E+02  8.557E-25  4.699E-15
2.051E+02  8.765E-25  4.769E-15
2.032E+02  8.978E-25  4.840E-15
2.014E+02  9.194E-25  4.911E-15
1.995E+02  9.413E-25  4.982E-15
1.977E+02  9.636E-25  5.053E-15
1.959E+02  9.861E-25  5.124E-15
1.941E+02  1.009E-24  5.195E-15
1.923E+02  1.032E-24  5.266E-15
1.905E+02  1.056E-24  5.337E-15
1.888E+02  1.080E-24  5.408E-15
1.871E+02  1.104E-24  5.478E-15
1.854E+02  1.129E-24  5.549E-15
1.837E+02  1.154E-24  5.619E-15
1.820E+02  1.179E-24  5.690E-15
1.803E+02  1.204E-24  5.760E-15
1.786E+02  1.230E-24  5.830E-15
1.770E+02  1.256E-24  5.899E-15
1.754E+02  1.283E-24  5.969E-15
1.738E+02  1.310E-24  6.038E-15
1.722E+02  1.337E-24  6.107E-15
1.706E+02  1.365E-24  6.176E-15
1.690E+02  1.393E-24  6.244E-15
1.675E+02  1.421E-24  6.313E-15
1.660E+02  1.450E-24  6.381E-15
1.644E+02  1.479E-24  6.449E-15
1.629E+02  1.508E-24  6.517E-15
1.614E+02  1.538E-24  6.585E-15
1.600E+02  1.568E-24  6.653E-15
1.585E+02  1.599E-24  6.721E-15
1.570E+02  1.630E-24  6.790E-15
1.556E+02  1.662E-24  6.858E-15
1.542E+02  1.694E-24  6.928E-15
1.528E+02  1.727E-24  6.997E-15
1.514E+02  1.760E-24  7.068E-15
1.500E+02  1.795E-24  7.139E-15
1.486E+02  1.829E-24  7.211E-15
1.472E+02  1.865E-24  7.284E-15
1.459E+02  1.901E-24  7.356E-15
1.445E+02  1.937E-24  7.428E-15
1.432E+02  1.974E-24  7.497E-15
1.419E+02  2.009E-24  7.562E-15
1.406E+02  2.043E-24  7.620E-15
1.393E+02  2.075E-24  7.668E-15
1.380E+02  2.104E-24  7.705E-15
1.368E+02  2.131E-24  7.733E-15
1.355E+02  2.157E-24  7.752E-15
1.343E+02  2.180E-24  7.766E-15
1.330E+02  2.203E-24  7.776E-15
1.318E+02  2.226E-24  7.785E-15
1.306E+02  2.249E-24  7.793E-15
1.294E+02  2.273E-24  7.802E-15
1.282E+02  2.296E-24  7.811E-15
1.271E+02  2.320E-24  7.821E-15
1.259E+02  2.345E-24  7.831E-15
1.247E+02  2.370E-24  7.842E-15
1.236E+02  2.395E-24  7.853E-15
1.225E+02  2.421E-24  7.864E-15
1.213E+02  2.447E-24  7.875E-15
1.202E+02  2.473E-24  7.885E-15
1.191E+02  2.499E-24  7.896E-15
1.180E+02  2.525E-24  7.905E-15
1.169E+02  2.551E-24  7.913E-15
1.159E+02  2.577E-24  7.921E-15
1.148E+02  2.603E-24  7.928E-15
1.138E+02  2.629E-24  7.934E-15
1.127E+02  2.655E-24  7.939E-15
1.117E+02  2.681E-24  7.944E-15
1.107E+02  2.708E-24  7.948E-15
1.096E+02  2.734E-24  7.951E-15
1.086E+02  2.760E-24  7.954E-15
1.076E+02  2.786E-24  7.955E-15
1.067E+02  2.812E-24  7.955E-15
1.057E+02  2.838E-24  7.955E-15
1.047E+02  2.863E-24  7.953E-15
1.038E+02  2.889E-24  7.950E-15
1.028E+02  2.914E-24  7.946E-15
1.019E+02  2.939E-24  7.940E-15
1.009E+02  2.963E-24  7.932E-15
1.000E+02  2.987E-24  7.924E-15
9.908E+01  3.011E-24  7.914E-15
9.817E+01  3.035E-24  7.903E-15
9.727E+01  3.058E-24  7.890E-15
9.638E+01  3.081E-24  7.877E-15
9.550E+01  3.104E-24  7.862E-15
9.462E+01  3.126E-24  7.846E-15
9.376E+01  3.148E-24  7.828E-15
9.290E+01  3.169E-24  7.810E-15
9.204E+01  3.191E-24  7.790E-15
9.120E+01  3.211E-24  7.769E-15
9.036E+01  3.232E-24  7.747E-15
8.954E+01  3.252E-24  7.724E-15
8.872E+01  3.272E-24  7.700E-15
8.790E+01  3.292E-24  7.675E-15
8.710E+01  3.311E-24  7.649E-15
8.630E+01  3.330E-24  7.623E-15
8.551E+01  3.349E-24  7.596E-15
8.472E+01  3.367E-24  7.566E-15
8.395E+01  3.385E-24  7.537E-15
8.318E+01  3.402E-24  7.506E-15
8.241E+01  3.419E-24  7.474E-15
8.166E+01  3.436E-24  7.442E-15
8.091E+01  3.452E-24  7.409E-15
8.017E+01  3.468E-24  7.375E-15
7.943E+01  3.484E-24  7.340E-15
7.870E+01  3.499E-24  7.304E-15
7.798E+01  3.513E-24  7.267E-15
7.727E+01  3.527E-24  7.230E-15
7.656E+01  3.541E-24  7.192E-15
7.586E+01  3.555E-24  7.153E-15
7.516E+01  3.568E-24  7.113E-15
7.447E+01  3.580E-24  7.073E-15
7.379E+01  3.592E-24  7.031E-15
7.311E+01  3.604E-24  6.989E-15
7.244E+01  3.614E-24  6.946E-15
7.178E+01  3.625E-24  6.902E-15
7.112E+01  3.635E-24  6.858E-15
7.047E+01  3.645E-24  6.814E-15
6.982E+01  3.655E-24  6.770E-15
6.918E+01  3.665E-24  6.726E-15
6.855E+01  3.674E-24  6.680E-15
6.792E+01  3.682E-24  6.633E-15
6.730E+01  3.689E-24  6.586E-15
6.668E+01  3.697E-24  6.539E-15
6.607E+01  3.704E-24  6.492E-15
6.546E+01  3.711E-24  6.445E-15
6.486E+01  3.718E-24  6.397E-15
6.427E+01  3.724E-24  6.348E-15
6.368E+01  3.729E-24  6.299E-15
6.310E+01  3.735E-24  6.251E-15
6.252E+01  3.740E-24  6.202E-15
6.194E+01  3.745E-24  6.153E-15
6.138E+01  3.750E-24  6.105E-15
6.081E+01  3.754E-24  6.056E-15
6.026E+01  3.758E-24  6.006E-15
5.970E+01  3.761E-24  5.957E-15
5.916E+01  3.764E-24  5.907E-15
5.861E+01  3.767E-24  5.857E-15
5.808E+01  3.769E-24  5.806E-15
5.754E+01  3.771E-24  5.756E-15
5.702E+01  3.773E-24  5.706E-15
5.649E+01  3.774E-24  5.655E-15
5.598E+01  3.775E-24  5.605E-15
5.546E+01  3.776E-24  5.555E-15
5.495E+01  3.777E-24  5.506E-15
5.445E+01  3.778E-24  5.456E-15
5.395E+01  3.778E-24  5.407E-15
5.346E+01  3.778E-24  5.357E-15
5.297E+01  3.778E-24  5.308E-15
5.248E+01  3.778E-24  5.259E-15
5.200E+01  3.777E-24  5.210E-15
5.152E+01  3.776E-24  5.161E-15
5.105E+01  3.775E-24  5.111E-15
5.058E+01  3.773E-24  5.062E-15
5.012E+01  3.771E-24  5.014E-15
4.966E+01  3.769E-24  4.965E-15
4.920E+01  3.766E-24  4.916E-15
4.875E+01  3.764E-24  4.867E-15
4.831E+01  3.761E-24  4.819E-15
4.786E+01  3.758E-24  4.771E-15
4.742E+01  3.755E-24  4.723E-15
4.699E+01  3.751E-24  4.676E-15
4.656E+01  3.748E-24  4.628E-15
4.613E+01  3.744E-24  4.581E-15
4.571E+01  3.740E-24  4.534E-15
4.529E+01  3.736E-24  4.488E-15
4.487E+01  3.731E-24  4.441E-15
4.446E+01  3.727E-24  4.395E-15
4.406E+01  3.722E-24  4.349E-15
4.365E+01  3.716E-24  4.303E-15
4.325E+01  3.710E-24  4.257E-15
4.285E+01  3.704E-24  4.211E-15
4.246E+01  3.697E-24  4.164E-15
4.207E+01  3.690E-24  4.118E-15
4.169E+01  3.682E-24  4.071E-15
4.130E+01  3.673E-24  4.025E-15
4.093E+01  3.663E-24  3.977E-15
4.055E+01  3.653E-24  3.929E-15
4.018E+01  3.641E-24  3.881E-15
3.981E+01  3.629E-24  3.832E-15
3.945E+01  3.615E-24  3.783E-15
3.908E+01  3.600E-24  3.732E-15
3.873E+01  3.584E-24  3.681E-15
3.837E+01  3.566E-24  3.630E-15
3.802E+01  3.547E-24  3.577E-15
3.767E+01  3.526E-24  3.523E-15
3.733E+01  3.503E-24  3.468E-15
3.698E+01  3.477E-24  3.411E-15
3.664E+01  3.450E-24  3.353E-15
3.631E+01  3.420E-24  3.294E-15
3.597E+01  3.389E-24  3.234E-15
3.565E+01  3.356E-24  3.173E-15
3.532E+01  3.321E-24  3.111E-15
3.499E+01  3.283E-24  3.048E-15
3.467E+01  3.243E-24  2.983E-15
3.436E+01  3.202E-24  2.918E-15
3.404E+01  3.157E-24  2.851E-15
3.373E+01  3.111E-24  2.783E-15
3.342E+01  3.063E-24  2.715E-15
3.311E+01  3.013E-24  2.647E-15
3.281E+01  2.962E-24  2.577E-15
3.251E+01  2.908E-24  2.508E-15
3.221E+01  2.853E-24  2.438E-15
3.192E+01  2.796E-24  2.367E-15
3.162E+01  2.738E-24  2.297E-15
3.133E+01  2.679E-24  2.227E-15
3.105E+01  2.620E-24  2.157E-15
3.076E+01  2.559E-24  2.088E-15
3.048E+01  2.498E-24  2.020E-15
3.020E+01  2.437E-24  1.952E-15
2.992E+01  2.376E-24  1.886E-15
2.965E+01  2.315E-24  1.820E-15
2.938E+01  2.254E-24  1.756E-15
2.911E+01  2.194E-24  1.694E-15
2.884E+01  2.134E-24  1.633E-15
2.858E+01  2.076E-24  1.574E-15
2.831E+01  2.019E-24  1.516E-15
2.805E+01  1.963E-24  1.461E-15
2.780E+01  1.908E-24  1.407E-15
2.754E+01  1.855E-24  1.355E-15
2.729E+01  1.803E-24  1.305E-15
2.704E+01  1.752E-24  1.257E-15
2.679E+01  1.704E-24  1.211E-15
2.655E+01  1.656E-24  1.166E-15
2.630E+01  1.611E-24  1.124E-15
2.606E+01  1.567E-24  1.083E-15
2.582E+01  1.524E-24  1.044E-15
2.559E+01  1.483E-24  1.007E-15
2.535E+01  1.444E-24  9.707E-16
2.512E+01  1.406E-24  9.365E-16
2.489E+01  1.369E-24  9.037E-16
2.466E+01  1.333E-24  8.723E-16
2.443E+01  1.299E-24  8.422E-16
2.421E+01  1.266E-24  8.133E-16
2.399E+01  1.234E-24  7.854E-16
2.377E+01  1.204E-24  7.589E-16
2.355E+01  1.175E-24  7.341E-16
2.333E+01  1.147E-24  7.101E-16
2.312E+01  1.120E-24  6.866E-16
2.291E+01  1.093E-24  6.644E-16
2.270E+01  1.069E-24  6.438E-16
2.249E+01  1.047E-24  6.245E-16
2.228E+01  1.026E-24  6.063E-16
2.208E+01  1.005E-24  5.887E-16
2.188E+01  9.843E-25  5.712E-16
2.168E+01  9.639E-25  5.543E-16
2.148E+01  9.444E-25  5.381E-16
2.128E+01  9.264E-25  5.229E-16
2.109E+01  9.097E-25  5.088E-16
2.089E+01  8.934E-25  4.951E-16
2.070E+01  8.775E-25  4.819E-16
2.051E+01  8.621E-25  4.691E-16
2.032E+01  8.479E-25  4.571E-16
2.014E+01  8.360E-25  4.465E-16
1.995E+01  8.245E-25  4.364E-16
1.977E+01  8.133E-25  4.265E-16
1.959E+01  8.020E-25  4.167E-16
1.941E+01  7.909E-25  4.072E-16
1.923E+01  7.798E-25  3.978E-16
1.905E+01  7.691E-25  3.887E-16
1.888E+01  7.588E-25  3.800E-16
1.871E+01  7.494E-25  3.719E-16
1.854E+01  7.416E-25  3.646E-16
1.837E+01  7.365E-25  3.588E-16
1.820E+01  7.370E-25  3.558E-16
1.803E+01  7.532E-25  3.602E-16
1.786E+01  7.894E-25  3.741E-16
1.770E+01  7.749E-25  3.638E-16
1.754E+01  8.092E-25  3.765E-16
1.738E+01  9.301E-25  4.287E-16
1.722E+01  8.623E-25  3.938E-16
1.706E+01  8.431E-25  3.815E-16
1.690E+01  8.106E-25  3.635E-16
1.675E+01  7.680E-25  3.412E-16
1.660E+01  7.729E-25  3.402E-16
1.644E+01  8.864E-25  3.866E-16
1.629E+01  6.793E-25  2.936E-16
1.614E+01  6.032E-25  2.583E-16
1.600E+01  6.084E-25  2.581E-16
1.585E+01  5.972E-25  2.511E-16
1.570E+01  5.176E-25  2.156E-16
1.556E+01  4.756E-25  1.963E-16
1.542E+01  4.512E-25  1.845E-16
1.528E+01  4.337E-25  1.757E-16
1.514E+01  4.195E-25  1.684E-16
1.500E+01  4.078E-25  1.622E-16
1.486E+01  3.979E-25  1.568E-16
1.472E+01  3.900E-25  1.523E-16
1.459E+01  3.852E-25  1.491E-16
1.445E+01  3.866E-25  1.482E-16
1.432E+01  4.010E-25  1.523E-16
1.419E+01  4.176E-25  1.572E-16
1.406E+01  3.925E-25  1.464E-16
1.393E+01  3.733E-25  1.379E-16
1.380E+01  3.747E-25  1.372E-16
1.368E+01  4.024E-25  1.460E-16
1.355E+01  4.123E-25  1.482E-16
1.343E+01  3.840E-25  1.368E-16
1.330E+01  3.825E-25  1.350E-16
1.318E+01  3.989E-25  1.395E-16
1.306E+01  4.328E-25  1.500E-16
1.294E+01  4.922E-25  1.690E-16
1.282E+01  5.876E-25  1.999E-16
1.271E+01  7.050E-25  2.376E-16
1.259E+01  7.525E-25  2.513E-16
1.247E+01  6.801E-25  2.250E-16
1.236E+01  5.934E-25  1.945E-16
1.225E+01  5.561E-25  1.806E-16
1.213E+01  5.630E-25  1.812E-16
1.202E+01  5.780E-25  1.843E-16
1.191E+01  5.590E-25  1.766E-16
1.180E+01  5.207E-25  1.630E-16
1.169E+01  5.080E-25  1.576E-16
1.159E+01  5.527E-25  1.699E-16
1.148E+01  7.038E-25  2.143E-16
1.138E+01  1.020E-24  3.077E-16
1.127E+01  1.372E-24  4.102E-16
1.117E+01  9.648E-25  2.858E-16
1.107E+01  5.597E-25  1.643E-16
1.096E+01  4.175E-25  1.214E-16
1.086E+01  3.520E-25  1.014E-16
1.076E+01  3.177E-25  9.073E-17
1.067E+01  2.986E-25  8.449E-17
1.057E+01  2.878E-25  8.069E-17
1.047E+01  2.815E-25  7.820E-17
1.038E+01  2.775E-25  7.636E-17
1.028E+01  2.744E-25  7.482E-17
1.019E+01  2.719E-25  7.346E-17
1.009E+01  2.701E-25  7.231E-17
1.000E+01  2.693E-25  7.144E-17
9.908E+00  2.697E-25  7.089E-17
9.817E+00  2.712E-25  7.062E-17
9.727E+00  2.735E-25  7.058E-17
9.638E+00  2.766E-25  7.072E-17
9.550E+00  2.797E-25  7.084E-17
9.462E+00  2.823E-25  7.086E-17
9.376E+00  2.844E-25  7.072E-17
9.290E+00  2.861E-25  7.049E-17
9.204E+00  2.881E-25  7.035E-17
9.120E+00  2.921E-25  7.065E-17
9.036E+00  3.003E-25  7.198E-17
8.954E+00  3.170E-25  7.528E-17
8.872E+00  3.491E-25  8.214E-17
8.790E+00  4.078E-25  9.509E-17
8.710E+00  5.019E-25  1.160E-16
8.630E+00  5.881E-25  1.346E-16
8.551E+00  5.662E-25  1.284E-16
8.472E+00  4.914E-25  1.104E-16
8.395E+00  4.495E-25  1.001E-16
8.318E+00  4.387E-25  9.680E-17
8.241E+00  4.464E-25  9.759E-17
8.166E+00  4.790E-25  1.037E-16
8.091E+00  5.492E-25  1.179E-16
8.017E+00  6.659E-25  1.416E-16
7.943E+00  8.210E-25  1.730E-16
7.870E+00  9.591E-25  2.002E-16
7.798E+00  1.017E-24  2.103E-16
7.727E+00  1.044E-24  2.141E-16
7.656E+00  1.103E-24  2.240E-16
7.586E+00  1.078E-24  2.169E-16
7.516E+00  8.830E-25  1.760E-16
7.447E+00  6.647E-25  1.313E-16
7.379E+00  5.085E-25  9.953E-17
7.311E+00  4.050E-25  7.855E-17
7.244E+00  3.337E-25  6.413E-17
7.178E+00  2.822E-25  5.373E-17
7.112E+00  2.443E-25  4.610E-17
7.047E+00  2.169E-25  4.054E-17
6.982E+00  1.980E-25  3.668E-17
6.918E+00  1.868E-25  3.428E-17
6.855E+00  1.822E-25  3.313E-17
6.792E+00  1.822E-25  3.283E-17
6.730E+00  1.829E-25  3.265E-17
6.668E+00  1.798E-25  3.179E-17
6.607E+00  1.730E-25  3.032E-17
6.546E+00  1.685E-25  2.926E-17
6.486E+00  1.738E-25  2.991E-17
6.427E+00  1.983E-25  3.381E-17
6.368E+00  2.608E-25  4.405E-17
6.310E+00  4.035E-25  6.754E-17
6.252E+00  6.488E-25  1.076E-16
6.194E+00  6.583E-25  1.082E-16
6.138E+00  3.971E-25  6.465E-17
6.081E+00  2.353E-25  3.796E-17
6.026E+00  1.601E-25  2.558E-17
5.970E+00  1.241E-25  1.966E-17
5.916E+00  1.078E-25  1.691E-17
5.861E+00  1.044E-25  1.622E-17
5.808E+00  1.130E-25  1.740E-17
5.754E+00  1.322E-25  2.017E-17
5.702E+00  1.432E-25  2.166E-17
5.649E+00  1.231E-25  1.844E-17
5.598E+00  9.355E-26  1.389E-17
5.546E+00  7.315E-26  1.076E-17
5.495E+00  6.126E-26  8.929E-18
5.445E+00  5.482E-26  7.917E-18
5.395E+00  5.243E-26  7.503E-18
5.346E+00  5.456E-26  7.737E-18
5.297E+00  6.284E-26  8.828E-18
5.248E+00  6.889E-26  9.590E-18
5.200E+00  5.721E-26  7.891E-18
5.152E+00  4.508E-26  6.161E-18
5.105E+00  3.843E-26  5.204E-18
5.058E+00  3.472E-26  4.658E-18
5.012E+00  3.240E-26  4.308E-18
4.966E+00  3.080E-26  4.058E-18
4.920E+00  2.962E-26  3.866E-18
4.875E+00  2.869E-26  3.710E-18
4.831E+00  2.793E-26  3.579E-18
4.786E+00  2.730E-26  3.466E-18
4.742E+00  2.676E-26  3.367E-18
4.699E+00  2.630E-26  3.278E-18
4.656E+00  2.590E-26  3.198E-18
4.613E+00  2.554E-26  3.125E-18
4.571E+00  2.523E-26  3.058E-18
4.529E+00  2.495E-26  2.997E-18
4.487E+00  2.470E-26  2.940E-18
4.446E+00  2.447E-26  2.886E-18
4.406E+00  2.427E-26  2.837E-18
4.365E+00  2.410E-26  2.790E-18
4.325E+00  2.394E-26  2.747E-18
4.285E+00  2.380E-26  2.706E-18
4.246E+00  2.368E-26  2.667E-18
4.207E+00  2.357E-26  2.631E-18
4.169E+00  2.348E-26  2.596E-18
4.130E+00  2.340E-26  2.564E-18
4.093E+00  2.333E-26  2.533E-18
4.055E+00  2.328E-26  2.504E-18
4.018E+00  2.324E-26  2.477E-18
3.981E+00  2.322E-26  2.452E-18
3.945E+00  2.322E-26  2.429E-18
3.908E+00  2.323E-26  2.409E-18
3.873E+00  2.328E-26  2.391E-18
3.837E+00  2.335E-26  2.377E-18
3.802E+00  2.346E-26  2.366E-18
3.767E+00  2.361E-26  2.359E-18
3.733E+00  2.382E-26  2.358E-18
3.698E+00  2.410E-26  2.364E-18
3.664E+00  2.447E-26  2.379E-18
3.631E+00  2.499E-26  2.406E-18
3.597E+00  2.569E-26  2.452E-18
3.565E+00  2.668E-26  2.523E-18
3.532E+00  2.812E-26  2.634E-18
3.499E+00  3.029E-26  2.812E-18
3.467E+00  3.379E-26  3.107E-18
3.436E+00  3.988E-26  3.634E-18
3.404E+00  5.189E-26  4.686E-18
3.373E+00  8.056E-26  7.207E-18
3.342E+00  1.756E-25  1.557E-17
3.311E+00  6.477E-25  5.689E-17
3.281E+00  4.456E-25  3.878E-17
3.251E+00  1.323E-25  1.141E-17
3.221E+00  6.678E-26  5.706E-18
3.192E+00  4.507E-26  3.816E-18
3.162E+00  3.548E-26  2.976E-18
3.133E+00  3.044E-26  2.530E-18
3.105E+00  2.746E-26  2.262E-18
3.076E+00  2.556E-26  2.086E-18
3.048E+00  2.426E-26  1.961E-18
3.020E+00  2.333E-26  1.869E-18
2.992E+00  2.263E-26  1.796E-18
2.965E+00  2.210E-26  1.738E-18
2.938E+00  2.167E-26  1.688E-18
2.911E+00  2.131E-26  1.646E-18
2.884E+00  2.102E-26  1.608E-18
2.858E+00  2.077E-26  1.574E-18
2.831E+00  2.055E-26  1.543E-18
2.805E+00  2.035E-26  1.514E-18
2.780E+00  2.017E-26  1.488E-18
2.754E+00  2.001E-26  1.462E-18
2.729E+00  1.986E-26  1.438E-18
2.704E+00  1.972E-26  1.415E-18
2.679E+00  1.959E-26  1.392E-18
2.655E+00  1.946E-26  1.370E-18
2.630E+00  1.934E-26  1.349E-18
2.606E+00  1.922E-26  1.329E-18
2.582E+00  1.910E-26  1.308E-18
2.559E+00  1.899E-26  1.289E-18
2.535E+00  1.888E-26  1.269E-18
2.512E+00  1.876E-26  1.250E-18
2.489E+00  1.865E-26  1.231E-18
2.466E+00  1.854E-26  1.213E-18
2.443E+00  1.843E-26  1.195E-18
2.421E+00  1.832E-26  1.176E-18
2.399E+00  1.821E-26  1.159E-18
2.377E+00  1.810E-26  1.141E-18
2.355E+00  1.799E-26  1.124E-18
2.333E+00  1.787E-26  1.106E-18
2.312E+00  1.776E-26  1.089E-18
2.291E+00  1.764E-26  1.072E-18
2.270E+00  1.753E-26  1.055E-18
2.249E+00  1.741E-26  1.039E-18
2.228E+00  1.729E-26  1.022E-18
2.208E+00  1.716E-26  1.005E-18
2.188E+00  1.704E-26  9.887E-19
2.168E+00  1.691E-26  9.721E-19
2.148E+00  1.677E-26  9.554E-19
2.128E+00  1.663E-26  9.386E-19
2.109E+00  1.648E-26  9.216E-19
2.089E+00  1.632E-26  9.043E-19
2.070E+00  1.614E-26  8.865E-19
2.051E+00  1.596E-26  8.681E-19
2.032E+00  1.575E-26  8.490E-19
2.014E+00  1.552E-26  8.289E-19
1.995E+00  1.526E-26  8.077E-19
1.977E+00  1.497E-26  7.853E-19
1.959E+00  1.467E-26  7.622E-19
1.941E+00  1.437E-26  7.399E-19
1.923E+00  1.413E-26  7.207E-19
1.905E+00  1.399E-26  7.073E-19
1.888E+00  1.399E-26  7.004E-19
1.871E+00  1.407E-26  6.981E-19
1.854E+00  1.418E-26  6.971E-19
1.837E+00  1.427E-26  6.954E-19
1.820E+00  1.433E-26  6.919E-19
1.803E+00  1.436E-26  6.867E-19
1.786E+00  1.435E-26  6.800E-19
1.770E+00  1.432E-26  6.722E-19
1.754E+00  1.427E-26  6.637E-19
1.738E+00  1.420E-26  6.546E-19
1.722E+00  1.413E-26  6.452E-19
1.706E+00  1.405E-26  6.356E-19
1.690E+00  1.396E-26  6.259E-19
1.675E+00  1.387E-26  6.162E-19
1.660E+00  1.378E-26  6.065E-19
1.644E+00  1.368E-26  5.969E-19
1.629E+00  1.359E-26  5.873E-19
1.614E+00  1.350E-26  5.779E-19
1.600E+00  1.340E-26  5.687E-19
1.585E+00  1.331E-26  5.597E-19
1.570E+00  1.323E-26  5.509E-19
1.556E+00  1.314E-26  5.425E-19
1.542E+00  1.307E-26  5.343E-19
1.528E+00  1.299E-26  5.265E-19
1.514E+00  1.293E-26  5.192E-19
1.500E+00  1.288E-26  5.122E-19
1.486E+00  1.283E-26  5.058E-19
1.472E+00  1.280E-26  5.000E-19
1.459E+00  1.279E-26  4.949E-19
1.445E+00  1.280E-26  4.906E-19
1.432E+00  1.282E-26  4.872E-19
1.419E+00  1.288E-26  4.848E-19
1.406E+00  1.297E-26  4.837E-19
1.393E+00  1.310E-26  4.841E-19
1.380E+00  1.328E-26  4.861E-19
1.368E+00  1.351E-26  4.902E-19
1.355E+00  1.382E-26  4.966E-19
1.343E+00  1.420E-26  5.056E-19
1.330E+00  1.466E-26  5.173E-19
1.318E+00  1.519E-26  5.313E-19
1.306E+00  1.577E-26  5.464E-19
1.294E+00  1.631E-26  5.600E-19
1.282E+00  1.671E-26  5.683E-19
1.271E+00  1.680E-26  5.663E-19
1.259E+00  1.650E-26  5.509E-19
1.247E+00  1.579E-26  5.225E-19
1.236E+00  1.482E-26  4.857E-19
1.225E+00  1.374E-26  4.465E-19
1.213E+00  1.272E-26  4.095E-19
1.202E+00  1.183E-26  3.773E-19
1.191E+00  1.109E-26  3.506E-19
1.180E+00  1.051E-26  3.291E-19
1.169E+00  1.007E-26  3.123E-19
1.159E+00  9.748E-27  2.996E-19
1.148E+00  9.547E-27  2.908E-19
1.138E+00  9.463E-27  2.856E-19
1.127E+00  9.509E-27  2.843E-19
1.117E+00  9.712E-27  2.877E-19
1.107E+00  1.012E-26  2.972E-19
1.096E+00  1.083E-26  3.150E-19
1.086E+00  1.195E-26  3.443E-19
1.076E+00  1.360E-26  3.883E-19
1.067E+00  1.569E-26  4.440E-19
1.057E+00  1.737E-26  4.871E-19
1.047E+00  1.707E-26  4.742E-19
1.038E+00  1.463E-26  4.027E-19
1.028E+00  1.174E-26  3.202E-19
1.019E+00  9.482E-27  2.562E-19
1.009E+00  7.928E-27  2.123E-19
1.000E+00  6.879E-27  1.825E-19
