Dust emission from Draine & Li (2007): ApJ 657, 810-837
================================================================
         9 = grain model
 4.000E-08 4.000E-01 2.500E-06 = a_01 (cm) , sigma_1 , b_C1/0.92
 2.500E-07 4.000E-01 2.500E-06 = a_02 (cm) , sigma_2 , b_C2/0.92
 5.000E-01 1.000E+05 2.000E+00 = Umin , Umax, beta (dN/dU propto U^{-beta})
 6.103E+00 = <U> 
     mmp83 = radfield
 5.750E-24 = power/H (erg s-1)
 band   nu*P_nu(band) j_nu(band)
 (um)   (erg s-1 H-1)(Jy cm2 sr-1 H-1)
1.270E+00  1.062E-26  3.576E-19 COBE-DIRBE
2.220E+00  1.396E-26  8.218E-19 COBE-DIRBE
3.530E+00  5.812E-26  5.442E-18 COBE-DIRBE
4.880E+00  2.799E-26  3.623E-18 COBE-DIRBE
1.229E+01  5.027E-25  1.639E-16 COBE-DIRBE
2.079E+01  1.307E-24  7.207E-16 COBE-DIRBE
5.599E+01  2.641E-24  3.922E-15 COBE-DIRBE
9.770E+01  2.039E-24  5.284E-15 COBE-DIRBE
1.479E+02  1.331E-24  5.221E-15 COBE-DIRBE
2.479E+02  4.475E-25  2.942E-15 COBE-DIRBE
1.200E+01  4.629E-25  1.474E-16 IRAS
2.500E+01  1.602E-24  1.062E-15 IRAS
6.000E+01  2.593E-24  4.127E-15 IRAS
1.000E+02  2.001E-24  5.308E-15 IRAS
3.550E+00  6.671E-26  6.281E-18 SST-IRAC
4.493E+00  2.144E-26  2.555E-18 SST-IRAC
5.731E+00  1.471E-25  2.236E-17 SST-IRAC
7.872E+00  4.712E-25  9.840E-17 SST-IRAC
2.368E+01  1.539E-24  9.669E-16 SST-MIPS
7.142E+01  2.220E-24  4.206E-15 SST-MIPS
1.559E+02  1.160E-24  4.798E-15 SST-MIPS
1.600E+01  6.732E-25  2.857E-16 SST-IRSPU
2.200E+01  1.504E-24  8.779E-16 SST-IRSPU











lambda    nu*dP/dnu     j_nu
 (um)   (erg s-1 H-1)(Jy cm2 sr-1 H-1)
1.000E+04  1.996E-31  5.295E-20
9.908E+03  2.069E-31  5.438E-20
9.817E+03  2.144E-31  5.584E-20
9.727E+03  2.222E-31  5.734E-20
9.638E+03  2.303E-31  5.888E-20
9.550E+03  2.387E-31  6.046E-20
9.462E+03  2.474E-31  6.208E-20
9.376E+03  2.564E-31  6.375E-20
9.290E+03  2.657E-31  6.547E-20
9.204E+03  2.753E-31  6.723E-20
9.120E+03  2.854E-31  6.903E-20
9.036E+03  2.957E-31  7.089E-20
8.954E+03  3.065E-31  7.278E-20
8.872E+03  3.175E-31  7.472E-20
8.790E+03  3.290E-31  7.672E-20
8.710E+03  3.409E-31  7.877E-20
8.630E+03  3.533E-31  8.087E-20
8.551E+03  3.661E-31  8.303E-20
8.472E+03  3.794E-31  8.525E-20
8.395E+03  3.931E-31  8.754E-20
8.318E+03  4.074E-31  8.988E-20
8.241E+03  4.222E-31  9.229E-20
8.166E+03  4.375E-31  9.477E-20
8.091E+03  4.534E-31  9.732E-20
8.017E+03  4.699E-31  9.993E-20
7.943E+03  4.870E-31  1.026E-19
7.870E+03  5.048E-31  1.054E-19
7.798E+03  5.232E-31  1.082E-19
7.727E+03  5.422E-31  1.111E-19
7.656E+03  5.620E-31  1.141E-19
7.586E+03  5.825E-31  1.172E-19
7.516E+03  6.038E-31  1.204E-19
7.447E+03  6.259E-31  1.236E-19
7.379E+03  6.488E-31  1.270E-19
7.311E+03  6.725E-31  1.304E-19
7.244E+03  6.971E-31  1.340E-19
7.178E+03  7.226E-31  1.376E-19
7.112E+03  7.491E-31  1.413E-19
7.047E+03  7.766E-31  1.452E-19
6.982E+03  8.050E-31  1.491E-19
6.918E+03  8.345E-31  1.531E-19
6.855E+03  8.651E-31  1.573E-19
6.792E+03  8.968E-31  1.616E-19
6.730E+03  9.297E-31  1.660E-19
6.668E+03  9.638E-31  1.705E-19
6.607E+03  9.992E-31  1.751E-19
6.546E+03  1.036E-30  1.799E-19
6.486E+03  1.074E-30  1.848E-19
6.427E+03  1.113E-30  1.898E-19
6.368E+03  1.154E-30  1.950E-19
6.310E+03  1.197E-30  2.003E-19
6.252E+03  1.241E-30  2.058E-19
6.194E+03  1.287E-30  2.114E-19
6.138E+03  1.334E-30  2.172E-19
6.081E+03  1.384E-30  2.232E-19
6.026E+03  1.435E-30  2.293E-19
5.970E+03  1.488E-30  2.356E-19
5.916E+03  1.543E-30  2.421E-19
5.861E+03  1.600E-30  2.487E-19
5.808E+03  1.659E-30  2.555E-19
5.754E+03  1.720E-30  2.626E-19
5.702E+03  1.784E-30  2.698E-19
5.649E+03  1.850E-30  2.772E-19
5.598E+03  1.919E-30  2.849E-19
5.546E+03  1.990E-30  2.927E-19
5.495E+03  2.064E-30  3.008E-19
5.445E+03  2.140E-30  3.091E-19
5.395E+03  2.220E-30  3.177E-19
5.346E+03  2.302E-30  3.265E-19
5.297E+03  2.388E-30  3.355E-19
5.248E+03  2.477E-30  3.448E-19
5.200E+03  2.569E-30  3.544E-19
5.152E+03  2.665E-30  3.642E-19
5.105E+03  2.764E-30  3.743E-19
5.058E+03  2.867E-30  3.847E-19
5.012E+03  2.974E-30  3.954E-19
4.966E+03  3.085E-30  4.063E-19
4.920E+03  3.200E-30  4.176E-19
4.875E+03  3.319E-30  4.292E-19
4.831E+03  3.443E-30  4.412E-19
4.786E+03  3.572E-30  4.534E-19
4.742E+03  3.705E-30  4.661E-19
4.699E+03  3.844E-30  4.791E-19
4.656E+03  3.987E-30  4.924E-19
4.613E+03  4.137E-30  5.062E-19
4.571E+03  4.292E-30  5.203E-19
4.529E+03  4.452E-30  5.349E-19
4.487E+03  4.619E-30  5.498E-19
4.446E+03  4.793E-30  5.652E-19
4.406E+03  4.972E-30  5.811E-19
4.365E+03  5.159E-30  5.974E-19
4.325E+03  5.353E-30  6.141E-19
4.285E+03  5.554E-30  6.314E-19
4.246E+03  5.763E-30  6.491E-19
4.207E+03  5.980E-30  6.674E-19
4.169E+03  6.205E-30  6.861E-19
4.130E+03  6.439E-30  7.054E-19
4.093E+03  6.681E-30  7.253E-19
4.055E+03  6.933E-30  7.458E-19
4.018E+03  7.195E-30  7.668E-19
3.981E+03  7.466E-30  7.884E-19
3.945E+03  7.747E-30  8.106E-19
3.908E+03  8.039E-30  8.334E-19
3.873E+03  8.342E-30  8.570E-19
3.837E+03  8.657E-30  8.811E-19
3.802E+03  8.984E-30  9.060E-19
3.767E+03  9.324E-30  9.317E-19
3.733E+03  9.676E-30  9.580E-19
3.698E+03  1.004E-29  9.852E-19
3.664E+03  1.042E-29  1.013E-18
3.631E+03  1.082E-29  1.042E-18
3.597E+03  1.123E-29  1.071E-18
3.565E+03  1.165E-29  1.102E-18
3.532E+03  1.210E-29  1.133E-18
3.499E+03  1.256E-29  1.165E-18
3.467E+03  1.303E-29  1.199E-18
3.436E+03  1.353E-29  1.233E-18
3.404E+03  1.404E-29  1.268E-18
3.373E+03  1.458E-29  1.304E-18
3.342E+03  1.513E-29  1.341E-18
3.311E+03  1.571E-29  1.380E-18
3.281E+03  1.631E-29  1.419E-18
3.251E+03  1.693E-29  1.460E-18
3.221E+03  1.757E-29  1.502E-18
3.192E+03  1.825E-29  1.545E-18
3.162E+03  1.894E-29  1.589E-18
3.133E+03  1.967E-29  1.635E-18
3.105E+03  2.042E-29  1.681E-18
3.076E+03  2.120E-29  1.730E-18
3.048E+03  2.201E-29  1.779E-18
3.020E+03  2.285E-29  1.831E-18
2.992E+03  2.373E-29  1.883E-18
2.965E+03  2.463E-29  1.937E-18
2.938E+03  2.557E-29  1.993E-18
2.911E+03  2.655E-29  2.050E-18
2.884E+03  2.757E-29  2.109E-18
2.858E+03  2.862E-29  2.170E-18
2.831E+03  2.972E-29  2.232E-18
2.805E+03  3.086E-29  2.296E-18
2.780E+03  3.204E-29  2.362E-18
2.754E+03  3.327E-29  2.431E-18
2.729E+03  3.455E-29  2.501E-18
2.704E+03  3.587E-29  2.573E-18
2.679E+03  3.725E-29  2.647E-18
2.655E+03  3.868E-29  2.724E-18
2.630E+03  4.017E-29  2.803E-18
2.606E+03  4.171E-29  2.884E-18
2.582E+03  4.332E-29  2.967E-18
2.559E+03  4.499E-29  3.053E-18
2.535E+03  4.672E-29  3.142E-18
2.512E+03  4.852E-29  3.233E-18
2.489E+03  5.039E-29  3.327E-18
2.466E+03  5.234E-29  3.423E-18
2.443E+03  5.435E-29  3.523E-18
2.421E+03  5.645E-29  3.625E-18
2.399E+03  5.863E-29  3.731E-18
2.377E+03  6.090E-29  3.840E-18
2.355E+03  6.325E-29  3.951E-18
2.333E+03  6.570E-29  4.067E-18
2.312E+03  6.824E-29  4.185E-18
2.291E+03  7.088E-29  4.307E-18
2.270E+03  7.362E-29  4.433E-18
2.249E+03  7.647E-29  4.562E-18
2.228E+03  7.944E-29  4.696E-18
2.208E+03  8.251E-29  4.833E-18
2.188E+03  8.571E-29  4.974E-18
2.168E+03  8.904E-29  5.120E-18
2.148E+03  9.249E-29  5.269E-18
2.128E+03  9.608E-29  5.424E-18
2.109E+03  9.980E-29  5.582E-18
2.089E+03  1.037E-28  5.746E-18
2.070E+03  1.077E-28  5.914E-18
2.051E+03  1.119E-28  6.087E-18
2.032E+03  1.162E-28  6.266E-18
2.014E+03  1.207E-28  6.450E-18
1.995E+03  1.254E-28  6.639E-18
1.977E+03  1.303E-28  6.833E-18
1.959E+03  1.354E-28  7.034E-18
1.941E+03  1.406E-28  7.240E-18
1.923E+03  1.461E-28  7.452E-18
1.905E+03  1.518E-28  7.671E-18
1.888E+03  1.577E-28  7.896E-18
1.871E+03  1.638E-28  8.128E-18
1.854E+03  1.702E-28  8.366E-18
1.837E+03  1.768E-28  8.612E-18
1.820E+03  1.837E-28  8.865E-18
1.803E+03  1.908E-28  9.126E-18
1.786E+03  1.982E-28  9.394E-18
1.770E+03  2.060E-28  9.670E-18
1.754E+03  2.140E-28  9.954E-18
1.738E+03  2.223E-28  1.025E-17
1.722E+03  2.310E-28  1.055E-17
1.706E+03  2.399E-28  1.086E-17
1.690E+03  2.493E-28  1.118E-17
1.675E+03  2.590E-28  1.151E-17
1.660E+03  2.691E-28  1.185E-17
1.644E+03  2.796E-28  1.219E-17
1.629E+03  2.904E-28  1.255E-17
1.614E+03  3.017E-28  1.292E-17
1.600E+03  3.135E-28  1.330E-17
1.585E+03  3.257E-28  1.369E-17
1.570E+03  3.384E-28  1.410E-17
1.556E+03  3.516E-28  1.451E-17
1.542E+03  3.652E-28  1.494E-17
1.528E+03  3.794E-28  1.538E-17
1.514E+03  3.942E-28  1.583E-17
1.500E+03  4.095E-28  1.629E-17
1.486E+03  4.255E-28  1.677E-17
1.472E+03  4.421E-28  1.726E-17
1.459E+03  4.593E-28  1.777E-17
1.445E+03  4.772E-28  1.829E-17
1.432E+03  4.957E-28  1.883E-17
1.419E+03  5.150E-28  1.939E-17
1.406E+03  5.351E-28  1.996E-17
1.393E+03  5.559E-28  2.054E-17
1.380E+03  5.775E-28  2.115E-17
1.368E+03  6.000E-28  2.177E-17
1.355E+03  6.233E-28  2.241E-17
1.343E+03  6.475E-28  2.306E-17
1.330E+03  6.727E-28  2.374E-17
1.318E+03  6.989E-28  2.444E-17
1.306E+03  7.260E-28  2.515E-17
1.294E+03  7.542E-28  2.589E-17
1.282E+03  7.835E-28  2.665E-17
1.271E+03  8.139E-28  2.743E-17
1.259E+03  8.455E-28  2.823E-17
1.247E+03  8.782E-28  2.906E-17
1.236E+03  9.123E-28  2.991E-17
1.225E+03  9.476E-28  3.078E-17
1.213E+03  9.843E-28  3.168E-17
1.202E+03  1.022E-27  3.261E-17
1.191E+03  1.062E-27  3.356E-17
1.180E+03  1.103E-27  3.454E-17
1.169E+03  1.146E-27  3.554E-17
1.159E+03  1.190E-27  3.658E-17
1.148E+03  1.236E-27  3.764E-17
1.138E+03  1.284E-27  3.874E-17
1.127E+03  1.333E-27  3.986E-17
1.117E+03  1.385E-27  4.102E-17
1.107E+03  1.438E-27  4.221E-17
1.096E+03  1.493E-27  4.343E-17
1.086E+03  1.551E-27  4.469E-17
1.076E+03  1.610E-27  4.599E-17
1.067E+03  1.672E-27  4.731E-17
1.057E+03  1.737E-27  4.868E-17
1.047E+03  1.803E-27  5.009E-17
1.038E+03  1.872E-27  5.153E-17
1.028E+03  1.944E-27  5.301E-17
1.019E+03  2.019E-27  5.454E-17
1.009E+03  2.096E-27  5.611E-17
1.000E+03  2.176E-27  5.772E-17
9.908E+02  2.259E-27  5.938E-17
9.817E+02  2.346E-27  6.108E-17
9.727E+02  2.435E-27  6.283E-17
9.638E+02  2.528E-27  6.464E-17
9.550E+02  2.625E-27  6.649E-17
9.462E+02  2.725E-27  6.839E-17
9.376E+02  2.828E-27  7.034E-17
9.290E+02  2.936E-27  7.235E-17
9.204E+02  3.048E-27  7.441E-17
9.120E+02  3.163E-27  7.653E-17
9.036E+02  3.283E-27  7.870E-17
8.954E+02  3.408E-27  8.093E-17
8.872E+02  3.537E-27  8.323E-17
8.790E+02  3.670E-27  8.558E-17
8.710E+02  3.809E-27  8.799E-17
8.630E+02  3.952E-27  9.047E-17
8.551E+02  4.101E-27  9.302E-17
8.472E+02  4.255E-27  9.563E-17
8.395E+02  4.415E-27  9.831E-17
8.318E+02  4.580E-27  1.011E-16
8.241E+02  4.752E-27  1.039E-16
8.166E+02  4.930E-27  1.068E-16
8.091E+02  5.114E-27  1.097E-16
8.017E+02  5.304E-27  1.128E-16
7.943E+02  5.502E-27  1.159E-16
7.870E+02  5.706E-27  1.191E-16
7.798E+02  5.918E-27  1.224E-16
7.727E+02  6.138E-27  1.258E-16
7.656E+02  6.365E-27  1.293E-16
7.586E+02  6.601E-27  1.328E-16
7.516E+02  6.844E-27  1.365E-16
7.447E+02  7.098E-27  1.402E-16
7.379E+02  7.360E-27  1.441E-16
7.311E+02  7.632E-27  1.480E-16
7.244E+02  7.914E-27  1.521E-16
7.178E+02  8.206E-27  1.562E-16
7.112E+02  8.509E-27  1.605E-16
7.047E+02  8.822E-27  1.649E-16
6.982E+02  9.147E-27  1.694E-16
6.918E+02  9.483E-27  1.740E-16
6.855E+02  9.832E-27  1.788E-16
6.792E+02  1.019E-26  1.836E-16
6.730E+02  1.057E-26  1.886E-16
6.668E+02  1.095E-26  1.937E-16
6.607E+02  1.135E-26  1.989E-16
6.546E+02  1.177E-26  2.043E-16
6.486E+02  1.220E-26  2.099E-16
6.427E+02  1.265E-26  2.156E-16
6.368E+02  1.311E-26  2.214E-16
6.310E+02  1.359E-26  2.274E-16
6.252E+02  1.409E-26  2.336E-16
6.194E+02  1.460E-26  2.399E-16
6.138E+02  1.513E-26  2.464E-16
6.081E+02  1.569E-26  2.530E-16
6.026E+02  1.626E-26  2.599E-16
5.970E+02  1.685E-26  2.669E-16
5.916E+02  1.747E-26  2.741E-16
5.861E+02  1.810E-26  2.814E-16
5.808E+02  1.876E-26  2.890E-16
5.754E+02  1.944E-26  2.968E-16
5.702E+02  2.015E-26  3.047E-16
5.649E+02  2.088E-26  3.129E-16
5.598E+02  2.164E-26  3.213E-16
5.546E+02  2.242E-26  3.299E-16
5.495E+02  2.323E-26  3.387E-16
5.445E+02  2.407E-26  3.477E-16
5.395E+02  2.494E-26  3.570E-16
5.346E+02  2.584E-26  3.665E-16
5.297E+02  2.678E-26  3.762E-16
5.248E+02  2.774E-26  3.862E-16
5.200E+02  2.874E-26  3.965E-16
5.152E+02  2.978E-26  4.070E-16
5.105E+02  3.085E-26  4.177E-16
5.058E+02  3.196E-26  4.288E-16
5.012E+02  3.310E-26  4.401E-16
4.966E+02  3.429E-26  4.517E-16
4.920E+02  3.552E-26  4.636E-16
4.875E+02  3.679E-26  4.757E-16
4.831E+02  3.810E-26  4.882E-16
4.786E+02  3.946E-26  5.010E-16
4.742E+02  4.087E-26  5.141E-16
4.699E+02  4.232E-26  5.275E-16
4.656E+02  4.382E-26  5.412E-16
4.613E+02  4.538E-26  5.553E-16
4.571E+02  4.698E-26  5.697E-16
4.529E+02  4.865E-26  5.844E-16
4.487E+02  5.037E-26  5.995E-16
4.446E+02  5.214E-26  6.150E-16
4.406E+02  5.398E-26  6.308E-16
4.365E+02  5.588E-26  6.470E-16
4.325E+02  5.784E-26  6.635E-16
4.285E+02  5.986E-26  6.805E-16
4.246E+02  6.196E-26  6.979E-16
4.207E+02  6.412E-26  7.156E-16
4.169E+02  6.636E-26  7.338E-16
4.130E+02  6.867E-26  7.524E-16
4.093E+02  7.106E-26  7.714E-16
4.055E+02  7.353E-26  7.909E-16
4.018E+02  7.608E-26  8.108E-16
3.981E+02  7.871E-26  8.312E-16
3.945E+02  8.143E-26  8.520E-16
3.908E+02  8.424E-26  8.734E-16
3.873E+02  8.715E-26  8.952E-16
3.837E+02  9.014E-26  9.175E-16
3.802E+02  9.324E-26  9.403E-16
3.767E+02  9.643E-26  9.635E-16
3.733E+02  9.972E-26  9.873E-16
3.698E+02  1.031E-25  1.012E-15
3.664E+02  1.066E-25  1.036E-15
3.631E+02  1.103E-25  1.062E-15
3.597E+02  1.140E-25  1.088E-15
3.565E+02  1.178E-25  1.114E-15
3.532E+02  1.218E-25  1.141E-15
3.499E+02  1.259E-25  1.169E-15
3.467E+02  1.301E-25  1.197E-15
3.436E+02  1.345E-25  1.226E-15
3.404E+02  1.390E-25  1.255E-15
3.373E+02  1.436E-25  1.285E-15
3.342E+02  1.484E-25  1.315E-15
3.311E+02  1.533E-25  1.346E-15
3.281E+02  1.583E-25  1.378E-15
3.251E+02  1.636E-25  1.410E-15
3.221E+02  1.689E-25  1.443E-15
3.192E+02  1.745E-25  1.477E-15
3.162E+02  1.802E-25  1.511E-15
3.133E+02  1.860E-25  1.546E-15
3.105E+02  1.920E-25  1.581E-15
3.076E+02  1.982E-25  1.618E-15
3.048E+02  2.046E-25  1.654E-15
3.020E+02  2.112E-25  1.692E-15
2.992E+02  2.180E-25  1.730E-15
2.965E+02  2.249E-25  1.769E-15
2.938E+02  2.321E-25  1.808E-15
2.911E+02  2.394E-25  1.848E-15
2.884E+02  2.470E-25  1.889E-15
2.858E+02  2.547E-25  1.931E-15
2.831E+02  2.627E-25  1.973E-15
2.805E+02  2.709E-25  2.016E-15
2.780E+02  2.793E-25  2.060E-15
2.754E+02  2.880E-25  2.104E-15
2.729E+02  2.969E-25  2.149E-15
2.704E+02  3.060E-25  2.195E-15
2.679E+02  3.155E-25  2.242E-15
2.655E+02  3.251E-25  2.289E-15
2.630E+02  3.351E-25  2.338E-15
2.606E+02  3.453E-25  2.387E-15
2.582E+02  3.557E-25  2.437E-15
2.559E+02  3.664E-25  2.486E-15
2.535E+02  3.772E-25  2.537E-15
2.512E+02  3.883E-25  2.587E-15
2.489E+02  3.994E-25  2.637E-15
2.466E+02  4.104E-25  2.685E-15
2.443E+02  4.216E-25  2.733E-15
2.421E+02  4.330E-25  2.781E-15
2.399E+02  4.445E-25  2.828E-15
2.377E+02  4.559E-25  2.875E-15
2.355E+02  4.676E-25  2.921E-15
2.333E+02  4.794E-25  2.967E-15
2.312E+02  4.915E-25  3.014E-15
2.291E+02  5.038E-25  3.061E-15
2.270E+02  5.163E-25  3.108E-15
2.249E+02  5.290E-25  3.156E-15
2.228E+02  5.419E-25  3.203E-15
2.208E+02  5.550E-25  3.251E-15
2.188E+02  5.684E-25  3.299E-15
2.168E+02  5.820E-25  3.346E-15
2.148E+02  5.957E-25  3.394E-15
2.128E+02  6.097E-25  3.442E-15
2.109E+02  6.239E-25  3.490E-15
2.089E+02  6.383E-25  3.538E-15
2.070E+02  6.529E-25  3.585E-15
2.051E+02  6.677E-25  3.633E-15
2.032E+02  6.827E-25  3.680E-15
2.014E+02  6.979E-25  3.728E-15
1.995E+02  7.133E-25  3.775E-15
1.977E+02  7.288E-25  3.822E-15
1.959E+02  7.446E-25  3.869E-15
1.941E+02  7.606E-25  3.916E-15
1.923E+02  7.767E-25  3.962E-15
1.905E+02  7.930E-25  4.008E-15
1.888E+02  8.096E-25  4.054E-15
1.871E+02  8.263E-25  4.100E-15
1.854E+02  8.431E-25  4.145E-15
1.837E+02  8.602E-25  4.191E-15
1.820E+02  8.775E-25  4.236E-15
1.803E+02  8.949E-25  4.280E-15
1.786E+02  9.125E-25  4.324E-15
1.770E+02  9.303E-25  4.368E-15
1.754E+02  9.483E-25  4.412E-15
1.738E+02  9.664E-25  4.455E-15
1.722E+02  9.847E-25  4.498E-15
1.706E+02  1.003E-24  4.540E-15
1.690E+02  1.022E-24  4.582E-15
1.675E+02  1.041E-24  4.624E-15
1.660E+02  1.060E-24  4.666E-15
1.644E+02  1.079E-24  4.707E-15
1.629E+02  1.099E-24  4.749E-15
1.614E+02  1.118E-24  4.790E-15
1.600E+02  1.138E-24  4.830E-15
1.585E+02  1.159E-24  4.871E-15
1.570E+02  1.179E-24  4.912E-15
1.556E+02  1.200E-24  4.953E-15
1.542E+02  1.221E-24  4.994E-15
1.528E+02  1.243E-24  5.036E-15
1.514E+02  1.265E-24  5.078E-15
1.500E+02  1.287E-24  5.120E-15
1.486E+02  1.310E-24  5.163E-15
1.472E+02  1.333E-24  5.206E-15
1.459E+02  1.356E-24  5.249E-15
1.445E+02  1.380E-24  5.291E-15
1.432E+02  1.403E-24  5.331E-15
1.419E+02  1.426E-24  5.368E-15
1.406E+02  1.448E-24  5.399E-15
1.393E+02  1.468E-24  5.424E-15
1.380E+02  1.486E-24  5.441E-15
1.368E+02  1.502E-24  5.451E-15
1.355E+02  1.517E-24  5.455E-15
1.343E+02  1.531E-24  5.455E-15
1.330E+02  1.545E-24  5.452E-15
1.318E+02  1.558E-24  5.449E-15
1.306E+02  1.572E-24  5.445E-15
1.294E+02  1.585E-24  5.442E-15
1.282E+02  1.599E-24  5.439E-15
1.271E+02  1.613E-24  5.437E-15
1.259E+02  1.628E-24  5.435E-15
1.247E+02  1.642E-24  5.434E-15
1.236E+02  1.657E-24  5.433E-15
1.225E+02  1.672E-24  5.432E-15
1.213E+02  1.687E-24  5.431E-15
1.202E+02  1.703E-24  5.430E-15
1.191E+02  1.718E-24  5.429E-15
1.180E+02  1.733E-24  5.427E-15
1.169E+02  1.749E-24  5.425E-15
1.159E+02  1.764E-24  5.422E-15
1.148E+02  1.779E-24  5.419E-15
1.138E+02  1.795E-24  5.416E-15
1.127E+02  1.810E-24  5.412E-15
1.117E+02  1.826E-24  5.409E-15
1.107E+02  1.841E-24  5.404E-15
1.096E+02  1.857E-24  5.400E-15
1.086E+02  1.872E-24  5.395E-15
1.076E+02  1.887E-24  5.389E-15
1.067E+02  1.903E-24  5.383E-15
1.057E+02  1.918E-24  5.376E-15
1.047E+02  1.933E-24  5.369E-15
1.038E+02  1.948E-24  5.361E-15
1.028E+02  1.963E-24  5.352E-15
1.019E+02  1.977E-24  5.343E-15
1.009E+02  1.992E-24  5.332E-15
1.000E+02  2.006E-24  5.322E-15
9.908E+01  2.020E-24  5.310E-15
9.817E+01  2.034E-24  5.298E-15
9.727E+01  2.048E-24  5.285E-15
9.638E+01  2.062E-24  5.271E-15
9.550E+01  2.075E-24  5.257E-15
9.462E+01  2.089E-24  5.242E-15
9.376E+01  2.102E-24  5.227E-15
9.290E+01  2.115E-24  5.211E-15
9.204E+01  2.128E-24  5.195E-15
9.120E+01  2.140E-24  5.178E-15
9.036E+01  2.153E-24  5.160E-15
8.954E+01  2.165E-24  5.142E-15
8.872E+01  2.177E-24  5.123E-15
8.790E+01  2.189E-24  5.105E-15
8.710E+01  2.201E-24  5.086E-15
8.630E+01  2.213E-24  5.066E-15
8.551E+01  2.225E-24  5.047E-15
8.472E+01  2.236E-24  5.026E-15
8.395E+01  2.248E-24  5.005E-15
8.318E+01  2.259E-24  4.984E-15
8.241E+01  2.270E-24  4.962E-15
8.166E+01  2.281E-24  4.941E-15
8.091E+01  2.292E-24  4.919E-15
8.017E+01  2.302E-24  4.896E-15
7.943E+01  2.313E-24  4.873E-15
7.870E+01  2.323E-24  4.850E-15
7.798E+01  2.333E-24  4.826E-15
7.727E+01  2.343E-24  4.802E-15
7.656E+01  2.353E-24  4.779E-15
7.586E+01  2.363E-24  4.754E-15
7.516E+01  2.372E-24  4.730E-15
7.447E+01  2.382E-24  4.705E-15
7.379E+01  2.391E-24  4.680E-15
7.311E+01  2.400E-24  4.654E-15
7.244E+01  2.409E-24  4.628E-15
7.178E+01  2.417E-24  4.602E-15
7.112E+01  2.426E-24  4.576E-15
7.047E+01  2.434E-24  4.550E-15
6.982E+01  2.443E-24  4.525E-15
6.918E+01  2.452E-24  4.499E-15
6.855E+01  2.460E-24  4.473E-15
6.792E+01  2.468E-24  4.446E-15
6.730E+01  2.476E-24  4.420E-15
6.668E+01  2.484E-24  4.393E-15
6.607E+01  2.492E-24  4.367E-15
6.546E+01  2.500E-24  4.341E-15
6.486E+01  2.507E-24  4.314E-15
6.427E+01  2.515E-24  4.287E-15
6.368E+01  2.522E-24  4.261E-15
6.310E+01  2.530E-24  4.234E-15
6.252E+01  2.538E-24  4.208E-15
6.194E+01  2.545E-24  4.182E-15
6.138E+01  2.553E-24  4.156E-15
6.081E+01  2.561E-24  4.130E-15
6.026E+01  2.568E-24  4.105E-15
5.970E+01  2.575E-24  4.079E-15
5.916E+01  2.583E-24  4.053E-15
5.861E+01  2.590E-24  4.027E-15
5.808E+01  2.597E-24  4.001E-15
5.754E+01  2.604E-24  3.975E-15
5.702E+01  2.611E-24  3.950E-15
5.649E+01  2.619E-24  3.924E-15
5.598E+01  2.626E-24  3.899E-15
5.546E+01  2.633E-24  3.874E-15
5.495E+01  2.641E-24  3.850E-15
5.445E+01  2.649E-24  3.825E-15
5.395E+01  2.656E-24  3.801E-15
5.346E+01  2.664E-24  3.778E-15
5.297E+01  2.672E-24  3.754E-15
5.248E+01  2.680E-24  3.730E-15
5.200E+01  2.688E-24  3.707E-15
5.152E+01  2.696E-24  3.684E-15
5.105E+01  2.703E-24  3.661E-15
5.058E+01  2.711E-24  3.638E-15
5.012E+01  2.720E-24  3.615E-15
4.966E+01  2.728E-24  3.593E-15
4.920E+01  2.736E-24  3.571E-15
4.875E+01  2.744E-24  3.549E-15
4.831E+01  2.752E-24  3.527E-15
4.786E+01  2.761E-24  3.505E-15
4.742E+01  2.770E-24  3.484E-15
4.699E+01  2.779E-24  3.463E-15
4.656E+01  2.788E-24  3.443E-15
4.613E+01  2.797E-24  3.423E-15
4.571E+01  2.806E-24  3.402E-15
4.529E+01  2.816E-24  3.383E-15
4.487E+01  2.825E-24  3.363E-15
4.446E+01  2.835E-24  3.344E-15
4.406E+01  2.845E-24  3.325E-15
4.365E+01  2.855E-24  3.306E-15
4.325E+01  2.865E-24  3.287E-15
4.285E+01  2.875E-24  3.268E-15
4.246E+01  2.885E-24  3.249E-15
4.207E+01  2.895E-24  3.230E-15
4.169E+01  2.904E-24  3.211E-15
4.130E+01  2.914E-24  3.192E-15
4.093E+01  2.923E-24  3.173E-15
4.055E+01  2.931E-24  3.153E-15
4.018E+01  2.940E-24  3.133E-15
3.981E+01  2.947E-24  3.112E-15
3.945E+01  2.955E-24  3.091E-15
3.908E+01  2.961E-24  3.070E-15
3.873E+01  2.967E-24  3.048E-15
3.837E+01  2.972E-24  3.025E-15
3.802E+01  2.976E-24  3.001E-15
3.767E+01  2.979E-24  2.977E-15
3.733E+01  2.980E-24  2.951E-15
3.698E+01  2.980E-24  2.923E-15
3.664E+01  2.978E-24  2.895E-15
3.631E+01  2.975E-24  2.865E-15
3.597E+01  2.970E-24  2.834E-15
3.565E+01  2.964E-24  2.802E-15
3.532E+01  2.956E-24  2.769E-15
3.499E+01  2.946E-24  2.735E-15
3.467E+01  2.934E-24  2.699E-15
3.436E+01  2.921E-24  2.662E-15
3.404E+01  2.905E-24  2.623E-15
3.373E+01  2.887E-24  2.583E-15
3.342E+01  2.867E-24  2.542E-15
3.311E+01  2.846E-24  2.500E-15
3.281E+01  2.822E-24  2.456E-15
3.251E+01  2.797E-24  2.412E-15
3.221E+01  2.769E-24  2.366E-15
3.192E+01  2.740E-24  2.319E-15
3.162E+01  2.708E-24  2.272E-15
3.133E+01  2.675E-24  2.224E-15
3.105E+01  2.641E-24  2.175E-15
3.076E+01  2.605E-24  2.126E-15
3.048E+01  2.568E-24  2.076E-15
3.020E+01  2.530E-24  2.027E-15
2.992E+01  2.491E-24  1.977E-15
2.965E+01  2.451E-24  1.928E-15
2.938E+01  2.410E-24  1.878E-15
2.911E+01  2.370E-24  1.830E-15
2.884E+01  2.329E-24  1.781E-15
2.858E+01  2.288E-24  1.734E-15
2.831E+01  2.247E-24  1.687E-15
2.805E+01  2.206E-24  1.642E-15
2.780E+01  2.166E-24  1.597E-15
2.754E+01  2.126E-24  1.554E-15
2.729E+01  2.088E-24  1.511E-15
2.704E+01  2.049E-24  1.470E-15
2.679E+01  2.012E-24  1.430E-15
2.655E+01  1.975E-24  1.391E-15
2.630E+01  1.939E-24  1.353E-15
2.606E+01  1.904E-24  1.316E-15
2.582E+01  1.870E-24  1.281E-15
2.559E+01  1.836E-24  1.246E-15
2.535E+01  1.804E-24  1.213E-15
2.512E+01  1.772E-24  1.181E-15
2.489E+01  1.741E-24  1.150E-15
2.466E+01  1.711E-24  1.119E-15
2.443E+01  1.682E-24  1.090E-15
2.421E+01  1.653E-24  1.061E-15
2.399E+01  1.624E-24  1.033E-15
2.377E+01  1.596E-24  1.006E-15
2.355E+01  1.570E-24  9.807E-16
2.333E+01  1.544E-24  9.558E-16
2.312E+01  1.518E-24  9.307E-16
2.291E+01  1.492E-24  9.067E-16
2.270E+01  1.469E-24  8.845E-16
2.249E+01  1.448E-24  8.637E-16
2.228E+01  1.428E-24  8.438E-16
2.208E+01  1.407E-24  8.242E-16
2.188E+01  1.386E-24  8.042E-16
2.168E+01  1.364E-24  7.842E-16
2.148E+01  1.343E-24  7.649E-16
2.128E+01  1.323E-24  7.467E-16
2.109E+01  1.304E-24  7.296E-16
2.089E+01  1.286E-24  7.127E-16
2.070E+01  1.267E-24  6.958E-16
2.051E+01  1.248E-24  6.793E-16
2.032E+01  1.231E-24  6.636E-16
2.014E+01  1.217E-24  6.499E-16
1.995E+01  1.203E-24  6.364E-16
1.977E+01  1.188E-24  6.229E-16
1.959E+01  1.172E-24  6.090E-16
1.941E+01  1.155E-24  5.948E-16
1.923E+01  1.137E-24  5.802E-16
1.905E+01  1.119E-24  5.654E-16
1.888E+01  1.099E-24  5.505E-16
1.871E+01  1.079E-24  5.355E-16
1.854E+01  1.059E-24  5.208E-16
1.837E+01  1.040E-24  5.069E-16
1.820E+01  1.025E-24  4.948E-16
1.803E+01  1.021E-24  4.884E-16
1.786E+01  1.032E-24  4.890E-16
1.770E+01  1.004E-24  4.714E-16
1.754E+01  1.013E-24  4.712E-16
1.738E+01  1.088E-24  5.013E-16
1.722E+01  1.019E-24  4.654E-16
1.706E+01  9.879E-25  4.471E-16
1.690E+01  9.469E-25  4.246E-16
1.675E+01  8.985E-25  3.992E-16
1.660E+01  8.869E-25  3.904E-16
1.644E+01  9.602E-25  4.188E-16
1.629E+01  7.852E-25  3.394E-16
1.614E+01  7.124E-25  3.051E-16
1.600E+01  7.036E-25  2.986E-16
1.585E+01  6.829E-25  2.871E-16
1.570E+01  6.088E-25  2.536E-16
1.556E+01  5.649E-25  2.331E-16
1.542E+01  5.355E-25  2.190E-16
1.528E+01  5.122E-25  2.075E-16
1.514E+01  4.922E-25  1.976E-16
1.500E+01  4.749E-25  1.889E-16
1.486E+01  4.594E-25  1.811E-16
1.472E+01  4.461E-25  1.742E-16
1.459E+01  4.359E-25  1.687E-16
1.445E+01  4.314E-25  1.654E-16
1.432E+01  4.383E-25  1.665E-16
1.419E+01  4.479E-25  1.686E-16
1.406E+01  4.240E-25  1.581E-16
1.393E+01  4.055E-25  1.499E-16
1.380E+01  4.047E-25  1.482E-16
1.368E+01  4.262E-25  1.546E-16
1.355E+01  4.334E-25  1.558E-16
1.343E+01  4.088E-25  1.456E-16
1.330E+01  4.066E-25  1.435E-16
1.318E+01  4.195E-25  1.467E-16
1.306E+01  4.472E-25  1.549E-16
1.294E+01  4.967E-25  1.705E-16
1.282E+01  5.772E-25  1.963E-16
1.271E+01  6.770E-25  2.282E-16
1.259E+01  7.177E-25  2.397E-16
1.247E+01  6.557E-25  2.170E-16
1.236E+01  5.810E-25  1.905E-16
1.225E+01  5.482E-25  1.781E-16
1.213E+01  5.536E-25  1.782E-16
1.202E+01  5.662E-25  1.806E-16
1.191E+01  5.492E-25  1.735E-16
1.180E+01  5.151E-25  1.613E-16
1.169E+01  5.032E-25  1.561E-16
1.159E+01  5.418E-25  1.665E-16
1.148E+01  6.763E-25  2.060E-16
1.138E+01  9.526E-25  2.875E-16
1.127E+01  1.264E-24  3.780E-16
1.117E+01  9.040E-25  2.678E-16
1.107E+01  5.436E-25  1.596E-16
1.096E+01  4.159E-25  1.210E-16
1.086E+01  3.561E-25  1.026E-16
1.076E+01  3.241E-25  9.255E-17
1.067E+01  3.056E-25  8.647E-17
1.057E+01  2.946E-25  8.257E-17
1.047E+01  2.874E-25  7.984E-17
1.038E+01  2.822E-25  7.765E-17
1.028E+01  2.777E-25  7.573E-17
1.019E+01  2.737E-25  7.396E-17
1.009E+01  2.705E-25  7.240E-17
1.000E+01  2.681E-25  7.112E-17
9.908E+00  2.670E-25  7.017E-17
9.817E+00  2.668E-25  6.949E-17
9.727E+00  2.676E-25  6.905E-17
9.638E+00  2.691E-25  6.881E-17
9.550E+00  2.707E-25  6.858E-17
9.462E+00  2.721E-25  6.829E-17
9.376E+00  2.731E-25  6.792E-17
9.290E+00  2.741E-25  6.754E-17
9.204E+00  2.757E-25  6.731E-17
9.120E+00  2.794E-25  6.759E-17
9.036E+00  2.876E-25  6.893E-17
8.954E+00  3.041E-25  7.222E-17
8.872E+00  3.357E-25  7.900E-17
8.790E+00  3.933E-25  9.170E-17
8.710E+00  4.852E-25  1.121E-16
8.630E+00  5.694E-25  1.303E-16
8.551E+00  5.489E-25  1.245E-16
8.472E+00  4.771E-25  1.072E-16
8.395E+00  4.375E-25  9.741E-17
8.318E+00  4.282E-25  9.448E-17
8.241E+00  4.373E-25  9.561E-17
8.166E+00  4.711E-25  1.021E-16
8.091E+00  5.422E-25  1.164E-16
8.017E+00  6.590E-25  1.401E-16
7.943E+00  8.137E-25  1.714E-16
7.870E+00  9.509E-25  1.985E-16
7.798E+00  1.008E-24  2.085E-16
7.727E+00  1.035E-24  2.121E-16
7.656E+00  1.092E-24  2.218E-16
7.586E+00  1.066E-24  2.145E-16
7.516E+00  8.719E-25  1.738E-16
7.447E+00  6.553E-25  1.295E-16
7.379E+00  5.004E-25  9.795E-17
7.311E+00  3.978E-25  7.714E-17
7.244E+00  3.270E-25  6.284E-17
7.178E+00  2.759E-25  5.252E-17
7.112E+00  2.382E-25  4.493E-17
7.047E+00  2.108E-25  3.940E-17
6.982E+00  1.918E-25  3.553E-17
6.918E+00  1.804E-25  3.310E-17
6.855E+00  1.753E-25  3.187E-17
6.792E+00  1.747E-25  3.148E-17
6.730E+00  1.748E-25  3.120E-17
6.668E+00  1.712E-25  3.028E-17
6.607E+00  1.642E-25  2.877E-17
6.546E+00  1.593E-25  2.766E-17
6.486E+00  1.638E-25  2.818E-17
6.427E+00  1.863E-25  3.177E-17
6.368E+00  2.443E-25  4.126E-17
6.310E+00  3.770E-25  6.310E-17
6.252E+00  6.044E-25  1.002E-16
6.194E+00  6.111E-25  1.004E-16
6.138E+00  3.672E-25  5.978E-17
6.081E+00  2.166E-25  3.494E-17
6.026E+00  1.466E-25  2.344E-17
5.970E+00  1.132E-25  1.793E-17
5.916E+00  9.788E-26  1.536E-17
5.861E+00  9.442E-26  1.468E-17
5.808E+00  1.019E-25  1.570E-17
5.754E+00  1.190E-25  1.816E-17
5.702E+00  1.285E-25  1.944E-17
5.649E+00  1.100E-25  1.648E-17
5.598E+00  8.323E-26  1.236E-17
5.546E+00  6.476E-26  9.527E-18
5.495E+00  5.398E-26  7.869E-18
5.445E+00  4.811E-26  6.949E-18
5.395E+00  4.586E-26  6.563E-18
5.346E+00  4.762E-26  6.753E-18
5.297E+00  5.477E-26  7.695E-18
5.248E+00  5.994E-26  8.344E-18
5.200E+00  4.957E-26  6.837E-18
5.152E+00  3.887E-26  5.312E-18
5.105E+00  3.299E-26  4.467E-18
5.058E+00  2.969E-26  3.984E-18
5.012E+00  2.763E-26  3.673E-18
4.966E+00  2.619E-26  3.450E-18
4.920E+00  2.512E-26  3.279E-18
4.875E+00  2.428E-26  3.139E-18
4.831E+00  2.359E-26  3.022E-18
4.786E+00  2.301E-26  2.921E-18
4.742E+00  2.251E-26  2.832E-18
4.699E+00  2.208E-26  2.753E-18
4.656E+00  2.171E-26  2.681E-18
4.613E+00  2.138E-26  2.616E-18
4.571E+00  2.108E-26  2.556E-18
4.529E+00  2.082E-26  2.501E-18
4.487E+00  2.059E-26  2.450E-18
4.446E+00  2.037E-26  2.403E-18
4.406E+00  2.019E-26  2.359E-18
4.365E+00  2.002E-26  2.318E-18
4.325E+00  1.987E-26  2.279E-18
4.285E+00  1.973E-26  2.243E-18
4.246E+00  1.961E-26  2.209E-18
4.207E+00  1.951E-26  2.177E-18
4.169E+00  1.941E-26  2.147E-18
4.130E+00  1.934E-26  2.118E-18
4.093E+00  1.926E-26  2.091E-18
4.055E+00  1.921E-26  2.066E-18
4.018E+00  1.916E-26  2.042E-18
3.981E+00  1.913E-26  2.020E-18
3.945E+00  1.912E-26  2.000E-18
3.908E+00  1.912E-26  1.982E-18
3.873E+00  1.915E-26  1.967E-18
3.837E+00  1.920E-26  1.954E-18
3.802E+00  1.928E-26  1.944E-18
3.767E+00  1.939E-26  1.938E-18
3.733E+00  1.955E-26  1.936E-18
3.698E+00  1.978E-26  1.940E-18
3.664E+00  2.008E-26  1.952E-18
3.631E+00  2.049E-26  1.974E-18
3.597E+00  2.106E-26  2.010E-18
3.565E+00  2.187E-26  2.068E-18
3.532E+00  2.304E-26  2.158E-18
3.499E+00  2.482E-26  2.304E-18
3.467E+00  2.767E-26  2.545E-18
3.436E+00  3.266E-26  2.977E-18
3.404E+00  4.250E-26  3.838E-18
3.373E+00  6.598E-26  5.903E-18
3.342E+00  1.438E-25  1.275E-17
3.311E+00  5.304E-25  4.659E-17
3.281E+00  3.649E-25  3.176E-17
3.251E+00  1.083E-25  9.339E-18
3.221E+00  5.463E-26  4.667E-18
3.192E+00  3.685E-26  3.120E-18
3.162E+00  2.900E-26  2.432E-18
3.133E+00  2.487E-26  2.067E-18
3.105E+00  2.243E-26  1.847E-18
3.076E+00  2.087E-26  1.703E-18
3.048E+00  1.980E-26  1.601E-18
3.020E+00  1.904E-26  1.525E-18
2.992E+00  1.847E-26  1.466E-18
2.965E+00  1.802E-26  1.418E-18
2.938E+00  1.767E-26  1.377E-18
2.911E+00  1.738E-26  1.342E-18
2.884E+00  1.714E-26  1.311E-18
2.858E+00  1.693E-26  1.283E-18
2.831E+00  1.675E-26  1.258E-18
2.805E+00  1.659E-26  1.234E-18
2.780E+00  1.644E-26  1.212E-18
2.754E+00  1.631E-26  1.191E-18
2.729E+00  1.618E-26  1.171E-18
2.704E+00  1.607E-26  1.152E-18
2.679E+00  1.596E-26  1.134E-18
2.655E+00  1.585E-26  1.116E-18
2.630E+00  1.575E-26  1.099E-18
2.606E+00  1.565E-26  1.082E-18
2.582E+00  1.555E-26  1.065E-18
2.559E+00  1.546E-26  1.049E-18
2.535E+00  1.537E-26  1.033E-18
2.512E+00  1.527E-26  1.018E-18
2.489E+00  1.518E-26  1.002E-18
2.466E+00  1.509E-26  9.872E-19
2.443E+00  1.500E-26  9.721E-19
2.421E+00  1.491E-26  9.573E-19
2.399E+00  1.482E-26  9.428E-19
2.377E+00  1.472E-26  9.283E-19
2.355E+00  1.463E-26  9.141E-19
2.333E+00  1.454E-26  9.000E-19
2.312E+00  1.445E-26  8.860E-19
2.291E+00  1.435E-26  8.722E-19
2.270E+00  1.426E-26  8.584E-19
2.249E+00  1.416E-26  8.447E-19
2.228E+00  1.406E-26  8.311E-19
2.208E+00  1.396E-26  8.176E-19
2.188E+00  1.385E-26  8.040E-19
2.168E+00  1.375E-26  7.905E-19
2.148E+00  1.364E-26  7.769E-19
2.128E+00  1.352E-26  7.632E-19
2.109E+00  1.340E-26  7.493E-19
2.089E+00  1.326E-26  7.351E-19
2.070E+00  1.312E-26  7.207E-19
2.051E+00  1.297E-26  7.057E-19
2.032E+00  1.280E-26  6.901E-19
2.014E+00  1.261E-26  6.737E-19
1.995E+00  1.240E-26  6.564E-19
1.977E+00  1.217E-26  6.382E-19
1.959E+00  1.192E-26  6.195E-19
1.941E+00  1.168E-26  6.013E-19
1.923E+00  1.148E-26  5.857E-19
1.905E+00  1.137E-26  5.748E-19
1.888E+00  1.136E-26  5.691E-19
1.871E+00  1.143E-26  5.672E-19
1.854E+00  1.152E-26  5.664E-19
1.837E+00  1.160E-26  5.650E-19
1.820E+00  1.165E-26  5.622E-19
1.803E+00  1.166E-26  5.579E-19
1.786E+00  1.166E-26  5.524E-19
1.770E+00  1.163E-26  5.461E-19
1.754E+00  1.159E-26  5.392E-19
1.738E+00  1.154E-26  5.318E-19
1.722E+00  1.148E-26  5.242E-19
1.706E+00  1.141E-26  5.164E-19
1.690E+00  1.134E-26  5.085E-19
1.675E+00  1.127E-26  5.005E-19
1.660E+00  1.119E-26  4.927E-19
1.644E+00  1.112E-26  4.848E-19
1.629E+00  1.104E-26  4.770E-19
1.614E+00  1.096E-26  4.694E-19
1.600E+00  1.089E-26  4.619E-19
1.585E+00  1.081E-26  4.546E-19
1.570E+00  1.074E-26  4.475E-19
1.556E+00  1.067E-26  4.406E-19
1.542E+00  1.061E-26  4.340E-19
1.528E+00  1.055E-26  4.276E-19
1.514E+00  1.050E-26  4.216E-19
1.500E+00  1.046E-26  4.160E-19
1.486E+00  1.042E-26  4.108E-19
1.472E+00  1.040E-26  4.061E-19
1.459E+00  1.039E-26  4.019E-19
1.445E+00  1.039E-26  3.984E-19
1.432E+00  1.041E-26  3.956E-19
1.419E+00  1.046E-26  3.937E-19
1.406E+00  1.053E-26  3.928E-19
1.393E+00  1.064E-26  3.931E-19
1.380E+00  1.078E-26  3.948E-19
1.368E+00  1.097E-26  3.981E-19
1.355E+00  1.122E-26  4.033E-19
1.343E+00  1.153E-26  4.106E-19
1.330E+00  1.190E-26  4.201E-19
1.318E+00  1.234E-26  4.314E-19
1.306E+00  1.280E-26  4.437E-19
1.294E+00  1.325E-26  4.548E-19
1.282E+00  1.357E-26  4.614E-19
1.271E+00  1.364E-26  4.598E-19
1.259E+00  1.339E-26  4.473E-19
1.247E+00  1.282E-26  4.243E-19
1.236E+00  1.203E-26  3.944E-19
1.225E+00  1.116E-26  3.625E-19
1.213E+00  1.033E-26  3.325E-19
1.202E+00  9.606E-27  3.064E-19
1.191E+00  9.008E-27  2.847E-19
1.180E+00  8.535E-27  2.672E-19
1.169E+00  8.174E-27  2.536E-19
1.159E+00  7.916E-27  2.433E-19
1.148E+00  7.752E-27  2.361E-19
1.138E+00  7.684E-27  2.319E-19
1.127E+00  7.721E-27  2.309E-19
1.117E+00  7.886E-27  2.336E-19
1.107E+00  8.221E-27  2.413E-19
1.096E+00  8.793E-27  2.557E-19
1.086E+00  9.700E-27  2.795E-19
1.076E+00  1.104E-26  3.153E-19
1.067E+00  1.274E-26  3.605E-19
1.057E+00  1.411E-26  3.954E-19
1.047E+00  1.386E-26  3.850E-19
1.038E+00  1.188E-26  3.270E-19
1.028E+00  9.535E-27  2.600E-19
1.019E+00  7.699E-27  2.080E-19
1.009E+00  6.438E-27  1.724E-19
1.000E+00  5.586E-27  1.482E-19
