Dust emission from Draine & Li (2007): ApJ 657, 810-837
================================================================
         1 = grain model
 4.000E-08 4.000E-01 0.000E+00 = a_01 (cm) , sigma_1 , b_C1/0.92
 2.500E-07 4.000E-01 0.000E+00 = a_02 (cm) , sigma_2 , b_C2/0.92
 4.000E-01 1.000E+04 2.000E+00 = Umin , Umax, beta (dN/dU propto U^{-beta})
 4.051E+00 = <U> 
     mmp83 = radfield
 1.809E-23 = power/H (erg s-1)
 band   nu*P_nu(band) j_nu(band)
 (um)   (erg s-1 H-1)(Jy cm2 sr-1 H-1)
1.270E+00  6.796E-27  2.290E-19 COBE-DIRBE
2.220E+00  8.059E-27  4.746E-19 COBE-DIRBE
3.530E+00  4.950E-26  4.635E-18 COBE-DIRBE
4.880E+00  2.286E-26  2.959E-18 COBE-DIRBE
1.229E+01  6.904E-25  2.251E-16 COBE-DIRBE
2.079E+01  1.935E-24  1.067E-15 COBE-DIRBE
5.599E+01  9.970E-24  1.481E-14 COBE-DIRBE
9.770E+01  7.573E-24  1.963E-14 COBE-DIRBE
1.479E+02  4.852E-24  1.903E-14 COBE-DIRBE
2.479E+02  1.538E-24  1.011E-14 COBE-DIRBE
1.200E+01  6.036E-25  1.921E-16 IRAS
2.500E+01  2.925E-24  1.940E-15 IRAS
6.000E+01  9.769E-24  1.555E-14 IRAS
1.000E+02  7.424E-24  1.969E-14 IRAS
3.550E+00  5.758E-26  5.422E-18 SST-IRAC
4.493E+00  1.582E-26  1.886E-18 SST-IRAC
5.731E+00  1.539E-25  2.340E-17 SST-IRAC
7.872E+00  5.615E-25  1.172E-16 SST-IRAC
2.368E+01  2.596E-24  1.631E-15 SST-MIPS
7.142E+01  8.356E-24  1.583E-14 SST-MIPS
1.559E+02  4.207E-24  1.740E-14 SST-MIPS
1.600E+01  9.917E-25  4.209E-16 SST-IRSPU
2.200E+01  2.414E-24  1.409E-15 SST-IRSPU











lambda    nu*dP/dnu     j_nu
 (um)   (erg s-1 H-1)(Jy cm2 sr-1 H-1)
1.000E+04  5.542E-31  1.470E-19
9.908E+03  5.745E-31  1.510E-19
9.817E+03  5.955E-31  1.551E-19
9.727E+03  6.173E-31  1.593E-19
9.638E+03  6.400E-31  1.636E-19
9.550E+03  6.634E-31  1.681E-19
9.462E+03  6.877E-31  1.726E-19
9.376E+03  7.129E-31  1.773E-19
9.290E+03  7.390E-31  1.821E-19
9.204E+03  7.661E-31  1.871E-19
9.120E+03  7.942E-31  1.921E-19
9.036E+03  8.233E-31  1.973E-19
8.954E+03  8.534E-31  2.027E-19
8.872E+03  8.845E-31  2.081E-19
8.790E+03  9.168E-31  2.138E-19
8.710E+03  9.502E-31  2.195E-19
8.630E+03  9.849E-31  2.255E-19
8.551E+03  1.021E-30  2.316E-19
8.472E+03  1.058E-30  2.378E-19
8.395E+03  1.097E-30  2.443E-19
8.318E+03  1.137E-30  2.509E-19
8.241E+03  1.179E-30  2.577E-19
8.166E+03  1.222E-30  2.647E-19
8.091E+03  1.267E-30  2.719E-19
8.017E+03  1.313E-30  2.793E-19
7.943E+03  1.361E-30  2.869E-19
7.870E+03  1.411E-30  2.947E-19
7.798E+03  1.463E-30  3.027E-19
7.727E+03  1.517E-30  3.110E-19
7.656E+03  1.573E-30  3.194E-19
7.586E+03  1.631E-30  3.282E-19
7.516E+03  1.691E-30  3.371E-19
7.447E+03  1.753E-30  3.464E-19
7.379E+03  1.818E-30  3.558E-19
7.311E+03  1.885E-30  3.656E-19
7.244E+03  1.955E-30  3.756E-19
7.178E+03  2.027E-30  3.859E-19
7.112E+03  2.102E-30  3.965E-19
7.047E+03  2.179E-30  4.074E-19
6.982E+03  2.260E-30  4.186E-19
6.918E+03  2.344E-30  4.301E-19
6.855E+03  2.430E-30  4.419E-19
6.792E+03  2.520E-30  4.540E-19
6.730E+03  2.613E-30  4.665E-19
6.668E+03  2.710E-30  4.794E-19
6.607E+03  2.811E-30  4.926E-19
6.546E+03  2.915E-30  5.062E-19
6.486E+03  3.023E-30  5.201E-19
6.427E+03  3.135E-30  5.345E-19
6.368E+03  3.252E-30  5.493E-19
6.310E+03  3.373E-30  5.645E-19
6.252E+03  3.498E-30  5.801E-19
6.194E+03  3.628E-30  5.962E-19
6.138E+03  3.763E-30  6.127E-19
6.081E+03  3.904E-30  6.297E-19
6.026E+03  4.049E-30  6.472E-19
5.970E+03  4.200E-30  6.652E-19
5.916E+03  4.357E-30  6.837E-19
5.861E+03  4.520E-30  7.027E-19
5.808E+03  4.689E-30  7.223E-19
5.754E+03  4.864E-30  7.424E-19
5.702E+03  5.046E-30  7.631E-19
5.649E+03  5.235E-30  7.844E-19
5.598E+03  5.431E-30  8.064E-19
5.546E+03  5.634E-30  8.289E-19
5.495E+03  5.845E-30  8.521E-19
5.445E+03  6.065E-30  8.760E-19
5.395E+03  6.292E-30  9.005E-19
5.346E+03  6.529E-30  9.257E-19
5.297E+03  6.774E-30  9.517E-19
5.248E+03  7.029E-30  9.784E-19
5.200E+03  7.293E-30  1.006E-18
5.152E+03  7.567E-30  1.034E-18
5.105E+03  7.852E-30  1.063E-18
5.058E+03  8.148E-30  1.093E-18
5.012E+03  8.455E-30  1.124E-18
4.966E+03  8.773E-30  1.156E-18
4.920E+03  9.104E-30  1.188E-18
4.875E+03  9.447E-30  1.222E-18
4.831E+03  9.804E-30  1.256E-18
4.786E+03  1.017E-29  1.292E-18
4.742E+03  1.056E-29  1.328E-18
4.699E+03  1.096E-29  1.366E-18
4.656E+03  1.137E-29  1.405E-18
4.613E+03  1.180E-29  1.444E-18
4.571E+03  1.225E-29  1.485E-18
4.529E+03  1.271E-29  1.527E-18
4.487E+03  1.320E-29  1.571E-18
4.446E+03  1.370E-29  1.615E-18
4.406E+03  1.422E-29  1.661E-18
4.365E+03  1.476E-29  1.709E-18
4.325E+03  1.532E-29  1.757E-18
4.285E+03  1.590E-29  1.808E-18
4.246E+03  1.651E-29  1.859E-18
4.207E+03  1.713E-29  1.912E-18
4.169E+03  1.779E-29  1.967E-18
4.130E+03  1.846E-29  2.023E-18
4.093E+03  1.917E-29  2.081E-18
4.055E+03  1.990E-29  2.141E-18
4.018E+03  2.066E-29  2.202E-18
3.981E+03  2.145E-29  2.265E-18
3.945E+03  2.227E-29  2.330E-18
3.908E+03  2.312E-29  2.397E-18
3.873E+03  2.400E-29  2.465E-18
3.837E+03  2.492E-29  2.536E-18
3.802E+03  2.587E-29  2.609E-18
3.767E+03  2.686E-29  2.684E-18
3.733E+03  2.789E-29  2.761E-18
3.698E+03  2.896E-29  2.841E-18
3.664E+03  3.007E-29  2.923E-18
3.631E+03  3.122E-29  3.007E-18
3.597E+03  3.242E-29  3.094E-18
3.565E+03  3.367E-29  3.183E-18
3.532E+03  3.496E-29  3.275E-18
3.499E+03  3.631E-29  3.370E-18
3.467E+03  3.770E-29  3.468E-18
3.436E+03  3.916E-29  3.568E-18
3.404E+03  4.067E-29  3.672E-18
3.373E+03  4.224E-29  3.779E-18
3.342E+03  4.387E-29  3.889E-18
3.311E+03  4.556E-29  4.002E-18
3.281E+03  4.732E-29  4.118E-18
3.251E+03  4.915E-29  4.238E-18
3.221E+03  5.105E-29  4.362E-18
3.192E+03  5.303E-29  4.489E-18
3.162E+03  5.508E-29  4.620E-18
3.133E+03  5.721E-29  4.755E-18
3.105E+03  5.943E-29  4.894E-18
3.076E+03  6.174E-29  5.038E-18
3.048E+03  6.413E-29  5.185E-18
3.020E+03  6.662E-29  5.337E-18
2.992E+03  6.921E-29  5.493E-18
2.965E+03  7.189E-29  5.654E-18
2.938E+03  7.468E-29  5.819E-18
2.911E+03  7.758E-29  5.990E-18
2.884E+03  8.059E-29  6.165E-18
2.858E+03  8.372E-29  6.346E-18
2.831E+03  8.697E-29  6.532E-18
2.805E+03  9.036E-29  6.724E-18
2.780E+03  9.387E-29  6.922E-18
2.754E+03  9.753E-29  7.125E-18
2.729E+03  1.013E-28  7.335E-18
2.704E+03  1.053E-28  7.551E-18
2.679E+03  1.094E-28  7.774E-18
2.655E+03  1.137E-28  8.003E-18
2.630E+03  1.181E-28  8.239E-18
2.606E+03  1.227E-28  8.483E-18
2.582E+03  1.275E-28  8.734E-18
2.559E+03  1.325E-28  8.992E-18
2.535E+03  1.377E-28  9.258E-18
2.512E+03  1.431E-28  9.533E-18
2.489E+03  1.487E-28  9.815E-18
2.466E+03  1.545E-28  1.011E-17
2.443E+03  1.606E-28  1.041E-17
2.421E+03  1.669E-28  1.072E-17
2.399E+03  1.734E-28  1.103E-17
2.377E+03  1.802E-28  1.136E-17
2.355E+03  1.873E-28  1.170E-17
2.333E+03  1.947E-28  1.205E-17
2.312E+03  2.023E-28  1.241E-17
2.291E+03  2.103E-28  1.278E-17
2.270E+03  2.185E-28  1.316E-17
2.249E+03  2.271E-28  1.355E-17
2.228E+03  2.361E-28  1.396E-17
2.208E+03  2.454E-28  1.437E-17
2.188E+03  2.551E-28  1.480E-17
2.168E+03  2.651E-28  1.524E-17
2.148E+03  2.756E-28  1.570E-17
2.128E+03  2.864E-28  1.617E-17
2.109E+03  2.977E-28  1.665E-17
2.089E+03  3.095E-28  1.715E-17
2.070E+03  3.217E-28  1.767E-17
2.051E+03  3.344E-28  1.820E-17
2.032E+03  3.476E-28  1.874E-17
2.014E+03  3.614E-28  1.930E-17
1.995E+03  3.757E-28  1.988E-17
1.977E+03  3.905E-28  2.048E-17
1.959E+03  4.059E-28  2.109E-17
1.941E+03  4.220E-28  2.173E-17
1.923E+03  4.387E-28  2.238E-17
1.905E+03  4.560E-28  2.305E-17
1.888E+03  4.741E-28  2.374E-17
1.871E+03  4.928E-28  2.446E-17
1.854E+03  5.123E-28  2.519E-17
1.837E+03  5.326E-28  2.595E-17
1.820E+03  5.537E-28  2.673E-17
1.803E+03  5.757E-28  2.753E-17
1.786E+03  5.985E-28  2.836E-17
1.770E+03  6.222E-28  2.921E-17
1.754E+03  6.469E-28  3.009E-17
1.738E+03  6.725E-28  3.100E-17
1.722E+03  6.992E-28  3.193E-17
1.706E+03  7.269E-28  3.290E-17
1.690E+03  7.557E-28  3.389E-17
1.675E+03  7.857E-28  3.491E-17
1.660E+03  8.168E-28  3.596E-17
1.644E+03  8.492E-28  3.704E-17
1.629E+03  8.829E-28  3.816E-17
1.614E+03  9.180E-28  3.931E-17
1.600E+03  9.544E-28  4.049E-17
1.585E+03  9.922E-28  4.171E-17
1.570E+03  1.032E-27  4.297E-17
1.556E+03  1.073E-27  4.427E-17
1.542E+03  1.115E-27  4.560E-17
1.528E+03  1.159E-27  4.697E-17
1.514E+03  1.205E-27  4.839E-17
1.500E+03  1.253E-27  4.985E-17
1.486E+03  1.303E-27  5.135E-17
1.472E+03  1.354E-27  5.290E-17
1.459E+03  1.408E-27  5.449E-17
1.445E+03  1.464E-27  5.613E-17
1.432E+03  1.522E-27  5.783E-17
1.419E+03  1.583E-27  5.957E-17
1.406E+03  1.645E-27  6.137E-17
1.393E+03  1.711E-27  6.321E-17
1.380E+03  1.778E-27  6.512E-17
1.368E+03  1.849E-27  6.708E-17
1.355E+03  1.922E-27  6.910E-17
1.343E+03  1.998E-27  7.118E-17
1.330E+03  2.078E-27  7.332E-17
1.318E+03  2.160E-27  7.553E-17
1.306E+03  2.246E-27  7.780E-17
1.294E+03  2.335E-27  8.014E-17
1.282E+03  2.427E-27  8.255E-17
1.271E+03  2.523E-27  8.503E-17
1.259E+03  2.623E-27  8.759E-17
1.247E+03  2.727E-27  9.022E-17
1.236E+03  2.834E-27  9.293E-17
1.225E+03  2.946E-27  9.571E-17
1.213E+03  3.063E-27  9.858E-17
1.202E+03  3.184E-27  1.015E-16
1.191E+03  3.310E-27  1.046E-16
1.180E+03  3.440E-27  1.077E-16
1.169E+03  3.576E-27  1.109E-16
1.159E+03  3.717E-27  1.142E-16
1.148E+03  3.863E-27  1.177E-16
1.138E+03  4.016E-27  1.212E-16
1.127E+03  4.174E-27  1.248E-16
1.117E+03  4.338E-27  1.285E-16
1.107E+03  4.509E-27  1.323E-16
1.096E+03  4.686E-27  1.363E-16
1.086E+03  4.870E-27  1.403E-16
1.076E+03  5.061E-27  1.445E-16
1.067E+03  5.260E-27  1.488E-16
1.057E+03  5.466E-27  1.532E-16
1.047E+03  5.680E-27  1.578E-16
1.038E+03  5.903E-27  1.624E-16
1.028E+03  6.134E-27  1.673E-16
1.019E+03  6.374E-27  1.722E-16
1.009E+03  6.623E-27  1.773E-16
1.000E+03  6.881E-27  1.825E-16
9.908E+02  7.150E-27  1.879E-16
9.817E+02  7.429E-27  1.935E-16
9.727E+02  7.719E-27  1.992E-16
9.638E+02  8.020E-27  2.051E-16
9.550E+02  8.333E-27  2.111E-16
9.462E+02  8.657E-27  2.173E-16
9.376E+02  8.994E-27  2.237E-16
9.290E+02  9.344E-27  2.302E-16
9.204E+02  9.707E-27  2.370E-16
9.120E+02  1.008E-26  2.439E-16
9.036E+02  1.047E-26  2.511E-16
8.954E+02  1.088E-26  2.584E-16
8.872E+02  1.130E-26  2.659E-16
8.790E+02  1.174E-26  2.737E-16
8.710E+02  1.219E-26  2.816E-16
8.630E+02  1.266E-26  2.898E-16
8.551E+02  1.315E-26  2.982E-16
8.472E+02  1.365E-26  3.068E-16
8.395E+02  1.418E-26  3.157E-16
8.318E+02  1.472E-26  3.248E-16
8.241E+02  1.529E-26  3.341E-16
8.166E+02  1.587E-26  3.438E-16
8.091E+02  1.648E-26  3.536E-16
8.017E+02  1.711E-26  3.638E-16
7.943E+02  1.776E-26  3.742E-16
7.870E+02  1.843E-26  3.848E-16
7.798E+02  1.914E-26  3.958E-16
7.727E+02  1.986E-26  4.071E-16
7.656E+02  2.062E-26  4.187E-16
7.586E+02  2.140E-26  4.306E-16
7.516E+02  2.221E-26  4.428E-16
7.447E+02  2.305E-26  4.553E-16
7.379E+02  2.392E-26  4.682E-16
7.311E+02  2.483E-26  4.815E-16
7.244E+02  2.577E-26  4.951E-16
7.178E+02  2.674E-26  5.091E-16
7.112E+02  2.775E-26  5.235E-16
7.047E+02  2.880E-26  5.383E-16
6.982E+02  2.988E-26  5.534E-16
6.918E+02  3.101E-26  5.690E-16
6.855E+02  3.217E-26  5.850E-16
6.792E+02  3.338E-26  6.014E-16
6.730E+02  3.463E-26  6.182E-16
6.668E+02  3.593E-26  6.355E-16
6.607E+02  3.727E-26  6.532E-16
6.546E+02  3.867E-26  6.715E-16
6.486E+02  4.012E-26  6.902E-16
6.427E+02  4.162E-26  7.095E-16
6.368E+02  4.318E-26  7.294E-16
6.310E+02  4.479E-26  7.497E-16
6.252E+02  4.647E-26  7.706E-16
6.194E+02  4.820E-26  7.920E-16
6.138E+02  5.000E-26  8.140E-16
6.081E+02  5.186E-26  8.366E-16
6.026E+02  5.380E-26  8.598E-16
5.970E+02  5.580E-26  8.837E-16
5.916E+02  5.787E-26  9.081E-16
5.861E+02  6.002E-26  9.332E-16
5.808E+02  6.225E-26  9.589E-16
5.754E+02  6.455E-26  9.854E-16
5.702E+02  6.695E-26  1.012E-15
5.649E+02  6.942E-26  1.040E-15
5.598E+02  7.199E-26  1.069E-15
5.546E+02  7.465E-26  1.098E-15
5.495E+02  7.740E-26  1.128E-15
5.445E+02  8.025E-26  1.159E-15
5.395E+02  8.321E-26  1.191E-15
5.346E+02  8.627E-26  1.223E-15
5.297E+02  8.944E-26  1.257E-15
5.248E+02  9.272E-26  1.291E-15
5.200E+02  9.612E-26  1.326E-15
5.152E+02  9.963E-26  1.362E-15
5.105E+02  1.033E-25  1.399E-15
5.058E+02  1.070E-25  1.436E-15
5.012E+02  1.109E-25  1.475E-15
4.966E+02  1.150E-25  1.515E-15
4.920E+02  1.192E-25  1.555E-15
4.875E+02  1.235E-25  1.597E-15
4.831E+02  1.280E-25  1.640E-15
4.786E+02  1.326E-25  1.684E-15
4.742E+02  1.374E-25  1.728E-15
4.699E+02  1.424E-25  1.774E-15
4.656E+02  1.475E-25  1.821E-15
4.613E+02  1.528E-25  1.870E-15
4.571E+02  1.583E-25  1.919E-15
4.529E+02  1.640E-25  1.970E-15
4.487E+02  1.698E-25  2.021E-15
4.446E+02  1.759E-25  2.074E-15
4.406E+02  1.822E-25  2.129E-15
4.365E+02  1.886E-25  2.184E-15
4.325E+02  1.953E-25  2.241E-15
4.285E+02  2.023E-25  2.299E-15
4.246E+02  2.094E-25  2.359E-15
4.207E+02  2.168E-25  2.420E-15
4.169E+02  2.245E-25  2.482E-15
4.130E+02  2.324E-25  2.546E-15
4.093E+02  2.406E-25  2.612E-15
4.055E+02  2.490E-25  2.678E-15
4.018E+02  2.577E-25  2.747E-15
3.981E+02  2.667E-25  2.817E-15
3.945E+02  2.760E-25  2.888E-15
3.908E+02  2.856E-25  2.961E-15
3.873E+02  2.956E-25  3.036E-15
3.837E+02  3.058E-25  3.112E-15
3.802E+02  3.164E-25  3.190E-15
3.767E+02  3.273E-25  3.270E-15
3.733E+02  3.385E-25  3.352E-15
3.698E+02  3.502E-25  3.435E-15
3.664E+02  3.621E-25  3.520E-15
3.631E+02  3.745E-25  3.607E-15
3.597E+02  3.873E-25  3.696E-15
3.565E+02  4.004E-25  3.786E-15
3.532E+02  4.140E-25  3.879E-15
3.499E+02  4.280E-25  3.973E-15
3.467E+02  4.424E-25  4.069E-15
3.436E+02  4.573E-25  4.167E-15
3.404E+02  4.726E-25  4.268E-15
3.373E+02  4.884E-25  4.370E-15
3.342E+02  5.047E-25  4.474E-15
3.311E+02  5.215E-25  4.580E-15
3.281E+02  5.387E-25  4.689E-15
3.251E+02  5.565E-25  4.799E-15
3.221E+02  5.748E-25  4.911E-15
3.192E+02  5.937E-25  5.026E-15
3.162E+02  6.131E-25  5.143E-15
3.133E+02  6.331E-25  5.262E-15
3.105E+02  6.536E-25  5.383E-15
3.076E+02  6.748E-25  5.506E-15
3.048E+02  6.965E-25  5.631E-15
3.020E+02  7.189E-25  5.759E-15
2.992E+02  7.419E-25  5.889E-15
2.965E+02  7.656E-25  6.021E-15
2.938E+02  7.899E-25  6.155E-15
2.911E+02  8.149E-25  6.292E-15
2.884E+02  8.406E-25  6.430E-15
2.858E+02  8.670E-25  6.572E-15
2.831E+02  8.941E-25  6.715E-15
2.805E+02  9.219E-25  6.861E-15
2.780E+02  9.505E-25  7.009E-15
2.754E+02  9.799E-25  7.159E-15
2.729E+02  1.010E-24  7.312E-15
2.704E+02  1.041E-24  7.468E-15
2.679E+02  1.073E-24  7.626E-15
2.655E+02  1.106E-24  7.787E-15
2.630E+02  1.139E-24  7.950E-15
2.606E+02  1.174E-24  8.115E-15
2.582E+02  1.209E-24  8.283E-15
2.559E+02  1.245E-24  8.452E-15
2.535E+02  1.282E-24  8.622E-15
2.512E+02  1.320E-24  8.793E-15
2.489E+02  1.358E-24  8.962E-15
2.466E+02  1.396E-24  9.129E-15
2.443E+02  1.434E-24  9.297E-15
2.421E+02  1.474E-24  9.465E-15
2.399E+02  1.514E-24  9.632E-15
2.377E+02  1.554E-24  9.797E-15
2.355E+02  1.595E-24  9.964E-15
2.333E+02  1.637E-24  1.013E-14
2.312E+02  1.679E-24  1.030E-14
2.291E+02  1.723E-24  1.047E-14
2.270E+02  1.767E-24  1.064E-14
2.249E+02  1.812E-24  1.081E-14
2.228E+02  1.858E-24  1.098E-14
2.208E+02  1.905E-24  1.116E-14
2.188E+02  1.953E-24  1.133E-14
2.168E+02  2.001E-24  1.151E-14
2.148E+02  2.050E-24  1.168E-14
2.128E+02  2.100E-24  1.186E-14
2.109E+02  2.151E-24  1.203E-14
2.089E+02  2.203E-24  1.221E-14
2.070E+02  2.256E-24  1.239E-14
2.051E+02  2.310E-24  1.257E-14
2.032E+02  2.364E-24  1.274E-14
2.014E+02  2.419E-24  1.292E-14
1.995E+02  2.476E-24  1.310E-14
1.977E+02  2.533E-24  1.328E-14
1.959E+02  2.590E-24  1.346E-14
1.941E+02  2.649E-24  1.364E-14
1.923E+02  2.709E-24  1.382E-14
1.905E+02  2.769E-24  1.400E-14
1.888E+02  2.831E-24  1.418E-14
1.871E+02  2.893E-24  1.436E-14
1.854E+02  2.956E-24  1.453E-14
1.837E+02  3.020E-24  1.471E-14
1.820E+02  3.085E-24  1.489E-14
1.803E+02  3.151E-24  1.507E-14
1.786E+02  3.218E-24  1.525E-14
1.770E+02  3.286E-24  1.543E-14
1.754E+02  3.354E-24  1.561E-14
1.738E+02  3.424E-24  1.578E-14
1.722E+02  3.495E-24  1.596E-14
1.706E+02  3.567E-24  1.614E-14
1.690E+02  3.639E-24  1.632E-14
1.675E+02  3.713E-24  1.650E-14
1.660E+02  3.788E-24  1.668E-14
1.644E+02  3.865E-24  1.686E-14
1.629E+02  3.942E-24  1.704E-14
1.614E+02  4.021E-24  1.722E-14
1.600E+02  4.101E-24  1.740E-14
1.585E+02  4.182E-24  1.758E-14
1.570E+02  4.265E-24  1.777E-14
1.556E+02  4.349E-24  1.795E-14
1.542E+02  4.435E-24  1.814E-14
1.528E+02  4.523E-24  1.833E-14
1.514E+02  4.612E-24  1.852E-14
1.500E+02  4.702E-24  1.871E-14
1.486E+02  4.794E-24  1.890E-14
1.472E+02  4.887E-24  1.908E-14
1.459E+02  4.980E-24  1.927E-14
1.445E+02  5.072E-24  1.945E-14
1.432E+02  5.163E-24  1.961E-14
1.419E+02  5.249E-24  1.976E-14
1.406E+02  5.331E-24  1.988E-14
1.393E+02  5.406E-24  1.998E-14
1.380E+02  5.474E-24  2.004E-14
1.368E+02  5.535E-24  2.008E-14
1.355E+02  5.590E-24  2.009E-14
1.343E+02  5.640E-24  2.009E-14
1.330E+02  5.688E-24  2.007E-14
1.318E+02  5.735E-24  2.005E-14
1.306E+02  5.782E-24  2.003E-14
1.294E+02  5.829E-24  2.001E-14
1.282E+02  5.877E-24  1.999E-14
1.271E+02  5.926E-24  1.997E-14
1.259E+02  5.976E-24  1.996E-14
1.247E+02  6.028E-24  1.994E-14
1.236E+02  6.081E-24  1.993E-14
1.225E+02  6.135E-24  1.993E-14
1.213E+02  6.190E-24  1.992E-14
1.202E+02  6.246E-24  1.992E-14
1.191E+02  6.303E-24  1.992E-14
1.180E+02  6.360E-24  1.991E-14
1.169E+02  6.418E-24  1.991E-14
1.159E+02  6.476E-24  1.991E-14
1.148E+02  6.535E-24  1.990E-14
1.138E+02  6.594E-24  1.990E-14
1.127E+02  6.653E-24  1.989E-14
1.117E+02  6.713E-24  1.989E-14
1.107E+02  6.773E-24  1.988E-14
1.096E+02  6.834E-24  1.988E-14
1.086E+02  6.894E-24  1.987E-14
1.076E+02  6.955E-24  1.986E-14
1.067E+02  7.015E-24  1.985E-14
1.057E+02  7.076E-24  1.984E-14
1.047E+02  7.136E-24  1.982E-14
1.038E+02  7.197E-24  1.981E-14
1.028E+02  7.256E-24  1.979E-14
1.019E+02  7.316E-24  1.977E-14
1.009E+02  7.374E-24  1.974E-14
1.000E+02  7.433E-24  1.972E-14
9.908E+01  7.491E-24  1.969E-14
9.817E+01  7.548E-24  1.966E-14
9.727E+01  7.605E-24  1.962E-14
9.638E+01  7.661E-24  1.959E-14
9.550E+01  7.716E-24  1.955E-14
9.462E+01  7.771E-24  1.950E-14
9.376E+01  7.825E-24  1.946E-14
9.290E+01  7.878E-24  1.941E-14
9.204E+01  7.930E-24  1.936E-14
9.120E+01  7.982E-24  1.931E-14
9.036E+01  8.033E-24  1.925E-14
8.954E+01  8.083E-24  1.920E-14
8.872E+01  8.133E-24  1.914E-14
8.790E+01  8.182E-24  1.908E-14
8.710E+01  8.231E-24  1.902E-14
8.630E+01  8.279E-24  1.895E-14
8.551E+01  8.327E-24  1.889E-14
8.472E+01  8.374E-24  1.882E-14
8.395E+01  8.420E-24  1.875E-14
8.318E+01  8.465E-24  1.868E-14
8.241E+01  8.510E-24  1.860E-14
8.166E+01  8.555E-24  1.853E-14
8.091E+01  8.599E-24  1.845E-14
8.017E+01  8.642E-24  1.838E-14
7.943E+01  8.684E-24  1.830E-14
7.870E+01  8.726E-24  1.822E-14
7.798E+01  8.766E-24  1.813E-14
7.727E+01  8.806E-24  1.805E-14
7.656E+01  8.846E-24  1.796E-14
7.586E+01  8.885E-24  1.788E-14
7.516E+01  8.923E-24  1.779E-14
7.447E+01  8.961E-24  1.770E-14
7.379E+01  8.997E-24  1.761E-14
7.311E+01  9.033E-24  1.752E-14
7.244E+01  9.068E-24  1.743E-14
7.178E+01  9.103E-24  1.733E-14
7.112E+01  9.137E-24  1.724E-14
7.047E+01  9.171E-24  1.714E-14
6.982E+01  9.205E-24  1.705E-14
6.918E+01  9.239E-24  1.695E-14
6.855E+01  9.271E-24  1.686E-14
6.792E+01  9.303E-24  1.676E-14
6.730E+01  9.334E-24  1.666E-14
6.668E+01  9.365E-24  1.656E-14
6.607E+01  9.396E-24  1.647E-14
6.546E+01  9.427E-24  1.637E-14
6.486E+01  9.457E-24  1.627E-14
6.427E+01  9.486E-24  1.617E-14
6.368E+01  9.516E-24  1.607E-14
6.310E+01  9.545E-24  1.598E-14
6.252E+01  9.575E-24  1.588E-14
6.194E+01  9.604E-24  1.578E-14
6.138E+01  9.634E-24  1.568E-14
6.081E+01  9.663E-24  1.559E-14
6.026E+01  9.691E-24  1.549E-14
5.970E+01  9.720E-24  1.539E-14
5.916E+01  9.749E-24  1.530E-14
5.861E+01  9.777E-24  1.520E-14
5.808E+01  9.806E-24  1.511E-14
5.754E+01  9.834E-24  1.501E-14
5.702E+01  9.863E-24  1.492E-14
5.649E+01  9.891E-24  1.482E-14
5.598E+01  9.920E-24  1.473E-14
5.546E+01  9.950E-24  1.464E-14
5.495E+01  9.979E-24  1.455E-14
5.445E+01  1.001E-23  1.446E-14
5.395E+01  1.004E-23  1.437E-14
5.346E+01  1.007E-23  1.428E-14
5.297E+01  1.010E-23  1.419E-14
5.248E+01  1.013E-23  1.411E-14
5.200E+01  1.016E-23  1.402E-14
5.152E+01  1.020E-23  1.393E-14
5.105E+01  1.023E-23  1.385E-14
5.058E+01  1.026E-23  1.377E-14
5.012E+01  1.029E-23  1.368E-14
4.966E+01  1.033E-23  1.360E-14
4.920E+01  1.036E-23  1.352E-14
4.875E+01  1.039E-23  1.344E-14
4.831E+01  1.043E-23  1.336E-14
4.786E+01  1.046E-23  1.328E-14
4.742E+01  1.050E-23  1.321E-14
4.699E+01  1.053E-23  1.313E-14
4.656E+01  1.057E-23  1.305E-14
4.613E+01  1.060E-23  1.298E-14
4.571E+01  1.064E-23  1.290E-14
4.529E+01  1.068E-23  1.283E-14
4.487E+01  1.071E-23  1.275E-14
4.446E+01  1.075E-23  1.268E-14
4.406E+01  1.078E-23  1.260E-14
4.365E+01  1.082E-23  1.253E-14
4.325E+01  1.085E-23  1.245E-14
4.285E+01  1.088E-23  1.237E-14
4.246E+01  1.092E-23  1.229E-14
4.207E+01  1.095E-23  1.222E-14
4.169E+01  1.097E-23  1.213E-14
4.130E+01  1.100E-23  1.205E-14
4.093E+01  1.102E-23  1.196E-14
4.055E+01  1.104E-23  1.188E-14
4.018E+01  1.106E-23  1.178E-14
3.981E+01  1.107E-23  1.169E-14
3.945E+01  1.107E-23  1.159E-14
3.908E+01  1.107E-23  1.148E-14
3.873E+01  1.107E-23  1.137E-14
3.837E+01  1.106E-23  1.126E-14
3.802E+01  1.104E-23  1.114E-14
3.767E+01  1.102E-23  1.101E-14
3.733E+01  1.098E-23  1.087E-14
3.698E+01  1.094E-23  1.073E-14
3.664E+01  1.088E-23  1.058E-14
3.631E+01  1.082E-23  1.042E-14
3.597E+01  1.075E-23  1.026E-14
3.565E+01  1.066E-23  1.008E-14
3.532E+01  1.057E-23  9.898E-15
3.499E+01  1.046E-23  9.707E-15
3.467E+01  1.034E-23  9.507E-15
3.436E+01  1.020E-23  9.299E-15
3.404E+01  1.006E-23  9.083E-15
3.373E+01  9.902E-24  8.859E-15
3.342E+01  9.733E-24  8.628E-15
3.311E+01  9.553E-24  8.391E-15
3.281E+01  9.362E-24  8.148E-15
3.251E+01  9.161E-24  7.899E-15
3.221E+01  8.950E-24  7.647E-15
3.192E+01  8.730E-24  7.391E-15
3.162E+01  8.503E-24  7.132E-15
3.133E+01  8.269E-24  6.873E-15
3.105E+01  8.030E-24  6.613E-15
3.076E+01  7.787E-24  6.354E-15
3.048E+01  7.541E-24  6.097E-15
3.020E+01  7.293E-24  5.843E-15
2.992E+01  7.045E-24  5.592E-15
2.965E+01  6.797E-24  5.346E-15
2.938E+01  6.551E-24  5.105E-15
2.911E+01  6.308E-24  4.870E-15
2.884E+01  6.068E-24  4.642E-15
2.858E+01  5.833E-24  4.421E-15
2.831E+01  5.603E-24  4.208E-15
2.805E+01  5.379E-24  4.003E-15
2.780E+01  5.162E-24  3.806E-15
2.754E+01  4.951E-24  3.617E-15
2.729E+01  4.748E-24  3.437E-15
2.704E+01  4.552E-24  3.265E-15
2.679E+01  4.363E-24  3.101E-15
2.655E+01  4.182E-24  2.945E-15
2.630E+01  4.009E-24  2.797E-15
2.606E+01  3.844E-24  2.657E-15
2.582E+01  3.685E-24  2.524E-15
2.559E+01  3.535E-24  2.399E-15
2.535E+01  3.391E-24  2.280E-15
2.512E+01  3.255E-24  2.169E-15
2.489E+01  3.125E-24  2.063E-15
2.466E+01  3.002E-24  1.963E-15
2.443E+01  2.884E-24  1.870E-15
2.421E+01  2.773E-24  1.781E-15
2.399E+01  2.667E-24  1.697E-15
2.377E+01  2.567E-24  1.618E-15
2.355E+01  2.472E-24  1.544E-15
2.333E+01  2.383E-24  1.475E-15
2.312E+01  2.297E-24  1.409E-15
2.291E+01  2.216E-24  1.347E-15
2.270E+01  2.141E-24  1.289E-15
2.249E+01  2.070E-24  1.235E-15
2.228E+01  2.004E-24  1.184E-15
2.208E+01  1.940E-24  1.137E-15
2.188E+01  1.880E-24  1.091E-15
2.168E+01  1.822E-24  1.048E-15
2.148E+01  1.767E-24  1.007E-15
2.128E+01  1.716E-24  9.689E-16
2.109E+01  1.669E-24  9.333E-16
2.089E+01  1.623E-24  8.996E-16
2.070E+01  1.580E-24  8.676E-16
2.051E+01  1.539E-24  8.374E-16
2.032E+01  1.501E-24  8.091E-16
2.014E+01  1.466E-24  7.832E-16
1.995E+01  1.433E-24  7.586E-16
1.977E+01  1.402E-24  7.354E-16
1.959E+01  1.373E-24  7.133E-16
1.941E+01  1.345E-24  6.925E-16
1.923E+01  1.319E-24  6.728E-16
1.905E+01  1.295E-24  6.544E-16
1.888E+01  1.273E-24  6.376E-16
1.871E+01  1.255E-24  6.226E-16
1.854E+01  1.241E-24  6.100E-16
1.837E+01  1.234E-24  6.009E-16
1.820E+01  1.239E-24  5.979E-16
1.803E+01  1.277E-24  6.106E-16
1.786E+01  1.356E-24  6.425E-16
1.770E+01  1.331E-24  6.250E-16
1.754E+01  1.407E-24  6.544E-16
1.738E+01  1.657E-24  7.638E-16
1.722E+01  1.524E-24  6.962E-16
1.706E+01  1.490E-24  6.744E-16
1.690E+01  1.429E-24  6.408E-16
1.675E+01  1.348E-24  5.990E-16
1.660E+01  1.362E-24  5.997E-16
1.644E+01  1.590E-24  6.936E-16
1.629E+01  1.185E-24  5.123E-16
1.614E+01  1.040E-24  4.452E-16
1.600E+01  1.053E-24  4.468E-16
1.585E+01  1.034E-24  4.348E-16
1.570E+01  8.829E-25  3.678E-16
1.556E+01  8.046E-25  3.321E-16
1.542E+01  7.603E-25  3.109E-16
1.528E+01  7.288E-25  2.953E-16
1.514E+01  7.037E-25  2.825E-16
1.500E+01  6.826E-25  2.715E-16
1.486E+01  6.647E-25  2.620E-16
1.472E+01  6.506E-25  2.541E-16
1.459E+01  6.418E-25  2.484E-16
1.445E+01  6.438E-25  2.469E-16
1.432E+01  6.688E-25  2.541E-16
1.419E+01  6.968E-25  2.623E-16
1.406E+01  6.477E-25  2.416E-16
1.393E+01  6.087E-25  2.249E-16
1.380E+01  6.062E-25  2.220E-16
1.368E+01  6.496E-25  2.357E-16
1.355E+01  6.603E-25  2.373E-16
1.343E+01  6.027E-25  2.147E-16
1.330E+01  5.924E-25  2.091E-16
1.318E+01  6.127E-25  2.142E-16
1.306E+01  6.619E-25  2.293E-16
1.294E+01  7.525E-25  2.583E-16
1.282E+01  9.008E-25  3.064E-16
1.271E+01  1.082E-24  3.648E-16
1.259E+01  1.148E-24  3.834E-16
1.247E+01  1.019E-24  3.372E-16
1.236E+01  8.692E-25  2.850E-16
1.225E+01  7.997E-25  2.598E-16
1.213E+01  8.005E-25  2.576E-16
1.202E+01  8.135E-25  2.594E-16
1.191E+01  7.738E-25  2.445E-16
1.180E+01  7.052E-25  2.208E-16
1.169E+01  6.768E-25  2.100E-16
1.159E+01  7.366E-25  2.264E-16
1.148E+01  9.566E-25  2.913E-16
1.138E+01  1.418E-24  4.279E-16
1.127E+01  1.926E-24  5.759E-16
1.117E+01  1.306E-24  3.869E-16
1.107E+01  6.984E-25  2.050E-16
1.096E+01  4.821E-25  1.402E-16
1.086E+01  3.795E-25  1.094E-16
1.076E+01  3.225E-25  9.210E-17
1.067E+01  2.873E-25  8.128E-17
1.057E+01  2.637E-25  7.392E-17
1.047E+01  2.470E-25  6.860E-17
1.038E+01  2.346E-25  6.456E-17
1.028E+01  2.251E-25  6.137E-17
1.019E+01  2.176E-25  5.881E-17
1.009E+01  2.119E-25  5.674E-17
1.000E+01  2.077E-25  5.509E-17
9.908E+00  2.048E-25  5.382E-17
9.817E+00  2.031E-25  5.289E-17
9.727E+00  2.026E-25  5.229E-17
9.638E+00  2.034E-25  5.200E-17
9.550E+00  2.054E-25  5.203E-17
9.462E+00  2.087E-25  5.240E-17
9.376E+00  2.138E-25  5.317E-17
9.290E+00  2.211E-25  5.448E-17
9.204E+00  2.315E-25  5.652E-17
9.120E+00  2.465E-25  5.963E-17
9.036E+00  2.688E-25  6.442E-17
8.954E+00  3.030E-25  7.195E-17
8.872E+00  3.576E-25  8.416E-17
8.790E+00  4.474E-25  1.043E-16
8.710E+00  5.828E-25  1.346E-16
8.630E+00  7.035E-25  1.610E-16
8.551E+00  6.754E-25  1.532E-16
8.472E+00  5.771E-25  1.297E-16
8.395E+00  5.250E-25  1.169E-16
8.318E+00  5.158E-25  1.138E-16
8.241E+00  5.323E-25  1.164E-16
8.166E+00  5.823E-25  1.261E-16
8.091E+00  6.807E-25  1.461E-16
8.017E+00  8.377E-25  1.781E-16
7.943E+00  1.041E-24  2.194E-16
7.870E+00  1.217E-24  2.541E-16
7.798E+00  1.284E-24  2.657E-16
7.727E+00  1.311E-24  2.688E-16
7.656E+00  1.376E-24  2.795E-16
7.586E+00  1.334E-24  2.684E-16
7.516E+00  1.080E-24  2.153E-16
7.447E+00  8.017E-25  1.584E-16
7.379E+00  6.043E-25  1.183E-16
7.311E+00  4.742E-25  9.197E-17
7.244E+00  3.849E-25  7.396E-17
7.178E+00  3.207E-25  6.105E-17
7.112E+00  2.735E-25  5.159E-17
7.047E+00  2.392E-25  4.471E-17
6.982E+00  2.154E-25  3.990E-17
6.918E+00  2.008E-25  3.684E-17
6.855E+00  1.938E-25  3.524E-17
6.792E+00  1.922E-25  3.463E-17
6.730E+00  1.914E-25  3.416E-17
6.668E+00  1.864E-25  3.297E-17
6.607E+00  1.776E-25  3.112E-17
6.546E+00  1.713E-25  2.975E-17
6.486E+00  1.757E-25  3.024E-17
6.427E+00  2.005E-25  3.418E-17
6.368E+00  2.648E-25  4.473E-17
6.310E+00  4.122E-25  6.898E-17
6.252E+00  6.637E-25  1.101E-16
6.194E+00  6.687E-25  1.099E-16
6.138E+00  3.970E-25  6.463E-17
6.081E+00  2.300E-25  3.710E-17
6.026E+00  1.526E-25  2.439E-17
5.970E+00  1.157E-25  1.832E-17
5.916E+00  9.877E-26  1.550E-17
5.861E+00  9.483E-26  1.474E-17
5.808E+00  1.028E-25  1.584E-17
5.754E+00  1.210E-25  1.848E-17
5.702E+00  1.311E-25  1.984E-17
5.649E+00  1.110E-25  1.663E-17
5.598E+00  8.209E-26  1.219E-17
5.546E+00  6.221E-26  9.152E-18
5.495E+00  5.063E-26  7.380E-18
5.445E+00  4.433E-26  6.403E-18
5.395E+00  4.191E-26  5.997E-18
5.346E+00  4.375E-26  6.203E-18
5.297E+00  5.129E-26  7.206E-18
5.248E+00  5.671E-26  7.894E-18
5.200E+00  4.569E-26  6.303E-18
5.152E+00  3.437E-26  4.697E-18
5.105E+00  2.816E-26  3.813E-18
5.058E+00  2.468E-26  3.312E-18
5.012E+00  2.250E-26  2.991E-18
4.966E+00  2.098E-26  2.764E-18
4.920E+00  1.984E-26  2.590E-18
4.875E+00  1.895E-26  2.450E-18
4.831E+00  1.821E-26  2.333E-18
4.786E+00  1.759E-26  2.233E-18
4.742E+00  1.706E-26  2.146E-18
4.699E+00  1.660E-26  2.069E-18
4.656E+00  1.619E-26  1.999E-18
4.613E+00  1.583E-26  1.937E-18
4.571E+00  1.550E-26  1.879E-18
4.529E+00  1.521E-26  1.827E-18
4.487E+00  1.494E-26  1.779E-18
4.446E+00  1.470E-26  1.734E-18
4.406E+00  1.448E-26  1.693E-18
4.365E+00  1.428E-26  1.654E-18
4.325E+00  1.410E-26  1.618E-18
4.285E+00  1.394E-26  1.585E-18
4.246E+00  1.379E-26  1.553E-18
4.207E+00  1.366E-26  1.524E-18
4.169E+00  1.353E-26  1.497E-18
4.130E+00  1.343E-26  1.471E-18
4.093E+00  1.333E-26  1.447E-18
4.055E+00  1.325E-26  1.425E-18
4.018E+00  1.318E-26  1.405E-18
3.981E+00  1.313E-26  1.386E-18
3.945E+00  1.309E-26  1.370E-18
3.908E+00  1.307E-26  1.355E-18
3.873E+00  1.307E-26  1.343E-18
3.837E+00  1.310E-26  1.333E-18
3.802E+00  1.315E-26  1.326E-18
3.767E+00  1.324E-26  1.323E-18
3.733E+00  1.337E-26  1.324E-18
3.698E+00  1.356E-26  1.330E-18
3.664E+00  1.383E-26  1.344E-18
3.631E+00  1.420E-26  1.367E-18
3.597E+00  1.472E-26  1.404E-18
3.565E+00  1.546E-26  1.462E-18
3.532E+00  1.655E-26  1.550E-18
3.499E+00  1.821E-26  1.690E-18
3.467E+00  2.089E-26  1.921E-18
3.436E+00  2.557E-26  2.330E-18
3.404E+00  3.482E-26  3.144E-18
3.373E+00  5.689E-26  5.090E-18
3.342E+00  1.301E-25  1.153E-17
3.311E+00  4.932E-25  4.332E-17
3.281E+00  3.373E-25  2.935E-17
3.251E+00  9.633E-26  8.307E-18
3.221E+00  4.595E-26  3.926E-18
3.192E+00  2.928E-26  2.479E-18
3.162E+00  2.192E-26  1.839E-18
3.133E+00  1.805E-26  1.500E-18
3.105E+00  1.576E-26  1.298E-18
3.076E+00  1.430E-26  1.167E-18
3.048E+00  1.330E-26  1.075E-18
3.020E+00  1.258E-26  1.008E-18
2.992E+00  1.204E-26  9.559E-19
2.965E+00  1.163E-26  9.144E-19
2.938E+00  1.130E-26  8.802E-19
2.911E+00  1.102E-26  8.511E-19
2.884E+00  1.080E-26  8.259E-19
2.858E+00  1.060E-26  8.036E-19
2.831E+00  1.043E-26  7.835E-19
2.805E+00  1.028E-26  7.651E-19
2.780E+00  1.015E-26  7.482E-19
2.754E+00  1.002E-26  7.324E-19
2.729E+00  9.911E-27  7.174E-19
2.704E+00  9.806E-27  7.033E-19
2.679E+00  9.707E-27  6.898E-19
2.655E+00  9.613E-27  6.769E-19
2.630E+00  9.523E-27  6.644E-19
2.606E+00  9.437E-27  6.524E-19
2.582E+00  9.353E-27  6.407E-19
2.559E+00  9.272E-27  6.293E-19
2.535E+00  9.192E-27  6.181E-19
2.512E+00  9.114E-27  6.073E-19
2.489E+00  9.037E-27  5.966E-19
2.466E+00  8.960E-27  5.861E-19
2.443E+00  8.883E-27  5.758E-19
2.421E+00  8.807E-27  5.656E-19
2.399E+00  8.732E-27  5.556E-19
2.377E+00  8.658E-27  5.459E-19
2.355E+00  8.584E-27  5.363E-19
2.333E+00  8.511E-27  5.268E-19
2.312E+00  8.437E-27  5.175E-19
2.291E+00  8.364E-27  5.082E-19
2.270E+00  8.289E-27  4.991E-19
2.249E+00  8.215E-27  4.901E-19
2.228E+00  8.138E-27  4.811E-19
2.208E+00  8.060E-27  4.721E-19
2.188E+00  7.981E-27  4.632E-19
2.168E+00  7.899E-27  4.542E-19
2.148E+00  7.813E-27  4.452E-19
2.128E+00  7.724E-27  4.360E-19
2.109E+00  7.629E-27  4.267E-19
2.089E+00  7.527E-27  4.171E-19
2.070E+00  7.416E-27  4.072E-19
2.051E+00  7.294E-27  3.969E-19
2.032E+00  7.159E-27  3.859E-19
2.014E+00  7.007E-27  3.743E-19
1.995E+00  6.834E-27  3.617E-19
1.977E+00  6.642E-27  3.483E-19
1.959E+00  6.436E-27  3.344E-19
1.941E+00  6.235E-27  3.210E-19
1.923E+00  6.078E-27  3.100E-19
1.905E+00  6.003E-27  3.034E-19
1.888E+00  6.025E-27  3.017E-19
1.871E+00  6.116E-27  3.035E-19
1.854E+00  6.228E-27  3.062E-19
1.837E+00  6.329E-27  3.083E-19
1.820E+00  6.403E-27  3.091E-19
1.803E+00  6.450E-27  3.085E-19
1.786E+00  6.473E-27  3.067E-19
1.770E+00  6.478E-27  3.042E-19
1.754E+00  6.469E-27  3.010E-19
1.738E+00  6.451E-27  2.973E-19
1.722E+00  6.425E-27  2.934E-19
1.706E+00  6.394E-27  2.894E-19
1.690E+00  6.359E-27  2.852E-19
1.675E+00  6.323E-27  2.809E-19
1.660E+00  6.285E-27  2.767E-19
1.644E+00  6.247E-27  2.725E-19
1.629E+00  6.208E-27  2.683E-19
1.614E+00  6.170E-27  2.642E-19
1.600E+00  6.134E-27  2.603E-19
1.585E+00  6.100E-27  2.565E-19
1.570E+00  6.069E-27  2.528E-19
1.556E+00  6.041E-27  2.494E-19
1.542E+00  6.018E-27  2.461E-19
1.528E+00  6.000E-27  2.431E-19
1.514E+00  5.988E-27  2.404E-19
1.500E+00  5.983E-27  2.380E-19
1.486E+00  5.986E-27  2.359E-19
1.472E+00  5.999E-27  2.343E-19
1.459E+00  6.025E-27  2.331E-19
1.445E+00  6.064E-27  2.325E-19
1.432E+00  6.121E-27  2.325E-19
1.419E+00  6.198E-27  2.333E-19
1.406E+00  6.299E-27  2.349E-19
1.393E+00  6.430E-27  2.376E-19
1.380E+00  6.597E-27  2.415E-19
1.368E+00  6.805E-27  2.469E-19
1.355E+00  7.064E-27  2.539E-19
1.343E+00  7.378E-27  2.628E-19
1.330E+00  7.752E-27  2.736E-19
1.318E+00  8.179E-27  2.860E-19
1.306E+00  8.634E-27  2.992E-19
1.294E+00  9.066E-27  3.112E-19
1.282E+00  9.386E-27  3.193E-19
1.271E+00  9.490E-27  3.198E-19
1.259E+00  9.300E-27  3.106E-19
1.247E+00  8.820E-27  2.918E-19
1.236E+00  8.144E-27  2.670E-19
1.225E+00  7.399E-27  2.404E-19
1.213E+00  6.692E-27  2.154E-19
1.202E+00  6.080E-27  1.939E-19
1.191E+00  5.582E-27  1.764E-19
1.180E+00  5.195E-27  1.626E-19
1.169E+00  4.909E-27  1.523E-19
1.159E+00  4.714E-27  1.449E-19
1.148E+00  4.604E-27  1.402E-19
1.138E+00  4.579E-27  1.382E-19
1.127E+00  4.648E-27  1.390E-19
1.117E+00  4.829E-27  1.431E-19
1.107E+00  5.161E-27  1.515E-19
1.096E+00  5.701E-27  1.658E-19
1.086E+00  6.537E-27  1.884E-19
1.076E+00  7.755E-27  2.214E-19
1.067E+00  9.287E-27  2.627E-19
1.057E+00  1.052E-26  2.949E-19
1.047E+00  1.033E-26  2.870E-19
1.038E+00  8.618E-27  2.372E-19
1.028E+00  6.584E-27  1.795E-19
1.019E+00  5.000E-27  1.351E-19
1.009E+00  3.925E-27  1.051E-19
1.000E+00  3.209E-27  8.513E-20
