Dust emission from Draine & Li (2007): ApJ 657, 810-837
==========================================================
         7 = grain model
 4.000E-08 4.000E-01 4.500E-05 = a_01 (cm) , sigma_1 , b_C1/0.92
 2.000E-07 5.500E-01 1.500E-05 = a_02 (cm) , sigma_2 , b_C2/0.92
 2.000E+00 2.000E+00 1.000E+00 = Umin , Umax, beta (dN/dU propto U^{-beta})
 2.000E+00 = <U> 
     mmp83 = radfield
 9.115E-24 = power/H (erg s-1)
 band   nu*P_nu(band) j_nu(band)
 (um)   (erg s-1 H-1)(Jy cm2 sr-1 H-1)
1.270E+00  3.675E-26  1.238E-18 COBE-DIRBE
2.220E+00  4.695E-26  2.765E-18 COBE-DIRBE
3.530E+00  3.053E-25  2.858E-17 COBE-DIRBE
4.880E+00  1.369E-25  1.772E-17 COBE-DIRBE
1.229E+01  1.177E-24  3.836E-16 COBE-DIRBE
2.079E+01  6.992E-25  3.856E-16 COBE-DIRBE
5.599E+01  2.154E-24  3.199E-15 COBE-DIRBE
9.770E+01  5.099E-24  1.322E-14 COBE-DIRBE
1.479E+02  4.675E-24  1.834E-14 COBE-DIRBE
2.479E+02  1.677E-24  1.103E-14 COBE-DIRBE
1.200E+01  1.299E-24  4.135E-16 IRAS
2.500E+01  6.166E-25  4.089E-16 IRAS
6.000E+01  2.486E-24  3.956E-15 IRAS
1.000E+02  5.181E-24  1.374E-14 IRAS
3.550E+00  3.549E-25  3.342E-17 SST-IRAC
4.493E+00  9.959E-26  1.187E-17 SST-IRAC
5.731E+00  7.926E-25  1.205E-16 SST-IRAC
7.872E+00  1.917E-24  4.004E-16 SST-IRAC
2.368E+01  5.433E-25  3.412E-16 SST-MIPS
7.142E+01  3.270E-24  6.195E-15 SST-MIPS
1.559E+02  4.228E-24  1.749E-14 SST-MIPS
1.600E+01  8.771E-25  3.722E-16 SST-IRSPU
2.200E+01  5.957E-25  3.476E-16 SST-IRSPU
7.500E+01  2.776E-24  5.523E-15 Herschel-PACS
1.100E+02  3.813E-24  1.112E-14 Herschel-PACS
1.700E+02  3.215E-24  1.450E-14 Herschel-PACS
2.500E+02  1.446E-24  9.591E-15 Herschel-SPIRE
3.600E+02  4.352E-25  4.156E-15 Herschel-SPIRE
5.200E+02  1.107E-25  1.528E-15 Herschel-SPIRE
2.400E+00  5.262E-26  3.350E-18 Akari IRC NIR N2
3.200E+00  2.348E-25  1.993E-17 Akari IRC NIR N3
4.100E+00  1.080E-25  1.175E-17 Akari IRC NIR N4
7.000E+00  2.178E-24  4.044E-16 Akari IRC MIR-S S7
9.000E+00  1.534E-24  3.663E-16 Akari IRC MIR-S S9W
1.100E+01  1.188E-24  3.465E-16 Akari IRC MIR-S S11
1.500E+01  9.100E-25  3.621E-16 Akari IRC MIR-L L15
1.800E+01  7.280E-25  3.476E-16 Akari IRC MIR-L L18W
2.400E+01  5.732E-25  3.649E-16 Akari IRC MIR-L L24
6.500E+01  3.081E-24  5.312E-15 Akari FIS N60
8.000E+01  4.544E-24  9.643E-15 Akari FIS WIDE-S
1.400E+02  4.704E-24  1.747E-14 Akari FIS WIDE-L
1.600E+02  4.132E-24  1.754E-14 Akari FIS N160
 
 
 
 


lambda    nu*dP/dnu     j_nu
 (um)   (erg s-1 H-1)(Jy cm2 sr-1 H-1)
1.000E+04  5.964E-31  1.582E-19
9.908E+03  6.181E-31  1.625E-19
9.817E+03  6.407E-31  1.669E-19
9.727E+03  6.641E-31  1.714E-19
9.638E+03  6.884E-31  1.760E-19
9.550E+03  7.135E-31  1.807E-19
9.462E+03  7.395E-31  1.856E-19
9.376E+03  7.665E-31  1.906E-19
9.290E+03  7.945E-31  1.958E-19
9.204E+03  8.236E-31  2.011E-19
9.120E+03  8.536E-31  2.065E-19
9.036E+03  8.848E-31  2.121E-19
8.954E+03  9.170E-31  2.178E-19
8.872E+03  9.503E-31  2.236E-19
8.790E+03  9.849E-31  2.296E-19
8.710E+03  1.021E-30  2.358E-19
8.630E+03  1.058E-30  2.421E-19
8.551E+03  1.096E-30  2.487E-19
8.472E+03  1.136E-30  2.554E-19
8.395E+03  1.178E-30  2.622E-19
8.318E+03  1.221E-30  2.693E-19
8.241E+03  1.265E-30  2.766E-19
8.166E+03  1.311E-30  2.840E-19
8.091E+03  1.359E-30  2.917E-19
8.017E+03  1.409E-30  2.996E-19
7.943E+03  1.461E-30  3.077E-19
7.870E+03  1.514E-30  3.161E-19
7.798E+03  1.569E-30  3.246E-19
7.727E+03  1.627E-30  3.335E-19
7.656E+03  1.687E-30  3.425E-19
7.586E+03  1.748E-30  3.518E-19
7.516E+03  1.813E-30  3.614E-19
7.447E+03  1.879E-30  3.712E-19
7.379E+03  1.948E-30  3.814E-19
7.311E+03  2.020E-30  3.918E-19
7.244E+03  2.094E-30  4.025E-19
7.178E+03  2.171E-30  4.135E-19
7.112E+03  2.251E-30  4.248E-19
7.047E+03  2.334E-30  4.364E-19
6.982E+03  2.421E-30  4.483E-19
6.918E+03  2.510E-30  4.606E-19
6.855E+03  2.602E-30  4.732E-19
6.792E+03  2.698E-30  4.861E-19
6.730E+03  2.798E-30  4.994E-19
6.668E+03  2.901E-30  5.131E-19
6.607E+03  3.008E-30  5.272E-19
6.546E+03  3.119E-30  5.417E-19
6.486E+03  3.235E-30  5.566E-19
6.427E+03  3.355E-30  5.719E-19
6.368E+03  3.479E-30  5.876E-19
6.310E+03  3.608E-30  6.038E-19
6.252E+03  3.742E-30  6.205E-19
6.194E+03  3.881E-30  6.376E-19
6.138E+03  4.025E-30  6.553E-19
6.081E+03  4.174E-30  6.734E-19
6.026E+03  4.330E-30  6.920E-19
5.970E+03  4.491E-30  7.112E-19
5.916E+03  4.658E-30  7.309E-19
5.861E+03  4.831E-30  7.512E-19
5.808E+03  5.012E-30  7.720E-19
5.754E+03  5.199E-30  7.935E-19
5.702E+03  5.393E-30  8.156E-19
5.649E+03  5.594E-30  8.383E-19
5.598E+03  5.803E-30  8.616E-19
5.546E+03  6.020E-30  8.857E-19
5.495E+03  6.245E-30  9.104E-19
5.445E+03  6.479E-30  9.358E-19
5.395E+03  6.722E-30  9.619E-19
5.346E+03  6.974E-30  9.888E-19
5.297E+03  7.235E-30  1.017E-18
5.248E+03  7.507E-30  1.045E-18
5.200E+03  7.788E-30  1.074E-18
5.152E+03  8.081E-30  1.104E-18
5.105E+03  8.385E-30  1.135E-18
5.058E+03  8.700E-30  1.167E-18
5.012E+03  9.027E-30  1.200E-18
4.966E+03  9.367E-30  1.234E-18
4.920E+03  9.719E-30  1.269E-18
4.875E+03  1.009E-29  1.304E-18
4.831E+03  1.047E-29  1.341E-18
4.786E+03  1.086E-29  1.379E-18
4.742E+03  1.127E-29  1.418E-18
4.699E+03  1.170E-29  1.458E-18
4.656E+03  1.214E-29  1.499E-18
4.613E+03  1.260E-29  1.541E-18
4.571E+03  1.307E-29  1.585E-18
4.529E+03  1.357E-29  1.630E-18
4.487E+03  1.408E-29  1.676E-18
4.446E+03  1.462E-29  1.724E-18
4.406E+03  1.517E-29  1.773E-18
4.365E+03  1.575E-29  1.823E-18
4.325E+03  1.634E-29  1.875E-18
4.285E+03  1.696E-29  1.928E-18
4.246E+03  1.761E-29  1.983E-18
4.207E+03  1.828E-29  2.040E-18
4.169E+03  1.898E-29  2.098E-18
4.130E+03  1.970E-29  2.158E-18
4.093E+03  2.045E-29  2.220E-18
4.055E+03  2.123E-29  2.283E-18
4.018E+03  2.204E-29  2.349E-18
3.981E+03  2.288E-29  2.416E-18
3.945E+03  2.375E-29  2.485E-18
3.908E+03  2.466E-29  2.556E-18
3.873E+03  2.560E-29  2.630E-18
3.837E+03  2.658E-29  2.705E-18
3.802E+03  2.760E-29  2.783E-18
3.767E+03  2.865E-29  2.863E-18
3.733E+03  2.975E-29  2.945E-18
3.698E+03  3.089E-29  3.030E-18
3.664E+03  3.207E-29  3.118E-18
3.631E+03  3.331E-29  3.208E-18
3.597E+03  3.459E-29  3.300E-18
3.565E+03  3.591E-29  3.396E-18
3.532E+03  3.730E-29  3.494E-18
3.499E+03  3.873E-29  3.595E-18
3.467E+03  4.022E-29  3.700E-18
3.436E+03  4.177E-29  3.807E-18
3.404E+03  4.339E-29  3.918E-18
3.373E+03  4.506E-29  4.032E-18
3.342E+03  4.680E-29  4.149E-18
3.311E+03  4.861E-29  4.270E-18
3.281E+03  5.049E-29  4.394E-18
3.251E+03  5.244E-29  4.522E-18
3.221E+03  5.448E-29  4.654E-18
3.192E+03  5.659E-29  4.790E-18
3.162E+03  5.878E-29  4.931E-18
3.133E+03  6.106E-29  5.075E-18
3.105E+03  6.343E-29  5.224E-18
3.076E+03  6.590E-29  5.377E-18
3.048E+03  6.846E-29  5.535E-18
3.020E+03  7.112E-29  5.697E-18
2.992E+03  7.388E-29  5.864E-18
2.965E+03  7.675E-29  6.036E-18
2.938E+03  7.973E-29  6.213E-18
2.911E+03  8.283E-29  6.395E-18
2.884E+03  8.605E-29  6.583E-18
2.858E+03  8.940E-29  6.776E-18
2.831E+03  9.288E-29  6.976E-18
2.805E+03  9.650E-29  7.181E-18
2.780E+03  1.003E-28  7.393E-18
2.754E+03  1.042E-28  7.611E-18
2.729E+03  1.082E-28  7.835E-18
2.704E+03  1.125E-28  8.067E-18
2.679E+03  1.169E-28  8.305E-18
2.655E+03  1.214E-28  8.551E-18
2.630E+03  1.262E-28  8.804E-18
2.606E+03  1.311E-28  9.065E-18
2.582E+03  1.363E-28  9.334E-18
2.559E+03  1.416E-28  9.611E-18
2.535E+03  1.472E-28  9.896E-18
2.512E+03  1.529E-28  1.019E-17
2.489E+03  1.589E-28  1.049E-17
2.466E+03  1.652E-28  1.081E-17
2.443E+03  1.717E-28  1.113E-17
2.421E+03  1.784E-28  1.146E-17
2.399E+03  1.855E-28  1.180E-17
2.377E+03  1.928E-28  1.215E-17
2.355E+03  2.004E-28  1.252E-17
2.333E+03  2.082E-28  1.289E-17
2.312E+03  2.165E-28  1.328E-17
2.291E+03  2.250E-28  1.367E-17
2.270E+03  2.339E-28  1.408E-17
2.249E+03  2.431E-28  1.450E-17
2.228E+03  2.527E-28  1.494E-17
2.208E+03  2.627E-28  1.539E-17
2.188E+03  2.731E-28  1.585E-17
2.168E+03  2.839E-28  1.632E-17
2.148E+03  2.951E-28  1.681E-17
2.128E+03  3.068E-28  1.732E-17
2.109E+03  3.189E-28  1.784E-17
2.089E+03  3.316E-28  1.838E-17
2.070E+03  3.447E-28  1.893E-17
2.051E+03  3.584E-28  1.950E-17
2.032E+03  3.726E-28  2.008E-17
2.014E+03  3.873E-28  2.069E-17
1.995E+03  4.027E-28  2.131E-17
1.977E+03  4.186E-28  2.195E-17
1.959E+03  4.352E-28  2.262E-17
1.941E+03  4.525E-28  2.330E-17
1.923E+03  4.705E-28  2.400E-17
1.905E+03  4.891E-28  2.472E-17
1.888E+03  5.086E-28  2.547E-17
1.871E+03  5.288E-28  2.624E-17
1.854E+03  5.498E-28  2.703E-17
1.837E+03  5.716E-28  2.785E-17
1.820E+03  5.943E-28  2.869E-17
1.803E+03  6.179E-28  2.955E-17
1.786E+03  6.425E-28  3.045E-17
1.770E+03  6.681E-28  3.137E-17
1.754E+03  6.946E-28  3.232E-17
1.738E+03  7.223E-28  3.329E-17
1.722E+03  7.510E-28  3.430E-17
1.706E+03  7.809E-28  3.534E-17
1.690E+03  8.120E-28  3.641E-17
1.675E+03  8.443E-28  3.751E-17
1.660E+03  8.779E-28  3.865E-17
1.644E+03  9.128E-28  3.982E-17
1.629E+03  9.492E-28  4.102E-17
1.614E+03  9.869E-28  4.226E-17
1.600E+03  1.026E-27  4.354E-17
1.585E+03  1.067E-27  4.486E-17
1.570E+03  1.110E-27  4.622E-17
1.556E+03  1.154E-27  4.762E-17
1.542E+03  1.200E-27  4.906E-17
1.528E+03  1.247E-27  5.054E-17
1.514E+03  1.297E-27  5.207E-17
1.500E+03  1.349E-27  5.365E-17
1.486E+03  1.402E-27  5.527E-17
1.472E+03  1.458E-27  5.695E-17
1.459E+03  1.516E-27  5.867E-17
1.445E+03  1.577E-27  6.045E-17
1.432E+03  1.639E-27  6.228E-17
1.419E+03  1.705E-27  6.416E-17
1.406E+03  1.772E-27  6.611E-17
1.393E+03  1.843E-27  6.811E-17
1.380E+03  1.916E-27  7.017E-17
1.368E+03  1.993E-27  7.229E-17
1.355E+03  2.072E-27  7.448E-17
1.343E+03  2.154E-27  7.673E-17
1.330E+03  2.240E-27  7.905E-17
1.318E+03  2.329E-27  8.144E-17
1.306E+03  2.422E-27  8.390E-17
1.294E+03  2.518E-27  8.643E-17
1.282E+03  2.618E-27  8.904E-17
1.271E+03  2.722E-27  9.173E-17
1.259E+03  2.830E-27  9.450E-17
1.247E+03  2.942E-27  9.735E-17
1.236E+03  3.059E-27  1.003E-16
1.225E+03  3.180E-27  1.033E-16
1.213E+03  3.306E-27  1.064E-16
1.202E+03  3.437E-27  1.096E-16
1.191E+03  3.573E-27  1.129E-16
1.180E+03  3.715E-27  1.163E-16
1.169E+03  3.862E-27  1.198E-16
1.159E+03  4.014E-27  1.234E-16
1.148E+03  4.173E-27  1.271E-16
1.138E+03  4.338E-27  1.309E-16
1.127E+03  4.509E-27  1.348E-16
1.117E+03  4.687E-27  1.389E-16
1.107E+03  4.872E-27  1.430E-16
1.096E+03  5.064E-27  1.473E-16
1.086E+03  5.264E-27  1.517E-16
1.076E+03  5.471E-27  1.562E-16
1.067E+03  5.687E-27  1.609E-16
1.057E+03  5.910E-27  1.657E-16
1.047E+03  6.142E-27  1.706E-16
1.038E+03  6.384E-27  1.757E-16
1.028E+03  6.634E-27  1.809E-16
1.019E+03  6.894E-27  1.863E-16
1.009E+03  7.165E-27  1.918E-16
1.000E+03  7.445E-27  1.975E-16
9.908E+02  7.737E-27  2.033E-16
9.817E+02  8.040E-27  2.094E-16
9.727E+02  8.355E-27  2.156E-16
9.638E+02  8.681E-27  2.219E-16
9.550E+02  9.021E-27  2.285E-16
9.462E+02  9.373E-27  2.353E-16
9.376E+02  9.738E-27  2.422E-16
9.290E+02  1.012E-26  2.493E-16
9.204E+02  1.051E-26  2.567E-16
9.120E+02  1.092E-26  2.642E-16
9.036E+02  1.135E-26  2.720E-16
8.954E+02  1.179E-26  2.799E-16
8.872E+02  1.224E-26  2.881E-16
8.790E+02  1.272E-26  2.965E-16
8.710E+02  1.321E-26  3.052E-16
8.630E+02  1.372E-26  3.141E-16
8.551E+02  1.425E-26  3.232E-16
8.472E+02  1.480E-26  3.326E-16
8.395E+02  1.537E-26  3.422E-16
8.318E+02  1.596E-26  3.521E-16
8.241E+02  1.657E-26  3.623E-16
8.166E+02  1.721E-26  3.727E-16
8.091E+02  1.787E-26  3.834E-16
8.017E+02  1.855E-26  3.945E-16
7.943E+02  1.926E-26  4.058E-16
7.870E+02  1.999E-26  4.174E-16
7.798E+02  2.076E-26  4.294E-16
7.727E+02  2.155E-26  4.416E-16
7.656E+02  2.237E-26  4.542E-16
7.586E+02  2.322E-26  4.671E-16
7.516E+02  2.410E-26  4.804E-16
7.447E+02  2.501E-26  4.941E-16
7.379E+02  2.596E-26  5.081E-16
7.311E+02  2.695E-26  5.226E-16
7.244E+02  2.797E-26  5.374E-16
7.178E+02  2.903E-26  5.527E-16
7.112E+02  3.013E-26  5.683E-16
7.047E+02  3.126E-26  5.844E-16
6.982E+02  3.245E-26  6.009E-16
6.918E+02  3.367E-26  6.179E-16
6.855E+02  3.494E-26  6.353E-16
6.792E+02  3.626E-26  6.532E-16
6.730E+02  3.762E-26  6.716E-16
6.668E+02  3.903E-26  6.904E-16
6.607E+02  4.050E-26  7.097E-16
6.546E+02  4.202E-26  7.296E-16
6.486E+02  4.360E-26  7.501E-16
6.427E+02  4.524E-26  7.712E-16
6.368E+02  4.694E-26  7.928E-16
6.310E+02  4.870E-26  8.150E-16
6.252E+02  5.052E-26  8.378E-16
6.194E+02  5.242E-26  8.613E-16
6.138E+02  5.438E-26  8.853E-16
6.081E+02  5.641E-26  9.100E-16
6.026E+02  5.852E-26  9.354E-16
5.970E+02  6.071E-26  9.614E-16
5.916E+02  6.298E-26  9.882E-16
5.861E+02  6.532E-26  1.016E-15
5.808E+02  6.776E-26  1.044E-15
5.754E+02  7.028E-26  1.073E-15
5.702E+02  7.290E-26  1.102E-15
5.649E+02  7.560E-26  1.133E-15
5.598E+02  7.841E-26  1.164E-15
5.546E+02  8.132E-26  1.196E-15
5.495E+02  8.434E-26  1.229E-15
5.445E+02  8.746E-26  1.263E-15
5.395E+02  9.070E-26  1.298E-15
5.346E+02  9.405E-26  1.334E-15
5.297E+02  9.752E-26  1.370E-15
5.248E+02  1.011E-25  1.408E-15
5.200E+02  1.048E-25  1.446E-15
5.152E+02  1.087E-25  1.486E-15
5.105E+02  1.127E-25  1.526E-15
5.058E+02  1.168E-25  1.568E-15
5.012E+02  1.211E-25  1.610E-15
4.966E+02  1.256E-25  1.654E-15
4.920E+02  1.302E-25  1.699E-15
4.875E+02  1.349E-25  1.745E-15
4.831E+02  1.398E-25  1.792E-15
4.786E+02  1.449E-25  1.840E-15
4.742E+02  1.502E-25  1.889E-15
4.699E+02  1.556E-25  1.940E-15
4.656E+02  1.613E-25  1.992E-15
4.613E+02  1.671E-25  2.045E-15
4.571E+02  1.732E-25  2.100E-15
4.529E+02  1.794E-25  2.156E-15
4.487E+02  1.859E-25  2.213E-15
4.446E+02  1.926E-25  2.271E-15
4.406E+02  1.995E-25  2.331E-15
4.365E+02  2.066E-25  2.393E-15
4.325E+02  2.140E-25  2.456E-15
4.285E+02  2.217E-25  2.520E-15
4.246E+02  2.296E-25  2.586E-15
4.207E+02  2.378E-25  2.653E-15
4.169E+02  2.462E-25  2.723E-15
4.130E+02  2.549E-25  2.793E-15
4.093E+02  2.640E-25  2.866E-15
4.055E+02  2.733E-25  2.940E-15
4.018E+02  2.829E-25  3.015E-15
3.981E+02  2.929E-25  3.093E-15
3.945E+02  3.032E-25  3.172E-15
3.908E+02  3.138E-25  3.253E-15
3.873E+02  3.248E-25  3.336E-15
3.837E+02  3.361E-25  3.421E-15
3.802E+02  3.479E-25  3.508E-15
3.767E+02  3.599E-25  3.597E-15
3.733E+02  3.724E-25  3.687E-15
3.698E+02  3.853E-25  3.780E-15
3.664E+02  3.986E-25  3.874E-15
3.631E+02  4.123E-25  3.971E-15
3.597E+02  4.264E-25  4.069E-15
3.565E+02  4.410E-25  4.170E-15
3.532E+02  4.561E-25  4.273E-15
3.499E+02  4.716E-25  4.378E-15
3.467E+02  4.876E-25  4.485E-15
3.436E+02  5.041E-25  4.594E-15
3.404E+02  5.211E-25  4.706E-15
3.373E+02  5.387E-25  4.819E-15
3.342E+02  5.567E-25  4.935E-15
3.311E+02  5.753E-25  5.054E-15
3.281E+02  5.945E-25  5.174E-15
3.251E+02  6.142E-25  5.297E-15
3.221E+02  6.346E-25  5.422E-15
3.192E+02  6.555E-25  5.549E-15
3.162E+02  6.771E-25  5.679E-15
3.133E+02  6.992E-25  5.811E-15
3.105E+02  7.220E-25  5.946E-15
3.076E+02  7.455E-25  6.083E-15
3.048E+02  7.696E-25  6.222E-15
3.020E+02  7.944E-25  6.364E-15
2.992E+02  8.200E-25  6.508E-15
2.965E+02  8.462E-25  6.655E-15
2.938E+02  8.731E-25  6.804E-15
2.911E+02  9.008E-25  6.955E-15
2.884E+02  9.293E-25  7.109E-15
2.858E+02  9.585E-25  7.265E-15
2.831E+02  9.885E-25  7.424E-15
2.805E+02  1.019E-24  7.585E-15
2.780E+02  1.051E-24  7.749E-15
2.754E+02  1.083E-24  7.915E-15
2.729E+02  1.117E-24  8.084E-15
2.704E+02  1.151E-24  8.256E-15
2.679E+02  1.186E-24  8.430E-15
2.655E+02  1.222E-24  8.607E-15
2.630E+02  1.259E-24  8.786E-15
2.606E+02  1.297E-24  8.967E-15
2.582E+02  1.336E-24  9.151E-15
2.559E+02  1.376E-24  9.336E-15
2.535E+02  1.416E-24  9.522E-15
2.512E+02  1.457E-24  9.708E-15
2.489E+02  1.498E-24  9.892E-15
2.466E+02  1.540E-24  1.007E-14
2.443E+02  1.582E-24  1.025E-14
2.421E+02  1.624E-24  1.043E-14
2.399E+02  1.667E-24  1.061E-14
2.377E+02  1.710E-24  1.078E-14
2.355E+02  1.754E-24  1.096E-14
2.333E+02  1.799E-24  1.113E-14
2.312E+02  1.844E-24  1.131E-14
2.291E+02  1.890E-24  1.149E-14
2.270E+02  1.937E-24  1.166E-14
2.249E+02  1.985E-24  1.184E-14
2.228E+02  2.033E-24  1.202E-14
2.208E+02  2.082E-24  1.219E-14
2.188E+02  2.132E-24  1.237E-14
2.168E+02  2.182E-24  1.255E-14
2.148E+02  2.234E-24  1.273E-14
2.128E+02  2.286E-24  1.290E-14
2.109E+02  2.338E-24  1.308E-14
2.089E+02  2.392E-24  1.326E-14
2.070E+02  2.446E-24  1.343E-14
2.051E+02  2.500E-24  1.360E-14
2.032E+02  2.555E-24  1.378E-14
2.014E+02  2.611E-24  1.395E-14
1.995E+02  2.668E-24  1.412E-14
1.977E+02  2.725E-24  1.429E-14
1.959E+02  2.783E-24  1.446E-14
1.941E+02  2.841E-24  1.463E-14
1.923E+02  2.900E-24  1.479E-14
1.905E+02  2.959E-24  1.496E-14
1.888E+02  3.019E-24  1.512E-14
1.871E+02  3.080E-24  1.528E-14
1.854E+02  3.141E-24  1.544E-14
1.837E+02  3.202E-24  1.560E-14
1.820E+02  3.265E-24  1.576E-14
1.803E+02  3.327E-24  1.591E-14
1.786E+02  3.390E-24  1.606E-14
1.770E+02  3.453E-24  1.622E-14
1.754E+02  3.518E-24  1.637E-14
1.738E+02  3.582E-24  1.651E-14
1.722E+02  3.647E-24  1.666E-14
1.706E+02  3.713E-24  1.680E-14
1.690E+02  3.779E-24  1.694E-14
1.675E+02  3.846E-24  1.709E-14
1.660E+02  3.913E-24  1.723E-14
1.644E+02  3.981E-24  1.737E-14
1.629E+02  4.050E-24  1.750E-14
1.614E+02  4.120E-24  1.764E-14
1.600E+02  4.190E-24  1.778E-14
1.585E+02  4.260E-24  1.791E-14
1.570E+02  4.332E-24  1.805E-14
1.556E+02  4.406E-24  1.818E-14
1.542E+02  4.480E-24  1.832E-14
1.528E+02  4.555E-24  1.846E-14
1.514E+02  4.631E-24  1.859E-14
1.500E+02  4.709E-24  1.873E-14
1.486E+02  4.786E-24  1.886E-14
1.472E+02  4.864E-24  1.899E-14
1.459E+02  4.940E-24  1.912E-14
1.445E+02  5.015E-24  1.923E-14
1.432E+02  5.086E-24  1.932E-14
1.419E+02  5.151E-24  1.939E-14
1.406E+02  5.209E-24  1.943E-14
1.393E+02  5.258E-24  1.943E-14
1.380E+02  5.297E-24  1.939E-14
1.368E+02  5.326E-24  1.932E-14
1.355E+02  5.346E-24  1.922E-14
1.343E+02  5.361E-24  1.909E-14
1.330E+02  5.371E-24  1.896E-14
1.318E+02  5.379E-24  1.881E-14
1.306E+02  5.385E-24  1.866E-14
1.294E+02  5.391E-24  1.851E-14
1.282E+02  5.397E-24  1.836E-14
1.271E+02  5.402E-24  1.821E-14
1.259E+02  5.408E-24  1.806E-14
1.247E+02  5.414E-24  1.791E-14
1.236E+02  5.421E-24  1.777E-14
1.225E+02  5.427E-24  1.763E-14
1.213E+02  5.434E-24  1.749E-14
1.202E+02  5.440E-24  1.735E-14
1.191E+02  5.446E-24  1.721E-14
1.180E+02  5.451E-24  1.707E-14
1.169E+02  5.455E-24  1.692E-14
1.159E+02  5.457E-24  1.677E-14
1.148E+02  5.460E-24  1.663E-14
1.138E+02  5.461E-24  1.648E-14
1.127E+02  5.461E-24  1.633E-14
1.117E+02  5.461E-24  1.618E-14
1.107E+02  5.460E-24  1.603E-14
1.096E+02  5.457E-24  1.587E-14
1.086E+02  5.453E-24  1.571E-14
1.076E+02  5.447E-24  1.555E-14
1.067E+02  5.441E-24  1.539E-14
1.057E+02  5.432E-24  1.523E-14
1.047E+02  5.422E-24  1.506E-14
1.038E+02  5.411E-24  1.489E-14
1.028E+02  5.397E-24  1.472E-14
1.019E+02  5.382E-24  1.454E-14
1.009E+02  5.365E-24  1.436E-14
1.000E+02  5.346E-24  1.418E-14
9.908E+01  5.324E-24  1.399E-14
9.817E+01  5.302E-24  1.381E-14
9.727E+01  5.277E-24  1.362E-14
9.638E+01  5.251E-24  1.343E-14
9.550E+01  5.223E-24  1.323E-14
9.462E+01  5.194E-24  1.304E-14
9.376E+01  5.162E-24  1.284E-14
9.290E+01  5.129E-24  1.264E-14
9.204E+01  5.094E-24  1.244E-14
9.120E+01  5.057E-24  1.223E-14
9.036E+01  5.019E-24  1.203E-14
8.954E+01  4.980E-24  1.183E-14
8.872E+01  4.938E-24  1.162E-14
8.790E+01  4.896E-24  1.141E-14
8.710E+01  4.851E-24  1.121E-14
8.630E+01  4.806E-24  1.100E-14
8.551E+01  4.759E-24  1.079E-14
8.472E+01  4.709E-24  1.058E-14
8.395E+01  4.659E-24  1.038E-14
8.318E+01  4.609E-24  1.017E-14
8.241E+01  4.557E-24  9.961E-15
8.166E+01  4.504E-24  9.756E-15
8.091E+01  4.450E-24  9.551E-15
8.017E+01  4.395E-24  9.347E-15
7.943E+01  4.340E-24  9.144E-15
7.870E+01  4.283E-24  8.941E-15
7.798E+01  4.225E-24  8.740E-15
7.727E+01  4.167E-24  8.540E-15
7.656E+01  4.107E-24  8.341E-15
7.586E+01  4.047E-24  8.143E-15
7.516E+01  3.987E-24  7.948E-15
7.447E+01  3.925E-24  7.754E-15
7.379E+01  3.862E-24  7.559E-15
7.311E+01  3.800E-24  7.369E-15
7.244E+01  3.736E-24  7.179E-15
7.178E+01  3.673E-24  6.993E-15
7.112E+01  3.609E-24  6.809E-15
7.047E+01  3.546E-24  6.629E-15
6.982E+01  3.483E-24  6.451E-15
6.918E+01  3.420E-24  6.275E-15
6.855E+01  3.356E-24  6.103E-15
6.792E+01  3.293E-24  5.933E-15
6.730E+01  3.230E-24  5.766E-15
6.668E+01  3.167E-24  5.602E-15
6.607E+01  3.104E-24  5.441E-15
6.546E+01  3.041E-24  5.281E-15
6.486E+01  2.979E-24  5.126E-15
6.427E+01  2.918E-24  4.974E-15
6.368E+01  2.857E-24  4.826E-15
6.310E+01  2.796E-24  4.679E-15
6.252E+01  2.736E-24  4.537E-15
6.194E+01  2.677E-24  4.399E-15
6.138E+01  2.618E-24  4.263E-15
6.081E+01  2.561E-24  4.130E-15
6.026E+01  2.503E-24  4.001E-15
5.970E+01  2.446E-24  3.874E-15
5.916E+01  2.391E-24  3.752E-15
5.861E+01  2.336E-24  3.632E-15
5.808E+01  2.282E-24  3.515E-15
5.754E+01  2.229E-24  3.402E-15
5.702E+01  2.177E-24  3.292E-15
5.649E+01  2.126E-24  3.186E-15
5.598E+01  2.076E-24  3.082E-15
5.546E+01  2.027E-24  2.982E-15
5.495E+01  1.979E-24  2.885E-15
5.445E+01  1.932E-24  2.791E-15
5.395E+01  1.886E-24  2.699E-15
5.346E+01  1.842E-24  2.611E-15
5.297E+01  1.798E-24  2.526E-15
5.248E+01  1.755E-24  2.443E-15
5.200E+01  1.713E-24  2.363E-15
5.152E+01  1.673E-24  2.286E-15
5.105E+01  1.633E-24  2.211E-15
5.058E+01  1.595E-24  2.140E-15
5.012E+01  1.557E-24  2.070E-15
4.966E+01  1.521E-24  2.004E-15
4.920E+01  1.486E-24  1.940E-15
4.875E+01  1.452E-24  1.878E-15
4.831E+01  1.419E-24  1.818E-15
4.786E+01  1.387E-24  1.761E-15
4.742E+01  1.356E-24  1.706E-15
4.699E+01  1.327E-24  1.653E-15
4.656E+01  1.297E-24  1.602E-15
4.613E+01  1.269E-24  1.553E-15
4.571E+01  1.242E-24  1.506E-15
4.529E+01  1.216E-24  1.461E-15
4.487E+01  1.191E-24  1.418E-15
4.446E+01  1.167E-24  1.376E-15
4.406E+01  1.143E-24  1.336E-15
4.365E+01  1.120E-24  1.297E-15
4.325E+01  1.098E-24  1.260E-15
4.285E+01  1.077E-24  1.224E-15
4.246E+01  1.056E-24  1.190E-15
4.207E+01  1.036E-24  1.156E-15
4.169E+01  1.017E-24  1.125E-15
4.130E+01  9.987E-25  1.094E-15
4.093E+01  9.807E-25  1.065E-15
4.055E+01  9.634E-25  1.036E-15
4.018E+01  9.466E-25  1.009E-15
3.981E+01  9.305E-25  9.826E-16
3.945E+01  9.148E-25  9.572E-16
3.908E+01  8.996E-25  9.326E-16
3.873E+01  8.848E-25  9.089E-16
3.837E+01  8.704E-25  8.859E-16
3.802E+01  8.563E-25  8.635E-16
3.767E+01  8.425E-25  8.418E-16
3.733E+01  8.290E-25  8.208E-16
3.698E+01  8.161E-25  8.006E-16
3.664E+01  8.036E-25  7.811E-16
3.631E+01  7.914E-25  7.621E-16
3.597E+01  7.788E-25  7.432E-16
3.565E+01  7.672E-25  7.254E-16
3.532E+01  7.559E-25  7.081E-16
3.499E+01  7.446E-25  6.912E-16
3.467E+01  7.335E-25  6.747E-16
3.436E+01  7.231E-25  6.590E-16
3.404E+01  7.127E-25  6.436E-16
3.373E+01  7.026E-25  6.286E-16
3.342E+01  6.929E-25  6.143E-16
3.311E+01  6.836E-25  6.005E-16
3.281E+01  6.746E-25  5.871E-16
3.251E+01  6.655E-25  5.739E-16
3.221E+01  6.571E-25  5.614E-16
3.192E+01  6.488E-25  5.492E-16
3.162E+01  6.406E-25  5.374E-16
3.133E+01  6.331E-25  5.262E-16
3.105E+01  6.256E-25  5.152E-16
3.076E+01  6.186E-25  5.047E-16
3.048E+01  6.119E-25  4.947E-16
3.020E+01  6.055E-25  4.851E-16
2.992E+01  5.997E-25  4.760E-16
2.965E+01  5.938E-25  4.670E-16
2.938E+01  5.884E-25  4.585E-16
2.911E+01  5.833E-25  4.504E-16
2.884E+01  5.786E-25  4.426E-16
2.858E+01  5.742E-25  4.352E-16
2.831E+01  5.702E-25  4.282E-16
2.805E+01  5.665E-25  4.216E-16
2.780E+01  5.633E-25  4.153E-16
2.754E+01  5.603E-25  4.093E-16
2.729E+01  5.573E-25  4.034E-16
2.704E+01  5.550E-25  3.981E-16
2.679E+01  5.531E-25  3.931E-16
2.655E+01  5.513E-25  3.882E-16
2.630E+01  5.499E-25  3.837E-16
2.606E+01  5.485E-25  3.792E-16
2.582E+01  5.478E-25  3.752E-16
2.559E+01  5.474E-25  3.715E-16
2.535E+01  5.472E-25  3.680E-16
2.512E+01  5.474E-25  3.647E-16
2.489E+01  5.477E-25  3.616E-16
2.466E+01  5.483E-25  3.587E-16
2.443E+01  5.491E-25  3.559E-16
2.421E+01  5.504E-25  3.534E-16
2.399E+01  5.518E-25  3.511E-16
2.377E+01  5.535E-25  3.489E-16
2.355E+01  5.554E-25  3.470E-16
2.333E+01  5.577E-25  3.452E-16
2.312E+01  5.603E-25  3.436E-16
2.291E+01  5.629E-25  3.421E-16
2.270E+01  5.659E-25  3.407E-16
2.249E+01  5.695E-25  3.397E-16
2.228E+01  5.731E-25  3.388E-16
2.208E+01  5.771E-25  3.380E-16
2.188E+01  5.810E-25  3.372E-16
2.168E+01  5.852E-25  3.365E-16
2.148E+01  5.899E-25  3.361E-16
2.128E+01  5.946E-25  3.357E-16
2.109E+01  5.998E-25  3.355E-16
2.089E+01  6.052E-25  3.354E-16
2.070E+01  6.109E-25  3.354E-16
2.051E+01  6.168E-25  3.356E-16
2.032E+01  6.232E-25  3.360E-16
2.014E+01  6.303E-25  3.367E-16
1.995E+01  6.378E-25  3.376E-16
1.977E+01  6.463E-25  3.389E-16
1.959E+01  6.555E-25  3.406E-16
1.941E+01  6.674E-25  3.436E-16
1.923E+01  6.855E-25  3.497E-16
1.905E+01  7.224E-25  3.651E-16
1.888E+01  7.541E-25  3.777E-16
1.871E+01  7.277E-25  3.611E-16
1.854E+01  7.251E-25  3.565E-16
1.837E+01  7.367E-25  3.589E-16
1.820E+01  7.579E-25  3.658E-16
1.803E+01  7.958E-25  3.806E-16
1.786E+01  8.560E-25  4.056E-16
1.770E+01  8.732E-25  4.100E-16
1.754E+01  9.358E-25  4.354E-16
1.738E+01  1.074E-24  4.950E-16
1.722E+01  1.068E-24  4.878E-16
1.706E+01  1.084E-24  4.905E-16
1.690E+01  1.066E-24  4.781E-16
1.675E+01  1.029E-24  4.570E-16
1.660E+01  1.052E-24  4.633E-16
1.644E+01  1.224E-24  5.340E-16
1.629E+01  9.501E-25  4.106E-16
1.614E+01  8.407E-25  3.600E-16
1.600E+01  8.058E-25  3.419E-16
1.585E+01  7.852E-25  3.301E-16
1.570E+01  7.606E-25  3.168E-16
1.556E+01  7.464E-25  3.081E-16
1.542E+01  7.377E-25  3.017E-16
1.528E+01  7.322E-25  2.967E-16
1.514E+01  7.289E-25  2.926E-16
1.500E+01  7.278E-25  2.895E-16
1.486E+01  7.290E-25  2.873E-16
1.472E+01  7.340E-25  2.867E-16
1.459E+01  7.454E-25  2.884E-16
1.445E+01  7.704E-25  2.954E-16
1.432E+01  8.253E-25  3.135E-16
1.419E+01  8.882E-25  3.343E-16
1.406E+01  8.615E-25  3.213E-16
1.393E+01  8.532E-25  3.153E-16
1.380E+01  8.978E-25  3.287E-16
1.368E+01  9.936E-25  3.605E-16
1.355E+01  1.115E-24  4.009E-16
1.343E+01  1.153E-24  4.107E-16
1.330E+01  1.097E-24  3.872E-16
1.318E+01  1.074E-24  3.755E-16
1.306E+01  1.134E-24  3.930E-16
1.294E+01  1.300E-24  4.464E-16
1.282E+01  1.603E-24  5.451E-16
1.271E+01  1.987E-24  6.696E-16
1.259E+01  2.121E-24  7.083E-16
1.247E+01  1.864E-24  6.166E-16
1.236E+01  1.595E-24  5.230E-16
1.225E+01  1.508E-24  4.899E-16
1.213E+01  1.586E-24  5.103E-16
1.202E+01  1.695E-24  5.406E-16
1.191E+01  1.640E-24  5.183E-16
1.180E+01  1.492E-24  4.672E-16
1.169E+01  1.457E-24  4.520E-16
1.159E+01  1.654E-24  5.085E-16
1.148E+01  2.235E-24  6.806E-16
1.138E+01  3.209E-24  9.683E-16
1.127E+01  4.277E-24  1.279E-15
1.117E+01  3.029E-24  8.973E-16
1.107E+01  1.567E-24  4.601E-16
1.096E+01  1.082E-24  3.148E-16
1.086E+01  8.593E-25  2.476E-16
1.076E+01  7.422E-25  2.119E-16
1.067E+01  6.735E-25  1.906E-16
1.057E+01  6.140E-25  1.721E-16
1.047E+01  5.749E-25  1.597E-16
1.038E+01  5.490E-25  1.511E-16
1.028E+01  5.310E-25  1.448E-16
1.019E+01  5.182E-25  1.400E-16
1.009E+01  5.097E-25  1.364E-16
1.000E+01  5.046E-25  1.338E-16
9.908E+00  5.028E-25  1.321E-16
9.817E+00  5.040E-25  1.313E-16
9.727E+00  5.083E-25  1.312E-16
9.638E+00  5.158E-25  1.319E-16
9.550E+00  5.266E-25  1.334E-16
9.462E+00  5.412E-25  1.358E-16
9.376E+00  5.606E-25  1.394E-16
9.290E+00  5.863E-25  1.445E-16
9.204E+00  6.210E-25  1.516E-16
9.120E+00  6.692E-25  1.619E-16
9.036E+00  7.385E-25  1.770E-16
8.954E+00  8.430E-25  2.002E-16
8.872E+00  1.008E-24  2.373E-16
8.790E+00  1.280E-24  2.984E-16
8.710E+00  1.694E-24  3.914E-16
8.630E+00  2.084E-24  4.770E-16
8.551E+00  2.040E-24  4.627E-16
8.472E+00  1.775E-24  3.989E-16
8.395E+00  1.640E-24  3.652E-16
8.318E+00  1.634E-24  3.604E-16
8.241E+00  1.706E-24  3.730E-16
8.166E+00  1.886E-24  4.086E-16
8.091E+00  2.229E-24  4.784E-16
8.017E+00  2.775E-24  5.902E-16
7.943E+00  3.491E-24  7.355E-16
7.870E+00  4.119E-24  8.599E-16
7.798E+00  4.348E-24  8.994E-16
7.727E+00  4.380E-24  8.978E-16
7.656E+00  4.523E-24  9.185E-16
7.586E+00  4.409E-24  8.871E-16
7.516E+00  3.714E-24  7.405E-16
7.447E+00  2.931E-24  5.789E-16
7.379E+00  2.355E-24  4.610E-16
7.311E+00  1.956E-24  3.793E-16
7.244E+00  1.664E-24  3.198E-16
7.178E+00  1.441E-24  2.745E-16
7.112E+00  1.270E-24  2.397E-16
7.047E+00  1.144E-24  2.138E-16
6.982E+00  1.058E-24  1.959E-16
6.918E+00  1.011E-24  1.855E-16
6.855E+00  9.999E-25  1.818E-16
6.792E+00  1.014E-24  1.827E-16
6.730E+00  1.029E-24  1.837E-16
6.668E+00  1.015E-24  1.796E-16
6.607E+00  9.726E-25  1.705E-16
6.546E+00  9.380E-25  1.629E-16
6.486E+00  9.573E-25  1.647E-16
6.427E+00  1.083E-24  1.847E-16
6.368E+00  1.414E-24  2.388E-16
6.310E+00  2.155E-24  3.606E-16
6.252E+00  3.354E-24  5.562E-16
6.194E+00  3.398E-24  5.583E-16
6.138E+00  2.118E-24  3.448E-16
6.081E+00  1.262E-24  2.036E-16
6.026E+00  8.408E-25  1.344E-16
5.970E+00  6.272E-25  9.933E-17
5.916E+00  5.158E-25  8.093E-17
5.861E+00  4.664E-25  7.252E-17
5.808E+00  4.706E-25  7.249E-17
5.754E+00  5.283E-25  8.064E-17
5.702E+00  5.691E-25  8.607E-17
5.649E+00  4.798E-25  7.190E-17
5.598E+00  3.653E-25  5.425E-17
5.546E+00  2.948E-25  4.337E-17
5.495E+00  2.574E-25  3.752E-17
5.445E+00  2.412E-25  3.484E-17
5.395E+00  2.439E-25  3.491E-17
5.346E+00  2.704E-25  3.835E-17
5.297E+00  3.142E-25  4.414E-17
5.248E+00  3.071E-25  4.275E-17
5.200E+00  2.437E-25  3.361E-17
5.152E+00  1.943E-25  2.655E-17
5.105E+00  1.657E-25  2.243E-17
5.058E+00  1.484E-25  1.992E-17
5.012E+00  1.371E-25  1.823E-17
4.966E+00  1.290E-25  1.699E-17
4.920E+00  1.227E-25  1.602E-17
4.875E+00  1.178E-25  1.523E-17
4.831E+00  1.136E-25  1.456E-17
4.786E+00  1.101E-25  1.398E-17
4.742E+00  1.071E-25  1.347E-17
4.699E+00  1.044E-25  1.302E-17
4.656E+00  1.021E-25  1.260E-17
4.613E+00  9.994E-26  1.223E-17
4.571E+00  9.803E-26  1.189E-17
4.529E+00  9.629E-26  1.157E-17
4.487E+00  9.471E-26  1.127E-17
4.446E+00  9.327E-26  1.100E-17
4.406E+00  9.195E-26  1.075E-17
4.365E+00  9.074E-26  1.051E-17
4.325E+00  8.962E-26  1.028E-17
4.285E+00  8.861E-26  1.007E-17
4.246E+00  8.767E-26  9.875E-18
4.207E+00  8.682E-26  9.690E-18
4.169E+00  8.605E-26  9.516E-18
4.130E+00  8.536E-26  9.352E-18
4.093E+00  8.474E-26  9.199E-18
4.055E+00  8.419E-26  9.056E-18
4.018E+00  8.373E-26  8.924E-18
3.981E+00  8.336E-26  8.803E-18
3.945E+00  8.308E-26  8.693E-18
3.908E+00  8.291E-26  8.596E-18
3.873E+00  8.286E-26  8.512E-18
3.837E+00  8.296E-26  8.444E-18
3.802E+00  8.323E-26  8.394E-18
3.767E+00  8.372E-26  8.365E-18
3.733E+00  8.447E-26  8.363E-18
3.698E+00  8.558E-26  8.395E-18
3.664E+00  8.715E-26  8.471E-18
3.631E+00  8.937E-26  8.608E-18
3.597E+00  9.251E-26  8.828E-18
3.565E+00  9.702E-26  9.173E-18
3.532E+00  1.036E-25  9.710E-18
3.499E+00  1.138E-25  1.056E-17
3.467E+00  1.302E-25  1.197E-17
3.436E+00  1.589E-25  1.448E-17
3.404E+00  2.156E-25  1.947E-17
3.373E+00  3.510E-25  3.141E-17
3.342E+00  7.998E-25  7.090E-17
3.311E+00  3.025E-24  2.657E-16
3.281E+00  2.066E-24  1.798E-16
3.251E+00  5.901E-25  5.089E-17
3.221E+00  2.818E-25  2.408E-17
3.192E+00  1.798E-25  1.522E-17
3.162E+00  1.347E-25  1.130E-17
3.133E+00  1.110E-25  9.227E-18
3.105E+00  9.699E-26  7.987E-18
3.076E+00  8.797E-26  7.178E-18
3.048E+00  8.179E-26  6.612E-18
3.020E+00  7.733E-26  6.194E-18
2.992E+00  7.397E-26  5.871E-18
2.965E+00  7.134E-26  5.611E-18
2.938E+00  6.924E-26  5.395E-18
2.911E+00  6.749E-26  5.211E-18
2.884E+00  6.602E-26  5.051E-18
2.858E+00  6.475E-26  4.908E-18
2.831E+00  6.363E-26  4.779E-18
2.805E+00  6.262E-26  4.660E-18
2.780E+00  6.171E-26  4.550E-18
2.754E+00  6.088E-26  4.448E-18
2.729E+00  6.010E-26  4.351E-18
2.704E+00  5.937E-26  4.258E-18
2.679E+00  5.868E-26  4.170E-18
2.655E+00  5.802E-26  4.085E-18
2.630E+00  5.738E-26  4.003E-18
2.606E+00  5.677E-26  3.924E-18
2.582E+00  5.617E-26  3.847E-18
2.559E+00  5.559E-26  3.773E-18
2.535E+00  5.502E-26  3.700E-18
2.512E+00  5.445E-26  3.628E-18
2.489E+00  5.390E-26  3.558E-18
2.466E+00  5.334E-26  3.489E-18
2.443E+00  5.279E-26  3.422E-18
2.421E+00  5.224E-26  3.355E-18
2.399E+00  5.170E-26  3.290E-18
2.377E+00  5.117E-26  3.226E-18
2.355E+00  5.064E-26  3.163E-18
2.333E+00  5.011E-26  3.102E-18
2.312E+00  4.959E-26  3.041E-18
2.291E+00  4.906E-26  2.981E-18
2.270E+00  4.853E-26  2.922E-18
2.249E+00  4.800E-26  2.863E-18
2.228E+00  4.746E-26  2.805E-18
2.208E+00  4.691E-26  2.747E-18
2.188E+00  4.635E-26  2.690E-18
2.168E+00  4.578E-26  2.632E-18
2.148E+00  4.519E-26  2.574E-18
2.128E+00  4.457E-26  2.516E-18
2.109E+00  4.392E-26  2.457E-18
2.089E+00  4.323E-26  2.396E-18
2.070E+00  4.249E-26  2.333E-18
2.051E+00  4.168E-26  2.268E-18
2.032E+00  4.078E-26  2.199E-18
2.014E+00  3.979E-26  2.125E-18
1.995E+00  3.867E-26  2.047E-18
1.977E+00  3.743E-26  1.963E-18
1.959E+00  3.610E-26  1.876E-18
1.941E+00  3.482E-26  1.793E-18
1.923E+00  3.381E-26  1.725E-18
1.905E+00  3.332E-26  1.684E-18
1.888E+00  3.343E-26  1.674E-18
1.871E+00  3.396E-26  1.685E-18
1.854E+00  3.464E-26  1.703E-18
1.837E+00  3.523E-26  1.716E-18
1.820E+00  3.566E-26  1.721E-18
1.803E+00  3.592E-26  1.718E-18
1.786E+00  3.603E-26  1.707E-18
1.770E+00  3.603E-26  1.692E-18
1.754E+00  3.595E-26  1.672E-18
1.738E+00  3.580E-26  1.650E-18
1.722E+00  3.562E-26  1.627E-18
1.706E+00  3.540E-26  1.602E-18
1.690E+00  3.516E-26  1.577E-18
1.675E+00  3.491E-26  1.551E-18
1.660E+00  3.466E-26  1.526E-18
1.644E+00  3.440E-26  1.500E-18
1.629E+00  3.414E-26  1.476E-18
1.614E+00  3.389E-26  1.451E-18
1.600E+00  3.365E-26  1.428E-18
1.585E+00  3.342E-26  1.405E-18
1.570E+00  3.321E-26  1.383E-18
1.556E+00  3.302E-26  1.363E-18
1.542E+00  3.286E-26  1.344E-18
1.528E+00  3.272E-26  1.326E-18
1.514E+00  3.263E-26  1.310E-18
1.500E+00  3.258E-26  1.296E-18
1.486E+00  3.257E-26  1.284E-18
1.472E+00  3.263E-26  1.274E-18
1.459E+00  3.275E-26  1.267E-18
1.445E+00  3.296E-26  1.264E-18
1.432E+00  3.327E-26  1.264E-18
1.419E+00  3.369E-26  1.268E-18
1.406E+00  3.425E-26  1.277E-18
1.393E+00  3.498E-26  1.293E-18
1.380E+00  3.592E-26  1.315E-18
1.368E+00  3.709E-26  1.346E-18
1.355E+00  3.855E-26  1.386E-18
1.343E+00  4.032E-26  1.436E-18
1.330E+00  4.243E-26  1.497E-18
1.318E+00  4.483E-26  1.567E-18
1.306E+00  4.738E-26  1.642E-18
1.294E+00  4.978E-26  1.709E-18
1.282E+00  5.154E-26  1.753E-18
1.271E+00  5.206E-26  1.755E-18
1.259E+00  5.090E-26  1.700E-18
1.247E+00  4.811E-26  1.592E-18
1.236E+00  4.422E-26  1.450E-18
1.225E+00  3.996E-26  1.298E-18
1.213E+00  3.592E-26  1.156E-18
1.202E+00  3.244E-26  1.035E-18
1.191E+00  2.962E-26  9.358E-19
1.180E+00  2.742E-26  8.586E-19
1.169E+00  2.581E-26  8.005E-19
1.159E+00  2.470E-26  7.592E-19
1.148E+00  2.407E-26  7.330E-19
1.138E+00  2.391E-26  7.215E-19
1.127E+00  2.426E-26  7.255E-19
1.117E+00  2.524E-26  7.478E-19
1.107E+00  2.704E-26  7.936E-19
1.096E+00  2.997E-26  8.716E-19
1.086E+00  3.450E-26  9.942E-19
1.076E+00  4.109E-26  1.173E-18
1.067E+00  4.935E-26  1.396E-18
1.057E+00  5.596E-26  1.569E-18
1.047E+00  5.484E-26  1.523E-18
1.038E+00  4.547E-26  1.251E-18
1.028E+00  3.443E-26  9.388E-19
1.019E+00  2.587E-26  6.989E-19
1.009E+00  2.007E-26  5.373E-19
1.000E+00  1.623E-26  4.304E-19
