Dust emission from Draine & Li (2007): ApJ 657, 810-837
================================================================
         9 = grain model
 4.000E-08 4.000E-01 2.500E-06 = a_01 (cm) , sigma_1 , b_C1/0.92
 2.500E-07 4.000E-01 2.500E-06 = a_02 (cm) , sigma_2 , b_C2/0.92
 2.000E+00 1.000E+06 2.000E+00 = Umin , Umax, beta (dN/dU propto U^{-beta})
 2.624E+01 = <U> 
     mmp83 = radfield
 2.471E-23 = power/H (erg s-1)
 band   nu*P_nu(band) j_nu(band)
 (um)   (erg s-1 H-1)(Jy cm2 sr-1 H-1)
1.270E+00  4.667E-26  1.572E-18 COBE-DIRBE
2.220E+00  6.251E-26  3.681E-18 COBE-DIRBE
3.530E+00  2.850E-25  2.669E-17 COBE-DIRBE
4.880E+00  2.151E-25  2.784E-17 COBE-DIRBE
1.229E+01  3.635E-24  1.185E-15 COBE-DIRBE
2.079E+01  8.336E-24  4.597E-15 COBE-DIRBE
5.599E+01  1.049E-23  1.559E-14 COBE-DIRBE
9.770E+01  6.762E-24  1.752E-14 COBE-DIRBE
1.479E+02  3.563E-24  1.398E-14 COBE-DIRBE
2.479E+02  9.247E-25  6.080E-15 COBE-DIRBE
1.200E+01  3.338E-24  1.062E-15 IRAS
2.500E+01  9.377E-24  6.218E-15 IRAS
6.000E+01  1.019E-23  1.622E-14 IRAS
1.000E+02  6.556E-24  1.739E-14 IRAS
3.550E+00  3.258E-25  3.068E-17 SST-IRAC
4.493E+00  1.542E-25  1.838E-17 SST-IRAC
5.731E+00  9.695E-25  1.474E-16 SST-IRAC
7.872E+00  2.987E-24  6.236E-16 SST-IRAC
2.368E+01  9.018E-24  5.664E-15 SST-MIPS
7.142E+01  8.272E-24  1.567E-14 SST-MIPS
1.559E+02  2.963E-24  1.225E-14 SST-MIPS
1.600E+01  4.790E-24  2.033E-15 SST-IRSPU
2.200E+01  9.135E-24  5.331E-15 SST-IRSPU











lambda    nu*dP/dnu     j_nu
 (um)   (erg s-1 H-1)(Jy cm2 sr-1 H-1)
1.000E+04  2.555E-31  6.776E-20
9.908E+03  2.648E-31  6.959E-20
9.817E+03  2.744E-31  7.147E-20
9.727E+03  2.844E-31  7.339E-20
9.638E+03  2.948E-31  7.537E-20
9.550E+03  3.056E-31  7.740E-20
9.462E+03  3.167E-31  7.949E-20
9.376E+03  3.282E-31  8.163E-20
9.290E+03  3.402E-31  8.383E-20
9.204E+03  3.526E-31  8.609E-20
9.120E+03  3.655E-31  8.841E-20
9.036E+03  3.788E-31  9.080E-20
8.954E+03  3.926E-31  9.323E-20
8.872E+03  4.068E-31  9.573E-20
8.790E+03  4.215E-31  9.829E-20
8.710E+03  4.368E-31  1.009E-19
8.630E+03  4.527E-31  1.036E-19
8.551E+03  4.691E-31  1.064E-19
8.472E+03  4.862E-31  1.093E-19
8.395E+03  5.039E-31  1.122E-19
8.318E+03  5.222E-31  1.152E-19
8.241E+03  5.412E-31  1.183E-19
8.166E+03  5.609E-31  1.215E-19
8.091E+03  5.814E-31  1.248E-19
8.017E+03  6.026E-31  1.281E-19
7.943E+03  6.246E-31  1.316E-19
7.870E+03  6.474E-31  1.352E-19
7.798E+03  6.711E-31  1.388E-19
7.727E+03  6.956E-31  1.426E-19
7.656E+03  7.210E-31  1.464E-19
7.586E+03  7.474E-31  1.504E-19
7.516E+03  7.748E-31  1.545E-19
7.447E+03  8.032E-31  1.587E-19
7.379E+03  8.327E-31  1.630E-19
7.311E+03  8.632E-31  1.674E-19
7.244E+03  8.949E-31  1.720E-19
7.178E+03  9.278E-31  1.766E-19
7.112E+03  9.618E-31  1.815E-19
7.047E+03  9.972E-31  1.864E-19
6.982E+03  1.034E-30  1.915E-19
6.918E+03  1.072E-30  1.967E-19
6.855E+03  1.111E-30  2.021E-19
6.792E+03  1.152E-30  2.076E-19
6.730E+03  1.194E-30  2.132E-19
6.668E+03  1.238E-30  2.191E-19
6.607E+03  1.284E-30  2.250E-19
6.546E+03  1.331E-30  2.312E-19
6.486E+03  1.381E-30  2.375E-19
6.427E+03  1.431E-30  2.440E-19
6.368E+03  1.484E-30  2.507E-19
6.310E+03  1.539E-30  2.576E-19
6.252E+03  1.596E-30  2.647E-19
6.194E+03  1.655E-30  2.720E-19
6.138E+03  1.716E-30  2.794E-19
6.081E+03  1.780E-30  2.871E-19
6.026E+03  1.846E-30  2.950E-19
5.970E+03  1.914E-30  3.032E-19
5.916E+03  1.985E-30  3.115E-19
5.861E+03  2.059E-30  3.202E-19
5.808E+03  2.136E-30  3.290E-19
5.754E+03  2.215E-30  3.381E-19
5.702E+03  2.297E-30  3.475E-19
5.649E+03  2.383E-30  3.571E-19
5.598E+03  2.472E-30  3.670E-19
5.546E+03  2.564E-30  3.772E-19
5.495E+03  2.659E-30  3.876E-19
5.445E+03  2.758E-30  3.984E-19
5.395E+03  2.861E-30  4.095E-19
5.346E+03  2.968E-30  4.208E-19
5.297E+03  3.079E-30  4.326E-19
5.248E+03  3.194E-30  4.446E-19
5.200E+03  3.313E-30  4.570E-19
5.152E+03  3.437E-30  4.697E-19
5.105E+03  3.566E-30  4.829E-19
5.058E+03  3.699E-30  4.963E-19
5.012E+03  3.838E-30  5.102E-19
4.966E+03  3.981E-30  5.244E-19
4.920E+03  4.131E-30  5.391E-19
4.875E+03  4.285E-30  5.542E-19
4.831E+03  4.446E-30  5.697E-19
4.786E+03  4.613E-30  5.857E-19
4.742E+03  4.786E-30  6.021E-19
4.699E+03  4.966E-30  6.190E-19
4.656E+03  5.153E-30  6.363E-19
4.613E+03  5.346E-30  6.542E-19
4.571E+03  5.548E-30  6.726E-19
4.529E+03  5.757E-30  6.916E-19
4.487E+03  5.973E-30  7.110E-19
4.446E+03  6.199E-30  7.311E-19
4.406E+03  6.432E-30  7.517E-19
4.365E+03  6.675E-30  7.729E-19
4.325E+03  6.927E-30  7.948E-19
4.285E+03  7.189E-30  8.172E-19
4.246E+03  7.461E-30  8.404E-19
4.207E+03  7.743E-30  8.642E-19
4.169E+03  8.036E-30  8.886E-19
4.130E+03  8.341E-30  9.138E-19
4.093E+03  8.657E-30  9.398E-19
4.055E+03  8.985E-30  9.664E-19
4.018E+03  9.326E-30  9.939E-19
3.981E+03  9.679E-30  1.022E-18
3.945E+03  1.005E-29  1.051E-18
3.908E+03  1.043E-29  1.081E-18
3.873E+03  1.082E-29  1.112E-18
3.837E+03  1.123E-29  1.143E-18
3.802E+03  1.166E-29  1.176E-18
3.767E+03  1.210E-29  1.209E-18
3.733E+03  1.256E-29  1.244E-18
3.698E+03  1.304E-29  1.279E-18
3.664E+03  1.354E-29  1.316E-18
3.631E+03  1.406E-29  1.354E-18
3.597E+03  1.459E-29  1.392E-18
3.565E+03  1.515E-29  1.432E-18
3.532E+03  1.573E-29  1.473E-18
3.499E+03  1.633E-29  1.516E-18
3.467E+03  1.695E-29  1.559E-18
3.436E+03  1.760E-29  1.604E-18
3.404E+03  1.828E-29  1.650E-18
3.373E+03  1.898E-29  1.698E-18
3.342E+03  1.970E-29  1.747E-18
3.311E+03  2.046E-29  1.797E-18
3.281E+03  2.125E-29  1.849E-18
3.251E+03  2.206E-29  1.902E-18
3.221E+03  2.291E-29  1.957E-18
3.192E+03  2.379E-29  2.014E-18
3.162E+03  2.471E-29  2.072E-18
3.133E+03  2.566E-29  2.132E-18
3.105E+03  2.665E-29  2.194E-18
3.076E+03  2.767E-29  2.258E-18
3.048E+03  2.874E-29  2.323E-18
3.020E+03  2.985E-29  2.391E-18
2.992E+03  3.100E-29  2.460E-18
2.965E+03  3.219E-29  2.532E-18
2.938E+03  3.343E-29  2.605E-18
2.911E+03  3.472E-29  2.681E-18
2.884E+03  3.606E-29  2.759E-18
2.858E+03  3.745E-29  2.839E-18
2.831E+03  3.890E-29  2.921E-18
2.805E+03  4.040E-29  3.006E-18
2.780E+03  4.196E-29  3.094E-18
2.754E+03  4.358E-29  3.184E-18
2.729E+03  4.527E-29  3.277E-18
2.704E+03  4.702E-29  3.373E-18
2.679E+03  4.885E-29  3.471E-18
2.655E+03  5.074E-29  3.573E-18
2.630E+03  5.271E-29  3.677E-18
2.606E+03  5.475E-29  3.785E-18
2.582E+03  5.688E-29  3.896E-18
2.559E+03  5.909E-29  4.010E-18
2.535E+03  6.139E-29  4.128E-18
2.512E+03  6.378E-29  4.249E-18
2.489E+03  6.626E-29  4.374E-18
2.466E+03  6.884E-29  4.503E-18
2.443E+03  7.152E-29  4.636E-18
2.421E+03  7.431E-29  4.772E-18
2.399E+03  7.721E-29  4.913E-18
2.377E+03  8.022E-29  5.058E-18
2.355E+03  8.335E-29  5.207E-18
2.333E+03  8.661E-29  5.361E-18
2.312E+03  8.999E-29  5.519E-18
2.291E+03  9.351E-29  5.683E-18
2.270E+03  9.717E-29  5.851E-18
2.249E+03  1.010E-28  6.024E-18
2.228E+03  1.049E-28  6.202E-18
2.208E+03  1.090E-28  6.386E-18
2.188E+03  1.133E-28  6.575E-18
2.168E+03  1.177E-28  6.771E-18
2.148E+03  1.224E-28  6.972E-18
2.128E+03  1.272E-28  7.179E-18
2.109E+03  1.322E-28  7.392E-18
2.089E+03  1.373E-28  7.612E-18
2.070E+03  1.427E-28  7.838E-18
2.051E+03  1.483E-28  8.071E-18
2.032E+03  1.542E-28  8.311E-18
2.014E+03  1.602E-28  8.559E-18
1.995E+03  1.665E-28  8.814E-18
1.977E+03  1.731E-28  9.076E-18
1.959E+03  1.799E-28  9.347E-18
1.941E+03  1.870E-28  9.625E-18
1.923E+03  1.943E-28  9.912E-18
1.905E+03  2.020E-28  1.021E-17
1.888E+03  2.099E-28  1.051E-17
1.871E+03  2.182E-28  1.083E-17
1.854E+03  2.268E-28  1.115E-17
1.837E+03  2.357E-28  1.148E-17
1.820E+03  2.450E-28  1.183E-17
1.803E+03  2.547E-28  1.218E-17
1.786E+03  2.647E-28  1.254E-17
1.770E+03  2.752E-28  1.292E-17
1.754E+03  2.860E-28  1.331E-17
1.738E+03  2.973E-28  1.370E-17
1.722E+03  3.090E-28  1.412E-17
1.706E+03  3.213E-28  1.454E-17
1.690E+03  3.339E-28  1.497E-17
1.675E+03  3.471E-28  1.542E-17
1.660E+03  3.608E-28  1.589E-17
1.644E+03  3.751E-28  1.636E-17
1.629E+03  3.899E-28  1.685E-17
1.614E+03  4.053E-28  1.736E-17
1.600E+03  4.214E-28  1.788E-17
1.585E+03  4.380E-28  1.841E-17
1.570E+03  4.553E-28  1.897E-17
1.556E+03  4.734E-28  1.954E-17
1.542E+03  4.921E-28  2.012E-17
1.528E+03  5.115E-28  2.073E-17
1.514E+03  5.318E-28  2.135E-17
1.500E+03  5.528E-28  2.199E-17
1.486E+03  5.747E-28  2.265E-17
1.472E+03  5.974E-28  2.333E-17
1.459E+03  6.211E-28  2.403E-17
1.445E+03  6.457E-28  2.476E-17
1.432E+03  6.712E-28  2.550E-17
1.419E+03  6.978E-28  2.627E-17
1.406E+03  7.254E-28  2.706E-17
1.393E+03  7.542E-28  2.787E-17
1.380E+03  7.840E-28  2.871E-17
1.368E+03  8.151E-28  2.957E-17
1.355E+03  8.474E-28  3.046E-17
1.343E+03  8.809E-28  3.138E-17
1.330E+03  9.158E-28  3.232E-17
1.318E+03  9.521E-28  3.329E-17
1.306E+03  9.898E-28  3.429E-17
1.294E+03  1.029E-27  3.532E-17
1.282E+03  1.070E-27  3.638E-17
1.271E+03  1.112E-27  3.748E-17
1.259E+03  1.156E-27  3.860E-17
1.247E+03  1.202E-27  3.976E-17
1.236E+03  1.249E-27  4.096E-17
1.225E+03  1.299E-27  4.219E-17
1.213E+03  1.350E-27  4.345E-17
1.202E+03  1.403E-27  4.476E-17
1.191E+03  1.459E-27  4.610E-17
1.180E+03  1.516E-27  4.748E-17
1.169E+03  1.576E-27  4.890E-17
1.159E+03  1.639E-27  5.037E-17
1.148E+03  1.703E-27  5.188E-17
1.138E+03  1.771E-27  5.343E-17
1.127E+03  1.840E-27  5.503E-17
1.117E+03  1.913E-27  5.667E-17
1.107E+03  1.988E-27  5.837E-17
1.096E+03  2.067E-27  6.011E-17
1.086E+03  2.148E-27  6.191E-17
1.076E+03  2.233E-27  6.375E-17
1.067E+03  2.321E-27  6.566E-17
1.057E+03  2.412E-27  6.761E-17
1.047E+03  2.507E-27  6.963E-17
1.038E+03  2.605E-27  7.170E-17
1.028E+03  2.708E-27  7.383E-17
1.019E+03  2.814E-27  7.603E-17
1.009E+03  2.924E-27  7.829E-17
1.000E+03  3.039E-27  8.061E-17
9.908E+02  3.158E-27  8.301E-17
9.817E+02  3.282E-27  8.548E-17
9.727E+02  3.411E-27  8.802E-17
9.638E+02  3.545E-27  9.063E-17
9.550E+02  3.684E-27  9.332E-17
9.462E+02  3.828E-27  9.608E-17
9.376E+02  3.978E-27  9.893E-17
9.290E+02  4.134E-27  1.019E-16
9.204E+02  4.295E-27  1.049E-16
9.120E+02  4.463E-27  1.080E-16
9.036E+02  4.637E-27  1.112E-16
8.954E+02  4.818E-27  1.144E-16
8.872E+02  5.006E-27  1.178E-16
8.790E+02  5.201E-27  1.213E-16
8.710E+02  5.403E-27  1.248E-16
8.630E+02  5.613E-27  1.285E-16
8.551E+02  5.831E-27  1.322E-16
8.472E+02  6.057E-27  1.361E-16
8.395E+02  6.292E-27  1.401E-16
8.318E+02  6.535E-27  1.442E-16
8.241E+02  6.788E-27  1.484E-16
8.166E+02  7.050E-27  1.527E-16
8.091E+02  7.322E-27  1.571E-16
8.017E+02  7.604E-27  1.617E-16
7.943E+02  7.897E-27  1.664E-16
7.870E+02  8.201E-27  1.712E-16
7.798E+02  8.516E-27  1.762E-16
7.727E+02  8.843E-27  1.812E-16
7.656E+02  9.183E-27  1.865E-16
7.586E+02  9.535E-27  1.919E-16
7.516E+02  9.900E-27  1.974E-16
7.447E+02  1.028E-26  2.031E-16
7.379E+02  1.067E-26  2.089E-16
7.311E+02  1.108E-26  2.150E-16
7.244E+02  1.151E-26  2.211E-16
7.178E+02  1.195E-26  2.275E-16
7.112E+02  1.241E-26  2.341E-16
7.047E+02  1.288E-26  2.408E-16
6.982E+02  1.338E-26  2.478E-16
6.918E+02  1.389E-26  2.549E-16
6.855E+02  1.442E-26  2.622E-16
6.792E+02  1.497E-26  2.697E-16
6.730E+02  1.554E-26  2.774E-16
6.668E+02  1.613E-26  2.854E-16
6.607E+02  1.675E-26  2.935E-16
6.546E+02  1.739E-26  3.019E-16
6.486E+02  1.805E-26  3.106E-16
6.427E+02  1.875E-26  3.196E-16
6.368E+02  1.946E-26  3.288E-16
6.310E+02  2.021E-26  3.382E-16
6.252E+02  2.098E-26  3.479E-16
6.194E+02  2.178E-26  3.579E-16
6.138E+02  2.262E-26  3.682E-16
6.081E+02  2.348E-26  3.788E-16
6.026E+02  2.438E-26  3.896E-16
5.970E+02  2.531E-26  4.008E-16
5.916E+02  2.628E-26  4.123E-16
5.861E+02  2.728E-26  4.241E-16
5.808E+02  2.832E-26  4.363E-16
5.754E+02  2.940E-26  4.488E-16
5.702E+02  3.053E-26  4.617E-16
5.649E+02  3.169E-26  4.749E-16
5.598E+02  3.290E-26  4.885E-16
5.546E+02  3.416E-26  5.025E-16
5.495E+02  3.546E-26  5.169E-16
5.445E+02  3.681E-26  5.317E-16
5.395E+02  3.822E-26  5.469E-16
5.346E+02  3.967E-26  5.626E-16
5.297E+02  4.119E-26  5.787E-16
5.248E+02  4.276E-26  5.952E-16
5.200E+02  4.439E-26  6.122E-16
5.152E+02  4.608E-26  6.297E-16
5.105E+02  4.783E-26  6.477E-16
5.058E+02  4.965E-26  6.662E-16
5.012E+02  5.154E-26  6.852E-16
4.966E+02  5.350E-26  7.047E-16
4.920E+02  5.553E-26  7.248E-16
4.875E+02  5.764E-26  7.454E-16
4.831E+02  5.983E-26  7.666E-16
4.786E+02  6.210E-26  7.884E-16
4.742E+02  6.445E-26  8.108E-16
4.699E+02  6.689E-26  8.337E-16
4.656E+02  6.942E-26  8.574E-16
4.613E+02  7.205E-26  8.817E-16
4.571E+02  7.478E-26  9.066E-16
4.529E+02  7.760E-26  9.323E-16
4.487E+02  8.053E-26  9.586E-16
4.446E+02  8.357E-26  9.857E-16
4.406E+02  8.672E-26  1.013E-15
4.365E+02  8.999E-26  1.042E-15
4.325E+02  9.337E-26  1.071E-15
4.285E+02  9.689E-26  1.101E-15
4.246E+02  1.005E-25  1.132E-15
4.207E+02  1.043E-25  1.164E-15
4.169E+02  1.082E-25  1.197E-15
4.130E+02  1.123E-25  1.230E-15
4.093E+02  1.165E-25  1.265E-15
4.055E+02  1.208E-25  1.300E-15
4.018E+02  1.254E-25  1.336E-15
3.981E+02  1.301E-25  1.373E-15
3.945E+02  1.349E-25  1.412E-15
3.908E+02  1.400E-25  1.451E-15
3.873E+02  1.452E-25  1.491E-15
3.837E+02  1.506E-25  1.533E-15
3.802E+02  1.562E-25  1.575E-15
3.767E+02  1.620E-25  1.619E-15
3.733E+02  1.680E-25  1.664E-15
3.698E+02  1.743E-25  1.709E-15
3.664E+02  1.807E-25  1.757E-15
3.631E+02  1.874E-25  1.805E-15
3.597E+02  1.943E-25  1.854E-15
3.565E+02  2.015E-25  1.905E-15
3.532E+02  2.089E-25  1.957E-15
3.499E+02  2.166E-25  2.011E-15
3.467E+02  2.246E-25  2.066E-15
3.436E+02  2.328E-25  2.122E-15
3.404E+02  2.414E-25  2.180E-15
3.373E+02  2.502E-25  2.239E-15
3.342E+02  2.594E-25  2.299E-15
3.311E+02  2.688E-25  2.361E-15
3.281E+02  2.786E-25  2.425E-15
3.251E+02  2.887E-25  2.490E-15
3.221E+02  2.992E-25  2.557E-15
3.192E+02  3.101E-25  2.625E-15
3.162E+02  3.213E-25  2.695E-15
3.133E+02  3.329E-25  2.766E-15
3.105E+02  3.448E-25  2.840E-15
3.076E+02  3.573E-25  2.915E-15
3.048E+02  3.701E-25  2.992E-15
3.020E+02  3.833E-25  3.071E-15
2.992E+02  3.970E-25  3.151E-15
2.965E+02  4.112E-25  3.234E-15
2.938E+02  4.258E-25  3.318E-15
2.911E+02  4.409E-25  3.404E-15
2.884E+02  4.565E-25  3.493E-15
2.858E+02  4.727E-25  3.583E-15
2.831E+02  4.894E-25  3.675E-15
2.805E+02  5.066E-25  3.770E-15
2.780E+02  5.243E-25  3.866E-15
2.754E+02  5.427E-25  3.965E-15
2.729E+02  5.616E-25  4.066E-15
2.704E+02  5.813E-25  4.169E-15
2.679E+02  6.016E-25  4.275E-15
2.655E+02  6.226E-25  4.384E-15
2.630E+02  6.442E-25  4.495E-15
2.606E+02  6.666E-25  4.608E-15
2.582E+02  6.896E-25  4.723E-15
2.559E+02  7.132E-25  4.840E-15
2.535E+02  7.374E-25  4.959E-15
2.512E+02  7.623E-25  5.079E-15
2.489E+02  7.874E-25  5.198E-15
2.466E+02  8.127E-25  5.316E-15
2.443E+02  8.385E-25  5.434E-15
2.421E+02  8.648E-25  5.553E-15
2.399E+02  8.916E-25  5.673E-15
2.377E+02  9.185E-25  5.791E-15
2.355E+02  9.461E-25  5.910E-15
2.333E+02  9.744E-25  6.031E-15
2.312E+02  1.003E-24  6.154E-15
2.291E+02  1.033E-24  6.278E-15
2.270E+02  1.064E-24  6.404E-15
2.249E+02  1.095E-24  6.531E-15
2.228E+02  1.127E-24  6.659E-15
2.208E+02  1.159E-24  6.789E-15
2.188E+02  1.193E-24  6.921E-15
2.168E+02  1.227E-24  7.054E-15
2.148E+02  1.262E-24  7.189E-15
2.128E+02  1.297E-24  7.324E-15
2.109E+02  1.334E-24  7.462E-15
2.089E+02  1.371E-24  7.600E-15
2.070E+02  1.409E-24  7.739E-15
2.051E+02  1.448E-24  7.880E-15
2.032E+02  1.488E-24  8.022E-15
2.014E+02  1.529E-24  8.165E-15
1.995E+02  1.570E-24  8.309E-15
1.977E+02  1.612E-24  8.454E-15
1.959E+02  1.655E-24  8.600E-15
1.941E+02  1.699E-24  8.747E-15
1.923E+02  1.744E-24  8.895E-15
1.905E+02  1.789E-24  9.045E-15
1.888E+02  1.836E-24  9.195E-15
1.871E+02  1.883E-24  9.346E-15
1.854E+02  1.932E-24  9.497E-15
1.837E+02  1.981E-24  9.650E-15
1.820E+02  2.031E-24  9.803E-15
1.803E+02  2.082E-24  9.957E-15
1.786E+02  2.134E-24  1.011E-14
1.770E+02  2.187E-24  1.027E-14
1.754E+02  2.241E-24  1.042E-14
1.738E+02  2.295E-24  1.058E-14
1.722E+02  2.351E-24  1.074E-14
1.706E+02  2.408E-24  1.090E-14
1.690E+02  2.465E-24  1.106E-14
1.675E+02  2.524E-24  1.121E-14
1.660E+02  2.584E-24  1.138E-14
1.644E+02  2.645E-24  1.154E-14
1.629E+02  2.707E-24  1.170E-14
1.614E+02  2.770E-24  1.186E-14
1.600E+02  2.835E-24  1.203E-14
1.585E+02  2.900E-24  1.219E-14
1.570E+02  2.967E-24  1.236E-14
1.556E+02  3.036E-24  1.253E-14
1.542E+02  3.106E-24  1.270E-14
1.528E+02  3.177E-24  1.287E-14
1.514E+02  3.250E-24  1.305E-14
1.500E+02  3.325E-24  1.323E-14
1.486E+02  3.402E-24  1.341E-14
1.472E+02  3.480E-24  1.359E-14
1.459E+02  3.560E-24  1.378E-14
1.445E+02  3.641E-24  1.396E-14
1.432E+02  3.722E-24  1.414E-14
1.419E+02  3.803E-24  1.432E-14
1.406E+02  3.882E-24  1.448E-14
1.393E+02  3.957E-24  1.462E-14
1.380E+02  4.029E-24  1.475E-14
1.368E+02  4.097E-24  1.486E-14
1.355E+02  4.161E-24  1.496E-14
1.343E+02  4.223E-24  1.504E-14
1.330E+02  4.285E-24  1.512E-14
1.318E+02  4.346E-24  1.520E-14
1.306E+02  4.408E-24  1.527E-14
1.294E+02  4.472E-24  1.535E-14
1.282E+02  4.536E-24  1.543E-14
1.271E+02  4.602E-24  1.551E-14
1.259E+02  4.669E-24  1.559E-14
1.247E+02  4.737E-24  1.567E-14
1.236E+02  4.806E-24  1.576E-14
1.225E+02  4.876E-24  1.584E-14
1.213E+02  4.947E-24  1.592E-14
1.202E+02  5.019E-24  1.601E-14
1.191E+02  5.091E-24  1.609E-14
1.180E+02  5.165E-24  1.617E-14
1.169E+02  5.238E-24  1.625E-14
1.159E+02  5.311E-24  1.633E-14
1.148E+02  5.385E-24  1.640E-14
1.138E+02  5.460E-24  1.648E-14
1.127E+02  5.535E-24  1.655E-14
1.117E+02  5.611E-24  1.662E-14
1.107E+02  5.687E-24  1.669E-14
1.096E+02  5.763E-24  1.676E-14
1.086E+02  5.840E-24  1.683E-14
1.076E+02  5.917E-24  1.690E-14
1.067E+02  5.994E-24  1.696E-14
1.057E+02  6.072E-24  1.702E-14
1.047E+02  6.149E-24  1.708E-14
1.038E+02  6.227E-24  1.714E-14
1.028E+02  6.304E-24  1.719E-14
1.019E+02  6.381E-24  1.724E-14
1.009E+02  6.457E-24  1.729E-14
1.000E+02  6.534E-24  1.733E-14
9.908E+01  6.610E-24  1.737E-14
9.817E+01  6.686E-24  1.741E-14
9.727E+01  6.761E-24  1.745E-14
9.638E+01  6.836E-24  1.748E-14
9.550E+01  6.911E-24  1.751E-14
9.462E+01  6.986E-24  1.753E-14
9.376E+01  7.060E-24  1.756E-14
9.290E+01  7.134E-24  1.758E-14
9.204E+01  7.207E-24  1.760E-14
9.120E+01  7.280E-24  1.761E-14
9.036E+01  7.352E-24  1.762E-14
8.954E+01  7.424E-24  1.763E-14
8.872E+01  7.495E-24  1.764E-14
8.790E+01  7.567E-24  1.764E-14
8.710E+01  7.638E-24  1.765E-14
8.630E+01  7.708E-24  1.765E-14
8.551E+01  7.779E-24  1.764E-14
8.472E+01  7.847E-24  1.764E-14
8.395E+01  7.916E-24  1.763E-14
8.318E+01  7.984E-24  1.762E-14
8.241E+01  8.051E-24  1.760E-14
8.166E+01  8.119E-24  1.759E-14
8.091E+01  8.185E-24  1.757E-14
8.017E+01  8.252E-24  1.755E-14
7.943E+01  8.317E-24  1.752E-14
7.870E+01  8.381E-24  1.750E-14
7.798E+01  8.444E-24  1.747E-14
7.727E+01  8.507E-24  1.744E-14
7.656E+01  8.570E-24  1.740E-14
7.586E+01  8.632E-24  1.737E-14
7.516E+01  8.693E-24  1.733E-14
7.447E+01  8.754E-24  1.729E-14
7.379E+01  8.813E-24  1.725E-14
7.311E+01  8.871E-24  1.721E-14
7.244E+01  8.929E-24  1.716E-14
7.178E+01  8.985E-24  1.711E-14
7.112E+01  9.041E-24  1.706E-14
7.047E+01  9.098E-24  1.701E-14
6.982E+01  9.155E-24  1.696E-14
6.918E+01  9.212E-24  1.690E-14
6.855E+01  9.266E-24  1.685E-14
6.792E+01  9.319E-24  1.679E-14
6.730E+01  9.372E-24  1.673E-14
6.668E+01  9.425E-24  1.667E-14
6.607E+01  9.478E-24  1.661E-14
6.546E+01  9.530E-24  1.655E-14
6.486E+01  9.582E-24  1.649E-14
6.427E+01  9.633E-24  1.642E-14
6.368E+01  9.683E-24  1.636E-14
6.310E+01  9.734E-24  1.629E-14
6.252E+01  9.785E-24  1.623E-14
6.194E+01  9.835E-24  1.616E-14
6.138E+01  9.886E-24  1.610E-14
6.081E+01  9.936E-24  1.603E-14
6.026E+01  9.986E-24  1.596E-14
5.970E+01  1.004E-23  1.589E-14
5.916E+01  1.008E-23  1.582E-14
5.861E+01  1.013E-23  1.576E-14
5.808E+01  1.018E-23  1.569E-14
5.754E+01  1.023E-23  1.562E-14
5.702E+01  1.028E-23  1.555E-14
5.649E+01  1.033E-23  1.548E-14
5.598E+01  1.038E-23  1.541E-14
5.546E+01  1.043E-23  1.534E-14
5.495E+01  1.048E-23  1.527E-14
5.445E+01  1.053E-23  1.521E-14
5.395E+01  1.058E-23  1.514E-14
5.346E+01  1.063E-23  1.507E-14
5.297E+01  1.068E-23  1.501E-14
5.248E+01  1.074E-23  1.494E-14
5.200E+01  1.079E-23  1.488E-14
5.152E+01  1.084E-23  1.482E-14
5.105E+01  1.089E-23  1.475E-14
5.058E+01  1.095E-23  1.469E-14
5.012E+01  1.100E-23  1.463E-14
4.966E+01  1.106E-23  1.457E-14
4.920E+01  1.111E-23  1.451E-14
4.875E+01  1.117E-23  1.445E-14
4.831E+01  1.123E-23  1.439E-14
4.786E+01  1.129E-23  1.433E-14
4.742E+01  1.135E-23  1.428E-14
4.699E+01  1.141E-23  1.422E-14
4.656E+01  1.147E-23  1.417E-14
4.613E+01  1.154E-23  1.412E-14
4.571E+01  1.160E-23  1.407E-14
4.529E+01  1.167E-23  1.402E-14
4.487E+01  1.173E-23  1.397E-14
4.446E+01  1.180E-23  1.392E-14
4.406E+01  1.188E-23  1.388E-14
4.365E+01  1.195E-23  1.383E-14
4.325E+01  1.202E-23  1.379E-14
4.285E+01  1.209E-23  1.375E-14
4.246E+01  1.217E-23  1.370E-14
4.207E+01  1.224E-23  1.366E-14
4.169E+01  1.232E-23  1.362E-14
4.130E+01  1.239E-23  1.358E-14
4.093E+01  1.246E-23  1.353E-14
4.055E+01  1.254E-23  1.349E-14
4.018E+01  1.261E-23  1.344E-14
3.981E+01  1.269E-23  1.340E-14
3.945E+01  1.276E-23  1.335E-14
3.908E+01  1.283E-23  1.330E-14
3.873E+01  1.290E-23  1.325E-14
3.837E+01  1.296E-23  1.319E-14
3.802E+01  1.302E-23  1.313E-14
3.767E+01  1.308E-23  1.307E-14
3.733E+01  1.314E-23  1.300E-14
3.698E+01  1.318E-23  1.293E-14
3.664E+01  1.322E-23  1.285E-14
3.631E+01  1.326E-23  1.277E-14
3.597E+01  1.329E-23  1.269E-14
3.565E+01  1.332E-23  1.259E-14
3.532E+01  1.334E-23  1.250E-14
3.499E+01  1.335E-23  1.239E-14
3.467E+01  1.336E-23  1.228E-14
3.436E+01  1.335E-23  1.217E-14
3.404E+01  1.334E-23  1.204E-14
3.373E+01  1.332E-23  1.191E-14
3.342E+01  1.329E-23  1.178E-14
3.311E+01  1.325E-23  1.164E-14
3.281E+01  1.320E-23  1.149E-14
3.251E+01  1.315E-23  1.134E-14
3.221E+01  1.309E-23  1.118E-14
3.192E+01  1.301E-23  1.102E-14
3.162E+01  1.293E-23  1.085E-14
3.133E+01  1.284E-23  1.067E-14
3.105E+01  1.274E-23  1.049E-14
3.076E+01  1.264E-23  1.031E-14
3.048E+01  1.253E-23  1.013E-14
3.020E+01  1.241E-23  9.943E-15
2.992E+01  1.229E-23  9.756E-15
2.965E+01  1.216E-23  9.566E-15
2.938E+01  1.203E-23  9.377E-15
2.911E+01  1.190E-23  9.188E-15
2.884E+01  1.177E-23  9.001E-15
2.858E+01  1.163E-23  8.815E-15
2.831E+01  1.149E-23  8.632E-15
2.805E+01  1.136E-23  8.452E-15
2.780E+01  1.122E-23  8.275E-15
2.754E+01  1.109E-23  8.101E-15
2.729E+01  1.096E-23  7.932E-15
2.704E+01  1.083E-23  7.767E-15
2.679E+01  1.070E-23  7.606E-15
2.655E+01  1.058E-23  7.449E-15
2.630E+01  1.046E-23  7.297E-15
2.606E+01  1.034E-23  7.149E-15
2.582E+01  1.023E-23  7.006E-15
2.559E+01  1.012E-23  6.867E-15
2.535E+01  1.001E-23  6.733E-15
2.512E+01  9.909E-24  6.603E-15
2.489E+01  9.809E-24  6.476E-15
2.466E+01  9.712E-24  6.353E-15
2.443E+01  9.617E-24  6.233E-15
2.421E+01  9.523E-24  6.116E-15
2.399E+01  9.429E-24  5.999E-15
2.377E+01  9.340E-24  5.889E-15
2.355E+01  9.261E-24  5.785E-15
2.333E+01  9.181E-24  5.683E-15
2.312E+01  9.096E-24  5.578E-15
2.291E+01  9.015E-24  5.478E-15
2.270E+01  8.948E-24  5.388E-15
2.249E+01  8.891E-24  5.304E-15
2.228E+01  8.841E-24  5.226E-15
2.208E+01  8.788E-24  5.147E-15
2.188E+01  8.726E-24  5.064E-15
2.168E+01  8.660E-24  4.980E-15
2.148E+01  8.596E-24  4.897E-15
2.128E+01  8.541E-24  4.821E-15
2.109E+01  8.494E-24  4.751E-15
2.089E+01  8.445E-24  4.680E-15
2.070E+01  8.392E-24  4.608E-15
2.051E+01  8.338E-24  4.536E-15
2.032E+01  8.290E-24  4.469E-15
2.014E+01  8.266E-24  4.415E-15
1.995E+01  8.240E-24  4.361E-15
1.977E+01  8.209E-24  4.305E-15
1.959E+01  8.167E-24  4.244E-15
1.941E+01  8.115E-24  4.178E-15
1.923E+01  8.050E-24  4.106E-15
1.905E+01  7.973E-24  4.030E-15
1.888E+01  7.885E-24  3.949E-15
1.871E+01  7.785E-24  3.863E-15
1.854E+01  7.677E-24  3.774E-15
1.837E+01  7.564E-24  3.685E-15
1.820E+01  7.456E-24  3.599E-15
1.803E+01  7.385E-24  3.532E-15
1.786E+01  7.365E-24  3.490E-15
1.770E+01  7.187E-24  3.375E-15
1.754E+01  7.145E-24  3.324E-15
1.738E+01  7.358E-24  3.392E-15
1.722E+01  7.005E-24  3.199E-15
1.706E+01  6.799E-24  3.077E-15
1.690E+01  6.552E-24  2.938E-15
1.675E+01  6.274E-24  2.787E-15
1.660E+01  6.138E-24  2.702E-15
1.644E+01  6.341E-24  2.766E-15
1.629E+01  5.557E-24  2.401E-15
1.614E+01  5.180E-24  2.218E-15
1.600E+01  5.062E-24  2.148E-15
1.585E+01  4.898E-24  2.059E-15
1.570E+01  4.523E-24  1.884E-15
1.556E+01  4.271E-24  1.763E-15
1.542E+01  4.081E-24  1.669E-15
1.528E+01  3.919E-24  1.588E-15
1.514E+01  3.774E-24  1.515E-15
1.500E+01  3.644E-24  1.450E-15
1.486E+01  3.524E-24  1.389E-15
1.472E+01  3.416E-24  1.334E-15
1.459E+01  3.323E-24  1.286E-15
1.445E+01  3.261E-24  1.250E-15
1.432E+01  3.253E-24  1.236E-15
1.419E+01  3.264E-24  1.229E-15
1.406E+01  3.144E-24  1.173E-15
1.393E+01  3.056E-24  1.129E-15
1.380E+01  3.049E-24  1.116E-15
1.368E+01  3.144E-24  1.141E-15
1.355E+01  3.184E-24  1.144E-15
1.343E+01  3.091E-24  1.101E-15
1.330E+01  3.094E-24  1.092E-15
1.318E+01  3.162E-24  1.106E-15
1.306E+01  3.292E-24  1.141E-15
1.294E+01  3.517E-24  1.207E-15
1.282E+01  3.880E-24  1.320E-15
1.271E+01  4.329E-24  1.459E-15
1.259E+01  4.524E-24  1.511E-15
1.247E+01  4.272E-24  1.413E-15
1.236E+01  3.961E-24  1.299E-15
1.225E+01  3.829E-24  1.244E-15
1.213E+01  3.865E-24  1.244E-15
1.202E+01  3.936E-24  1.255E-15
1.191E+01  3.874E-24  1.224E-15
1.180E+01  3.736E-24  1.170E-15
1.169E+01  3.692E-24  1.145E-15
1.159E+01  3.872E-24  1.190E-15
1.148E+01  4.522E-24  1.377E-15
1.138E+01  5.734E-24  1.730E-15
1.127E+01  7.150E-24  2.138E-15
1.117E+01  5.534E-24  1.639E-15
1.107E+01  3.905E-24  1.146E-15
1.096E+01  3.324E-24  9.668E-16
1.086E+01  3.051E-24  8.792E-16
1.076E+01  2.905E-24  8.296E-16
1.067E+01  2.823E-24  7.987E-16
1.057E+01  2.776E-24  7.781E-16
1.047E+01  2.743E-24  7.618E-16
1.038E+01  2.711E-24  7.460E-16
1.028E+01  2.673E-24  7.290E-16
1.019E+01  2.631E-24  7.110E-16
1.009E+01  2.590E-24  6.933E-16
1.000E+01  2.552E-24  6.768E-16
9.908E+00  2.521E-24  6.626E-16
9.817E+00  2.496E-24  6.501E-16
9.727E+00  2.476E-24  6.389E-16
9.638E+00  2.459E-24  6.286E-16
9.550E+00  2.437E-24  6.174E-16
9.462E+00  2.408E-24  6.044E-16
9.376E+00  2.371E-24  5.897E-16
9.290E+00  2.327E-24  5.735E-16
9.204E+00  2.282E-24  5.573E-16
9.120E+00  2.246E-24  5.435E-16
9.036E+00  2.234E-24  5.355E-16
8.954E+00  2.268E-24  5.387E-16
8.872E+00  2.386E-24  5.614E-16
8.790E+00  2.643E-24  6.163E-16
8.710E+00  3.086E-24  7.130E-16
8.630E+00  3.498E-24  8.008E-16
8.551E+00  3.376E-24  7.656E-16
8.472E+00  2.988E-24  6.716E-16
8.395E+00  2.769E-24  6.165E-16
8.318E+00  2.709E-24  5.977E-16
8.241E+00  2.749E-24  6.009E-16
8.166E+00  2.923E-24  6.332E-16
8.091E+00  3.303E-24  7.089E-16
8.017E+00  3.937E-24  8.372E-16
7.943E+00  4.784E-24  1.008E-15
7.870E+00  5.544E-24  1.157E-15
7.798E+00  5.867E-24  1.214E-15
7.727E+00  6.028E-24  1.236E-15
7.656E+00  6.360E-24  1.292E-15
7.586E+00  6.228E-24  1.253E-15
7.516E+00  5.157E-24  1.028E-15
7.447E+00  3.953E-24  7.809E-16
7.379E+00  3.087E-24  6.043E-16
7.311E+00  2.511E-24  4.869E-16
7.244E+00  2.111E-24  4.056E-16
7.178E+00  1.820E-24  3.465E-16
7.112E+00  1.603E-24  3.025E-16
7.047E+00  1.444E-24  2.700E-16
6.982E+00  1.333E-24  2.469E-16
6.918E+00  1.263E-24  2.319E-16
6.855E+00  1.230E-24  2.237E-16
6.792E+00  1.223E-24  2.203E-16
6.730E+00  1.219E-24  2.176E-16
6.668E+00  1.194E-24  2.112E-16
6.607E+00  1.149E-24  2.013E-16
6.546E+00  1.116E-24  1.938E-16
6.486E+00  1.137E-24  1.957E-16
6.427E+00  1.263E-24  2.152E-16
6.368E+00  1.592E-24  2.690E-16
6.310E+00  2.353E-24  3.938E-16
6.252E+00  3.665E-24  6.077E-16
6.194E+00  3.699E-24  6.078E-16
6.138E+00  2.284E-24  3.718E-16
6.081E+00  1.408E-24  2.271E-16
6.026E+00  9.977E-25  1.595E-16
5.970E+00  7.992E-25  1.266E-16
5.916E+00  7.056E-25  1.107E-16
5.861E+00  6.804E-25  1.058E-16
5.808E+00  7.184E-25  1.107E-16
5.754E+00  8.112E-25  1.238E-16
5.702E+00  8.609E-25  1.302E-16
5.649E+00  7.490E-25  1.122E-16
5.598E+00  5.903E-25  8.764E-17
5.546E+00  4.795E-25  7.054E-17
5.495E+00  4.131E-25  6.022E-17
5.445E+00  3.750E-25  5.416E-17
5.395E+00  3.576E-25  5.118E-17
5.346E+00  3.631E-25  5.149E-17
5.297E+00  3.992E-25  5.609E-17
5.248E+00  4.240E-25  5.902E-17
5.200E+00  3.610E-25  4.980E-17
5.152E+00  2.966E-25  4.054E-17
5.105E+00  2.596E-25  3.516E-17
5.058E+00  2.373E-25  3.185E-17
5.012E+00  2.221E-25  2.953E-17
4.966E+00  2.105E-25  2.772E-17
4.920E+00  2.010E-25  2.623E-17
4.875E+00  1.929E-25  2.495E-17
4.831E+00  1.858E-25  2.380E-17
4.786E+00  1.794E-25  2.277E-17
4.742E+00  1.736E-25  2.183E-17
4.699E+00  1.682E-25  2.097E-17
4.656E+00  1.633E-25  2.016E-17
4.613E+00  1.587E-25  1.942E-17
4.571E+00  1.543E-25  1.871E-17
4.529E+00  1.503E-25  1.806E-17
4.487E+00  1.465E-25  1.744E-17
4.446E+00  1.429E-25  1.686E-17
4.406E+00  1.396E-25  1.631E-17
4.365E+00  1.364E-25  1.579E-17
4.325E+00  1.334E-25  1.530E-17
4.285E+00  1.306E-25  1.484E-17
4.246E+00  1.279E-25  1.441E-17
4.207E+00  1.254E-25  1.400E-17
4.169E+00  1.230E-25  1.361E-17
4.130E+00  1.208E-25  1.324E-17
4.093E+00  1.187E-25  1.289E-17
4.055E+00  1.168E-25  1.256E-17
4.018E+00  1.150E-25  1.225E-17
3.981E+00  1.133E-25  1.197E-17
3.945E+00  1.118E-25  1.170E-17
3.908E+00  1.104E-25  1.145E-17
3.873E+00  1.092E-25  1.122E-17
3.837E+00  1.082E-25  1.101E-17
3.802E+00  1.074E-25  1.083E-17
3.767E+00  1.068E-25  1.067E-17
3.733E+00  1.065E-25  1.054E-17
3.698E+00  1.065E-25  1.045E-17
3.664E+00  1.070E-25  1.040E-17
3.631E+00  1.080E-25  1.040E-17
3.597E+00  1.099E-25  1.048E-17
3.565E+00  1.129E-25  1.067E-17
3.532E+00  1.177E-25  1.102E-17
3.499E+00  1.254E-25  1.164E-17
3.467E+00  1.383E-25  1.272E-17
3.436E+00  1.613E-25  1.470E-17
3.404E+00  2.074E-25  1.873E-17
3.373E+00  3.182E-25  2.847E-17
3.342E+00  6.867E-25  6.087E-17
3.311E+00  2.517E-24  2.211E-16
3.281E+00  1.730E-24  1.505E-16
3.251E+00  5.147E-25  4.438E-17
3.221E+00  2.604E-25  2.225E-17
3.192E+00  1.760E-25  1.490E-17
3.162E+00  1.385E-25  1.162E-17
3.133E+00  1.187E-25  9.865E-18
3.105E+00  1.069E-25  8.800E-18
3.076E+00  9.918E-26  8.093E-18
3.048E+00  9.387E-26  7.589E-18
3.020E+00  8.998E-26  7.208E-18
2.992E+00  8.703E-26  6.908E-18
2.965E+00  8.470E-26  6.661E-18
2.938E+00  8.281E-26  6.452E-18
2.911E+00  8.123E-26  6.271E-18
2.884E+00  7.988E-26  6.111E-18
2.858E+00  7.871E-26  5.966E-18
2.831E+00  7.768E-26  5.834E-18
2.805E+00  7.675E-26  5.711E-18
2.780E+00  7.590E-26  5.597E-18
2.754E+00  7.513E-26  5.489E-18
2.729E+00  7.441E-26  5.386E-18
2.704E+00  7.373E-26  5.288E-18
2.679E+00  7.309E-26  5.195E-18
2.655E+00  7.248E-26  5.104E-18
2.630E+00  7.190E-26  5.017E-18
2.606E+00  7.134E-26  4.932E-18
2.582E+00  7.080E-26  4.849E-18
2.559E+00  7.027E-26  4.769E-18
2.535E+00  6.975E-26  4.690E-18
2.512E+00  6.924E-26  4.614E-18
2.489E+00  6.875E-26  4.539E-18
2.466E+00  6.825E-26  4.465E-18
2.443E+00  6.776E-26  4.392E-18
2.421E+00  6.727E-26  4.320E-18
2.399E+00  6.679E-26  4.250E-18
2.377E+00  6.632E-26  4.181E-18
2.355E+00  6.584E-26  4.113E-18
2.333E+00  6.537E-26  4.046E-18
2.312E+00  6.489E-26  3.980E-18
2.291E+00  6.442E-26  3.915E-18
2.270E+00  6.394E-26  3.850E-18
2.249E+00  6.346E-26  3.786E-18
2.228E+00  6.297E-26  3.722E-18
2.208E+00  6.247E-26  3.659E-18
2.188E+00  6.196E-26  3.596E-18
2.168E+00  6.144E-26  3.533E-18
2.148E+00  6.091E-26  3.470E-18
2.128E+00  6.035E-26  3.407E-18
2.109E+00  5.977E-26  3.343E-18
2.089E+00  5.915E-26  3.278E-18
2.070E+00  5.849E-26  3.212E-18
2.051E+00  5.778E-26  3.144E-18
2.032E+00  5.700E-26  3.073E-18
2.014E+00  5.614E-26  2.999E-18
1.995E+00  5.518E-26  2.920E-18
1.977E+00  5.412E-26  2.838E-18
1.959E+00  5.300E-26  2.754E-18
1.941E+00  5.190E-26  2.672E-18
1.923E+00  5.100E-26  2.602E-18
1.905E+00  5.049E-26  2.552E-18
1.888E+00  5.044E-26  2.526E-18
1.871E+00  5.071E-26  2.516E-18
1.854E+00  5.109E-26  2.512E-18
1.837E+00  5.141E-26  2.505E-18
1.820E+00  5.161E-26  2.491E-18
1.803E+00  5.167E-26  2.471E-18
1.786E+00  5.162E-26  2.446E-18
1.770E+00  5.148E-26  2.417E-18
1.754E+00  5.128E-26  2.386E-18
1.738E+00  5.104E-26  2.353E-18
1.722E+00  5.075E-26  2.318E-18
1.706E+00  5.045E-26  2.283E-18
1.690E+00  5.012E-26  2.247E-18
1.675E+00  4.978E-26  2.212E-18
1.660E+00  4.944E-26  2.176E-18
1.644E+00  4.909E-26  2.141E-18
1.629E+00  4.874E-26  2.106E-18
1.614E+00  4.839E-26  2.072E-18
1.600E+00  4.805E-26  2.039E-18
1.585E+00  4.771E-26  2.006E-18
1.570E+00  4.739E-26  1.974E-18
1.556E+00  4.708E-26  1.943E-18
1.542E+00  4.680E-26  1.914E-18
1.528E+00  4.653E-26  1.885E-18
1.514E+00  4.629E-26  1.859E-18
1.500E+00  4.609E-26  1.834E-18
1.486E+00  4.593E-26  1.810E-18
1.472E+00  4.581E-26  1.789E-18
1.459E+00  4.575E-26  1.771E-18
1.445E+00  4.577E-26  1.755E-18
1.432E+00  4.586E-26  1.742E-18
1.419E+00  4.605E-26  1.734E-18
1.406E+00  4.636E-26  1.729E-18
1.393E+00  4.682E-26  1.730E-18
1.380E+00  4.745E-26  1.737E-18
1.368E+00  4.828E-26  1.752E-18
1.355E+00  4.936E-26  1.774E-18
1.343E+00  5.071E-26  1.806E-18
1.330E+00  5.235E-26  1.847E-18
1.318E+00  5.425E-26  1.897E-18
1.306E+00  5.630E-26  1.951E-18
1.294E+00  5.823E-26  1.999E-18
1.282E+00  5.963E-26  2.028E-18
1.271E+00  5.996E-26  2.021E-18
1.259E+00  5.886E-26  1.966E-18
1.247E+00  5.635E-26  1.864E-18
1.236E+00  5.286E-26  1.733E-18
1.225E+00  4.904E-26  1.593E-18
1.213E+00  4.540E-26  1.461E-18
1.202E+00  4.221E-26  1.346E-18
1.191E+00  3.959E-26  1.251E-18
1.180E+00  3.751E-26  1.174E-18
1.169E+00  3.592E-26  1.114E-18
1.159E+00  3.479E-26  1.069E-18
1.148E+00  3.407E-26  1.037E-18
1.138E+00  3.376E-26  1.019E-18
1.127E+00  3.393E-26  1.014E-18
1.117E+00  3.465E-26  1.026E-18
1.107E+00  3.611E-26  1.060E-18
1.096E+00  3.862E-26  1.123E-18
1.086E+00  4.260E-26  1.228E-18
1.076E+00  4.848E-26  1.384E-18
1.067E+00  5.592E-26  1.582E-18
1.057E+00  6.191E-26  1.735E-18
1.047E+00  6.083E-26  1.690E-18
1.038E+00  5.215E-26  1.435E-18
1.028E+00  4.186E-26  1.142E-18
1.019E+00  3.381E-26  9.136E-19
1.009E+00  2.829E-26  7.573E-19
1.000E+00  2.455E-26  6.513E-19
