Dust emission from Draine & Li (2007): ApJ 657, 810-837
==========================================================
         6 = grain model
 4.000E-08 4.000E-01 3.750E-05 = a_01 (cm) , sigma_1 , b_C1/0.92
 2.000E-07 5.500E-01 1.250E-05 = a_02 (cm) , sigma_2 , b_C2/0.92
 8.000E+00 8.000E+00 1.000E+00 = Umin , Umax, beta (dN/dU propto U^{-beta})
 8.000E+00 = <U> 
     mmp83 = radfield
 3.597E-23 = power/H (erg s-1)
 band   nu*P_nu(band) j_nu(band)
 (um)   (erg s-1 H-1)(Jy cm2 sr-1 H-1)
1.270E+00  1.224E-25  4.122E-18 COBE-DIRBE
2.220E+00  1.558E-25  9.176E-18 COBE-DIRBE
3.530E+00  1.020E-24  9.552E-17 COBE-DIRBE
4.880E+00  4.566E-25  5.911E-17 COBE-DIRBE
1.229E+01  3.988E-24  1.300E-15 COBE-DIRBE
2.079E+01  2.558E-24  1.411E-15 COBE-DIRBE
5.599E+01  1.546E-23  2.296E-14 COBE-DIRBE
9.770E+01  2.123E-23  5.501E-14 COBE-DIRBE
1.479E+02  1.329E-23  5.215E-14 COBE-DIRBE
2.479E+02  3.437E-24  2.260E-14 COBE-DIRBE
1.200E+01  4.380E-24  1.394E-15 IRAS
2.500E+01  2.370E-24  1.572E-15 IRAS
6.000E+01  1.665E-23  2.649E-14 IRAS
1.000E+02  2.101E-23  5.574E-14 IRAS
3.550E+00  1.186E-24  1.117E-16 SST-IRAC
4.493E+00  3.318E-25  3.954E-17 SST-IRAC
5.731E+00  2.652E-24  4.032E-16 SST-IRAC
7.872E+00  6.427E-24  1.342E-15 SST-IRAC
2.368E+01  2.086E-24  1.310E-15 SST-MIPS
7.142E+01  1.910E-23  3.618E-14 SST-MIPS
1.559E+02  1.124E-23  4.648E-14 SST-MIPS
1.600E+01  3.058E-24  1.298E-15 SST-IRSPU
2.200E+01  2.251E-24  1.314E-15 SST-IRSPU
7.500E+01  1.644E-23  3.271E-14 Herschel-PACS
1.100E+02  1.529E-23  4.462E-14 Herschel-PACS
1.700E+02  8.522E-24  3.843E-14 Herschel-PACS
2.500E+02  2.878E-24  1.909E-14 Herschel-SPIRE
3.600E+02  7.369E-25  7.037E-15 Herschel-SPIRE
5.200E+02  1.699E-25  2.343E-15 Herschel-SPIRE
2.400E+00  1.748E-25  1.113E-17 Akari IRC NIR N2
3.200E+00  7.842E-25  6.657E-17 Akari IRC NIR N3
4.100E+00  3.601E-25  3.916E-17 Akari IRC NIR N4
7.000E+00  7.301E-24  1.356E-15 Akari IRC MIR-S S7
9.000E+00  5.144E-24  1.228E-15 Akari IRC MIR-S S9W
1.100E+01  3.997E-24  1.166E-15 Akari IRC MIR-S S11
1.500E+01  3.176E-24  1.264E-15 Akari IRC MIR-L L15
1.800E+01  2.623E-24  1.252E-15 Akari IRC MIR-L L18W
2.400E+01  2.170E-24  1.382E-15 Akari IRC MIR-L L24
6.500E+01  1.953E-23  3.367E-14 Akari FIS N60
8.000E+01  2.131E-23  4.523E-14 Akari FIS WIDE-S
1.400E+02  1.330E-23  4.938E-14 Akari FIS WIDE-L
1.600E+02  1.063E-23  4.512E-14 Akari FIS N160
 
 
 
 


lambda    nu*dP/dnu     j_nu
 (um)   (erg s-1 H-1)(Jy cm2 sr-1 H-1)
1.000E+04  7.484E-31  1.985E-19
9.908E+03  7.758E-31  2.039E-19
9.817E+03  8.042E-31  2.094E-19
9.727E+03  8.337E-31  2.151E-19
9.638E+03  8.642E-31  2.209E-19
9.550E+03  8.959E-31  2.269E-19
9.462E+03  9.287E-31  2.331E-19
9.376E+03  9.627E-31  2.394E-19
9.290E+03  9.979E-31  2.459E-19
9.204E+03  1.035E-30  2.526E-19
9.120E+03  1.072E-30  2.594E-19
9.036E+03  1.112E-30  2.665E-19
8.954E+03  1.152E-30  2.737E-19
8.872E+03  1.194E-30  2.810E-19
8.790E+03  1.238E-30  2.886E-19
8.710E+03  1.283E-30  2.964E-19
8.630E+03  1.330E-30  3.044E-19
8.551E+03  1.378E-30  3.126E-19
8.472E+03  1.429E-30  3.211E-19
8.395E+03  1.481E-30  3.298E-19
8.318E+03  1.535E-30  3.387E-19
8.241E+03  1.591E-30  3.479E-19
8.166E+03  1.650E-30  3.573E-19
8.091E+03  1.710E-30  3.670E-19
8.017E+03  1.773E-30  3.770E-19
7.943E+03  1.838E-30  3.873E-19
7.870E+03  1.905E-30  3.978E-19
7.798E+03  1.975E-30  4.086E-19
7.727E+03  2.048E-30  4.198E-19
7.656E+03  2.124E-30  4.312E-19
7.586E+03  2.202E-30  4.430E-19
7.516E+03  2.283E-30  4.551E-19
7.447E+03  2.367E-30  4.676E-19
7.379E+03  2.454E-30  4.804E-19
7.311E+03  2.545E-30  4.936E-19
7.244E+03  2.639E-30  5.071E-19
7.178E+03  2.736E-30  5.210E-19
7.112E+03  2.838E-30  5.353E-19
7.047E+03  2.943E-30  5.500E-19
6.982E+03  3.051E-30  5.652E-19
6.918E+03  3.164E-30  5.807E-19
6.855E+03  3.281E-30  5.967E-19
6.792E+03  3.403E-30  6.131E-19
6.730E+03  3.529E-30  6.300E-19
6.668E+03  3.660E-30  6.473E-19
6.607E+03  3.796E-30  6.652E-19
6.546E+03  3.936E-30  6.835E-19
6.486E+03  4.083E-30  7.024E-19
6.427E+03  4.234E-30  7.219E-19
6.368E+03  4.392E-30  7.419E-19
6.310E+03  4.555E-30  7.624E-19
6.252E+03  4.725E-30  7.836E-19
6.194E+03  4.901E-30  8.053E-19
6.138E+03  5.084E-30  8.277E-19
6.081E+03  5.274E-30  8.507E-19
6.026E+03  5.471E-30  8.744E-19
5.970E+03  5.675E-30  8.988E-19
5.916E+03  5.887E-30  9.238E-19
5.861E+03  6.108E-30  9.496E-19
5.808E+03  6.336E-30  9.761E-19
5.754E+03  6.574E-30  1.003E-18
5.702E+03  6.820E-30  1.031E-18
5.649E+03  7.076E-30  1.060E-18
5.598E+03  7.342E-30  1.090E-18
5.546E+03  7.617E-30  1.121E-18
5.495E+03  7.904E-30  1.152E-18
5.445E+03  8.201E-30  1.184E-18
5.395E+03  8.509E-30  1.218E-18
5.346E+03  8.830E-30  1.252E-18
5.297E+03  9.162E-30  1.287E-18
5.248E+03  9.508E-30  1.324E-18
5.200E+03  9.866E-30  1.361E-18
5.152E+03  1.024E-29  1.399E-18
5.105E+03  1.063E-29  1.439E-18
5.058E+03  1.103E-29  1.480E-18
5.012E+03  1.144E-29  1.521E-18
4.966E+03  1.188E-29  1.564E-18
4.920E+03  1.233E-29  1.609E-18
4.875E+03  1.279E-29  1.654E-18
4.831E+03  1.328E-29  1.701E-18
4.786E+03  1.378E-29  1.749E-18
4.742E+03  1.430E-29  1.799E-18
4.699E+03  1.485E-29  1.850E-18
4.656E+03  1.541E-29  1.903E-18
4.613E+03  1.599E-29  1.957E-18
4.571E+03  1.660E-29  2.013E-18
4.529E+03  1.723E-29  2.070E-18
4.487E+03  1.789E-29  2.130E-18
4.446E+03  1.857E-29  2.191E-18
4.406E+03  1.928E-29  2.253E-18
4.365E+03  2.002E-29  2.318E-18
4.325E+03  2.078E-29  2.384E-18
4.285E+03  2.158E-29  2.453E-18
4.246E+03  2.240E-29  2.523E-18
4.207E+03  2.326E-29  2.596E-18
4.169E+03  2.415E-29  2.670E-18
4.130E+03  2.507E-29  2.747E-18
4.093E+03  2.603E-29  2.826E-18
4.055E+03  2.703E-29  2.908E-18
4.018E+03  2.807E-29  2.992E-18
3.981E+03  2.915E-29  3.078E-18
3.945E+03  3.027E-29  3.167E-18
3.908E+03  3.143E-29  3.258E-18
3.873E+03  3.264E-29  3.352E-18
3.837E+03  3.389E-29  3.449E-18
3.802E+03  3.519E-29  3.549E-18
3.767E+03  3.655E-29  3.652E-18
3.733E+03  3.796E-29  3.758E-18
3.698E+03  3.942E-29  3.867E-18
3.664E+03  4.095E-29  3.980E-18
3.631E+03  4.253E-29  4.096E-18
3.597E+03  4.417E-29  4.215E-18
3.565E+03  4.588E-29  4.338E-18
3.532E+03  4.766E-29  4.465E-18
3.499E+03  4.950E-29  4.595E-18
3.467E+03  5.142E-29  4.730E-18
3.436E+03  5.342E-29  4.868E-18
3.404E+03  5.549E-29  5.011E-18
3.373E+03  5.765E-29  5.158E-18
3.342E+03  5.989E-29  5.309E-18
3.311E+03  6.222E-29  5.465E-18
3.281E+03  6.465E-29  5.626E-18
3.251E+03  6.717E-29  5.792E-18
3.221E+03  6.979E-29  5.963E-18
3.192E+03  7.251E-29  6.138E-18
3.162E+03  7.534E-29  6.320E-18
3.133E+03  7.829E-29  6.507E-18
3.105E+03  8.135E-29  6.699E-18
3.076E+03  8.453E-29  6.897E-18
3.048E+03  8.784E-29  7.102E-18
3.020E+03  9.128E-29  7.312E-18
2.992E+03  9.486E-29  7.529E-18
2.965E+03  9.857E-29  7.752E-18
2.938E+03  1.024E-28  7.981E-18
2.911E+03  1.064E-28  8.218E-18
2.884E+03  1.106E-28  8.461E-18
2.858E+03  1.149E-28  8.713E-18
2.831E+03  1.195E-28  8.972E-18
2.805E+03  1.241E-28  9.239E-18
2.780E+03  1.290E-28  9.514E-18
2.754E+03  1.341E-28  9.797E-18
2.729E+03  1.394E-28  1.009E-17
2.704E+03  1.449E-28  1.039E-17
2.679E+03  1.506E-28  1.070E-17
2.655E+03  1.565E-28  1.102E-17
2.630E+03  1.627E-28  1.135E-17
2.606E+03  1.691E-28  1.169E-17
2.582E+03  1.758E-28  1.204E-17
2.559E+03  1.828E-28  1.240E-17
2.535E+03  1.900E-28  1.278E-17
2.512E+03  1.975E-28  1.316E-17
2.489E+03  2.053E-28  1.356E-17
2.466E+03  2.135E-28  1.396E-17
2.443E+03  2.220E-28  1.439E-17
2.421E+03  2.308E-28  1.482E-17
2.399E+03  2.399E-28  1.527E-17
2.377E+03  2.495E-28  1.573E-17
2.355E+03  2.594E-28  1.620E-17
2.333E+03  2.697E-28  1.669E-17
2.312E+03  2.804E-28  1.720E-17
2.291E+03  2.916E-28  1.772E-17
2.270E+03  3.032E-28  1.826E-17
2.249E+03  3.153E-28  1.881E-17
2.228E+03  3.279E-28  1.938E-17
2.208E+03  3.410E-28  1.997E-17
2.188E+03  3.546E-28  2.058E-17
2.168E+03  3.688E-28  2.120E-17
2.148E+03  3.835E-28  2.185E-17
2.128E+03  3.989E-28  2.252E-17
2.109E+03  4.148E-28  2.320E-17
2.089E+03  4.314E-28  2.391E-17
2.070E+03  4.487E-28  2.464E-17
2.051E+03  4.667E-28  2.539E-17
2.032E+03  4.854E-28  2.617E-17
2.014E+03  5.048E-28  2.697E-17
1.995E+03  5.251E-28  2.779E-17
1.977E+03  5.461E-28  2.864E-17
1.959E+03  5.680E-28  2.951E-17
1.941E+03  5.908E-28  3.042E-17
1.923E+03  6.145E-28  3.135E-17
1.905E+03  6.392E-28  3.231E-17
1.888E+03  6.649E-28  3.330E-17
1.871E+03  6.916E-28  3.432E-17
1.854E+03  7.194E-28  3.537E-17
1.837E+03  7.483E-28  3.646E-17
1.820E+03  7.785E-28  3.758E-17
1.803E+03  8.098E-28  3.873E-17
1.786E+03  8.424E-28  3.992E-17
1.770E+03  8.763E-28  4.115E-17
1.754E+03  9.116E-28  4.241E-17
1.738E+03  9.484E-28  4.372E-17
1.722E+03  9.866E-28  4.506E-17
1.706E+03  1.026E-27  4.645E-17
1.690E+03  1.068E-27  4.788E-17
1.675E+03  1.111E-27  4.935E-17
1.660E+03  1.156E-27  5.087E-17
1.644E+03  1.202E-27  5.244E-17
1.629E+03  1.251E-27  5.406E-17
1.614E+03  1.301E-27  5.572E-17
1.600E+03  1.354E-27  5.744E-17
1.585E+03  1.408E-27  5.921E-17
1.570E+03  1.465E-27  6.104E-17
1.556E+03  1.525E-27  6.292E-17
1.542E+03  1.586E-27  6.486E-17
1.528E+03  1.650E-27  6.686E-17
1.514E+03  1.717E-27  6.893E-17
1.500E+03  1.786E-27  7.105E-17
1.486E+03  1.858E-27  7.325E-17
1.472E+03  1.934E-27  7.551E-17
1.459E+03  2.012E-27  7.785E-17
1.445E+03  2.093E-27  8.025E-17
1.432E+03  2.178E-27  8.273E-17
1.419E+03  2.266E-27  8.529E-17
1.406E+03  2.358E-27  8.793E-17
1.393E+03  2.453E-27  9.065E-17
1.380E+03  2.552E-27  9.345E-17
1.368E+03  2.655E-27  9.634E-17
1.355E+03  2.763E-27  9.932E-17
1.343E+03  2.875E-27  1.024E-16
1.330E+03  2.991E-27  1.056E-16
1.318E+03  3.112E-27  1.088E-16
1.306E+03  3.238E-27  1.122E-16
1.294E+03  3.369E-27  1.157E-16
1.282E+03  3.505E-27  1.192E-16
1.271E+03  3.647E-27  1.229E-16
1.259E+03  3.794E-27  1.267E-16
1.247E+03  3.948E-27  1.306E-16
1.236E+03  4.107E-27  1.347E-16
1.225E+03  4.273E-27  1.388E-16
1.213E+03  4.446E-27  1.431E-16
1.202E+03  4.626E-27  1.475E-16
1.191E+03  4.812E-27  1.521E-16
1.180E+03  5.007E-27  1.568E-16
1.169E+03  5.209E-27  1.616E-16
1.159E+03  5.419E-27  1.666E-16
1.148E+03  5.638E-27  1.717E-16
1.138E+03  5.865E-27  1.770E-16
1.127E+03  6.102E-27  1.824E-16
1.117E+03  6.348E-27  1.881E-16
1.107E+03  6.604E-27  1.938E-16
1.096E+03  6.870E-27  1.998E-16
1.086E+03  7.146E-27  2.059E-16
1.076E+03  7.434E-27  2.123E-16
1.067E+03  7.733E-27  2.188E-16
1.057E+03  8.044E-27  2.255E-16
1.047E+03  8.368E-27  2.324E-16
1.038E+03  8.704E-27  2.395E-16
1.028E+03  9.054E-27  2.469E-16
1.019E+03  9.417E-27  2.544E-16
1.009E+03  9.795E-27  2.622E-16
1.000E+03  1.019E-26  2.702E-16
9.908E+02  1.060E-26  2.785E-16
9.817E+02  1.102E-26  2.870E-16
9.727E+02  1.146E-26  2.958E-16
9.638E+02  1.192E-26  3.049E-16
9.550E+02  1.240E-26  3.142E-16
9.462E+02  1.290E-26  3.238E-16
9.376E+02  1.342E-26  3.336E-16
9.290E+02  1.395E-26  3.438E-16
9.204E+02  1.451E-26  3.543E-16
9.120E+02  1.509E-26  3.651E-16
9.036E+02  1.569E-26  3.762E-16
8.954E+02  1.632E-26  3.876E-16
8.872E+02  1.697E-26  3.994E-16
8.790E+02  1.765E-26  4.115E-16
8.710E+02  1.835E-26  4.239E-16
8.630E+02  1.908E-26  4.367E-16
8.551E+02  1.984E-26  4.499E-16
8.472E+02  2.062E-26  4.635E-16
8.395E+02  2.144E-26  4.775E-16
8.318E+02  2.229E-26  4.918E-16
8.241E+02  2.317E-26  5.066E-16
8.166E+02  2.409E-26  5.218E-16
8.091E+02  2.504E-26  5.375E-16
8.017E+02  2.603E-26  5.536E-16
7.943E+02  2.706E-26  5.701E-16
7.870E+02  2.813E-26  5.872E-16
7.798E+02  2.923E-26  6.047E-16
7.727E+02  3.038E-26  6.227E-16
7.656E+02  3.158E-26  6.413E-16
7.586E+02  3.282E-26  6.604E-16
7.516E+02  3.411E-26  6.800E-16
7.447E+02  3.545E-26  7.003E-16
7.379E+02  3.684E-26  7.211E-16
7.311E+02  3.829E-26  7.426E-16
7.244E+02  3.979E-26  7.647E-16
7.178E+02  4.136E-26  7.874E-16
7.112E+02  4.298E-26  8.108E-16
7.047E+02  4.467E-26  8.349E-16
6.982E+02  4.642E-26  8.597E-16
6.918E+02  4.824E-26  8.853E-16
6.855E+02  5.013E-26  9.115E-16
6.792E+02  5.209E-26  9.385E-16
6.730E+02  5.413E-26  9.663E-16
6.668E+02  5.624E-26  9.948E-16
6.607E+02  5.844E-26  1.024E-15
6.546E+02  6.072E-26  1.054E-15
6.486E+02  6.310E-26  1.086E-15
6.427E+02  6.557E-26  1.118E-15
6.368E+02  6.814E-26  1.151E-15
6.310E+02  7.081E-26  1.185E-15
6.252E+02  7.358E-26  1.220E-15
6.194E+02  7.646E-26  1.256E-15
6.138E+02  7.945E-26  1.293E-15
6.081E+02  8.255E-26  1.332E-15
6.026E+02  8.578E-26  1.371E-15
5.970E+02  8.913E-26  1.412E-15
5.916E+02  9.261E-26  1.453E-15
5.861E+02  9.623E-26  1.496E-15
5.808E+02  9.999E-26  1.540E-15
5.754E+02  1.039E-25  1.586E-15
5.702E+02  1.079E-25  1.633E-15
5.649E+02  1.122E-25  1.681E-15
5.598E+02  1.165E-25  1.730E-15
5.546E+02  1.211E-25  1.781E-15
5.495E+02  1.258E-25  1.834E-15
5.445E+02  1.307E-25  1.887E-15
5.395E+02  1.358E-25  1.943E-15
5.346E+02  1.411E-25  2.000E-15
5.297E+02  1.465E-25  2.059E-15
5.248E+02  1.522E-25  2.119E-15
5.200E+02  1.582E-25  2.182E-15
5.152E+02  1.643E-25  2.245E-15
5.105E+02  1.707E-25  2.311E-15
5.058E+02  1.773E-25  2.379E-15
5.012E+02  1.842E-25  2.449E-15
4.966E+02  1.913E-25  2.520E-15
4.920E+02  1.987E-25  2.594E-15
4.875E+02  2.064E-25  2.669E-15
4.831E+02  2.144E-25  2.747E-15
4.786E+02  2.227E-25  2.827E-15
4.742E+02  2.313E-25  2.910E-15
4.699E+02  2.402E-25  2.994E-15
4.656E+02  2.495E-25  3.081E-15
4.613E+02  2.591E-25  3.171E-15
4.571E+02  2.691E-25  3.263E-15
4.529E+02  2.794E-25  3.357E-15
4.487E+02  2.902E-25  3.454E-15
4.446E+02  3.013E-25  3.554E-15
4.406E+02  3.129E-25  3.656E-15
4.365E+02  3.249E-25  3.762E-15
4.325E+02  3.373E-25  3.870E-15
4.285E+02  3.502E-25  3.981E-15
4.246E+02  3.636E-25  4.096E-15
4.207E+02  3.775E-25  4.213E-15
4.169E+02  3.919E-25  4.334E-15
4.130E+02  4.068E-25  4.458E-15
4.093E+02  4.223E-25  4.585E-15
4.055E+02  4.384E-25  4.716E-15
4.018E+02  4.551E-25  4.850E-15
3.981E+02  4.724E-25  4.988E-15
3.945E+02  4.903E-25  5.130E-15
3.908E+02  5.089E-25  5.276E-15
3.873E+02  5.281E-25  5.425E-15
3.837E+02  5.481E-25  5.579E-15
3.802E+02  5.688E-25  5.736E-15
3.767E+02  5.903E-25  5.898E-15
3.733E+02  6.125E-25  6.064E-15
3.698E+02  6.355E-25  6.235E-15
3.664E+02  6.594E-25  6.410E-15
3.631E+02  6.842E-25  6.589E-15
3.597E+02  7.098E-25  6.773E-15
3.565E+02  7.363E-25  6.962E-15
3.532E+02  7.638E-25  7.156E-15
3.499E+02  7.923E-25  7.354E-15
3.467E+02  8.218E-25  7.558E-15
3.436E+02  8.523E-25  7.767E-15
3.404E+02  8.839E-25  7.982E-15
3.373E+02  9.167E-25  8.201E-15
3.342E+02  9.506E-25  8.426E-15
3.311E+02  9.856E-25  8.657E-15
3.281E+02  1.022E-24  8.894E-15
3.251E+02  1.059E-24  9.136E-15
3.221E+02  1.098E-24  9.384E-15
3.192E+02  1.139E-24  9.639E-15
3.162E+02  1.180E-24  9.899E-15
3.133E+02  1.223E-24  1.017E-14
3.105E+02  1.268E-24  1.044E-14
3.076E+02  1.314E-24  1.072E-14
3.048E+02  1.361E-24  1.100E-14
3.020E+02  1.410E-24  1.130E-14
2.992E+02  1.461E-24  1.160E-14
2.965E+02  1.514E-24  1.190E-14
2.938E+02  1.568E-24  1.222E-14
2.911E+02  1.624E-24  1.254E-14
2.884E+02  1.682E-24  1.287E-14
2.858E+02  1.742E-24  1.320E-14
2.831E+02  1.804E-24  1.355E-14
2.805E+02  1.867E-24  1.390E-14
2.780E+02  1.933E-24  1.425E-14
2.754E+02  2.001E-24  1.462E-14
2.729E+02  2.072E-24  1.500E-14
2.704E+02  2.144E-24  1.538E-14
2.679E+02  2.220E-24  1.577E-14
2.655E+02  2.297E-24  1.617E-14
2.630E+02  2.377E-24  1.658E-14
2.606E+02  2.460E-24  1.700E-14
2.582E+02  2.545E-24  1.743E-14
2.559E+02  2.632E-24  1.786E-14
2.535E+02  2.722E-24  1.830E-14
2.512E+02  2.814E-24  1.875E-14
2.489E+02  2.907E-24  1.919E-14
2.466E+02  3.002E-24  1.963E-14
2.443E+02  3.098E-24  2.008E-14
2.421E+02  3.197E-24  2.053E-14
2.399E+02  3.297E-24  2.098E-14
2.377E+02  3.399E-24  2.143E-14
2.355E+02  3.504E-24  2.189E-14
2.333E+02  3.611E-24  2.235E-14
2.312E+02  3.720E-24  2.282E-14
2.291E+02  3.832E-24  2.329E-14
2.270E+02  3.948E-24  2.377E-14
2.249E+02  4.066E-24  2.425E-14
2.228E+02  4.186E-24  2.475E-14
2.208E+02  4.310E-24  2.525E-14
2.188E+02  4.437E-24  2.575E-14
2.168E+02  4.567E-24  2.626E-14
2.148E+02  4.700E-24  2.677E-14
2.128E+02  4.835E-24  2.730E-14
2.109E+02  4.974E-24  2.782E-14
2.089E+02  5.116E-24  2.835E-14
2.070E+02  5.261E-24  2.889E-14
2.051E+02  5.409E-24  2.943E-14
2.032E+02  5.560E-24  2.997E-14
2.014E+02  5.715E-24  3.053E-14
1.995E+02  5.873E-24  3.108E-14
1.977E+02  6.034E-24  3.164E-14
1.959E+02  6.198E-24  3.221E-14
1.941E+02  6.366E-24  3.277E-14
1.923E+02  6.537E-24  3.334E-14
1.905E+02  6.711E-24  3.392E-14
1.888E+02  6.889E-24  3.450E-14
1.871E+02  7.071E-24  3.509E-14
1.854E+02  7.256E-24  3.568E-14
1.837E+02  7.445E-24  3.627E-14
1.820E+02  7.637E-24  3.686E-14
1.803E+02  7.833E-24  3.746E-14
1.786E+02  8.032E-24  3.806E-14
1.770E+02  8.236E-24  3.867E-14
1.754E+02  8.444E-24  3.928E-14
1.738E+02  8.655E-24  3.990E-14
1.722E+02  8.870E-24  4.051E-14
1.706E+02  9.090E-24  4.114E-14
1.690E+02  9.313E-24  4.176E-14
1.675E+02  9.542E-24  4.239E-14
1.660E+02  9.774E-24  4.303E-14
1.644E+02  1.001E-23  4.367E-14
1.629E+02  1.025E-23  4.432E-14
1.614E+02  1.050E-23  4.497E-14
1.600E+02  1.075E-23  4.563E-14
1.585E+02  1.101E-23  4.629E-14
1.570E+02  1.128E-23  4.697E-14
1.556E+02  1.155E-23  4.766E-14
1.542E+02  1.182E-23  4.835E-14
1.528E+02  1.211E-23  4.906E-14
1.514E+02  1.240E-23  4.977E-14
1.500E+02  1.269E-23  5.049E-14
1.486E+02  1.299E-23  5.121E-14
1.472E+02  1.330E-23  5.194E-14
1.459E+02  1.361E-23  5.266E-14
1.445E+02  1.392E-23  5.336E-14
1.432E+02  1.422E-23  5.403E-14
1.419E+02  1.452E-23  5.464E-14
1.406E+02  1.480E-23  5.518E-14
1.393E+02  1.506E-23  5.564E-14
1.380E+02  1.529E-23  5.600E-14
1.368E+02  1.551E-23  5.628E-14
1.355E+02  1.571E-23  5.647E-14
1.343E+02  1.589E-23  5.660E-14
1.330E+02  1.607E-23  5.670E-14
1.318E+02  1.624E-23  5.677E-14
1.306E+02  1.640E-23  5.683E-14
1.294E+02  1.657E-23  5.689E-14
1.282E+02  1.674E-23  5.695E-14
1.271E+02  1.692E-23  5.701E-14
1.259E+02  1.709E-23  5.708E-14
1.247E+02  1.727E-23  5.715E-14
1.236E+02  1.745E-23  5.722E-14
1.225E+02  1.764E-23  5.729E-14
1.213E+02  1.782E-23  5.737E-14
1.202E+02  1.801E-23  5.744E-14
1.191E+02  1.820E-23  5.751E-14
1.180E+02  1.839E-23  5.758E-14
1.169E+02  1.858E-23  5.764E-14
1.159E+02  1.876E-23  5.767E-14
1.148E+02  1.895E-23  5.771E-14
1.138E+02  1.914E-23  5.775E-14
1.127E+02  1.932E-23  5.777E-14
1.117E+02  1.950E-23  5.778E-14
1.107E+02  1.969E-23  5.779E-14
1.096E+02  1.987E-23  5.779E-14
1.086E+02  2.005E-23  5.777E-14
1.076E+02  2.022E-23  5.774E-14
1.067E+02  2.039E-23  5.770E-14
1.057E+02  2.056E-23  5.764E-14
1.047E+02  2.073E-23  5.757E-14
1.038E+02  2.089E-23  5.749E-14
1.028E+02  2.104E-23  5.738E-14
1.019E+02  2.119E-23  5.726E-14
1.009E+02  2.134E-23  5.712E-14
1.000E+02  2.148E-23  5.697E-14
9.908E+01  2.160E-23  5.678E-14
9.817E+01  2.173E-23  5.660E-14
9.727E+01  2.185E-23  5.638E-14
9.638E+01  2.197E-23  5.616E-14
9.550E+01  2.207E-23  5.592E-14
9.462E+01  2.218E-23  5.566E-14
9.376E+01  2.227E-23  5.538E-14
9.290E+01  2.236E-23  5.509E-14
9.204E+01  2.243E-23  5.477E-14
9.120E+01  2.251E-23  5.444E-14
9.036E+01  2.257E-23  5.410E-14
8.954E+01  2.263E-23  5.374E-14
8.872E+01  2.267E-23  5.336E-14
8.790E+01  2.272E-23  5.297E-14
8.710E+01  2.275E-23  5.256E-14
8.630E+01  2.278E-23  5.214E-14
8.551E+01  2.280E-23  5.170E-14
8.472E+01  2.280E-23  5.124E-14
8.395E+01  2.280E-23  5.078E-14
8.318E+01  2.280E-23  5.030E-14
8.241E+01  2.278E-23  4.981E-14
8.166E+01  2.276E-23  4.931E-14
8.091E+01  2.273E-23  4.879E-14
8.017E+01  2.270E-23  4.827E-14
7.943E+01  2.265E-23  4.773E-14
7.870E+01  2.260E-23  4.718E-14
7.798E+01  2.254E-23  4.662E-14
7.727E+01  2.247E-23  4.604E-14
7.656E+01  2.239E-23  4.546E-14
7.586E+01  2.230E-23  4.487E-14
7.516E+01  2.220E-23  4.427E-14
7.447E+01  2.210E-23  4.366E-14
7.379E+01  2.199E-23  4.303E-14
7.311E+01  2.187E-23  4.241E-14
7.244E+01  2.174E-23  4.177E-14
7.178E+01  2.160E-23  4.113E-14
7.112E+01  2.146E-23  4.048E-14
7.047E+01  2.131E-23  3.984E-14
6.982E+01  2.116E-23  3.918E-14
6.918E+01  2.100E-23  3.853E-14
6.855E+01  2.083E-23  3.787E-14
6.792E+01  2.065E-23  3.721E-14
6.730E+01  2.047E-23  3.655E-14
6.668E+01  2.029E-23  3.588E-14
6.607E+01  2.009E-23  3.522E-14
6.546E+01  1.989E-23  3.455E-14
6.486E+01  1.969E-23  3.388E-14
6.427E+01  1.948E-23  3.322E-14
6.368E+01  1.927E-23  3.255E-14
6.310E+01  1.905E-23  3.189E-14
6.252E+01  1.883E-23  3.123E-14
6.194E+01  1.861E-23  3.057E-14
6.138E+01  1.838E-23  2.992E-14
6.081E+01  1.815E-23  2.927E-14
6.026E+01  1.791E-23  2.863E-14
5.970E+01  1.767E-23  2.798E-14
5.916E+01  1.743E-23  2.735E-14
5.861E+01  1.718E-23  2.672E-14
5.808E+01  1.694E-23  2.609E-14
5.754E+01  1.669E-23  2.547E-14
5.702E+01  1.644E-23  2.486E-14
5.649E+01  1.618E-23  2.425E-14
5.598E+01  1.593E-23  2.366E-14
5.546E+01  1.568E-23  2.307E-14
5.495E+01  1.542E-23  2.248E-14
5.445E+01  1.517E-23  2.191E-14
5.395E+01  1.491E-23  2.134E-14
5.346E+01  1.466E-23  2.079E-14
5.297E+01  1.440E-23  2.024E-14
5.248E+01  1.415E-23  1.970E-14
5.200E+01  1.390E-23  1.917E-14
5.152E+01  1.364E-23  1.865E-14
5.105E+01  1.339E-23  1.813E-14
5.058E+01  1.314E-23  1.763E-14
5.012E+01  1.289E-23  1.713E-14
4.966E+01  1.264E-23  1.664E-14
4.920E+01  1.239E-23  1.617E-14
4.875E+01  1.214E-23  1.570E-14
4.831E+01  1.190E-23  1.525E-14
4.786E+01  1.166E-23  1.480E-14
4.742E+01  1.142E-23  1.436E-14
4.699E+01  1.118E-23  1.393E-14
4.656E+01  1.094E-23  1.352E-14
4.613E+01  1.071E-23  1.311E-14
4.571E+01  1.048E-23  1.271E-14
4.529E+01  1.025E-23  1.231E-14
4.487E+01  1.002E-23  1.193E-14
4.446E+01  9.800E-24  1.156E-14
4.406E+01  9.577E-24  1.119E-14
4.365E+01  9.358E-24  1.084E-14
4.325E+01  9.141E-24  1.049E-14
4.285E+01  8.926E-24  1.015E-14
4.246E+01  8.713E-24  9.814E-15
4.207E+01  8.502E-24  9.488E-15
4.169E+01  8.295E-24  9.172E-15
4.130E+01  8.089E-24  8.863E-15
4.093E+01  7.885E-24  8.560E-15
4.055E+01  7.684E-24  8.265E-15
4.018E+01  7.485E-24  7.977E-15
3.981E+01  7.288E-24  7.696E-15
3.945E+01  7.094E-24  7.422E-15
3.908E+01  6.901E-24  7.155E-15
3.873E+01  6.711E-24  6.894E-15
3.837E+01  6.523E-24  6.639E-15
3.802E+01  6.337E-24  6.391E-15
3.767E+01  6.153E-24  6.149E-15
3.733E+01  5.972E-24  5.912E-15
3.698E+01  5.793E-24  5.683E-15
3.664E+01  5.618E-24  5.461E-15
3.631E+01  5.445E-24  5.244E-15
3.597E+01  5.273E-24  5.032E-15
3.565E+01  5.107E-24  4.829E-15
3.532E+01  4.944E-24  4.632E-15
3.499E+01  4.784E-24  4.441E-15
3.467E+01  4.627E-24  4.256E-15
3.436E+01  4.475E-24  4.079E-15
3.404E+01  4.327E-24  3.908E-15
3.373E+01  4.184E-24  3.743E-15
3.342E+01  4.045E-24  3.586E-15
3.311E+01  3.912E-24  3.436E-15
3.281E+01  3.784E-24  3.293E-15
3.251E+01  3.660E-24  3.156E-15
3.221E+01  3.542E-24  3.027E-15
3.192E+01  3.430E-24  2.903E-15
3.162E+01  3.322E-24  2.787E-15
3.133E+01  3.221E-24  2.677E-15
3.105E+01  3.125E-24  2.573E-15
3.076E+01  3.034E-24  2.476E-15
3.048E+01  2.950E-24  2.385E-15
3.020E+01  2.871E-24  2.299E-15
2.992E+01  2.797E-24  2.220E-15
2.965E+01  2.728E-24  2.145E-15
2.938E+01  2.664E-24  2.076E-15
2.911E+01  2.604E-24  2.011E-15
2.884E+01  2.550E-24  1.951E-15
2.858E+01  2.499E-24  1.895E-15
2.831E+01  2.454E-24  1.843E-15
2.805E+01  2.412E-24  1.795E-15
2.780E+01  2.374E-24  1.750E-15
2.754E+01  2.339E-24  1.709E-15
2.729E+01  2.306E-24  1.670E-15
2.704E+01  2.278E-24  1.634E-15
2.679E+01  2.253E-24  1.601E-15
2.655E+01  2.230E-24  1.571E-15
2.630E+01  2.210E-24  1.542E-15
2.606E+01  2.192E-24  1.515E-15
2.582E+01  2.176E-24  1.491E-15
2.559E+01  2.163E-24  1.468E-15
2.535E+01  2.152E-24  1.447E-15
2.512E+01  2.142E-24  1.428E-15
2.489E+01  2.134E-24  1.409E-15
2.466E+01  2.128E-24  1.392E-15
2.443E+01  2.123E-24  1.376E-15
2.421E+01  2.120E-24  1.361E-15
2.399E+01  2.118E-24  1.347E-15
2.377E+01  2.117E-24  1.334E-15
2.355E+01  2.117E-24  1.323E-15
2.333E+01  2.119E-24  1.312E-15
2.312E+01  2.122E-24  1.302E-15
2.291E+01  2.126E-24  1.292E-15
2.270E+01  2.131E-24  1.283E-15
2.249E+01  2.138E-24  1.276E-15
2.228E+01  2.146E-24  1.268E-15
2.208E+01  2.155E-24  1.262E-15
2.188E+01  2.164E-24  1.256E-15
2.168E+01  2.174E-24  1.250E-15
2.148E+01  2.185E-24  1.245E-15
2.128E+01  2.197E-24  1.240E-15
2.109E+01  2.211E-24  1.236E-15
2.089E+01  2.225E-24  1.233E-15
2.070E+01  2.240E-24  1.230E-15
2.051E+01  2.256E-24  1.228E-15
2.032E+01  2.274E-24  1.226E-15
2.014E+01  2.295E-24  1.226E-15
1.995E+01  2.316E-24  1.226E-15
1.977E+01  2.342E-24  1.228E-15
1.959E+01  2.370E-24  1.231E-15
1.941E+01  2.407E-24  1.239E-15
1.923E+01  2.467E-24  1.259E-15
1.905E+01  2.596E-24  1.312E-15
1.888E+01  2.705E-24  1.354E-15
1.871E+01  2.604E-24  1.292E-15
1.854E+01  2.589E-24  1.273E-15
1.837E+01  2.625E-24  1.279E-15
1.820E+01  2.696E-24  1.301E-15
1.803E+01  2.827E-24  1.352E-15
1.786E+01  3.036E-24  1.439E-15
1.770E+01  3.092E-24  1.452E-15
1.754E+01  3.308E-24  1.539E-15
1.738E+01  3.792E-24  1.748E-15
1.722E+01  3.765E-24  1.720E-15
1.706E+01  3.815E-24  1.727E-15
1.690E+01  3.746E-24  1.680E-15
1.675E+01  3.607E-24  1.603E-15
1.660E+01  3.686E-24  1.622E-15
1.644E+01  4.283E-24  1.868E-15
1.629E+01  3.316E-24  1.433E-15
1.614E+01  2.929E-24  1.254E-15
1.600E+01  2.803E-24  1.189E-15
1.585E+01  2.727E-24  1.147E-15
1.570E+01  2.638E-24  1.099E-15
1.556E+01  2.585E-24  1.067E-15
1.542E+01  2.552E-24  1.044E-15
1.528E+01  2.530E-24  1.025E-15
1.514E+01  2.515E-24  1.010E-15
1.500E+01  2.509E-24  9.980E-16
1.486E+01  2.510E-24  9.894E-16
1.472E+01  2.525E-24  9.860E-16
1.459E+01  2.561E-24  9.911E-16
1.445E+01  2.644E-24  1.014E-15
1.432E+01  2.830E-24  1.075E-15
1.419E+01  3.043E-24  1.146E-15
1.406E+01  2.949E-24  1.100E-15
1.393E+01  2.917E-24  1.078E-15
1.380E+01  3.067E-24  1.123E-15
1.368E+01  3.391E-24  1.230E-15
1.355E+01  3.802E-24  1.367E-15
1.343E+01  3.928E-24  1.399E-15
1.330E+01  3.734E-24  1.318E-15
1.318E+01  3.651E-24  1.277E-15
1.306E+01  3.854E-24  1.335E-15
1.294E+01  4.415E-24  1.516E-15
1.282E+01  5.438E-24  1.850E-15
1.271E+01  6.738E-24  2.271E-15
1.259E+01  7.188E-24  2.400E-15
1.247E+01  6.312E-24  2.088E-15
1.236E+01  5.399E-24  1.770E-15
1.225E+01  5.100E-24  1.657E-15
1.213E+01  5.359E-24  1.725E-15
1.202E+01  5.727E-24  1.827E-15
1.191E+01  5.538E-24  1.750E-15
1.180E+01  5.035E-24  1.576E-15
1.169E+01  4.914E-24  1.524E-15
1.159E+01  5.578E-24  1.714E-15
1.148E+01  7.535E-24  2.295E-15
1.138E+01  1.082E-23  3.265E-15
1.127E+01  1.442E-23  4.312E-15
1.117E+01  1.020E-23  3.023E-15
1.107E+01  5.272E-24  1.548E-15
1.096E+01  3.635E-24  1.057E-15
1.086E+01  2.882E-24  8.306E-16
1.076E+01  2.486E-24  7.099E-16
1.067E+01  2.253E-24  6.375E-16
1.057E+01  2.051E-24  5.751E-16
1.047E+01  1.918E-24  5.328E-16
1.038E+01  1.830E-24  5.037E-16
1.028E+01  1.769E-24  4.823E-16
1.019E+01  1.725E-24  4.660E-16
1.009E+01  1.695E-24  4.539E-16
1.000E+01  1.678E-24  4.450E-16
9.908E+00  1.671E-24  4.392E-16
9.817E+00  1.675E-24  4.361E-16
9.727E+00  1.688E-24  4.356E-16
9.638E+00  1.713E-24  4.379E-16
9.550E+00  1.748E-24  4.429E-16
9.462E+00  1.797E-24  4.511E-16
9.376E+00  1.863E-24  4.632E-16
9.290E+00  1.949E-24  4.804E-16
9.204E+00  2.067E-24  5.046E-16
9.120E+00  2.230E-24  5.394E-16
9.036E+00  2.464E-24  5.906E-16
8.954E+00  2.816E-24  6.689E-16
8.872E+00  3.373E-24  7.938E-16
8.790E+00  4.286E-24  9.993E-16
8.710E+00  5.680E-24  1.312E-15
8.630E+00  6.988E-24  1.600E-15
8.551E+00  6.841E-24  1.552E-15
8.472E+00  5.950E-24  1.337E-15
8.395E+00  5.498E-24  1.224E-15
8.318E+00  5.476E-24  1.208E-15
8.241E+00  5.720E-24  1.250E-15
8.166E+00  6.326E-24  1.370E-15
8.091E+00  7.477E-24  1.605E-15
8.017E+00  9.310E-24  1.980E-15
7.943E+00  1.171E-23  2.467E-15
7.870E+00  1.382E-23  2.885E-15
7.798E+00  1.459E-23  3.017E-15
7.727E+00  1.469E-23  3.011E-15
7.656E+00  1.517E-23  3.081E-15
7.586E+00  1.478E-23  2.975E-15
7.516E+00  1.245E-23  2.483E-15
7.447E+00  9.825E-24  1.941E-15
7.379E+00  7.894E-24  1.545E-15
7.311E+00  6.555E-24  1.271E-15
7.244E+00  5.577E-24  1.072E-15
7.178E+00  4.830E-24  9.196E-16
7.112E+00  4.256E-24  8.029E-16
7.047E+00  3.831E-24  7.161E-16
6.982E+00  3.543E-24  6.562E-16
6.918E+00  3.386E-24  6.213E-16
6.855E+00  3.348E-24  6.088E-16
6.792E+00  3.396E-24  6.118E-16
6.730E+00  3.445E-24  6.150E-16
6.668E+00  3.399E-24  6.011E-16
6.607E+00  3.256E-24  5.707E-16
6.546E+00  3.140E-24  5.452E-16
6.486E+00  3.204E-24  5.513E-16
6.427E+00  3.626E-24  6.182E-16
6.368E+00  4.733E-24  7.994E-16
6.310E+00  7.213E-24  1.207E-15
6.252E+00  1.123E-23  1.862E-15
6.194E+00  1.138E-23  1.869E-15
6.138E+00  7.089E-24  1.154E-15
6.081E+00  4.223E-24  6.812E-16
6.026E+00  2.813E-24  4.497E-16
5.970E+00  2.098E-24  3.323E-16
5.916E+00  1.725E-24  2.707E-16
5.861E+00  1.560E-24  2.425E-16
5.808E+00  1.574E-24  2.424E-16
5.754E+00  1.767E-24  2.697E-16
5.702E+00  1.903E-24  2.878E-16
5.649E+00  1.604E-24  2.404E-16
5.598E+00  1.221E-24  1.813E-16
5.546E+00  9.852E-25  1.449E-16
5.495E+00  8.600E-25  1.254E-16
5.445E+00  8.059E-25  1.164E-16
5.395E+00  8.150E-25  1.166E-16
5.346E+00  9.036E-25  1.281E-16
5.297E+00  1.050E-24  1.475E-16
5.248E+00  1.026E-24  1.428E-16
5.200E+00  8.140E-25  1.123E-16
5.152E+00  6.487E-25  8.866E-17
5.105E+00  5.530E-25  7.488E-17
5.058E+00  4.953E-25  6.646E-17
5.012E+00  4.574E-25  6.080E-17
4.966E+00  4.301E-25  5.666E-17
4.920E+00  4.093E-25  5.342E-17
4.875E+00  3.926E-25  5.077E-17
4.831E+00  3.788E-25  4.854E-17
4.786E+00  3.671E-25  4.660E-17
4.742E+00  3.569E-25  4.490E-17
4.699E+00  3.480E-25  4.338E-17
4.656E+00  3.401E-25  4.200E-17
4.613E+00  3.330E-25  4.075E-17
4.571E+00  3.266E-25  3.960E-17
4.529E+00  3.208E-25  3.854E-17
4.487E+00  3.155E-25  3.755E-17
4.446E+00  3.107E-25  3.664E-17
4.406E+00  3.062E-25  3.579E-17
4.365E+00  3.022E-25  3.499E-17
4.325E+00  2.984E-25  3.424E-17
4.285E+00  2.950E-25  3.354E-17
4.246E+00  2.919E-25  3.288E-17
4.207E+00  2.891E-25  3.226E-17
4.169E+00  2.865E-25  3.168E-17
4.130E+00  2.842E-25  3.113E-17
4.093E+00  2.821E-25  3.062E-17
4.055E+00  2.803E-25  3.015E-17
4.018E+00  2.787E-25  2.970E-17
3.981E+00  2.775E-25  2.930E-17
3.945E+00  2.765E-25  2.893E-17
3.908E+00  2.759E-25  2.861E-17
3.873E+00  2.758E-25  2.833E-17
3.837E+00  2.761E-25  2.810E-17
3.802E+00  2.770E-25  2.794E-17
3.767E+00  2.786E-25  2.784E-17
3.733E+00  2.812E-25  2.784E-17
3.698E+00  2.849E-25  2.795E-17
3.664E+00  2.901E-25  2.820E-17
3.631E+00  2.976E-25  2.866E-17
3.597E+00  3.081E-25  2.940E-17
3.565E+00  3.232E-25  3.056E-17
3.532E+00  3.453E-25  3.235E-17
3.499E+00  3.793E-25  3.521E-17
3.467E+00  4.341E-25  3.993E-17
3.436E+00  5.303E-25  4.832E-17
3.404E+00  7.200E-25  6.502E-17
3.373E+00  1.173E-24  1.050E-16
3.342E+00  2.675E-24  2.371E-16
3.311E+00  1.012E-23  8.891E-16
3.281E+00  6.912E-24  6.016E-16
3.251E+00  1.973E-24  1.702E-16
3.221E+00  9.416E-25  8.045E-17
3.192E+00  6.002E-25  5.081E-17
3.162E+00  4.494E-25  3.770E-17
3.133E+00  3.700E-25  3.076E-17
3.105E+00  3.231E-25  2.661E-17
3.076E+00  2.929E-25  2.390E-17
3.048E+00  2.722E-25  2.201E-17
3.020E+00  2.573E-25  2.061E-17
2.992E+00  2.461E-25  1.953E-17
2.965E+00  2.373E-25  1.866E-17
2.938E+00  2.302E-25  1.794E-17
2.911E+00  2.244E-25  1.733E-17
2.884E+00  2.195E-25  1.679E-17
2.858E+00  2.152E-25  1.631E-17
2.831E+00  2.115E-25  1.588E-17
2.805E+00  2.081E-25  1.549E-17
2.780E+00  2.051E-25  1.512E-17
2.754E+00  2.023E-25  1.478E-17
2.729E+00  1.997E-25  1.446E-17
2.704E+00  1.973E-25  1.415E-17
2.679E+00  1.949E-25  1.385E-17
2.655E+00  1.927E-25  1.357E-17
2.630E+00  1.906E-25  1.330E-17
2.606E+00  1.886E-25  1.304E-17
2.582E+00  1.866E-25  1.278E-17
2.559E+00  1.846E-25  1.253E-17
2.535E+00  1.827E-25  1.229E-17
2.512E+00  1.809E-25  1.205E-17
2.489E+00  1.790E-25  1.182E-17
2.466E+00  1.772E-25  1.159E-17
2.443E+00  1.753E-25  1.136E-17
2.421E+00  1.735E-25  1.114E-17
2.399E+00  1.717E-25  1.092E-17
2.377E+00  1.699E-25  1.071E-17
2.355E+00  1.681E-25  1.050E-17
2.333E+00  1.664E-25  1.030E-17
2.312E+00  1.646E-25  1.010E-17
2.291E+00  1.629E-25  9.897E-18
2.270E+00  1.611E-25  9.700E-18
2.249E+00  1.593E-25  9.505E-18
2.228E+00  1.575E-25  9.312E-18
2.208E+00  1.557E-25  9.120E-18
2.188E+00  1.539E-25  8.928E-18
2.168E+00  1.519E-25  8.737E-18
2.148E+00  1.500E-25  8.544E-18
2.128E+00  1.479E-25  8.350E-18
2.109E+00  1.458E-25  8.152E-18
2.089E+00  1.434E-25  7.950E-18
2.070E+00  1.410E-25  7.741E-18
2.051E+00  1.383E-25  7.523E-18
2.032E+00  1.353E-25  7.294E-18
2.014E+00  1.320E-25  7.049E-18
1.995E+00  1.282E-25  6.787E-18
1.977E+00  1.241E-25  6.507E-18
1.959E+00  1.197E-25  6.218E-18
1.941E+00  1.154E-25  5.941E-18
1.923E+00  1.120E-25  5.714E-18
1.905E+00  1.104E-25  5.580E-18
1.888E+00  1.108E-25  5.547E-18
1.871E+00  1.126E-25  5.586E-18
1.854E+00  1.148E-25  5.646E-18
1.837E+00  1.168E-25  5.691E-18
1.820E+00  1.183E-25  5.709E-18
1.803E+00  1.191E-25  5.698E-18
1.786E+00  1.195E-25  5.664E-18
1.770E+00  1.195E-25  5.613E-18
1.754E+00  1.193E-25  5.549E-18
1.738E+00  1.188E-25  5.476E-18
1.722E+00  1.182E-25  5.398E-18
1.706E+00  1.175E-25  5.316E-18
1.690E+00  1.167E-25  5.232E-18
1.675E+00  1.159E-25  5.148E-18
1.660E+00  1.150E-25  5.063E-18
1.644E+00  1.142E-25  4.980E-18
1.629E+00  1.133E-25  4.897E-18
1.614E+00  1.125E-25  4.817E-18
1.600E+00  1.117E-25  4.739E-18
1.585E+00  1.109E-25  4.664E-18
1.570E+00  1.102E-25  4.592E-18
1.556E+00  1.096E-25  4.524E-18
1.542E+00  1.091E-25  4.461E-18
1.528E+00  1.087E-25  4.403E-18
1.514E+00  1.083E-25  4.350E-18
1.500E+00  1.082E-25  4.303E-18
1.486E+00  1.082E-25  4.264E-18
1.472E+00  1.084E-25  4.232E-18
1.459E+00  1.088E-25  4.210E-18
1.445E+00  1.095E-25  4.199E-18
1.432E+00  1.105E-25  4.200E-18
1.419E+00  1.120E-25  4.215E-18
1.406E+00  1.139E-25  4.247E-18
1.393E+00  1.163E-25  4.299E-18
1.380E+00  1.195E-25  4.374E-18
1.368E+00  1.234E-25  4.477E-18
1.355E+00  1.283E-25  4.612E-18
1.343E+00  1.342E-25  4.781E-18
1.330E+00  1.413E-25  4.987E-18
1.318E+00  1.493E-25  5.222E-18
1.306E+00  1.579E-25  5.471E-18
1.294E+00  1.660E-25  5.698E-18
1.282E+00  1.719E-25  5.846E-18
1.271E+00  1.736E-25  5.851E-18
1.259E+00  1.697E-25  5.668E-18
1.247E+00  1.604E-25  5.308E-18
1.236E+00  1.474E-25  4.832E-18
1.225E+00  1.331E-25  4.325E-18
1.213E+00  1.197E-25  3.851E-18
1.202E+00  1.080E-25  3.445E-18
1.191E+00  9.857E-26  3.115E-18
1.180E+00  9.125E-26  2.857E-18
1.169E+00  8.584E-26  2.663E-18
1.159E+00  8.215E-26  2.525E-18
1.148E+00  8.004E-26  2.438E-18
1.138E+00  7.952E-26  2.400E-18
1.127E+00  8.073E-26  2.414E-18
1.117E+00  8.401E-26  2.489E-18
1.107E+00  9.003E-26  2.643E-18
1.096E+00  9.985E-26  2.904E-18
1.086E+00  1.150E-25  3.315E-18
1.076E+00  1.371E-25  3.915E-18
1.067E+00  1.648E-25  4.663E-18
1.057E+00  1.869E-25  5.241E-18
1.047E+00  1.832E-25  5.088E-18
1.038E+00  1.518E-25  4.179E-18
1.028E+00  1.149E-25  3.133E-18
1.019E+00  8.622E-26  2.330E-18
1.009E+00  6.681E-26  1.789E-18
1.000E+00  5.395E-26  1.431E-18
