Dust emission from Draine & Li (2007): ApJ 657, 810-837
==========================================================
         3 = grain model
 4.000E-08 4.000E-01 1.500E-05 = a_01 (cm) , sigma_1 , b_C1/0.92
 2.000E-07 5.500E-01 5.000E-06 = a_02 (cm) , sigma_2 , b_C2/0.92
 3.000E-01 3.000E-01 1.000E+00 = Umin , Umax, beta (dN/dU propto U^{-beta})
 3.000E-01 = <U> 
     mmp83 = radfield
 1.334E-24 = power/H (erg s-1)
 band   nu*P_nu(band) j_nu(band)
 (um)   (erg s-1 H-1)(Jy cm2 sr-1 H-1)
1.270E+00  1.982E-27  6.678E-20 COBE-DIRBE
2.220E+00  2.503E-27  1.474E-19 COBE-DIRBE
3.530E+00  1.664E-26  1.558E-18 COBE-DIRBE
4.880E+00  7.402E-27  9.582E-19 COBE-DIRBE
1.229E+01  7.161E-26  2.334E-17 COBE-DIRBE
2.079E+01  5.436E-26  2.998E-17 COBE-DIRBE
5.599E+01  1.520E-25  2.258E-16 COBE-DIRBE
9.770E+01  6.191E-25  1.604E-15 COBE-DIRBE
1.479E+02  9.501E-25  3.727E-15 COBE-DIRBE
2.479E+02  5.569E-25  3.661E-15 COBE-DIRBE
1.200E+01  7.691E-26  2.448E-17 IRAS
2.500E+01  5.174E-26  3.431E-17 IRAS
6.000E+01  1.827E-25  2.908E-16 IRAS
1.000E+02  6.496E-25  1.723E-15 IRAS
3.550E+00  1.936E-26  1.823E-18 SST-IRAC
4.493E+00  5.358E-27  6.386E-19 SST-IRAC
5.731E+00  4.358E-26  6.626E-18 SST-IRAC
7.872E+00  1.082E-25  2.260E-17 SST-IRAC
2.368E+01  4.656E-26  2.925E-17 SST-MIPS
7.142E+01  2.628E-25  4.978E-16 SST-MIPS
1.559E+02  9.337E-25  3.861E-15 SST-MIPS
1.600E+01  5.989E-26  2.542E-17 SST-IRSPU
2.200E+01  4.936E-26  2.881E-17 SST-IRSPU
7.500E+01  2.173E-25  4.322E-16 Herschel-PACS
1.100E+02  4.808E-25  1.403E-15 Herschel-PACS
1.700E+02  7.229E-25  3.260E-15 Herschel-PACS
2.500E+02  4.986E-25  3.306E-15 Herschel-SPIRE
3.600E+02  1.957E-25  1.869E-15 Herschel-SPIRE
5.200E+02  5.879E-26  8.109E-16 Herschel-SPIRE
2.400E+00  2.809E-27  1.788E-19 Akari IRC NIR N2
3.200E+00  1.278E-26  1.085E-18 Akari IRC NIR N3
4.100E+00  5.822E-27  6.332E-19 Akari IRC NIR N4
7.000E+00  1.225E-25  2.275E-17 Akari IRC MIR-S S7
9.000E+00  8.727E-26  2.083E-17 Akari IRC MIR-S S9W
1.100E+01  6.985E-26  2.038E-17 Akari IRC MIR-S S11
1.500E+01  6.239E-26  2.482E-17 Akari IRC MIR-L L15
1.800E+01  5.449E-26  2.601E-17 Akari IRC MIR-L L18W
2.400E+01  4.817E-26  3.066E-17 Akari IRC MIR-L L24
6.500E+01  2.272E-25  3.918E-16 Akari FIS N60
8.000E+01  4.835E-25  1.026E-15 Akari FIS WIDE-S
1.400E+02  9.595E-25  3.563E-15 Akari FIS WIDE-L
1.600E+02  9.573E-25  4.063E-15 Akari FIS N160
 
 
 
 


lambda    nu*dP/dnu     j_nu
 (um)   (erg s-1 H-1)(Jy cm2 sr-1 H-1)
1.000E+04  4.304E-31  1.142E-19
9.908E+03  4.461E-31  1.172E-19
9.817E+03  4.623E-31  1.204E-19
9.727E+03  4.792E-31  1.236E-19
9.638E+03  4.967E-31  1.270E-19
9.550E+03  5.148E-31  1.304E-19
9.462E+03  5.336E-31  1.339E-19
9.376E+03  5.530E-31  1.375E-19
9.290E+03  5.732E-31  1.412E-19
9.204E+03  5.941E-31  1.451E-19
9.120E+03  6.158E-31  1.490E-19
9.036E+03  6.382E-31  1.530E-19
8.954E+03  6.614E-31  1.571E-19
8.872E+03  6.854E-31  1.613E-19
8.790E+03  7.103E-31  1.656E-19
8.710E+03  7.361E-31  1.701E-19
8.630E+03  7.629E-31  1.746E-19
8.551E+03  7.906E-31  1.793E-19
8.472E+03  8.194E-31  1.841E-19
8.395E+03  8.492E-31  1.891E-19
8.318E+03  8.801E-31  1.942E-19
8.241E+03  9.122E-31  1.994E-19
8.166E+03  9.454E-31  2.048E-19
8.091E+03  9.799E-31  2.103E-19
8.017E+03  1.016E-30  2.160E-19
7.943E+03  1.053E-30  2.218E-19
7.870E+03  1.091E-30  2.278E-19
7.798E+03  1.131E-30  2.340E-19
7.727E+03  1.173E-30  2.403E-19
7.656E+03  1.215E-30  2.468E-19
7.586E+03  1.260E-30  2.535E-19
7.516E+03  1.306E-30  2.604E-19
7.447E+03  1.354E-30  2.675E-19
7.379E+03  1.404E-30  2.748E-19
7.311E+03  1.455E-30  2.822E-19
7.244E+03  1.509E-30  2.899E-19
7.178E+03  1.564E-30  2.978E-19
7.112E+03  1.622E-30  3.059E-19
7.047E+03  1.681E-30  3.143E-19
6.982E+03  1.743E-30  3.228E-19
6.918E+03  1.807E-30  3.316E-19
6.855E+03  1.873E-30  3.406E-19
6.792E+03  1.942E-30  3.499E-19
6.730E+03  2.014E-30  3.595E-19
6.668E+03  2.088E-30  3.693E-19
6.607E+03  2.165E-30  3.794E-19
6.546E+03  2.245E-30  3.898E-19
6.486E+03  2.328E-30  4.005E-19
6.427E+03  2.413E-30  4.114E-19
6.368E+03  2.503E-30  4.227E-19
6.310E+03  2.595E-30  4.343E-19
6.252E+03  2.691E-30  4.463E-19
6.194E+03  2.791E-30  4.585E-19
6.138E+03  2.894E-30  4.711E-19
6.081E+03  3.001E-30  4.841E-19
6.026E+03  3.112E-30  4.975E-19
5.970E+03  3.228E-30  5.112E-19
5.916E+03  3.347E-30  5.253E-19
5.861E+03  3.472E-30  5.398E-19
5.808E+03  3.601E-30  5.547E-19
5.754E+03  3.734E-30  5.700E-19
5.702E+03  3.873E-30  5.858E-19
5.649E+03  4.017E-30  6.020E-19
5.598E+03  4.167E-30  6.187E-19
5.546E+03  4.322E-30  6.358E-19
5.495E+03  4.483E-30  6.535E-19
5.445E+03  4.650E-30  6.716E-19
5.395E+03  4.823E-30  6.903E-19
5.346E+03  5.003E-30  7.095E-19
5.297E+03  5.190E-30  7.292E-19
5.248E+03  5.384E-30  7.495E-19
5.200E+03  5.585E-30  7.704E-19
5.152E+03  5.794E-30  7.918E-19
5.105E+03  6.010E-30  8.139E-19
5.058E+03  6.235E-30  8.366E-19
5.012E+03  6.469E-30  8.600E-19
4.966E+03  6.711E-30  8.840E-19
4.920E+03  6.962E-30  9.087E-19
4.875E+03  7.223E-30  9.341E-19
4.831E+03  7.493E-30  9.602E-19
4.786E+03  7.774E-30  9.870E-19
4.742E+03  8.066E-30  1.015E-18
4.699E+03  8.369E-30  1.043E-18
4.656E+03  8.683E-30  1.072E-18
4.613E+03  9.010E-30  1.102E-18
4.571E+03  9.348E-30  1.133E-18
4.529E+03  9.700E-30  1.165E-18
4.487E+03  1.007E-29  1.198E-18
4.446E+03  1.044E-29  1.232E-18
4.406E+03  1.084E-29  1.267E-18
4.365E+03  1.125E-29  1.302E-18
4.325E+03  1.167E-29  1.339E-18
4.285E+03  1.211E-29  1.377E-18
4.246E+03  1.257E-29  1.416E-18
4.207E+03  1.304E-29  1.456E-18
4.169E+03  1.354E-29  1.497E-18
4.130E+03  1.405E-29  1.539E-18
4.093E+03  1.458E-29  1.583E-18
4.055E+03  1.513E-29  1.628E-18
4.018E+03  1.571E-29  1.674E-18
3.981E+03  1.630E-29  1.721E-18
3.945E+03  1.692E-29  1.770E-18
3.908E+03  1.756E-29  1.820E-18
3.873E+03  1.822E-29  1.872E-18
3.837E+03  1.891E-29  1.925E-18
3.802E+03  1.963E-29  1.980E-18
3.767E+03  2.038E-29  2.036E-18
3.733E+03  2.115E-29  2.094E-18
3.698E+03  2.195E-29  2.154E-18
3.664E+03  2.279E-29  2.215E-18
3.631E+03  2.366E-29  2.278E-18
3.597E+03  2.456E-29  2.343E-18
3.565E+03  2.549E-29  2.410E-18
3.532E+03  2.647E-29  2.479E-18
3.499E+03  2.747E-29  2.550E-18
3.467E+03  2.852E-29  2.623E-18
3.436E+03  2.961E-29  2.699E-18
3.404E+03  3.074E-29  2.776E-18
3.373E+03  3.192E-29  2.856E-18
3.342E+03  3.314E-29  2.938E-18
3.311E+03  3.441E-29  3.022E-18
3.281E+03  3.573E-29  3.109E-18
3.251E+03  3.709E-29  3.199E-18
3.221E+03  3.852E-29  3.291E-18
3.192E+03  3.999E-29  3.386E-18
3.162E+03  4.153E-29  3.483E-18
3.133E+03  4.312E-29  3.584E-18
3.105E+03  4.478E-29  3.687E-18
3.076E+03  4.650E-29  3.794E-18
3.048E+03  4.828E-29  3.904E-18
3.020E+03  5.014E-29  4.017E-18
2.992E+03  5.207E-29  4.133E-18
2.965E+03  5.406E-29  4.252E-18
2.938E+03  5.614E-29  4.375E-18
2.911E+03  5.830E-29  4.501E-18
2.884E+03  6.054E-29  4.631E-18
2.858E+03  6.286E-29  4.765E-18
2.831E+03  6.528E-29  4.903E-18
2.805E+03  6.779E-29  5.045E-18
2.780E+03  7.040E-29  5.191E-18
2.754E+03  7.312E-29  5.342E-18
2.729E+03  7.593E-29  5.497E-18
2.704E+03  7.886E-29  5.656E-18
2.679E+03  8.190E-29  5.821E-18
2.655E+03  8.507E-29  5.990E-18
2.630E+03  8.835E-29  6.164E-18
2.606E+03  9.176E-29  6.344E-18
2.582E+03  9.531E-29  6.528E-18
2.559E+03  9.899E-29  6.719E-18
2.535E+03  1.028E-28  6.915E-18
2.512E+03  1.068E-28  7.116E-18
2.489E+03  1.109E-28  7.324E-18
2.466E+03  1.152E-28  7.538E-18
2.443E+03  1.197E-28  7.758E-18
2.421E+03  1.243E-28  7.985E-18
2.399E+03  1.292E-28  8.218E-18
2.377E+03  1.342E-28  8.459E-18
2.355E+03  1.394E-28  8.706E-18
2.333E+03  1.448E-28  8.961E-18
2.312E+03  1.504E-28  9.224E-18
2.291E+03  1.562E-28  9.494E-18
2.270E+03  1.623E-28  9.772E-18
2.249E+03  1.686E-28  1.006E-17
2.228E+03  1.752E-28  1.035E-17
2.208E+03  1.820E-28  1.066E-17
2.188E+03  1.890E-28  1.097E-17
2.168E+03  1.964E-28  1.129E-17
2.148E+03  2.040E-28  1.162E-17
2.128E+03  2.120E-28  1.197E-17
2.109E+03  2.202E-28  1.232E-17
2.089E+03  2.288E-28  1.268E-17
2.070E+03  2.377E-28  1.305E-17
2.051E+03  2.469E-28  1.344E-17
2.032E+03  2.566E-28  1.383E-17
2.014E+03  2.665E-28  1.424E-17
1.995E+03  2.769E-28  1.466E-17
1.977E+03  2.877E-28  1.509E-17
1.959E+03  2.989E-28  1.553E-17
1.941E+03  3.105E-28  1.599E-17
1.923E+03  3.226E-28  1.646E-17
1.905E+03  3.352E-28  1.694E-17
1.888E+03  3.482E-28  1.744E-17
1.871E+03  3.618E-28  1.795E-17
1.854E+03  3.759E-28  1.848E-17
1.837E+03  3.905E-28  1.902E-17
1.820E+03  4.057E-28  1.958E-17
1.803E+03  4.215E-28  2.016E-17
1.786E+03  4.379E-28  2.075E-17
1.770E+03  4.550E-28  2.136E-17
1.754E+03  4.727E-28  2.199E-17
1.738E+03  4.911E-28  2.264E-17
1.722E+03  5.103E-28  2.331E-17
1.706E+03  5.301E-28  2.399E-17
1.690E+03  5.508E-28  2.470E-17
1.675E+03  5.722E-28  2.542E-17
1.660E+03  5.945E-28  2.617E-17
1.644E+03  6.176E-28  2.694E-17
1.629E+03  6.417E-28  2.773E-17
1.614E+03  6.666E-28  2.855E-17
1.600E+03  6.925E-28  2.938E-17
1.585E+03  7.195E-28  3.025E-17
1.570E+03  7.474E-28  3.113E-17
1.556E+03  7.765E-28  3.205E-17
1.542E+03  8.067E-28  3.299E-17
1.528E+03  8.380E-28  3.396E-17
1.514E+03  8.705E-28  3.495E-17
1.500E+03  9.043E-28  3.597E-17
1.486E+03  9.394E-28  3.703E-17
1.472E+03  9.759E-28  3.811E-17
1.459E+03  1.014E-27  3.923E-17
1.445E+03  1.053E-27  4.038E-17
1.432E+03  1.094E-27  4.156E-17
1.419E+03  1.136E-27  4.278E-17
1.406E+03  1.180E-27  4.403E-17
1.393E+03  1.226E-27  4.531E-17
1.380E+03  1.274E-27  4.664E-17
1.368E+03  1.323E-27  4.800E-17
1.355E+03  1.374E-27  4.940E-17
1.343E+03  1.427E-27  5.084E-17
1.330E+03  1.483E-27  5.232E-17
1.318E+03  1.540E-27  5.385E-17
1.306E+03  1.599E-27  5.541E-17
1.294E+03  1.661E-27  5.702E-17
1.282E+03  1.725E-27  5.868E-17
1.271E+03  1.792E-27  6.038E-17
1.259E+03  1.861E-27  6.214E-17
1.247E+03  1.932E-27  6.394E-17
1.236E+03  2.007E-27  6.579E-17
1.225E+03  2.084E-27  6.769E-17
1.213E+03  2.164E-27  6.965E-17
1.202E+03  2.247E-27  7.166E-17
1.191E+03  2.333E-27  7.373E-17
1.180E+03  2.423E-27  7.585E-17
1.169E+03  2.515E-27  7.803E-17
1.159E+03  2.612E-27  8.028E-17
1.148E+03  2.712E-27  8.259E-17
1.138E+03  2.815E-27  8.496E-17
1.127E+03  2.923E-27  8.739E-17
1.117E+03  3.034E-27  8.989E-17
1.107E+03  3.150E-27  9.246E-17
1.096E+03  3.270E-27  9.510E-17
1.086E+03  3.394E-27  9.782E-17
1.076E+03  3.523E-27  1.006E-16
1.067E+03  3.657E-27  1.035E-16
1.057E+03  3.796E-27  1.064E-16
1.047E+03  3.939E-27  1.094E-16
1.038E+03  4.089E-27  1.125E-16
1.028E+03  4.243E-27  1.157E-16
1.019E+03  4.403E-27  1.190E-16
1.009E+03  4.569E-27  1.223E-16
1.000E+03  4.741E-27  1.258E-16
9.908E+02  4.920E-27  1.293E-16
9.817E+02  5.105E-27  1.329E-16
9.727E+02  5.297E-27  1.367E-16
9.638E+02  5.496E-27  1.405E-16
9.550E+02  5.702E-27  1.444E-16
9.462E+02  5.916E-27  1.485E-16
9.376E+02  6.137E-27  1.526E-16
9.290E+02  6.366E-27  1.569E-16
9.204E+02  6.604E-27  1.612E-16
9.120E+02  6.850E-27  1.657E-16
9.036E+02  7.105E-27  1.703E-16
8.954E+02  7.369E-27  1.750E-16
8.872E+02  7.642E-27  1.798E-16
8.790E+02  7.924E-27  1.848E-16
8.710E+02  8.217E-27  1.898E-16
8.630E+02  8.520E-27  1.950E-16
8.551E+02  8.834E-27  2.004E-16
8.472E+02  9.159E-27  2.058E-16
8.395E+02  9.495E-27  2.114E-16
8.318E+02  9.842E-27  2.172E-16
8.241E+02  1.020E-26  2.230E-16
8.166E+02  1.057E-26  2.291E-16
8.091E+02  1.096E-26  2.352E-16
8.017E+02  1.136E-26  2.415E-16
7.943E+02  1.177E-26  2.480E-16
7.870E+02  1.220E-26  2.546E-16
7.798E+02  1.264E-26  2.614E-16
7.727E+02  1.309E-26  2.684E-16
7.656E+02  1.357E-26  2.755E-16
7.586E+02  1.405E-26  2.828E-16
7.516E+02  1.456E-26  2.902E-16
7.447E+02  1.508E-26  2.979E-16
7.379E+02  1.562E-26  3.057E-16
7.311E+02  1.618E-26  3.138E-16
7.244E+02  1.676E-26  3.220E-16
7.178E+02  1.736E-26  3.305E-16
7.112E+02  1.798E-26  3.391E-16
7.047E+02  1.861E-26  3.480E-16
6.982E+02  1.928E-26  3.570E-16
6.918E+02  1.996E-26  3.663E-16
6.855E+02  2.067E-26  3.758E-16
6.792E+02  2.140E-26  3.855E-16
6.730E+02  2.215E-26  3.954E-16
6.668E+02  2.293E-26  4.056E-16
6.607E+02  2.373E-26  4.159E-16
6.546E+02  2.457E-26  4.266E-16
6.486E+02  2.543E-26  4.375E-16
6.427E+02  2.632E-26  4.487E-16
6.368E+02  2.724E-26  4.602E-16
6.310E+02  2.820E-26  4.719E-16
6.252E+02  2.918E-26  4.839E-16
6.194E+02  3.020E-26  4.962E-16
6.138E+02  3.125E-26  5.087E-16
6.081E+02  3.233E-26  5.215E-16
6.026E+02  3.345E-26  5.347E-16
5.970E+02  3.461E-26  5.481E-16
5.916E+02  3.580E-26  5.618E-16
5.861E+02  3.704E-26  5.758E-16
5.808E+02  3.831E-26  5.902E-16
5.754E+02  3.962E-26  6.048E-16
5.702E+02  4.098E-26  6.198E-16
5.649E+02  4.238E-26  6.351E-16
5.598E+02  4.383E-26  6.508E-16
5.546E+02  4.532E-26  6.668E-16
5.495E+02  4.686E-26  6.831E-16
5.445E+02  4.845E-26  6.998E-16
5.395E+02  5.009E-26  7.168E-16
5.346E+02  5.178E-26  7.342E-16
5.297E+02  5.352E-26  7.520E-16
5.248E+02  5.532E-26  7.701E-16
5.200E+02  5.718E-26  7.886E-16
5.152E+02  5.909E-26  8.075E-16
5.105E+02  6.106E-26  8.268E-16
5.058E+02  6.309E-26  8.465E-16
5.012E+02  6.518E-26  8.666E-16
4.966E+02  6.734E-26  8.870E-16
4.920E+02  6.956E-26  9.079E-16
4.875E+02  7.185E-26  9.292E-16
4.831E+02  7.421E-26  9.509E-16
4.786E+02  7.664E-26  9.730E-16
4.742E+02  7.914E-26  9.955E-16
4.699E+02  8.171E-26  1.018E-15
4.656E+02  8.436E-26  1.042E-15
4.613E+02  8.709E-26  1.066E-15
4.571E+02  8.990E-26  1.090E-15
4.529E+02  9.278E-26  1.115E-15
4.487E+02  9.575E-26  1.140E-15
4.446E+02  9.881E-26  1.165E-15
4.406E+02  1.019E-25  1.191E-15
4.365E+02  1.052E-25  1.218E-15
4.325E+02  1.085E-25  1.245E-15
4.285E+02  1.119E-25  1.272E-15
4.246E+02  1.154E-25  1.300E-15
4.207E+02  1.190E-25  1.328E-15
4.169E+02  1.227E-25  1.357E-15
4.130E+02  1.265E-25  1.386E-15
4.093E+02  1.304E-25  1.416E-15
4.055E+02  1.344E-25  1.446E-15
4.018E+02  1.386E-25  1.477E-15
3.981E+02  1.428E-25  1.508E-15
3.945E+02  1.471E-25  1.539E-15
3.908E+02  1.516E-25  1.571E-15
3.873E+02  1.561E-25  1.604E-15
3.837E+02  1.608E-25  1.637E-15
3.802E+02  1.656E-25  1.670E-15
3.767E+02  1.706E-25  1.704E-15
3.733E+02  1.756E-25  1.739E-15
3.698E+02  1.808E-25  1.773E-15
3.664E+02  1.861E-25  1.809E-15
3.631E+02  1.915E-25  1.844E-15
3.597E+02  1.970E-25  1.880E-15
3.565E+02  2.027E-25  1.917E-15
3.532E+02  2.085E-25  1.954E-15
3.499E+02  2.145E-25  1.991E-15
3.467E+02  2.206E-25  2.029E-15
3.436E+02  2.268E-25  2.067E-15
3.404E+02  2.332E-25  2.105E-15
3.373E+02  2.397E-25  2.144E-15
3.342E+02  2.463E-25  2.184E-15
3.311E+02  2.531E-25  2.223E-15
3.281E+02  2.600E-25  2.263E-15
3.251E+02  2.671E-25  2.303E-15
3.221E+02  2.743E-25  2.344E-15
3.192E+02  2.817E-25  2.385E-15
3.162E+02  2.892E-25  2.426E-15
3.133E+02  2.969E-25  2.467E-15
3.105E+02  3.047E-25  2.509E-15
3.076E+02  3.126E-25  2.551E-15
3.048E+02  3.207E-25  2.593E-15
3.020E+02  3.290E-25  2.635E-15
2.992E+02  3.374E-25  2.678E-15
2.965E+02  3.459E-25  2.720E-15
2.938E+02  3.546E-25  2.763E-15
2.911E+02  3.634E-25  2.806E-15
2.884E+02  3.724E-25  2.849E-15
2.858E+02  3.815E-25  2.892E-15
2.831E+02  3.908E-25  2.935E-15
2.805E+02  4.002E-25  2.978E-15
2.780E+02  4.097E-25  3.021E-15
2.754E+02  4.194E-25  3.064E-15
2.729E+02  4.292E-25  3.107E-15
2.704E+02  4.392E-25  3.150E-15
2.679E+02  4.494E-25  3.194E-15
2.655E+02  4.597E-25  3.237E-15
2.630E+02  4.701E-25  3.280E-15
2.606E+02  4.806E-25  3.322E-15
2.582E+02  4.912E-25  3.365E-15
2.559E+02  5.020E-25  3.407E-15
2.535E+02  5.127E-25  3.448E-15
2.512E+02  5.235E-25  3.488E-15
2.489E+02  5.342E-25  3.527E-15
2.466E+02  5.448E-25  3.564E-15
2.443E+02  5.554E-25  3.599E-15
2.421E+02  5.659E-25  3.634E-15
2.399E+02  5.764E-25  3.668E-15
2.377E+02  5.867E-25  3.699E-15
2.355E+02  5.971E-25  3.730E-15
2.333E+02  6.075E-25  3.760E-15
2.312E+02  6.178E-25  3.789E-15
2.291E+02  6.282E-25  3.818E-15
2.270E+02  6.386E-25  3.845E-15
2.249E+02  6.490E-25  3.872E-15
2.228E+02  6.594E-25  3.898E-15
2.208E+02  6.698E-25  3.923E-15
2.188E+02  6.801E-25  3.947E-15
2.168E+02  6.905E-25  3.970E-15
2.148E+02  7.007E-25  3.992E-15
2.128E+02  7.110E-25  4.013E-15
2.109E+02  7.211E-25  4.033E-15
2.089E+02  7.312E-25  4.053E-15
2.070E+02  7.413E-25  4.070E-15
2.051E+02  7.512E-25  4.087E-15
2.032E+02  7.611E-25  4.103E-15
2.014E+02  7.709E-25  4.118E-15
1.995E+02  7.806E-25  4.131E-15
1.977E+02  7.901E-25  4.143E-15
1.959E+02  7.996E-25  4.155E-15
1.941E+02  8.089E-25  4.165E-15
1.923E+02  8.181E-25  4.173E-15
1.905E+02  8.272E-25  4.181E-15
1.888E+02  8.361E-25  4.187E-15
1.871E+02  8.450E-25  4.193E-15
1.854E+02  8.536E-25  4.197E-15
1.837E+02  8.621E-25  4.200E-15
1.820E+02  8.704E-25  4.201E-15
1.803E+02  8.786E-25  4.202E-15
1.786E+02  8.866E-25  4.202E-15
1.770E+02  8.945E-25  4.200E-15
1.754E+02  9.022E-25  4.197E-15
1.738E+02  9.097E-25  4.193E-15
1.722E+02  9.171E-25  4.189E-15
1.706E+02  9.243E-25  4.183E-15
1.690E+02  9.312E-25  4.176E-15
1.675E+02  9.381E-25  4.168E-15
1.660E+02  9.448E-25  4.159E-15
1.644E+02  9.513E-25  4.149E-15
1.629E+02  9.577E-25  4.139E-15
1.614E+02  9.639E-25  4.128E-15
1.600E+02  9.700E-25  4.116E-15
1.585E+02  9.758E-25  4.103E-15
1.570E+02  9.816E-25  4.089E-15
1.556E+02  9.873E-25  4.075E-15
1.542E+02  9.928E-25  4.060E-15
1.528E+02  9.981E-25  4.044E-15
1.514E+02  1.003E-24  4.028E-15
1.500E+02  1.008E-24  4.010E-15
1.486E+02  1.013E-24  3.992E-15
1.472E+02  1.017E-24  3.972E-15
1.459E+02  1.021E-24  3.949E-15
1.445E+02  1.023E-24  3.924E-15
1.432E+02  1.025E-24  3.895E-15
1.419E+02  1.026E-24  3.861E-15
1.406E+02  1.024E-24  3.821E-15
1.393E+02  1.021E-24  3.775E-15
1.380E+02  1.017E-24  3.722E-15
1.368E+02  1.010E-24  3.664E-15
1.355E+02  1.002E-24  3.602E-15
1.343E+02  9.929E-25  3.537E-15
1.330E+02  9.831E-25  3.470E-15
1.318E+02  9.730E-25  3.402E-15
1.306E+02  9.626E-25  3.335E-15
1.294E+02  9.521E-25  3.269E-15
1.282E+02  9.417E-25  3.203E-15
1.271E+02  9.312E-25  3.139E-15
1.259E+02  9.209E-25  3.075E-15
1.247E+02  9.107E-25  3.013E-15
1.236E+02  9.005E-25  2.952E-15
1.225E+02  8.904E-25  2.892E-15
1.213E+02  8.804E-25  2.834E-15
1.202E+02  8.703E-25  2.776E-15
1.191E+02  8.603E-25  2.718E-15
1.180E+02  8.502E-25  2.662E-15
1.169E+02  8.401E-25  2.606E-15
1.159E+02  8.298E-25  2.551E-15
1.148E+02  8.196E-25  2.496E-15
1.138E+02  8.093E-25  2.442E-15
1.127E+02  7.989E-25  2.389E-15
1.117E+02  7.886E-25  2.336E-15
1.107E+02  7.782E-25  2.284E-15
1.096E+02  7.676E-25  2.233E-15
1.086E+02  7.571E-25  2.182E-15
1.076E+02  7.464E-25  2.131E-15
1.067E+02  7.357E-25  2.081E-15
1.057E+02  7.248E-25  2.032E-15
1.047E+02  7.140E-25  1.983E-15
1.038E+02  7.030E-25  1.935E-15
1.028E+02  6.919E-25  1.887E-15
1.019E+02  6.808E-25  1.839E-15
1.009E+02  6.696E-25  1.793E-15
1.000E+02  6.584E-25  1.746E-15
9.908E+01  6.470E-25  1.700E-15
9.817E+01  6.356E-25  1.655E-15
9.727E+01  6.242E-25  1.611E-15
9.638E+01  6.128E-25  1.567E-15
9.550E+01  6.013E-25  1.523E-15
9.462E+01  5.898E-25  1.480E-15
9.376E+01  5.783E-25  1.438E-15
9.290E+01  5.668E-25  1.397E-15
9.204E+01  5.553E-25  1.356E-15
9.120E+01  5.438E-25  1.315E-15
9.036E+01  5.323E-25  1.276E-15
8.954E+01  5.209E-25  1.237E-15
8.872E+01  5.096E-25  1.199E-15
8.790E+01  4.983E-25  1.162E-15
8.710E+01  4.871E-25  1.125E-15
8.630E+01  4.760E-25  1.090E-15
8.551E+01  4.650E-25  1.055E-15
8.472E+01  4.539E-25  1.020E-15
8.395E+01  4.431E-25  9.868E-16
8.318E+01  4.324E-25  9.541E-16
8.241E+01  4.218E-25  9.222E-16
8.166E+01  4.114E-25  8.911E-16
8.091E+01  4.011E-25  8.608E-16
8.017E+01  3.909E-25  8.313E-16
7.943E+01  3.809E-25  8.026E-16
7.870E+01  3.710E-25  7.746E-16
7.798E+01  3.613E-25  7.474E-16
7.727E+01  3.518E-25  7.210E-16
7.656E+01  3.424E-25  6.953E-16
7.586E+01  3.331E-25  6.703E-16
7.516E+01  3.241E-25  6.462E-16
7.447E+01  3.152E-25  6.227E-16
7.379E+01  3.065E-25  5.999E-16
7.311E+01  2.980E-25  5.779E-16
7.244E+01  2.896E-25  5.565E-16
7.178E+01  2.815E-25  5.359E-16
7.112E+01  2.735E-25  5.161E-16
7.047E+01  2.658E-25  4.969E-16
6.982E+01  2.583E-25  4.784E-16
6.918E+01  2.510E-25  4.606E-16
6.855E+01  2.439E-25  4.435E-16
6.792E+01  2.370E-25  4.269E-16
6.730E+01  2.303E-25  4.111E-16
6.668E+01  2.238E-25  3.958E-16
6.607E+01  2.174E-25  3.811E-16
6.546E+01  2.113E-25  3.669E-16
6.486E+01  2.054E-25  3.534E-16
6.427E+01  1.997E-25  3.404E-16
6.368E+01  1.941E-25  3.279E-16
6.310E+01  1.888E-25  3.160E-16
6.252E+01  1.837E-25  3.046E-16
6.194E+01  1.787E-25  2.936E-16
6.138E+01  1.739E-25  2.832E-16
6.081E+01  1.694E-25  2.732E-16
6.026E+01  1.650E-25  2.637E-16
5.970E+01  1.607E-25  2.545E-16
5.916E+01  1.567E-25  2.458E-16
5.861E+01  1.527E-25  2.375E-16
5.808E+01  1.490E-25  2.295E-16
5.754E+01  1.454E-25  2.220E-16
5.702E+01  1.420E-25  2.148E-16
5.649E+01  1.388E-25  2.079E-16
5.598E+01  1.357E-25  2.014E-16
5.546E+01  1.327E-25  1.952E-16
5.495E+01  1.299E-25  1.893E-16
5.445E+01  1.272E-25  1.837E-16
5.395E+01  1.246E-25  1.783E-16
5.346E+01  1.222E-25  1.732E-16
5.297E+01  1.198E-25  1.684E-16
5.248E+01  1.176E-25  1.638E-16
5.200E+01  1.155E-25  1.593E-16
5.152E+01  1.135E-25  1.552E-16
5.105E+01  1.116E-25  1.512E-16
5.058E+01  1.098E-25  1.474E-16
5.012E+01  1.081E-25  1.438E-16
4.966E+01  1.065E-25  1.403E-16
4.920E+01  1.050E-25  1.371E-16
4.875E+01  1.036E-25  1.340E-16
4.831E+01  1.022E-25  1.310E-16
4.786E+01  1.009E-25  1.282E-16
4.742E+01  9.972E-26  1.254E-16
4.699E+01  9.856E-26  1.229E-16
4.656E+01  9.745E-26  1.203E-16
4.613E+01  9.640E-26  1.180E-16
4.571E+01  9.541E-26  1.157E-16
4.529E+01  9.445E-26  1.135E-16
4.487E+01  9.355E-26  1.114E-16
4.446E+01  9.268E-26  1.093E-16
4.406E+01  9.183E-26  1.073E-16
4.365E+01  9.103E-26  1.054E-16
4.325E+01  9.026E-26  1.036E-16
4.285E+01  8.950E-26  1.017E-16
4.246E+01  8.876E-26  9.998E-17
4.207E+01  8.804E-26  9.826E-17
4.169E+01  8.735E-26  9.659E-17
4.130E+01  8.667E-26  9.496E-17
4.093E+01  8.599E-26  9.335E-17
4.055E+01  8.532E-26  9.177E-17
4.018E+01  8.465E-26  9.022E-17
3.981E+01  8.399E-26  8.870E-17
3.945E+01  8.333E-26  8.719E-17
3.908E+01  8.266E-26  8.570E-17
3.873E+01  8.199E-26  8.422E-17
3.837E+01  8.130E-26  8.275E-17
3.802E+01  8.060E-26  8.129E-17
3.767E+01  7.989E-26  7.983E-17
3.733E+01  7.916E-26  7.837E-17
3.698E+01  7.843E-26  7.694E-17
3.664E+01  7.769E-26  7.551E-17
3.631E+01  7.693E-26  7.409E-17
3.597E+01  7.612E-26  7.264E-17
3.565E+01  7.533E-26  7.123E-17
3.532E+01  7.453E-26  6.982E-17
3.499E+01  7.370E-26  6.841E-17
3.467E+01  7.285E-26  6.700E-17
3.436E+01  7.201E-26  6.562E-17
3.404E+01  7.114E-26  6.424E-17
3.373E+01  7.027E-26  6.287E-17
3.342E+01  6.939E-26  6.152E-17
3.311E+01  6.852E-26  6.018E-17
3.281E+01  6.764E-26  5.887E-17
3.251E+01  6.674E-26  5.755E-17
3.221E+01  6.586E-26  5.627E-17
3.192E+01  6.497E-26  5.500E-17
3.162E+01  6.409E-26  5.376E-17
3.133E+01  6.322E-26  5.255E-17
3.105E+01  6.235E-26  5.135E-17
3.076E+01  6.150E-26  5.018E-17
3.048E+01  6.067E-26  4.905E-17
3.020E+01  5.985E-26  4.794E-17
2.992E+01  5.906E-26  4.688E-17
2.965E+01  5.827E-26  4.583E-17
2.938E+01  5.752E-26  4.482E-17
2.911E+01  5.679E-26  4.384E-17
2.884E+01  5.608E-26  4.290E-17
2.858E+01  5.539E-26  4.199E-17
2.831E+01  5.474E-26  4.111E-17
2.805E+01  5.412E-26  4.027E-17
2.780E+01  5.353E-26  3.947E-17
2.754E+01  5.296E-26  3.869E-17
2.729E+01  5.241E-26  3.794E-17
2.704E+01  5.191E-26  3.723E-17
2.679E+01  5.143E-26  3.655E-17
2.655E+01  5.098E-26  3.590E-17
2.630E+01  5.056E-26  3.527E-17
2.606E+01  5.015E-26  3.467E-17
2.582E+01  4.979E-26  3.410E-17
2.559E+01  4.946E-26  3.357E-17
2.535E+01  4.915E-26  3.305E-17
2.512E+01  4.887E-26  3.256E-17
2.489E+01  4.861E-26  3.209E-17
2.466E+01  4.838E-26  3.165E-17
2.443E+01  4.816E-26  3.122E-17
2.421E+01  4.798E-26  3.082E-17
2.399E+01  4.783E-26  3.043E-17
2.377E+01  4.768E-26  3.006E-17
2.355E+01  4.757E-26  2.971E-17
2.333E+01  4.748E-26  2.939E-17
2.312E+01  4.741E-26  2.908E-17
2.291E+01  4.735E-26  2.877E-17
2.270E+01  4.732E-26  2.849E-17
2.249E+01  4.733E-26  2.823E-17
2.228E+01  4.734E-26  2.799E-17
2.208E+01  4.738E-26  2.775E-17
2.188E+01  4.743E-26  2.752E-17
2.168E+01  4.749E-26  2.731E-17
2.148E+01  4.758E-26  2.711E-17
2.128E+01  4.768E-26  2.692E-17
2.109E+01  4.782E-26  2.674E-17
2.089E+01  4.796E-26  2.658E-17
2.070E+01  4.813E-26  2.643E-17
2.051E+01  4.832E-26  2.629E-17
2.032E+01  4.853E-26  2.616E-17
2.014E+01  4.879E-26  2.606E-17
1.995E+01  4.909E-26  2.598E-17
1.977E+01  4.945E-26  2.593E-17
1.959E+01  4.987E-26  2.591E-17
1.941E+01  5.050E-26  2.600E-17
1.923E+01  5.160E-26  2.632E-17
1.905E+01  5.413E-26  2.736E-17
1.888E+01  5.625E-26  2.817E-17
1.871E+01  5.393E-26  2.676E-17
1.854E+01  5.344E-26  2.627E-17
1.837E+01  5.402E-26  2.632E-17
1.820E+01  5.531E-26  2.670E-17
1.803E+01  5.784E-26  2.766E-17
1.786E+01  6.198E-26  2.937E-17
1.770E+01  6.292E-26  2.955E-17
1.754E+01  6.717E-26  3.125E-17
1.738E+01  7.683E-26  3.542E-17
1.722E+01  7.603E-26  3.472E-17
1.706E+01  7.679E-26  3.475E-17
1.690E+01  7.515E-26  3.370E-17
1.675E+01  7.211E-26  3.204E-17
1.660E+01  7.345E-26  3.233E-17
1.644E+01  8.514E-26  3.714E-17
1.629E+01  6.561E-26  2.836E-17
1.614E+01  5.771E-26  2.471E-17
1.600E+01  5.504E-26  2.335E-17
1.585E+01  5.338E-26  2.244E-17
1.570E+01  5.146E-26  2.144E-17
1.556E+01  5.027E-26  2.075E-17
1.542E+01  4.946E-26  2.023E-17
1.528E+01  4.887E-26  1.980E-17
1.514E+01  4.844E-26  1.945E-17
1.500E+01  4.816E-26  1.916E-17
1.486E+01  4.804E-26  1.893E-17
1.472E+01  4.816E-26  1.881E-17
1.459E+01  4.871E-26  1.885E-17
1.445E+01  5.014E-26  1.922E-17
1.432E+01  5.350E-26  2.032E-17
1.419E+01  5.735E-26  2.159E-17
1.406E+01  5.537E-26  2.065E-17
1.393E+01  5.457E-26  2.016E-17
1.380E+01  5.715E-26  2.093E-17
1.368E+01  6.296E-26  2.284E-17
1.355E+01  7.034E-26  2.528E-17
1.343E+01  7.241E-26  2.579E-17
1.330E+01  6.862E-26  2.422E-17
1.318E+01  6.687E-26  2.338E-17
1.306E+01  7.033E-26  2.437E-17
1.294E+01  8.029E-26  2.756E-17
1.282E+01  9.854E-26  3.352E-17
1.271E+01  1.217E-25  4.101E-17
1.259E+01  1.294E-25  4.323E-17
1.247E+01  1.134E-25  3.751E-17
1.236E+01  9.670E-26  3.170E-17
1.225E+01  9.109E-26  2.959E-17
1.213E+01  9.545E-26  3.072E-17
1.202E+01  1.017E-25  3.244E-17
1.191E+01  9.811E-26  3.100E-17
1.180E+01  8.898E-26  2.786E-17
1.169E+01  8.664E-26  2.688E-17
1.159E+01  9.813E-26  3.016E-17
1.148E+01  1.323E-25  4.029E-17
1.138E+01  1.896E-25  5.721E-17
1.127E+01  2.522E-25  7.540E-17
1.117E+01  1.780E-25  5.273E-17
1.107E+01  9.168E-26  2.691E-17
1.096E+01  6.300E-26  1.832E-17
1.086E+01  4.978E-26  1.435E-17
1.076E+01  4.280E-26  1.222E-17
1.067E+01  3.867E-26  1.094E-17
1.057E+01  3.509E-26  9.836E-18
1.047E+01  3.270E-26  9.084E-18
1.038E+01  3.111E-26  8.561E-18
1.028E+01  2.998E-26  8.176E-18
1.019E+01  2.917E-26  7.883E-18
1.009E+01  2.862E-26  7.661E-18
1.000E+01  2.827E-26  7.498E-18
9.908E+00  2.811E-26  7.387E-18
9.817E+00  2.812E-26  7.323E-18
9.727E+00  2.831E-26  7.305E-18
9.638E+00  2.869E-26  7.334E-18
9.550E+00  2.927E-26  7.413E-18
9.462E+00  3.008E-26  7.550E-18
9.376E+00  3.119E-26  7.756E-18
9.290E+00  3.268E-26  8.052E-18
9.204E+00  3.471E-26  8.474E-18
9.120E+00  3.752E-26  9.077E-18
9.036E+00  4.157E-26  9.963E-18
8.954E+00  4.762E-26  1.131E-17
8.872E+00  5.717E-26  1.345E-17
8.790E+00  7.277E-26  1.697E-17
8.710E+00  9.655E-26  2.231E-17
8.630E+00  1.188E-25  2.719E-17
8.551E+00  1.161E-25  2.634E-17
8.472E+00  1.009E-25  2.267E-17
8.395E+00  9.313E-26  2.074E-17
8.318E+00  9.272E-26  2.046E-17
8.241E+00  9.684E-26  2.117E-17
8.166E+00  1.071E-25  2.320E-17
8.091E+00  1.266E-25  2.717E-17
8.017E+00  1.576E-25  3.350E-17
7.943E+00  1.980E-25  4.173E-17
7.870E+00  2.335E-25  4.874E-17
7.798E+00  2.461E-25  5.091E-17
7.727E+00  2.476E-25  5.075E-17
7.656E+00  2.554E-25  5.186E-17
7.586E+00  2.486E-25  5.002E-17
7.516E+00  2.091E-25  4.169E-17
7.447E+00  1.648E-25  3.255E-17
7.379E+00  1.322E-25  2.587E-17
7.311E+00  1.096E-25  2.126E-17
7.244E+00  9.314E-26  1.790E-17
7.178E+00  8.056E-26  1.534E-17
7.112E+00  7.090E-26  1.338E-17
7.047E+00  6.375E-26  1.192E-17
6.982E+00  5.889E-26  1.091E-17
6.918E+00  5.622E-26  1.032E-17
6.855E+00  5.555E-26  1.010E-17
6.792E+00  5.629E-26  1.014E-17
6.730E+00  5.706E-26  1.019E-17
6.668E+00  5.625E-26  9.949E-18
6.607E+00  5.384E-26  9.436E-18
6.546E+00  5.188E-26  9.009E-18
6.486E+00  5.291E-26  9.103E-18
6.427E+00  5.984E-26  1.020E-17
6.368E+00  7.808E-26  1.319E-17
6.310E+00  1.190E-25  1.991E-17
6.252E+00  1.851E-25  3.070E-17
6.194E+00  1.874E-25  3.080E-17
6.138E+00  1.167E-25  1.900E-17
6.081E+00  6.946E-26  1.120E-17
6.026E+00  4.622E-26  7.388E-18
5.970E+00  3.444E-26  5.453E-18
5.916E+00  2.829E-26  4.439E-18
5.861E+00  2.556E-26  3.974E-18
5.808E+00  2.577E-26  3.971E-18
5.754E+00  2.893E-26  4.416E-18
5.702E+00  3.116E-26  4.713E-18
5.649E+00  2.625E-26  3.934E-18
5.598E+00  1.996E-26  2.963E-18
5.546E+00  1.608E-26  2.366E-18
5.495E+00  1.403E-26  2.045E-18
5.445E+00  1.314E-26  1.897E-18
5.395E+00  1.328E-26  1.901E-18
5.346E+00  1.473E-26  2.088E-18
5.297E+00  1.712E-26  2.405E-18
5.248E+00  1.673E-26  2.328E-18
5.200E+00  1.325E-26  1.828E-18
5.152E+00  1.055E-26  1.442E-18
5.105E+00  8.980E-27  1.216E-18
5.058E+00  8.037E-27  1.078E-18
5.012E+00  7.415E-27  9.858E-19
4.966E+00  6.969E-27  9.180E-19
4.920E+00  6.628E-27  8.651E-19
4.875E+00  6.355E-27  8.218E-19
4.831E+00  6.129E-27  7.853E-19
4.786E+00  5.936E-27  7.537E-19
4.742E+00  5.770E-27  7.258E-19
4.699E+00  5.624E-27  7.010E-19
4.656E+00  5.494E-27  6.785E-19
4.613E+00  5.378E-27  6.581E-19
4.571E+00  5.273E-27  6.393E-19
4.529E+00  5.178E-27  6.220E-19
4.487E+00  5.091E-27  6.060E-19
4.446E+00  5.012E-27  5.911E-19
4.406E+00  4.939E-27  5.772E-19
4.365E+00  4.873E-27  5.642E-19
4.325E+00  4.812E-27  5.521E-19
4.285E+00  4.756E-27  5.407E-19
4.246E+00  4.705E-27  5.299E-19
4.207E+00  4.658E-27  5.199E-19
4.169E+00  4.616E-27  5.104E-19
4.130E+00  4.578E-27  5.016E-19
4.093E+00  4.544E-27  4.933E-19
4.055E+00  4.514E-27  4.856E-19
4.018E+00  4.489E-27  4.785E-19
3.981E+00  4.469E-27  4.719E-19
3.945E+00  4.454E-27  4.660E-19
3.908E+00  4.445E-27  4.608E-19
3.873E+00  4.442E-27  4.563E-19
3.837E+00  4.447E-27  4.527E-19
3.802E+00  4.463E-27  4.500E-19
3.767E+00  4.489E-27  4.486E-19
3.733E+00  4.531E-27  4.486E-19
3.698E+00  4.592E-27  4.504E-19
3.664E+00  4.678E-27  4.547E-19
3.631E+00  4.800E-27  4.623E-19
3.597E+00  4.972E-27  4.745E-19
3.565E+00  5.220E-27  4.935E-19
3.532E+00  5.583E-27  5.231E-19
3.499E+00  6.139E-27  5.699E-19
3.467E+00  7.038E-27  6.473E-19
3.436E+00  8.612E-27  7.848E-19
3.404E+00  1.172E-26  1.058E-18
3.373E+00  1.914E-26  1.713E-18
3.342E+00  4.374E-26  3.877E-18
3.311E+00  1.657E-25  1.456E-17
3.281E+00  1.132E-25  9.847E-18
3.251E+00  3.226E-26  2.782E-18
3.221E+00  1.536E-26  1.312E-18
3.192E+00  9.766E-27  8.267E-19
3.162E+00  7.295E-27  6.120E-19
3.133E+00  5.996E-27  4.983E-19
3.105E+00  5.227E-27  4.304E-19
3.076E+00  4.733E-27  3.862E-19
3.048E+00  4.394E-27  3.553E-19
3.020E+00  4.150E-27  3.324E-19
2.992E+00  3.966E-27  3.148E-19
2.965E+00  3.823E-27  3.006E-19
2.938E+00  3.708E-27  2.889E-19
2.911E+00  3.613E-27  2.789E-19
2.884E+00  3.532E-27  2.702E-19
2.858E+00  3.463E-27  2.625E-19
2.831E+00  3.402E-27  2.555E-19
2.805E+00  3.348E-27  2.491E-19
2.780E+00  3.298E-27  2.432E-19
2.754E+00  3.253E-27  2.377E-19
2.729E+00  3.211E-27  2.324E-19
2.704E+00  3.171E-27  2.275E-19
2.679E+00  3.134E-27  2.227E-19
2.655E+00  3.098E-27  2.182E-19
2.630E+00  3.064E-27  2.138E-19
2.606E+00  3.031E-27  2.095E-19
2.582E+00  2.999E-27  2.054E-19
2.559E+00  2.967E-27  2.014E-19
2.535E+00  2.937E-27  1.975E-19
2.512E+00  2.906E-27  1.936E-19
2.489E+00  2.876E-27  1.899E-19
2.466E+00  2.847E-27  1.862E-19
2.443E+00  2.817E-27  1.826E-19
2.421E+00  2.787E-27  1.790E-19
2.399E+00  2.758E-27  1.755E-19
2.377E+00  2.730E-27  1.721E-19
2.355E+00  2.701E-27  1.688E-19
2.333E+00  2.673E-27  1.655E-19
2.312E+00  2.645E-27  1.622E-19
2.291E+00  2.616E-27  1.590E-19
2.270E+00  2.588E-27  1.558E-19
2.249E+00  2.560E-27  1.527E-19
2.228E+00  2.531E-27  1.496E-19
2.208E+00  2.501E-27  1.465E-19
2.188E+00  2.471E-27  1.434E-19
2.168E+00  2.441E-27  1.403E-19
2.148E+00  2.409E-27  1.372E-19
2.128E+00  2.376E-27  1.341E-19
2.109E+00  2.341E-27  1.309E-19
2.089E+00  2.304E-27  1.277E-19
2.070E+00  2.264E-27  1.243E-19
2.051E+00  2.220E-27  1.208E-19
2.032E+00  2.172E-27  1.171E-19
2.014E+00  2.118E-27  1.131E-19
1.995E+00  2.058E-27  1.089E-19
1.977E+00  1.990E-27  1.044E-19
1.959E+00  1.919E-27  9.970E-20
1.941E+00  1.849E-27  9.522E-20
1.923E+00  1.795E-27  9.156E-20
1.905E+00  1.769E-27  8.939E-20
1.888E+00  1.775E-27  8.890E-20
1.871E+00  1.805E-27  8.955E-20
1.854E+00  1.842E-27  9.055E-20
1.837E+00  1.875E-27  9.133E-20
1.820E+00  1.899E-27  9.165E-20
1.803E+00  1.913E-27  9.150E-20
1.786E+00  1.920E-27  9.098E-20
1.770E+00  1.920E-27  9.017E-20
1.754E+00  1.916E-27  8.915E-20
1.738E+00  1.909E-27  8.800E-20
1.722E+00  1.899E-27  8.675E-20
1.706E+00  1.888E-27  8.544E-20
1.690E+00  1.876E-27  8.411E-20
1.675E+00  1.863E-27  8.275E-20
1.660E+00  1.849E-27  8.140E-20
1.644E+00  1.836E-27  8.007E-20
1.629E+00  1.822E-27  7.874E-20
1.614E+00  1.809E-27  7.746E-20
1.600E+00  1.796E-27  7.621E-20
1.585E+00  1.784E-27  7.501E-20
1.570E+00  1.773E-27  7.387E-20
1.556E+00  1.764E-27  7.279E-20
1.542E+00  1.755E-27  7.178E-20
1.528E+00  1.749E-27  7.086E-20
1.514E+00  1.744E-27  7.002E-20
1.500E+00  1.742E-27  6.929E-20
1.486E+00  1.742E-27  6.867E-20
1.472E+00  1.746E-27  6.818E-20
1.459E+00  1.753E-27  6.784E-20
1.445E+00  1.765E-27  6.768E-20
1.432E+00  1.783E-27  6.772E-20
1.419E+00  1.806E-27  6.799E-20
1.406E+00  1.838E-27  6.854E-20
1.393E+00  1.879E-27  6.942E-20
1.380E+00  1.930E-27  7.068E-20
1.368E+00  1.995E-27  7.239E-20
1.355E+00  2.076E-27  7.462E-20
1.343E+00  2.174E-27  7.742E-20
1.330E+00  2.290E-27  8.081E-20
1.318E+00  2.422E-27  8.470E-20
1.306E+00  2.563E-27  8.880E-20
1.294E+00  2.696E-27  9.254E-20
1.282E+00  2.793E-27  9.500E-20
1.271E+00  2.822E-27  9.510E-20
1.259E+00  2.759E-27  9.214E-20
1.247E+00  2.607E-27  8.626E-20
1.236E+00  2.394E-27  7.849E-20
1.225E+00  2.161E-27  7.020E-20
1.213E+00  1.940E-27  6.245E-20
1.202E+00  1.750E-27  5.581E-20
1.191E+00  1.595E-27  5.041E-20
1.180E+00  1.476E-27  4.620E-20
1.169E+00  1.387E-27  4.304E-20
1.159E+00  1.327E-27  4.080E-20
1.148E+00  1.293E-27  3.938E-20
1.138E+00  1.285E-27  3.878E-20
1.127E+00  1.305E-27  3.902E-20
1.117E+00  1.359E-27  4.027E-20
1.107E+00  1.459E-27  4.282E-20
1.096E+00  1.620E-27  4.713E-20
1.086E+00  1.870E-27  5.389E-20
1.076E+00  2.233E-27  6.376E-20
1.067E+00  2.688E-27  7.605E-20
1.057E+00  3.052E-27  8.556E-20
1.047E+00  2.991E-27  8.308E-20
1.038E+00  2.477E-27  6.816E-20
1.028E+00  1.870E-27  5.099E-20
1.019E+00  1.399E-27  3.781E-20
1.009E+00  1.081E-27  2.894E-20
1.000E+00  8.699E-28  2.308E-20
