Dust emission from Draine & Li (2007): ApJ 657, 810-837
================================================================
         4 = grain model
 4.000E-08 4.000E-01 2.250E-05 = a_01 (cm) , sigma_1 , b_C1/0.92
 2.500E-07 4.000E-01 7.500E-06 = a_02 (cm) , sigma_2 , b_C2/0.92
 3.000E-01 1.000E+05 2.000E+00 = Umin , Umax, beta (dN/dU propto U^{-beta})
 3.815E+00 = <U> 
     mmp83 = radfield
 1.699E-23 = power/H (erg s-1)
 band   nu*P_nu(band) j_nu(band)
 (um)   (erg s-1 H-1)(Jy cm2 sr-1 H-1)
1.270E+00  3.539E-26  1.192E-18 COBE-DIRBE
2.220E+00  4.496E-26  2.648E-18 COBE-DIRBE
3.530E+00  3.027E-25  2.835E-17 COBE-DIRBE
4.880E+00  1.441E-25  1.866E-17 COBE-DIRBE
1.229E+01  1.740E-24  5.673E-16 COBE-DIRBE
2.079E+01  3.210E-24  1.770E-15 COBE-DIRBE
5.599E+01  7.478E-24  1.111E-14 COBE-DIRBE
9.770E+01  5.496E-24  1.424E-14 COBE-DIRBE
1.479E+02  3.715E-24  1.457E-14 COBE-DIRBE
2.479E+02  1.264E-24  8.310E-15 COBE-DIRBE
1.200E+01  1.733E-24  5.517E-16 IRAS
2.500E+01  4.186E-24  2.776E-15 IRAS
6.000E+01  7.296E-24  1.161E-14 IRAS
1.000E+02  5.399E-24  1.432E-14 IRAS
3.550E+00  3.523E-25  3.317E-17 SST-IRAC
4.493E+00  9.948E-26  1.186E-17 SST-IRAC
5.731E+00  8.959E-25  1.362E-16 SST-IRAC
7.872E+00  2.297E-24  4.797E-16 SST-IRAC
2.368E+01  3.882E-24  2.438E-15 SST-MIPS
7.142E+01  6.012E-24  1.139E-14 SST-MIPS
1.559E+02  3.260E-24  1.348E-14 SST-MIPS
1.600E+01  1.894E-24  8.040E-16 SST-IRSPU
2.200E+01  3.728E-24  2.175E-15 SST-IRSPU











lambda    nu*dP/dnu     j_nu
 (um)   (erg s-1 H-1)(Jy cm2 sr-1 H-1)
1.000E+04  5.308E-31  1.408E-19
9.908E+03  5.502E-31  1.446E-19
9.817E+03  5.703E-31  1.485E-19
9.727E+03  5.911E-31  1.525E-19
9.638E+03  6.127E-31  1.566E-19
9.550E+03  6.351E-31  1.609E-19
9.462E+03  6.583E-31  1.652E-19
9.376E+03  6.823E-31  1.697E-19
9.290E+03  7.072E-31  1.743E-19
9.204E+03  7.331E-31  1.790E-19
9.120E+03  7.598E-31  1.838E-19
9.036E+03  7.876E-31  1.888E-19
8.954E+03  8.163E-31  1.939E-19
8.872E+03  8.459E-31  1.991E-19
8.790E+03  8.767E-31  2.044E-19
8.710E+03  9.086E-31  2.099E-19
8.630E+03  9.416E-31  2.156E-19
8.551E+03  9.759E-31  2.214E-19
8.472E+03  1.011E-30  2.273E-19
8.395E+03  1.048E-30  2.334E-19
8.318E+03  1.087E-30  2.397E-19
8.241E+03  1.126E-30  2.462E-19
8.166E+03  1.167E-30  2.529E-19
8.091E+03  1.210E-30  2.597E-19
8.017E+03  1.254E-30  2.667E-19
7.943E+03  1.300E-30  2.740E-19
7.870E+03  1.348E-30  2.814E-19
7.798E+03  1.397E-30  2.890E-19
7.727E+03  1.448E-30  2.969E-19
7.656E+03  1.502E-30  3.049E-19
7.586E+03  1.557E-30  3.132E-19
7.516E+03  1.614E-30  3.217E-19
7.447E+03  1.673E-30  3.305E-19
7.379E+03  1.735E-30  3.395E-19
7.311E+03  1.798E-30  3.488E-19
7.244E+03  1.864E-30  3.583E-19
7.178E+03  1.933E-30  3.681E-19
7.112E+03  2.004E-30  3.781E-19
7.047E+03  2.078E-30  3.885E-19
6.982E+03  2.155E-30  3.991E-19
6.918E+03  2.234E-30  4.100E-19
6.855E+03  2.316E-30  4.212E-19
6.792E+03  2.402E-30  4.327E-19
6.730E+03  2.491E-30  4.446E-19
6.668E+03  2.582E-30  4.568E-19
6.607E+03  2.678E-30  4.693E-19
6.546E+03  2.777E-30  4.822E-19
6.486E+03  2.880E-30  4.954E-19
6.427E+03  2.986E-30  5.091E-19
6.368E+03  3.097E-30  5.231E-19
6.310E+03  3.211E-30  5.375E-19
6.252E+03  3.331E-30  5.523E-19
6.194E+03  3.454E-30  5.676E-19
6.138E+03  3.582E-30  5.832E-19
6.081E+03  3.715E-30  5.993E-19
6.026E+03  3.854E-30  6.159E-19
5.970E+03  3.997E-30  6.330E-19
5.916E+03  4.146E-30  6.505E-19
5.861E+03  4.300E-30  6.685E-19
5.808E+03  4.460E-30  6.871E-19
5.754E+03  4.626E-30  7.062E-19
5.702E+03  4.799E-30  7.258E-19
5.649E+03  4.978E-30  7.460E-19
5.598E+03  5.164E-30  7.667E-19
5.546E+03  5.357E-30  7.881E-19
5.495E+03  5.557E-30  8.100E-19
5.445E+03  5.765E-30  8.326E-19
5.395E+03  5.981E-30  8.559E-19
5.346E+03  6.204E-30  8.798E-19
5.297E+03  6.437E-30  9.044E-19
5.248E+03  6.678E-30  9.297E-19
5.200E+03  6.929E-30  9.557E-19
5.152E+03  7.189E-30  9.824E-19
5.105E+03  7.458E-30  1.010E-18
5.058E+03  7.739E-30  1.038E-18
5.012E+03  8.029E-30  1.067E-18
4.966E+03  8.331E-30  1.097E-18
4.920E+03  8.644E-30  1.128E-18
4.875E+03  8.969E-30  1.160E-18
4.831E+03  9.307E-30  1.193E-18
4.786E+03  9.657E-30  1.226E-18
4.742E+03  1.002E-29  1.261E-18
4.699E+03  1.040E-29  1.296E-18
4.656E+03  1.079E-29  1.333E-18
4.613E+03  1.120E-29  1.370E-18
4.571E+03  1.162E-29  1.409E-18
4.529E+03  1.206E-29  1.449E-18
4.487E+03  1.252E-29  1.490E-18
4.446E+03  1.299E-29  1.532E-18
4.406E+03  1.348E-29  1.576E-18
4.365E+03  1.399E-29  1.620E-18
4.325E+03  1.452E-29  1.666E-18
4.285E+03  1.507E-29  1.714E-18
4.246E+03  1.565E-29  1.762E-18
4.207E+03  1.624E-29  1.813E-18
4.169E+03  1.686E-29  1.864E-18
4.130E+03  1.750E-29  1.917E-18
4.093E+03  1.816E-29  1.972E-18
4.055E+03  1.886E-29  2.028E-18
4.018E+03  1.957E-29  2.086E-18
3.981E+03  2.032E-29  2.146E-18
3.945E+03  2.109E-29  2.207E-18
3.908E+03  2.190E-29  2.270E-18
3.873E+03  2.273E-29  2.335E-18
3.837E+03  2.360E-29  2.402E-18
3.802E+03  2.450E-29  2.471E-18
3.767E+03  2.543E-29  2.541E-18
3.733E+03  2.640E-29  2.614E-18
3.698E+03  2.741E-29  2.689E-18
3.664E+03  2.846E-29  2.767E-18
3.631E+03  2.955E-29  2.846E-18
3.597E+03  3.069E-29  2.928E-18
3.565E+03  3.186E-29  3.013E-18
3.532E+03  3.308E-29  3.100E-18
3.499E+03  3.435E-29  3.189E-18
3.467E+03  3.567E-29  3.281E-18
3.436E+03  3.705E-29  3.376E-18
3.404E+03  3.847E-29  3.474E-18
3.373E+03  3.995E-29  3.574E-18
3.342E+03  4.149E-29  3.678E-18
3.311E+03  4.309E-29  3.785E-18
3.281E+03  4.475E-29  3.895E-18
3.251E+03  4.648E-29  4.008E-18
3.221E+03  4.827E-29  4.124E-18
3.192E+03  5.013E-29  4.244E-18
3.162E+03  5.207E-29  4.368E-18
3.133E+03  5.409E-29  4.495E-18
3.105E+03  5.618E-29  4.626E-18
3.076E+03  5.835E-29  4.761E-18
3.048E+03  6.061E-29  4.900E-18
3.020E+03  6.296E-29  5.044E-18
2.992E+03  6.540E-29  5.191E-18
2.965E+03  6.793E-29  5.342E-18
2.938E+03  7.056E-29  5.498E-18
2.911E+03  7.329E-29  5.659E-18
2.884E+03  7.613E-29  5.824E-18
2.858E+03  7.908E-29  5.994E-18
2.831E+03  8.215E-29  6.170E-18
2.805E+03  8.533E-29  6.350E-18
2.780E+03  8.865E-29  6.536E-18
2.754E+03  9.209E-29  6.728E-18
2.729E+03  9.567E-29  6.926E-18
2.704E+03  9.940E-29  7.129E-18
2.679E+03  1.033E-28  7.339E-18
2.655E+03  1.073E-28  7.555E-18
2.630E+03  1.115E-28  7.777E-18
2.606E+03  1.158E-28  8.006E-18
2.582E+03  1.203E-28  8.242E-18
2.559E+03  1.250E-28  8.485E-18
2.535E+03  1.299E-28  8.736E-18
2.512E+03  1.350E-28  8.994E-18
2.489E+03  1.403E-28  9.260E-18
2.466E+03  1.457E-28  9.534E-18
2.443E+03  1.515E-28  9.816E-18
2.421E+03  1.574E-28  1.011E-17
2.399E+03  1.635E-28  1.041E-17
2.377E+03  1.700E-28  1.071E-17
2.355E+03  1.766E-28  1.103E-17
2.333E+03  1.835E-28  1.136E-17
2.312E+03  1.907E-28  1.170E-17
2.291E+03  1.982E-28  1.205E-17
2.270E+03  2.060E-28  1.240E-17
2.249E+03  2.141E-28  1.277E-17
2.228E+03  2.225E-28  1.315E-17
2.208E+03  2.313E-28  1.354E-17
2.188E+03  2.403E-28  1.395E-17
2.168E+03  2.498E-28  1.436E-17
2.148E+03  2.596E-28  1.479E-17
2.128E+03  2.698E-28  1.523E-17
2.109E+03  2.805E-28  1.569E-17
2.089E+03  2.915E-28  1.616E-17
2.070E+03  3.030E-28  1.664E-17
2.051E+03  3.149E-28  1.713E-17
2.032E+03  3.273E-28  1.765E-17
2.014E+03  3.402E-28  1.817E-17
1.995E+03  3.536E-28  1.872E-17
1.977E+03  3.676E-28  1.928E-17
1.959E+03  3.821E-28  1.985E-17
1.941E+03  3.971E-28  2.045E-17
1.923E+03  4.128E-28  2.106E-17
1.905E+03  4.291E-28  2.169E-17
1.888E+03  4.460E-28  2.234E-17
1.871E+03  4.636E-28  2.300E-17
1.854E+03  4.819E-28  2.369E-17
1.837E+03  5.009E-28  2.440E-17
1.820E+03  5.207E-28  2.513E-17
1.803E+03  5.413E-28  2.589E-17
1.786E+03  5.627E-28  2.666E-17
1.770E+03  5.849E-28  2.746E-17
1.754E+03  6.080E-28  2.829E-17
1.738E+03  6.320E-28  2.913E-17
1.722E+03  6.570E-28  3.001E-17
1.706E+03  6.829E-28  3.091E-17
1.690E+03  7.099E-28  3.183E-17
1.675E+03  7.380E-28  3.279E-17
1.660E+03  7.672E-28  3.377E-17
1.644E+03  7.975E-28  3.478E-17
1.629E+03  8.290E-28  3.583E-17
1.614E+03  8.618E-28  3.690E-17
1.600E+03  8.958E-28  3.801E-17
1.585E+03  9.312E-28  3.915E-17
1.570E+03  9.680E-28  4.032E-17
1.556E+03  1.006E-27  4.153E-17
1.542E+03  1.046E-27  4.277E-17
1.528E+03  1.087E-27  4.406E-17
1.514E+03  1.130E-27  4.538E-17
1.500E+03  1.175E-27  4.674E-17
1.486E+03  1.221E-27  4.814E-17
1.472E+03  1.269E-27  4.958E-17
1.459E+03  1.320E-27  5.107E-17
1.445E+03  1.372E-27  5.260E-17
1.432E+03  1.426E-27  5.417E-17
1.419E+03  1.482E-27  5.579E-17
1.406E+03  1.541E-27  5.747E-17
1.393E+03  1.602E-27  5.919E-17
1.380E+03  1.665E-27  6.096E-17
1.368E+03  1.730E-27  6.278E-17
1.355E+03  1.799E-27  6.466E-17
1.343E+03  1.870E-27  6.659E-17
1.330E+03  1.943E-27  6.858E-17
1.318E+03  2.020E-27  7.063E-17
1.306E+03  2.100E-27  7.274E-17
1.294E+03  2.182E-27  7.491E-17
1.282E+03  2.268E-27  7.715E-17
1.271E+03  2.357E-27  7.945E-17
1.259E+03  2.450E-27  8.182E-17
1.247E+03  2.546E-27  8.426E-17
1.236E+03  2.647E-27  8.677E-17
1.225E+03  2.750E-27  8.935E-17
1.213E+03  2.858E-27  9.200E-17
1.202E+03  2.971E-27  9.474E-17
1.191E+03  3.087E-27  9.755E-17
1.180E+03  3.208E-27  1.004E-16
1.169E+03  3.334E-27  1.034E-16
1.159E+03  3.464E-27  1.065E-16
1.148E+03  3.600E-27  1.096E-16
1.138E+03  3.741E-27  1.129E-16
1.127E+03  3.887E-27  1.162E-16
1.117E+03  4.039E-27  1.197E-16
1.107E+03  4.197E-27  1.232E-16
1.096E+03  4.361E-27  1.268E-16
1.086E+03  4.531E-27  1.306E-16
1.076E+03  4.707E-27  1.344E-16
1.067E+03  4.890E-27  1.384E-16
1.057E+03  5.081E-27  1.424E-16
1.047E+03  5.278E-27  1.466E-16
1.038E+03  5.483E-27  1.509E-16
1.028E+03  5.696E-27  1.553E-16
1.019E+03  5.917E-27  1.599E-16
1.009E+03  6.146E-27  1.645E-16
1.000E+03  6.384E-27  1.693E-16
9.908E+02  6.631E-27  1.743E-16
9.817E+02  6.888E-27  1.794E-16
9.727E+02  7.155E-27  1.846E-16
9.638E+02  7.431E-27  1.900E-16
9.550E+02  7.718E-27  1.955E-16
9.462E+02  8.016E-27  2.012E-16
9.376E+02  8.325E-27  2.070E-16
9.290E+02  8.645E-27  2.130E-16
9.204E+02  8.978E-27  2.192E-16
9.120E+02  9.323E-27  2.255E-16
9.036E+02  9.680E-27  2.320E-16
8.954E+02  1.005E-26  2.387E-16
8.872E+02  1.044E-26  2.456E-16
8.790E+02  1.083E-26  2.526E-16
8.710E+02  1.125E-26  2.599E-16
8.630E+02  1.168E-26  2.673E-16
8.551E+02  1.212E-26  2.749E-16
8.472E+02  1.258E-26  2.828E-16
8.395E+02  1.306E-26  2.908E-16
8.318E+02  1.356E-26  2.991E-16
8.241E+02  1.407E-26  3.076E-16
8.166E+02  1.460E-26  3.163E-16
8.091E+02  1.515E-26  3.252E-16
8.017E+02  1.573E-26  3.344E-16
7.943E+02  1.632E-26  3.438E-16
7.870E+02  1.693E-26  3.535E-16
7.798E+02  1.757E-26  3.634E-16
7.727E+02  1.823E-26  3.736E-16
7.656E+02  1.891E-26  3.840E-16
7.586E+02  1.962E-26  3.947E-16
7.516E+02  2.035E-26  4.057E-16
7.447E+02  2.111E-26  4.170E-16
7.379E+02  2.190E-26  4.286E-16
7.311E+02  2.272E-26  4.406E-16
7.244E+02  2.356E-26  4.528E-16
7.178E+02  2.444E-26  4.654E-16
7.112E+02  2.535E-26  4.783E-16
7.047E+02  2.630E-26  4.915E-16
6.982E+02  2.727E-26  5.051E-16
6.918E+02  2.828E-26  5.191E-16
6.855E+02  2.933E-26  5.334E-16
6.792E+02  3.042E-26  5.481E-16
6.730E+02  3.154E-26  5.631E-16
6.668E+02  3.271E-26  5.785E-16
6.607E+02  3.391E-26  5.943E-16
6.546E+02  3.516E-26  6.106E-16
6.486E+02  3.646E-26  6.273E-16
6.427E+02  3.780E-26  6.445E-16
6.368E+02  3.920E-26  6.621E-16
6.310E+02  4.064E-26  6.802E-16
6.252E+02  4.214E-26  6.987E-16
6.194E+02  4.368E-26  7.178E-16
6.138E+02  4.529E-26  7.373E-16
6.081E+02  4.695E-26  7.573E-16
6.026E+02  4.867E-26  7.779E-16
5.970E+02  5.045E-26  7.990E-16
5.916E+02  5.229E-26  8.206E-16
5.861E+02  5.420E-26  8.427E-16
5.808E+02  5.618E-26  8.655E-16
5.754E+02  5.823E-26  8.888E-16
5.702E+02  6.035E-26  9.127E-16
5.649E+02  6.254E-26  9.372E-16
5.598E+02  6.481E-26  9.623E-16
5.546E+02  6.716E-26  9.881E-16
5.495E+02  6.960E-26  1.015E-15
5.445E+02  7.212E-26  1.042E-15
5.395E+02  7.472E-26  1.069E-15
5.346E+02  7.742E-26  1.098E-15
5.297E+02  8.021E-26  1.127E-15
5.248E+02  8.310E-26  1.157E-15
5.200E+02  8.609E-26  1.187E-15
5.152E+02  8.918E-26  1.219E-15
5.105E+02  9.238E-26  1.251E-15
5.058E+02  9.569E-26  1.284E-15
5.012E+02  9.911E-26  1.318E-15
4.966E+02  1.026E-25  1.352E-15
4.920E+02  1.063E-25  1.387E-15
4.875E+02  1.101E-25  1.424E-15
4.831E+02  1.140E-25  1.461E-15
4.786E+02  1.180E-25  1.499E-15
4.742E+02  1.222E-25  1.538E-15
4.699E+02  1.265E-25  1.577E-15
4.656E+02  1.310E-25  1.618E-15
4.613E+02  1.356E-25  1.660E-15
4.571E+02  1.404E-25  1.702E-15
4.529E+02  1.453E-25  1.746E-15
4.487E+02  1.504E-25  1.790E-15
4.446E+02  1.557E-25  1.836E-15
4.406E+02  1.611E-25  1.883E-15
4.365E+02  1.667E-25  1.930E-15
4.325E+02  1.725E-25  1.979E-15
4.285E+02  1.785E-25  2.029E-15
4.246E+02  1.846E-25  2.080E-15
4.207E+02  1.910E-25  2.132E-15
4.169E+02  1.976E-25  2.185E-15
4.130E+02  2.044E-25  2.239E-15
4.093E+02  2.114E-25  2.295E-15
4.055E+02  2.186E-25  2.352E-15
4.018E+02  2.261E-25  2.410E-15
3.981E+02  2.338E-25  2.469E-15
3.945E+02  2.418E-25  2.530E-15
3.908E+02  2.500E-25  2.592E-15
3.873E+02  2.584E-25  2.655E-15
3.837E+02  2.672E-25  2.719E-15
3.802E+02  2.762E-25  2.785E-15
3.767E+02  2.854E-25  2.852E-15
3.733E+02  2.950E-25  2.921E-15
3.698E+02  3.049E-25  2.991E-15
3.664E+02  3.150E-25  3.062E-15
3.631E+02  3.255E-25  3.135E-15
3.597E+02  3.363E-25  3.209E-15
3.565E+02  3.474E-25  3.285E-15
3.532E+02  3.589E-25  3.362E-15
3.499E+02  3.707E-25  3.441E-15
3.467E+02  3.828E-25  3.521E-15
3.436E+02  3.953E-25  3.602E-15
3.404E+02  4.082E-25  3.686E-15
3.373E+02  4.214E-25  3.770E-15
3.342E+02  4.350E-25  3.856E-15
3.311E+02  4.490E-25  3.944E-15
3.281E+02  4.635E-25  4.034E-15
3.251E+02  4.783E-25  4.125E-15
3.221E+02  4.936E-25  4.217E-15
3.192E+02  5.092E-25  4.311E-15
3.162E+02  5.254E-25  4.407E-15
3.133E+02  5.419E-25  4.504E-15
3.105E+02  5.590E-25  4.603E-15
3.076E+02  5.765E-25  4.704E-15
3.048E+02  5.945E-25  4.806E-15
3.020E+02  6.129E-25  4.910E-15
2.992E+02  6.319E-25  5.016E-15
2.965E+02  6.514E-25  5.123E-15
2.938E+02  6.714E-25  5.231E-15
2.911E+02  6.919E-25  5.342E-15
2.884E+02  7.129E-25  5.454E-15
2.858E+02  7.345E-25  5.568E-15
2.831E+02  7.567E-25  5.683E-15
2.805E+02  7.794E-25  5.800E-15
2.780E+02  8.027E-25  5.919E-15
2.754E+02  8.266E-25  6.039E-15
2.729E+02  8.512E-25  6.161E-15
2.704E+02  8.764E-25  6.286E-15
2.679E+02  9.022E-25  6.412E-15
2.655E+02  9.287E-25  6.539E-15
2.630E+02  9.558E-25  6.669E-15
2.606E+02  9.836E-25  6.800E-15
2.582E+02  1.012E-24  6.932E-15
2.559E+02  1.041E-24  7.065E-15
2.535E+02  1.071E-24  7.199E-15
2.512E+02  1.101E-24  7.333E-15
2.489E+02  1.131E-24  7.466E-15
2.466E+02  1.161E-24  7.595E-15
2.443E+02  1.192E-24  7.725E-15
2.421E+02  1.223E-24  7.854E-15
2.399E+02  1.255E-24  7.983E-15
2.377E+02  1.286E-24  8.109E-15
2.355E+02  1.318E-24  8.236E-15
2.333E+02  1.351E-24  8.363E-15
2.312E+02  1.384E-24  8.491E-15
2.291E+02  1.418E-24  8.619E-15
2.270E+02  1.453E-24  8.747E-15
2.249E+02  1.488E-24  8.876E-15
2.228E+02  1.523E-24  9.005E-15
2.208E+02  1.560E-24  9.135E-15
2.188E+02  1.597E-24  9.265E-15
2.168E+02  1.634E-24  9.395E-15
2.148E+02  1.672E-24  9.525E-15
2.128E+02  1.710E-24  9.655E-15
2.109E+02  1.749E-24  9.785E-15
2.089E+02  1.789E-24  9.915E-15
2.070E+02  1.829E-24  1.005E-14
2.051E+02  1.870E-24  1.017E-14
2.032E+02  1.911E-24  1.030E-14
2.014E+02  1.953E-24  1.043E-14
1.995E+02  1.996E-24  1.056E-14
1.977E+02  2.039E-24  1.069E-14
1.959E+02  2.082E-24  1.082E-14
1.941E+02  2.127E-24  1.095E-14
1.923E+02  2.171E-24  1.108E-14
1.905E+02  2.217E-24  1.120E-14
1.888E+02  2.262E-24  1.133E-14
1.871E+02  2.309E-24  1.146E-14
1.854E+02  2.356E-24  1.158E-14
1.837E+02  2.403E-24  1.171E-14
1.820E+02  2.452E-24  1.183E-14
1.803E+02  2.500E-24  1.196E-14
1.786E+02  2.550E-24  1.208E-14
1.770E+02  2.600E-24  1.221E-14
1.754E+02  2.650E-24  1.233E-14
1.738E+02  2.702E-24  1.245E-14
1.722E+02  2.753E-24  1.258E-14
1.706E+02  2.806E-24  1.270E-14
1.690E+02  2.859E-24  1.282E-14
1.675E+02  2.913E-24  1.294E-14
1.660E+02  2.968E-24  1.307E-14
1.644E+02  3.024E-24  1.319E-14
1.629E+02  3.080E-24  1.331E-14
1.614E+02  3.137E-24  1.343E-14
1.600E+02  3.195E-24  1.356E-14
1.585E+02  3.255E-24  1.368E-14
1.570E+02  3.315E-24  1.381E-14
1.556E+02  3.376E-24  1.393E-14
1.542E+02  3.439E-24  1.406E-14
1.528E+02  3.502E-24  1.419E-14
1.514E+02  3.567E-24  1.432E-14
1.500E+02  3.633E-24  1.445E-14
1.486E+02  3.699E-24  1.458E-14
1.472E+02  3.767E-24  1.471E-14
1.459E+02  3.834E-24  1.483E-14
1.445E+02  3.900E-24  1.495E-14
1.432E+02  3.965E-24  1.506E-14
1.419E+02  4.026E-24  1.515E-14
1.406E+02  4.083E-24  1.523E-14
1.393E+02  4.135E-24  1.528E-14
1.380E+02  4.180E-24  1.531E-14
1.368E+02  4.220E-24  1.531E-14
1.355E+02  4.255E-24  1.529E-14
1.343E+02  4.286E-24  1.526E-14
1.330E+02  4.315E-24  1.523E-14
1.318E+02  4.343E-24  1.519E-14
1.306E+02  4.370E-24  1.514E-14
1.294E+02  4.398E-24  1.510E-14
1.282E+02  4.427E-24  1.506E-14
1.271E+02  4.456E-24  1.502E-14
1.259E+02  4.487E-24  1.498E-14
1.247E+02  4.518E-24  1.495E-14
1.236E+02  4.551E-24  1.492E-14
1.225E+02  4.584E-24  1.489E-14
1.213E+02  4.618E-24  1.486E-14
1.202E+02  4.653E-24  1.484E-14
1.191E+02  4.688E-24  1.481E-14
1.180E+02  4.724E-24  1.479E-14
1.169E+02  4.760E-24  1.477E-14
1.159E+02  4.797E-24  1.474E-14
1.148E+02  4.833E-24  1.472E-14
1.138E+02  4.871E-24  1.470E-14
1.127E+02  4.908E-24  1.467E-14
1.117E+02  4.946E-24  1.465E-14
1.107E+02  4.984E-24  1.463E-14
1.096E+02  5.022E-24  1.461E-14
1.086E+02  5.060E-24  1.458E-14
1.076E+02  5.099E-24  1.456E-14
1.067E+02  5.137E-24  1.453E-14
1.057E+02  5.175E-24  1.451E-14
1.047E+02  5.214E-24  1.448E-14
1.038E+02  5.252E-24  1.445E-14
1.028E+02  5.290E-24  1.442E-14
1.019E+02  5.327E-24  1.439E-14
1.009E+02  5.364E-24  1.436E-14
1.000E+02  5.401E-24  1.433E-14
9.908E+01  5.437E-24  1.429E-14
9.817E+01  5.474E-24  1.425E-14
9.727E+01  5.510E-24  1.422E-14
9.638E+01  5.545E-24  1.418E-14
9.550E+01  5.581E-24  1.414E-14
9.462E+01  5.615E-24  1.409E-14
9.376E+01  5.650E-24  1.405E-14
9.290E+01  5.684E-24  1.401E-14
9.204E+01  5.717E-24  1.396E-14
9.120E+01  5.750E-24  1.391E-14
9.036E+01  5.783E-24  1.386E-14
8.954E+01  5.815E-24  1.381E-14
8.872E+01  5.847E-24  1.376E-14
8.790E+01  5.879E-24  1.371E-14
8.710E+01  5.911E-24  1.366E-14
8.630E+01  5.943E-24  1.360E-14
8.551E+01  5.974E-24  1.355E-14
8.472E+01  6.004E-24  1.349E-14
8.395E+01  6.034E-24  1.344E-14
8.318E+01  6.065E-24  1.338E-14
8.241E+01  6.095E-24  1.332E-14
8.166E+01  6.125E-24  1.327E-14
8.091E+01  6.155E-24  1.321E-14
8.017E+01  6.184E-24  1.315E-14
7.943E+01  6.213E-24  1.309E-14
7.870E+01  6.242E-24  1.303E-14
7.798E+01  6.271E-24  1.297E-14
7.727E+01  6.299E-24  1.291E-14
7.656E+01  6.328E-24  1.285E-14
7.586E+01  6.356E-24  1.279E-14
7.516E+01  6.384E-24  1.273E-14
7.447E+01  6.411E-24  1.267E-14
7.379E+01  6.438E-24  1.260E-14
7.311E+01  6.465E-24  1.254E-14
7.244E+01  6.491E-24  1.247E-14
7.178E+01  6.518E-24  1.241E-14
7.112E+01  6.544E-24  1.235E-14
7.047E+01  6.572E-24  1.228E-14
6.982E+01  6.599E-24  1.222E-14
6.918E+01  6.627E-24  1.216E-14
6.855E+01  6.654E-24  1.210E-14
6.792E+01  6.680E-24  1.204E-14
6.730E+01  6.707E-24  1.197E-14
6.668E+01  6.734E-24  1.191E-14
6.607E+01  6.762E-24  1.185E-14
6.546E+01  6.789E-24  1.179E-14
6.486E+01  6.817E-24  1.173E-14
6.427E+01  6.845E-24  1.167E-14
6.368E+01  6.873E-24  1.161E-14
6.310E+01  6.901E-24  1.155E-14
6.252E+01  6.930E-24  1.149E-14
6.194E+01  6.959E-24  1.144E-14
6.138E+01  6.989E-24  1.138E-14
6.081E+01  7.019E-24  1.132E-14
6.026E+01  7.050E-24  1.127E-14
5.970E+01  7.080E-24  1.121E-14
5.916E+01  7.112E-24  1.116E-14
5.861E+01  7.143E-24  1.111E-14
5.808E+01  7.175E-24  1.105E-14
5.754E+01  7.207E-24  1.100E-14
5.702E+01  7.241E-24  1.095E-14
5.649E+01  7.275E-24  1.090E-14
5.598E+01  7.310E-24  1.085E-14
5.546E+01  7.345E-24  1.081E-14
5.495E+01  7.382E-24  1.076E-14
5.445E+01  7.419E-24  1.072E-14
5.395E+01  7.458E-24  1.067E-14
5.346E+01  7.497E-24  1.063E-14
5.297E+01  7.537E-24  1.059E-14
5.248E+01  7.578E-24  1.055E-14
5.200E+01  7.620E-24  1.051E-14
5.152E+01  7.663E-24  1.047E-14
5.105E+01  7.707E-24  1.044E-14
5.058E+01  7.752E-24  1.040E-14
5.012E+01  7.798E-24  1.037E-14
4.966E+01  7.845E-24  1.033E-14
4.920E+01  7.893E-24  1.030E-14
4.875E+01  7.942E-24  1.027E-14
4.831E+01  7.993E-24  1.024E-14
4.786E+01  8.045E-24  1.021E-14
4.742E+01  8.099E-24  1.019E-14
4.699E+01  8.154E-24  1.016E-14
4.656E+01  8.210E-24  1.014E-14
4.613E+01  8.267E-24  1.012E-14
4.571E+01  8.326E-24  1.010E-14
4.529E+01  8.386E-24  1.007E-14
4.487E+01  8.448E-24  1.006E-14
4.446E+01  8.510E-24  1.004E-14
4.406E+01  8.574E-24  1.002E-14
4.365E+01  8.638E-24  1.000E-14
4.325E+01  8.704E-24  9.986E-15
4.285E+01  8.770E-24  9.969E-15
4.246E+01  8.837E-24  9.953E-15
4.207E+01  8.903E-24  9.936E-15
4.169E+01  8.971E-24  9.919E-15
4.130E+01  9.037E-24  9.902E-15
4.093E+01  9.104E-24  9.883E-15
4.055E+01  9.169E-24  9.862E-15
4.018E+01  9.233E-24  9.841E-15
3.981E+01  9.296E-24  9.817E-15
3.945E+01  9.357E-24  9.790E-15
3.908E+01  9.415E-24  9.761E-15
3.873E+01  9.471E-24  9.728E-15
3.837E+01  9.522E-24  9.692E-15
3.802E+01  9.570E-24  9.651E-15
3.767E+01  9.613E-24  9.606E-15
3.733E+01  9.650E-24  9.554E-15
3.698E+01  9.680E-24  9.496E-15
3.664E+01  9.705E-24  9.433E-15
3.631E+01  9.722E-24  9.363E-15
3.597E+01  9.730E-24  9.285E-15
3.565E+01  9.731E-24  9.201E-15
3.532E+01  9.723E-24  9.109E-15
3.499E+01  9.705E-24  9.008E-15
3.467E+01  9.676E-24  8.900E-15
3.436E+01  9.637E-24  8.782E-15
3.404E+01  9.587E-24  8.657E-15
3.373E+01  9.525E-24  8.522E-15
3.342E+01  9.453E-24  8.380E-15
3.311E+01  9.369E-24  8.229E-15
3.281E+01  9.274E-24  8.071E-15
3.251E+01  9.168E-24  7.906E-15
3.221E+01  9.051E-24  7.733E-15
3.192E+01  8.923E-24  7.554E-15
3.162E+01  8.786E-24  7.370E-15
3.133E+01  8.640E-24  7.181E-15
3.105E+01  8.485E-24  6.988E-15
3.076E+01  8.323E-24  6.792E-15
3.048E+01  8.155E-24  6.593E-15
3.020E+01  7.982E-24  6.394E-15
2.992E+01  7.804E-24  6.194E-15
2.965E+01  7.622E-24  5.994E-15
2.938E+01  7.438E-24  5.796E-15
2.911E+01  7.252E-24  5.599E-15
2.884E+01  7.065E-24  5.405E-15
2.858E+01  6.880E-24  5.215E-15
2.831E+01  6.695E-24  5.028E-15
2.805E+01  6.512E-24  4.846E-15
2.780E+01  6.332E-24  4.669E-15
2.754E+01  6.156E-24  4.497E-15
2.729E+01  5.982E-24  4.330E-15
2.704E+01  5.813E-24  4.169E-15
2.679E+01  5.649E-24  4.014E-15
2.655E+01  5.488E-24  3.865E-15
2.630E+01  5.333E-24  3.721E-15
2.606E+01  5.183E-24  3.583E-15
2.582E+01  5.038E-24  3.451E-15
2.559E+01  4.898E-24  3.324E-15
2.535E+01  4.764E-24  3.203E-15
2.512E+01  4.634E-24  3.088E-15
2.489E+01  4.510E-24  2.977E-15
2.466E+01  4.390E-24  2.871E-15
2.443E+01  4.274E-24  2.770E-15
2.421E+01  4.164E-24  2.674E-15
2.399E+01  4.056E-24  2.581E-15
2.377E+01  3.954E-24  2.493E-15
2.355E+01  3.857E-24  2.410E-15
2.333E+01  3.764E-24  2.330E-15
2.312E+01  3.673E-24  2.253E-15
2.291E+01  3.587E-24  2.179E-15
2.270E+01  3.506E-24  2.111E-15
2.249E+01  3.430E-24  2.047E-15
2.228E+01  3.359E-24  1.986E-15
2.208E+01  3.290E-24  1.927E-15
2.188E+01  3.222E-24  1.870E-15
2.168E+01  3.156E-24  1.815E-15
2.148E+01  3.093E-24  1.762E-15
2.128E+01  3.033E-24  1.712E-15
2.109E+01  2.978E-24  1.666E-15
2.089E+01  2.925E-24  1.621E-15
2.070E+01  2.873E-24  1.578E-15
2.051E+01  2.823E-24  1.536E-15
2.032E+01  2.776E-24  1.497E-15
2.014E+01  2.735E-24  1.461E-15
1.995E+01  2.696E-24  1.427E-15
1.977E+01  2.658E-24  1.394E-15
1.959E+01  2.621E-24  1.362E-15
1.941E+01  2.584E-24  1.330E-15
1.923E+01  2.547E-24  1.299E-15
1.905E+01  2.512E-24  1.269E-15
1.888E+01  2.478E-24  1.241E-15
1.871E+01  2.447E-24  1.214E-15
1.854E+01  2.420E-24  1.190E-15
1.837E+01  2.401E-24  1.170E-15
1.820E+01  2.397E-24  1.157E-15
1.803E+01  2.436E-24  1.165E-15
1.786E+01  2.531E-24  1.199E-15
1.770E+01  2.490E-24  1.169E-15
1.754E+01  2.583E-24  1.202E-15
1.738E+01  2.917E-24  1.345E-15
1.722E+01  2.733E-24  1.248E-15
1.706E+01  2.683E-24  1.214E-15
1.690E+01  2.595E-24  1.164E-15
1.675E+01  2.478E-24  1.101E-15
1.660E+01  2.497E-24  1.099E-15
1.644E+01  2.830E-24  1.234E-15
1.629E+01  2.237E-24  9.667E-16
1.614E+01  2.019E-24  8.645E-16
1.600E+01  2.038E-24  8.647E-16
1.585E+01  2.010E-24  8.448E-16
1.570E+01  1.776E-24  7.397E-16
1.556E+01  1.652E-24  6.820E-16
1.542E+01  1.582E-24  6.468E-16
1.528E+01  1.531E-24  6.203E-16
1.514E+01  1.491E-24  5.985E-16
1.500E+01  1.457E-24  5.798E-16
1.486E+01  1.430E-24  5.636E-16
1.472E+01  1.409E-24  5.502E-16
1.459E+01  1.398E-24  5.408E-16
1.445E+01  1.407E-24  5.393E-16
1.432E+01  1.458E-24  5.539E-16
1.419E+01  1.518E-24  5.712E-16
1.406E+01  1.438E-24  5.363E-16
1.393E+01  1.376E-24  5.085E-16
1.380E+01  1.382E-24  5.062E-16
1.368E+01  1.479E-24  5.366E-16
1.355E+01  1.515E-24  5.446E-16
1.343E+01  1.417E-24  5.048E-16
1.330E+01  1.413E-24  4.987E-16
1.318E+01  1.473E-24  5.152E-16
1.306E+01  1.599E-24  5.540E-16
1.294E+01  1.821E-24  6.253E-16
1.282E+01  2.183E-24  7.426E-16
1.271E+01  2.634E-24  8.879E-16
1.259E+01  2.826E-24  9.439E-16
1.247E+01  2.557E-24  8.462E-16
1.236E+01  2.227E-24  7.302E-16
1.225E+01  2.086E-24  6.775E-16
1.213E+01  2.117E-24  6.813E-16
1.202E+01  2.180E-24  6.951E-16
1.191E+01  2.104E-24  6.650E-16
1.180E+01  1.948E-24  6.098E-16
1.169E+01  1.893E-24  5.874E-16
1.159E+01  2.079E-24  6.391E-16
1.148E+01  2.727E-24  8.307E-16
1.138E+01  4.058E-24  1.224E-15
1.127E+01  5.577E-24  1.667E-15
1.117E+01  3.853E-24  1.141E-15
1.107E+01  2.106E-24  6.182E-16
1.096E+01  1.481E-24  4.307E-16
1.086E+01  1.183E-24  3.408E-16
1.076E+01  1.017E-24  2.903E-16
1.067E+01  9.140E-25  2.586E-16
1.057E+01  8.451E-25  2.369E-16
1.047E+01  7.962E-25  2.212E-16
1.038E+01  7.599E-25  2.091E-16
1.028E+01  7.322E-25  1.997E-16
1.019E+01  7.107E-25  1.920E-16
1.009E+01  6.943E-25  1.859E-16
1.000E+01  6.823E-25  1.810E-16
9.908E+00  6.744E-25  1.773E-16
9.817E+00  6.703E-25  1.746E-16
9.727E+00  6.700E-25  1.729E-16
9.638E+00  6.737E-25  1.722E-16
9.550E+00  6.818E-25  1.727E-16
9.462E+00  6.949E-25  1.744E-16
9.376E+00  7.144E-25  1.777E-16
9.290E+00  7.422E-25  1.829E-16
9.204E+00  7.815E-25  1.908E-16
9.120E+00  8.379E-25  2.027E-16
9.036E+00  9.204E-25  2.206E-16
8.954E+00  1.046E-24  2.484E-16
8.872E+00  1.245E-24  2.931E-16
8.790E+00  1.573E-24  3.668E-16
8.710E+00  2.073E-24  4.790E-16
8.630E+00  2.537E-24  5.808E-16
8.551E+00  2.473E-24  5.609E-16
8.472E+00  2.143E-24  4.816E-16
8.395E+00  1.974E-24  4.394E-16
8.318E+00  1.961E-24  4.326E-16
8.241E+00  2.044E-24  4.468E-16
8.166E+00  2.258E-24  4.890E-16
8.091E+00  2.666E-24  5.722E-16
8.017E+00  3.318E-24  7.056E-16
7.943E+00  4.177E-24  8.801E-16
7.870E+00  4.954E-24  1.034E-15
7.798E+00  5.310E-24  1.098E-15
7.727E+00  5.507E-24  1.129E-15
7.656E+00  5.870E-24  1.192E-15
7.586E+00  5.778E-24  1.163E-15
7.516E+00  4.758E-24  9.487E-16
7.447E+00  3.595E-24  7.103E-16
7.379E+00  2.758E-24  5.399E-16
7.311E+00  2.202E-24  4.271E-16
7.244E+00  1.818E-24  3.493E-16
7.178E+00  1.539E-24  2.931E-16
7.112E+00  1.334E-24  2.516E-16
7.047E+00  1.184E-24  2.213E-16
6.982E+00  1.082E-24  2.004E-16
6.918E+00  1.021E-24  1.875E-16
6.855E+00  9.982E-25  1.815E-16
6.792E+00  1.001E-24  1.804E-16
6.730E+00  1.008E-24  1.799E-16
6.668E+00  9.921E-25  1.755E-16
6.607E+00  9.552E-25  1.674E-16
6.546E+00  9.311E-25  1.617E-16
6.486E+00  9.638E-25  1.658E-16
6.427E+00  1.108E-24  1.889E-16
6.368E+00  1.474E-24  2.490E-16
6.310E+00  2.310E-24  3.866E-16
6.252E+00  3.748E-24  6.216E-16
6.194E+00  3.809E-24  6.259E-16
6.138E+00  2.282E-24  3.716E-16
6.081E+00  1.335E-24  2.153E-16
6.026E+00  8.935E-25  1.428E-16
5.970E+00  6.829E-25  1.081E-16
5.916E+00  5.872E-25  9.214E-17
5.861E+00  5.672E-25  8.819E-17
5.808E+00  6.181E-25  9.522E-17
5.754E+00  7.315E-25  1.116E-16
5.702E+00  7.966E-25  1.205E-16
5.649E+00  6.778E-25  1.016E-16
5.598E+00  5.039E-25  7.482E-17
5.546E+00  3.836E-25  5.643E-17
5.495E+00  3.134E-25  4.569E-17
5.445E+00  2.754E-25  3.977E-17
5.395E+00  2.612E-25  3.737E-17
5.346E+00  2.735E-25  3.878E-17
5.297E+00  3.218E-25  4.521E-17
5.248E+00  3.570E-25  4.970E-17
5.200E+00  2.882E-25  3.975E-17
5.152E+00  2.168E-25  2.963E-17
5.105E+00  1.776E-25  2.406E-17
5.058E+00  1.557E-25  2.089E-17
5.012E+00  1.419E-25  1.887E-17
4.966E+00  1.324E-25  1.744E-17
4.920E+00  1.252E-25  1.634E-17
4.875E+00  1.195E-25  1.546E-17
4.831E+00  1.149E-25  1.472E-17
4.786E+00  1.109E-25  1.409E-17
4.742E+00  1.076E-25  1.353E-17
4.699E+00  1.046E-25  1.304E-17
4.656E+00  1.020E-25  1.260E-17
4.613E+00  9.968E-26  1.220E-17
4.571E+00  9.759E-26  1.183E-17
4.529E+00  9.569E-26  1.150E-17
4.487E+00  9.397E-26  1.119E-17
4.446E+00  9.241E-26  1.090E-17
4.406E+00  9.098E-26  1.063E-17
4.365E+00  8.967E-26  1.038E-17
4.325E+00  8.847E-26  1.015E-17
4.285E+00  8.737E-26  9.932E-18
4.246E+00  8.636E-26  9.727E-18
4.207E+00  8.545E-26  9.536E-18
4.169E+00  8.462E-26  9.357E-18
4.130E+00  8.387E-26  9.189E-18
4.093E+00  8.320E-26  9.032E-18
4.055E+00  8.261E-26  8.886E-18
4.018E+00  8.211E-26  8.751E-18
3.981E+00  8.169E-26  8.627E-18
3.945E+00  8.138E-26  8.515E-18
3.908E+00  8.118E-26  8.416E-18
3.873E+00  8.110E-26  8.331E-18
3.837E+00  8.117E-26  8.261E-18
3.802E+00  8.141E-26  8.210E-18
3.767E+00  8.187E-26  8.181E-18
3.733E+00  8.260E-26  8.178E-18
3.698E+00  8.368E-26  8.209E-18
3.664E+00  8.524E-26  8.285E-18
3.631E+00  8.743E-26  8.421E-18
3.597E+00  9.055E-26  8.641E-18
3.565E+00  9.503E-26  8.985E-18
3.532E+00  1.016E-25  9.521E-18
3.499E+00  1.117E-25  1.037E-17
3.467E+00  1.281E-25  1.178E-17
3.436E+00  1.567E-25  1.428E-17
3.404E+00  2.133E-25  1.926E-17
3.373E+00  3.484E-25  3.117E-17
3.342E+00  7.961E-25  7.057E-17
3.311E+00  3.016E-24  2.649E-16
3.281E+00  2.058E-24  1.791E-16
3.251E+00  5.865E-25  5.058E-17
3.221E+00  2.791E-25  2.384E-17
3.192E+00  1.773E-25  1.501E-17
3.162E+00  1.324E-25  1.111E-17
3.133E+00  1.088E-25  9.039E-18
3.105E+00  9.477E-26  7.804E-18
3.076E+00  8.577E-26  6.999E-18
3.048E+00  7.960E-26  6.436E-18
3.020E+00  7.515E-26  6.020E-18
2.992E+00  7.180E-26  5.699E-18
2.965E+00  6.918E-26  5.441E-18
2.938E+00  6.708E-26  5.227E-18
2.911E+00  6.534E-26  5.045E-18
2.884E+00  6.387E-26  4.886E-18
2.858E+00  6.260E-26  4.745E-18
2.831E+00  6.148E-26  4.617E-18
2.805E+00  6.048E-26  4.501E-18
2.780E+00  5.957E-26  4.393E-18
2.754E+00  5.874E-26  4.291E-18
2.729E+00  5.796E-26  4.196E-18
2.704E+00  5.724E-26  4.105E-18
2.679E+00  5.655E-26  4.019E-18
2.655E+00  5.589E-26  3.936E-18
2.630E+00  5.526E-26  3.855E-18
2.606E+00  5.465E-26  3.778E-18
2.582E+00  5.406E-26  3.703E-18
2.559E+00  5.348E-26  3.630E-18
2.535E+00  5.291E-26  3.558E-18
2.512E+00  5.235E-26  3.488E-18
2.489E+00  5.181E-26  3.420E-18
2.466E+00  5.126E-26  3.353E-18
2.443E+00  5.071E-26  3.287E-18
2.421E+00  5.016E-26  3.222E-18
2.399E+00  4.963E-26  3.158E-18
2.377E+00  4.911E-26  3.096E-18
2.355E+00  4.859E-26  3.035E-18
2.333E+00  4.807E-26  2.975E-18
2.312E+00  4.755E-26  2.916E-18
2.291E+00  4.703E-26  2.858E-18
2.270E+00  4.651E-26  2.800E-18
2.249E+00  4.598E-26  2.743E-18
2.228E+00  4.545E-26  2.687E-18
2.208E+00  4.492E-26  2.631E-18
2.188E+00  4.437E-26  2.575E-18
2.168E+00  4.381E-26  2.519E-18
2.148E+00  4.323E-26  2.463E-18
2.128E+00  4.263E-26  2.406E-18
2.109E+00  4.199E-26  2.349E-18
2.089E+00  4.131E-26  2.290E-18
2.070E+00  4.059E-26  2.229E-18
2.051E+00  3.980E-26  2.165E-18
2.032E+00  3.892E-26  2.098E-18
2.014E+00  3.795E-26  2.027E-18
1.995E+00  3.685E-26  1.950E-18
1.977E+00  3.564E-26  1.869E-18
1.959E+00  3.434E-26  1.784E-18
1.941E+00  3.309E-26  1.704E-18
1.923E+00  3.210E-26  1.638E-18
1.905E+00  3.163E-26  1.598E-18
1.888E+00  3.174E-26  1.589E-18
1.871E+00  3.227E-26  1.601E-18
1.854E+00  3.293E-26  1.619E-18
1.837E+00  3.352E-26  1.633E-18
1.820E+00  3.395E-26  1.639E-18
1.803E+00  3.421E-26  1.636E-18
1.786E+00  3.432E-26  1.626E-18
1.770E+00  3.433E-26  1.612E-18
1.754E+00  3.425E-26  1.593E-18
1.738E+00  3.412E-26  1.573E-18
1.722E+00  3.394E-26  1.550E-18
1.706E+00  3.373E-26  1.527E-18
1.690E+00  3.351E-26  1.502E-18
1.675E+00  3.327E-26  1.478E-18
1.660E+00  3.302E-26  1.454E-18
1.644E+00  3.278E-26  1.430E-18
1.629E+00  3.253E-26  1.406E-18
1.614E+00  3.229E-26  1.383E-18
1.600E+00  3.206E-26  1.360E-18
1.585E+00  3.185E-26  1.339E-18
1.570E+00  3.165E-26  1.318E-18
1.556E+00  3.147E-26  1.299E-18
1.542E+00  3.132E-26  1.281E-18
1.528E+00  3.120E-26  1.264E-18
1.514E+00  3.112E-26  1.249E-18
1.500E+00  3.107E-26  1.236E-18
1.486E+00  3.108E-26  1.225E-18
1.472E+00  3.114E-26  1.216E-18
1.459E+00  3.127E-26  1.210E-18
1.445E+00  3.149E-26  1.207E-18
1.432E+00  3.180E-26  1.208E-18
1.419E+00  3.223E-26  1.213E-18
1.406E+00  3.279E-26  1.223E-18
1.393E+00  3.352E-26  1.239E-18
1.380E+00  3.445E-26  1.261E-18
1.368E+00  3.561E-26  1.292E-18
1.355E+00  3.706E-26  1.332E-18
1.343E+00  3.881E-26  1.382E-18
1.330E+00  4.089E-26  1.443E-18
1.318E+00  4.326E-26  1.513E-18
1.306E+00  4.579E-26  1.586E-18
1.294E+00  4.817E-26  1.654E-18
1.282E+00  4.991E-26  1.698E-18
1.271E+00  5.043E-26  1.700E-18
1.259E+00  4.931E-26  1.646E-18
1.247E+00  4.657E-26  1.541E-18
1.236E+00  4.276E-26  1.402E-18
1.225E+00  3.858E-26  1.253E-18
1.213E+00  3.463E-26  1.115E-18
1.202E+00  3.122E-26  9.955E-19
1.191E+00  2.845E-26  8.989E-19
1.180E+00  2.630E-26  8.235E-19
1.169E+00  2.472E-26  7.669E-19
1.159E+00  2.365E-26  7.268E-19
1.148E+00  2.304E-26  7.016E-19
1.138E+00  2.289E-26  6.908E-19
1.127E+00  2.325E-26  6.953E-19
1.117E+00  2.423E-26  7.178E-19
1.107E+00  2.601E-26  7.635E-19
1.096E+00  2.891E-26  8.408E-19
1.086E+00  3.338E-26  9.621E-19
1.076E+00  3.989E-26  1.139E-18
1.067E+00  4.804E-26  1.359E-18
1.057E+00  5.457E-26  1.530E-18
1.047E+00  5.348E-26  1.485E-18
1.038E+00  4.427E-26  1.218E-18
1.028E+00  3.340E-26  9.108E-19
1.019E+00  2.497E-26  6.747E-19
1.009E+00  1.927E-26  5.158E-19
1.000E+00  1.549E-26  4.109E-19
