Dust emission from Draine & Li (2007): ApJ 657, 810-837
================================================================
         3 = grain model
 4.000E-08 4.000E-01 1.500E-05 = a_01 (cm) , sigma_1 , b_C1/0.92
 2.500E-07 4.000E-01 5.000E-06 = a_02 (cm) , sigma_2 , b_C2/0.92
 1.500E+01 1.000E+05 2.000E+00 = Umin , Umax, beta (dN/dU propto U^{-beta})
 1.321E+02 = <U> 
     mmp83 = radfield
 5.871E-22 = power/H (erg s-1)
 band   nu*P_nu(band) j_nu(band)
 (um)   (erg s-1 H-1)(Jy cm2 sr-1 H-1)
1.270E+00  8.768E-25  2.954E-17 COBE-DIRBE
2.220E+00  1.114E-24  6.559E-17 COBE-DIRBE
3.530E+00  7.477E-24  7.001E-16 COBE-DIRBE
4.880E+00  3.656E-24  4.733E-16 COBE-DIRBE
1.229E+01  5.979E-23  1.949E-14 COBE-DIRBE
2.079E+01  1.470E-22  8.108E-14 COBE-DIRBE
5.599E+01  3.043E-22  4.520E-13 COBE-DIRBE
9.770E+01  1.193E-22  3.093E-13 COBE-DIRBE
1.479E+02  4.331E-23  1.699E-13 COBE-DIRBE
2.479E+02  7.667E-24  5.041E-14 COBE-DIRBE
1.200E+01  5.665E-23  1.803E-14 IRAS
2.500E+01  2.007E-22  1.331E-13 IRAS
6.000E+01  2.850E-22  4.536E-13 IRAS
1.000E+02  1.124E-22  2.983E-13 IRAS
3.550E+00  8.699E-24  8.191E-16 SST-IRAC
4.493E+00  2.500E-24  2.980E-16 SST-IRAC
5.731E+00  2.359E-23  3.587E-15 SST-IRAC
7.872E+00  6.713E-23  1.402E-14 SST-IRAC
2.368E+01  1.870E-22  1.175E-13 SST-MIPS
7.142E+01  1.952E-22  3.697E-13 SST-MIPS
1.559E+02  3.327E-23  1.376E-13 SST-MIPS
1.600E+01  7.604E-23  3.227E-14 SST-IRSPU
2.200E+01  1.775E-22  1.036E-13 SST-IRSPU











lambda    nu*dP/dnu     j_nu
 (um)   (erg s-1 H-1)(Jy cm2 sr-1 H-1)
1.000E+04  1.022E-30  2.712E-19
9.908E+03  1.060E-30  2.785E-19
9.817E+03  1.099E-30  2.861E-19
9.727E+03  1.139E-30  2.939E-19
9.638E+03  1.181E-30  3.019E-19
9.550E+03  1.224E-30  3.102E-19
9.462E+03  1.269E-30  3.186E-19
9.376E+03  1.316E-30  3.273E-19
9.290E+03  1.364E-30  3.362E-19
9.204E+03  1.415E-30  3.454E-19
9.120E+03  1.467E-30  3.548E-19
9.036E+03  1.521E-30  3.645E-19
8.954E+03  1.576E-30  3.744E-19
8.872E+03  1.634E-30  3.845E-19
8.790E+03  1.694E-30  3.949E-19
8.710E+03  1.756E-30  4.056E-19
8.630E+03  1.820E-30  4.166E-19
8.551E+03  1.887E-30  4.279E-19
8.472E+03  1.956E-30  4.396E-19
8.395E+03  2.028E-30  4.515E-19
8.318E+03  2.102E-30  4.638E-19
8.241E+03  2.180E-30  4.765E-19
8.166E+03  2.260E-30  4.895E-19
8.091E+03  2.343E-30  5.028E-19
8.017E+03  2.429E-30  5.166E-19
7.943E+03  2.519E-30  5.307E-19
7.870E+03  2.612E-30  5.452E-19
7.798E+03  2.708E-30  5.602E-19
7.727E+03  2.808E-30  5.755E-19
7.656E+03  2.912E-30  5.913E-19
7.586E+03  3.020E-30  6.076E-19
7.516E+03  3.131E-30  6.243E-19
7.447E+03  3.247E-30  6.415E-19
7.379E+03  3.367E-30  6.591E-19
7.311E+03  3.492E-30  6.773E-19
7.244E+03  3.622E-30  6.960E-19
7.178E+03  3.756E-30  7.152E-19
7.112E+03  3.896E-30  7.350E-19
7.047E+03  4.041E-30  7.553E-19
6.982E+03  4.191E-30  7.762E-19
6.918E+03  4.346E-30  7.976E-19
6.855E+03  4.508E-30  8.197E-19
6.792E+03  4.675E-30  8.423E-19
6.730E+03  4.849E-30  8.657E-19
6.668E+03  5.030E-30  8.897E-19
6.607E+03  5.217E-30  9.144E-19
6.546E+03  5.412E-30  9.398E-19
6.486E+03  5.614E-30  9.659E-19
6.427E+03  5.823E-30  9.928E-19
6.368E+03  6.041E-30  1.020E-18
6.310E+03  6.267E-30  1.049E-18
6.252E+03  6.501E-30  1.078E-18
6.194E+03  6.745E-30  1.108E-18
6.138E+03  6.998E-30  1.139E-18
6.081E+03  7.260E-30  1.171E-18
6.026E+03  7.532E-30  1.204E-18
5.970E+03  7.815E-30  1.238E-18
5.916E+03  8.109E-30  1.272E-18
5.861E+03  8.413E-30  1.308E-18
5.808E+03  8.730E-30  1.345E-18
5.754E+03  9.059E-30  1.383E-18
5.702E+03  9.400E-30  1.422E-18
5.649E+03  9.754E-30  1.462E-18
5.598E+03  1.012E-29  1.503E-18
5.546E+03  1.050E-29  1.545E-18
5.495E+03  1.090E-29  1.589E-18
5.445E+03  1.131E-29  1.634E-18
5.395E+03  1.174E-29  1.680E-18
5.346E+03  1.218E-29  1.728E-18
5.297E+03  1.265E-29  1.777E-18
5.248E+03  1.312E-29  1.827E-18
5.200E+03  1.362E-29  1.879E-18
5.152E+03  1.414E-29  1.932E-18
5.105E+03  1.467E-29  1.987E-18
5.058E+03  1.523E-29  2.044E-18
5.012E+03  1.581E-29  2.102E-18
4.966E+03  1.641E-29  2.162E-18
4.920E+03  1.704E-29  2.223E-18
4.875E+03  1.768E-29  2.287E-18
4.831E+03  1.836E-29  2.352E-18
4.786E+03  1.906E-29  2.419E-18
4.742E+03  1.978E-29  2.488E-18
4.699E+03  2.054E-29  2.560E-18
4.656E+03  2.132E-29  2.633E-18
4.613E+03  2.214E-29  2.709E-18
4.571E+03  2.298E-29  2.786E-18
4.529E+03  2.386E-29  2.866E-18
4.487E+03  2.477E-29  2.949E-18
4.446E+03  2.572E-29  3.034E-18
4.406E+03  2.671E-29  3.121E-18
4.365E+03  2.773E-29  3.211E-18
4.325E+03  2.880E-29  3.304E-18
4.285E+03  2.990E-29  3.399E-18
4.246E+03  3.105E-29  3.498E-18
4.207E+03  3.225E-29  3.599E-18
4.169E+03  3.349E-29  3.703E-18
4.130E+03  3.478E-29  3.811E-18
4.093E+03  3.612E-29  3.921E-18
4.055E+03  3.751E-29  4.035E-18
4.018E+03  3.896E-29  4.153E-18
3.981E+03  4.047E-29  4.273E-18
3.945E+03  4.203E-29  4.397E-18
3.908E+03  4.365E-29  4.525E-18
3.873E+03  4.534E-29  4.657E-18
3.837E+03  4.709E-29  4.793E-18
3.802E+03  4.891E-29  4.933E-18
3.767E+03  5.081E-29  5.077E-18
3.733E+03  5.278E-29  5.225E-18
3.698E+03  5.482E-29  5.378E-18
3.664E+03  5.695E-29  5.536E-18
3.631E+03  5.917E-29  5.698E-18
3.597E+03  6.147E-29  5.866E-18
3.565E+03  6.386E-29  6.038E-18
3.532E+03  6.635E-29  6.216E-18
3.499E+03  6.893E-29  6.399E-18
3.467E+03  7.162E-29  6.588E-18
3.436E+03  7.442E-29  6.782E-18
3.404E+03  7.733E-29  6.982E-18
3.373E+03  8.035E-29  7.189E-18
3.342E+03  8.350E-29  7.402E-18
3.311E+03  8.676E-29  7.621E-18
3.281E+03  9.017E-29  7.847E-18
3.251E+03  9.370E-29  8.080E-18
3.221E+03  9.738E-29  8.320E-18
3.192E+03  1.012E-28  8.568E-18
3.162E+03  1.052E-28  8.823E-18
3.133E+03  1.093E-28  9.086E-18
3.105E+03  1.136E-28  9.357E-18
3.076E+03  1.181E-28  9.636E-18
3.048E+03  1.228E-28  9.924E-18
3.020E+03  1.276E-28  1.022E-17
2.992E+03  1.326E-28  1.053E-17
2.965E+03  1.378E-28  1.084E-17
2.938E+03  1.433E-28  1.116E-17
2.911E+03  1.489E-28  1.150E-17
2.884E+03  1.548E-28  1.184E-17
2.858E+03  1.609E-28  1.220E-17
2.831E+03  1.673E-28  1.256E-17
2.805E+03  1.739E-28  1.294E-17
2.780E+03  1.808E-28  1.333E-17
2.754E+03  1.879E-28  1.373E-17
2.729E+03  1.954E-28  1.414E-17
2.704E+03  2.031E-28  1.457E-17
2.679E+03  2.112E-28  1.501E-17
2.655E+03  2.196E-28  1.546E-17
2.630E+03  2.283E-28  1.593E-17
2.606E+03  2.374E-28  1.641E-17
2.582E+03  2.469E-28  1.691E-17
2.559E+03  2.567E-28  1.742E-17
2.535E+03  2.670E-28  1.795E-17
2.512E+03  2.776E-28  1.850E-17
2.489E+03  2.887E-28  1.906E-17
2.466E+03  3.002E-28  1.964E-17
2.443E+03  3.122E-28  2.024E-17
2.421E+03  3.247E-28  2.085E-17
2.399E+03  3.377E-28  2.149E-17
2.377E+03  3.513E-28  2.215E-17
2.355E+03  3.654E-28  2.282E-17
2.333E+03  3.800E-28  2.352E-17
2.312E+03  3.953E-28  2.424E-17
2.291E+03  4.112E-28  2.498E-17
2.270E+03  4.277E-28  2.575E-17
2.249E+03  4.449E-28  2.654E-17
2.228E+03  4.628E-28  2.736E-17
2.208E+03  4.814E-28  2.820E-17
2.188E+03  5.008E-28  2.906E-17
2.168E+03  5.210E-28  2.996E-17
2.148E+03  5.420E-28  3.088E-17
2.128E+03  5.639E-28  3.183E-17
2.109E+03  5.867E-28  3.281E-17
2.089E+03  6.104E-28  3.383E-17
2.070E+03  6.350E-28  3.487E-17
2.051E+03  6.607E-28  3.595E-17
2.032E+03  6.875E-28  3.706E-17
2.014E+03  7.153E-28  3.821E-17
1.995E+03  7.443E-28  3.939E-17
1.977E+03  7.744E-28  4.061E-17
1.959E+03  8.058E-28  4.187E-17
1.941E+03  8.384E-28  4.317E-17
1.923E+03  8.724E-28  4.450E-17
1.905E+03  9.078E-28  4.589E-17
1.888E+03  9.447E-28  4.731E-17
1.871E+03  9.831E-28  4.878E-17
1.854E+03  1.023E-27  5.030E-17
1.837E+03  1.065E-27  5.186E-17
1.820E+03  1.108E-27  5.348E-17
1.803E+03  1.153E-27  5.515E-17
1.786E+03  1.200E-27  5.687E-17
1.770E+03  1.249E-27  5.864E-17
1.754E+03  1.300E-27  6.047E-17
1.738E+03  1.353E-27  6.236E-17
1.722E+03  1.408E-27  6.431E-17
1.706E+03  1.465E-27  6.632E-17
1.690E+03  1.525E-27  6.839E-17
1.675E+03  1.587E-27  7.053E-17
1.660E+03  1.652E-27  7.274E-17
1.644E+03  1.720E-27  7.501E-17
1.629E+03  1.790E-27  7.736E-17
1.614E+03  1.863E-27  7.979E-17
1.600E+03  1.939E-27  8.229E-17
1.585E+03  2.019E-27  8.487E-17
1.570E+03  2.101E-27  8.753E-17
1.556E+03  2.187E-27  9.028E-17
1.542E+03  2.277E-27  9.312E-17
1.528E+03  2.370E-27  9.604E-17
1.514E+03  2.467E-27  9.906E-17
1.500E+03  2.568E-27  1.022E-16
1.486E+03  2.674E-27  1.054E-16
1.472E+03  2.783E-27  1.087E-16
1.459E+03  2.898E-27  1.121E-16
1.445E+03  3.016E-27  1.157E-16
1.432E+03  3.140E-27  1.193E-16
1.419E+03  3.269E-27  1.231E-16
1.406E+03  3.403E-27  1.269E-16
1.393E+03  3.543E-27  1.309E-16
1.380E+03  3.689E-27  1.351E-16
1.368E+03  3.841E-27  1.393E-16
1.355E+03  3.998E-27  1.437E-16
1.343E+03  4.163E-27  1.483E-16
1.330E+03  4.334E-27  1.530E-16
1.318E+03  4.512E-27  1.578E-16
1.306E+03  4.698E-27  1.628E-16
1.294E+03  4.891E-27  1.679E-16
1.282E+03  5.092E-27  1.732E-16
1.271E+03  5.302E-27  1.787E-16
1.259E+03  5.520E-27  1.843E-16
1.247E+03  5.747E-27  1.902E-16
1.236E+03  5.983E-27  1.962E-16
1.225E+03  6.229E-27  2.024E-16
1.213E+03  6.486E-27  2.088E-16
1.202E+03  6.753E-27  2.153E-16
1.191E+03  7.030E-27  2.222E-16
1.180E+03  7.320E-27  2.292E-16
1.169E+03  7.621E-27  2.364E-16
1.159E+03  7.934E-27  2.439E-16
1.148E+03  8.261E-27  2.516E-16
1.138E+03  8.601E-27  2.595E-16
1.127E+03  8.955E-27  2.677E-16
1.117E+03  9.323E-27  2.762E-16
1.107E+03  9.706E-27  2.849E-16
1.096E+03  1.011E-26  2.939E-16
1.086E+03  1.052E-26  3.032E-16
1.076E+03  1.095E-26  3.128E-16
1.067E+03  1.140E-26  3.226E-16
1.057E+03  1.187E-26  3.328E-16
1.047E+03  1.236E-26  3.433E-16
1.038E+03  1.287E-26  3.542E-16
1.028E+03  1.340E-26  3.653E-16
1.019E+03  1.395E-26  3.768E-16
1.009E+03  1.452E-26  3.887E-16
1.000E+03  1.512E-26  4.010E-16
9.908E+02  1.574E-26  4.136E-16
9.817E+02  1.638E-26  4.267E-16
9.727E+02  1.706E-26  4.401E-16
9.638E+02  1.776E-26  4.540E-16
9.550E+02  1.849E-26  4.683E-16
9.462E+02  1.925E-26  4.831E-16
9.376E+02  2.004E-26  4.983E-16
9.290E+02  2.086E-26  5.140E-16
9.204E+02  2.171E-26  5.302E-16
9.120E+02  2.260E-26  5.468E-16
9.036E+02  2.353E-26  5.640E-16
8.954E+02  2.449E-26  5.818E-16
8.872E+02  2.550E-26  6.000E-16
8.790E+02  2.654E-26  6.188E-16
8.710E+02  2.763E-26  6.382E-16
8.630E+02  2.876E-26  6.582E-16
8.551E+02  2.993E-26  6.789E-16
8.472E+02  3.115E-26  7.001E-16
8.395E+02  3.242E-26  7.220E-16
8.318E+02  3.375E-26  7.446E-16
8.241E+02  3.512E-26  7.678E-16
8.166E+02  3.655E-26  7.918E-16
8.091E+02  3.804E-26  8.165E-16
8.017E+02  3.959E-26  8.419E-16
7.943E+02  4.120E-26  8.681E-16
7.870E+02  4.288E-26  8.951E-16
7.798E+02  4.462E-26  9.229E-16
7.727E+02  4.643E-26  9.516E-16
7.656E+02  4.832E-26  9.812E-16
7.586E+02  5.028E-26  1.012E-15
7.516E+02  5.232E-26  1.043E-15
7.447E+02  5.444E-26  1.075E-15
7.379E+02  5.665E-26  1.109E-15
7.311E+02  5.896E-26  1.143E-15
7.244E+02  6.135E-26  1.179E-15
7.178E+02  6.385E-26  1.216E-15
7.112E+02  6.644E-26  1.253E-15
7.047E+02  6.914E-26  1.292E-15
6.982E+02  7.195E-26  1.333E-15
6.918E+02  7.488E-26  1.374E-15
6.855E+02  7.792E-26  1.417E-15
6.792E+02  8.108E-26  1.461E-15
6.730E+02  8.437E-26  1.506E-15
6.668E+02  8.779E-26  1.553E-15
6.607E+02  9.135E-26  1.601E-15
6.546E+02  9.506E-26  1.651E-15
6.486E+02  9.893E-26  1.702E-15
6.427E+02  1.030E-25  1.755E-15
6.368E+02  1.071E-25  1.810E-15
6.310E+02  1.115E-25  1.866E-15
6.252E+02  1.161E-25  1.925E-15
6.194E+02  1.208E-25  1.985E-15
6.138E+02  1.257E-25  2.047E-15
6.081E+02  1.308E-25  2.110E-15
6.026E+02  1.362E-25  2.176E-15
5.970E+02  1.417E-25  2.244E-15
5.916E+02  1.475E-25  2.314E-15
5.861E+02  1.535E-25  2.387E-15
5.808E+02  1.598E-25  2.461E-15
5.754E+02  1.663E-25  2.538E-15
5.702E+02  1.731E-25  2.617E-15
5.649E+02  1.801E-25  2.699E-15
5.598E+02  1.875E-25  2.783E-15
5.546E+02  1.951E-25  2.870E-15
5.495E+02  2.031E-25  2.960E-15
5.445E+02  2.114E-25  3.053E-15
5.395E+02  2.200E-25  3.148E-15
5.346E+02  2.290E-25  3.247E-15
5.297E+02  2.383E-25  3.348E-15
5.248E+02  2.481E-25  3.453E-15
5.200E+02  2.582E-25  3.561E-15
5.152E+02  2.687E-25  3.673E-15
5.105E+02  2.797E-25  3.788E-15
5.058E+02  2.911E-25  3.906E-15
5.012E+02  3.030E-25  4.028E-15
4.966E+02  3.154E-25  4.154E-15
4.920E+02  3.283E-25  4.284E-15
4.875E+02  3.417E-25  4.418E-15
4.831E+02  3.556E-25  4.557E-15
4.786E+02  3.701E-25  4.699E-15
4.742E+02  3.852E-25  4.846E-15
4.699E+02  4.010E-25  4.998E-15
4.656E+02  4.173E-25  5.154E-15
4.613E+02  4.344E-25  5.315E-15
4.571E+02  4.521E-25  5.481E-15
4.529E+02  4.705E-25  5.653E-15
4.487E+02  4.897E-25  5.829E-15
4.446E+02  5.097E-25  6.011E-15
4.406E+02  5.304E-25  6.199E-15
4.365E+02  5.521E-25  6.392E-15
4.325E+02  5.745E-25  6.592E-15
4.285E+02  5.979E-25  6.797E-15
4.246E+02  6.223E-25  7.009E-15
4.207E+02  6.476E-25  7.228E-15
4.169E+02  6.740E-25  7.453E-15
4.130E+02  7.015E-25  7.685E-15
4.093E+02  7.300E-25  7.925E-15
4.055E+02  7.597E-25  8.172E-15
4.018E+02  7.906E-25  8.426E-15
3.981E+02  8.228E-25  8.689E-15
3.945E+02  8.562E-25  8.959E-15
3.908E+02  8.911E-25  9.238E-15
3.873E+02  9.273E-25  9.526E-15
3.837E+02  9.650E-25  9.822E-15
3.802E+02  1.004E-24  1.013E-14
3.767E+02  1.045E-24  1.044E-14
3.733E+02  1.087E-24  1.077E-14
3.698E+02  1.132E-24  1.110E-14
3.664E+02  1.177E-24  1.144E-14
3.631E+02  1.225E-24  1.180E-14
3.597E+02  1.275E-24  1.217E-14
3.565E+02  1.326E-24  1.254E-14
3.532E+02  1.380E-24  1.293E-14
3.499E+02  1.436E-24  1.333E-14
3.467E+02  1.494E-24  1.374E-14
3.436E+02  1.554E-24  1.417E-14
3.404E+02  1.617E-24  1.460E-14
3.373E+02  1.682E-24  1.505E-14
3.342E+02  1.750E-24  1.552E-14
3.311E+02  1.821E-24  1.599E-14
3.281E+02  1.894E-24  1.648E-14
3.251E+02  1.970E-24  1.699E-14
3.221E+02  2.050E-24  1.751E-14
3.192E+02  2.132E-24  1.805E-14
3.162E+02  2.217E-24  1.860E-14
3.133E+02  2.306E-24  1.917E-14
3.105E+02  2.399E-24  1.975E-14
3.076E+02  2.495E-24  2.036E-14
3.048E+02  2.594E-24  2.098E-14
3.020E+02  2.698E-24  2.161E-14
2.992E+02  2.806E-24  2.227E-14
2.965E+02  2.918E-24  2.295E-14
2.938E+02  3.034E-24  2.364E-14
2.911E+02  3.154E-24  2.436E-14
2.884E+02  3.280E-24  2.509E-14
2.858E+02  3.410E-24  2.585E-14
2.831E+02  3.545E-24  2.663E-14
2.805E+02  3.686E-24  2.743E-14
2.780E+02  3.831E-24  2.825E-14
2.754E+02  3.983E-24  2.910E-14
2.729E+02  4.140E-24  2.997E-14
2.704E+02  4.304E-24  3.087E-14
2.679E+02  4.474E-24  3.179E-14
2.655E+02  4.650E-24  3.275E-14
2.630E+02  4.834E-24  3.372E-14
2.606E+02  5.024E-24  3.473E-14
2.582E+02  5.222E-24  3.577E-14
2.559E+02  5.426E-24  3.682E-14
2.535E+02  5.637E-24  3.790E-14
2.512E+02  5.855E-24  3.901E-14
2.489E+02  6.078E-24  4.012E-14
2.466E+02  6.305E-24  4.124E-14
2.443E+02  6.540E-24  4.239E-14
2.421E+02  6.781E-24  4.355E-14
2.399E+02  7.029E-24  4.473E-14
2.377E+02  7.283E-24  4.592E-14
2.355E+02  7.545E-24  4.713E-14
2.333E+02  7.815E-24  4.837E-14
2.312E+02  8.094E-24  4.964E-14
2.291E+02  8.383E-24  5.094E-14
2.270E+02  8.681E-24  5.227E-14
2.249E+02  8.988E-24  5.362E-14
2.228E+02  9.306E-24  5.501E-14
2.208E+02  9.634E-24  5.643E-14
2.188E+02  9.973E-24  5.787E-14
2.168E+02  1.032E-23  5.935E-14
2.148E+02  1.068E-23  6.086E-14
2.128E+02  1.105E-23  6.240E-14
2.109E+02  1.144E-23  6.398E-14
2.089E+02  1.183E-23  6.558E-14
2.070E+02  1.224E-23  6.722E-14
2.051E+02  1.266E-23  6.890E-14
2.032E+02  1.310E-23  7.060E-14
2.014E+02  1.354E-23  7.234E-14
1.995E+02  1.400E-23  7.412E-14
1.977E+02  1.448E-23  7.593E-14
1.959E+02  1.497E-23  7.778E-14
1.941E+02  1.547E-23  7.966E-14
1.923E+02  1.599E-23  8.158E-14
1.905E+02  1.653E-23  8.354E-14
1.888E+02  1.708E-23  8.553E-14
1.871E+02  1.765E-23  8.757E-14
1.854E+02  1.823E-23  8.964E-14
1.837E+02  1.883E-23  9.175E-14
1.820E+02  1.945E-23  9.391E-14
1.803E+02  2.009E-23  9.610E-14
1.786E+02  2.075E-23  9.834E-14
1.770E+02  2.143E-23  1.006E-13
1.754E+02  2.213E-23  1.029E-13
1.738E+02  2.285E-23  1.053E-13
1.722E+02  2.359E-23  1.077E-13
1.706E+02  2.435E-23  1.102E-13
1.690E+02  2.513E-23  1.127E-13
1.675E+02  2.594E-23  1.153E-13
1.660E+02  2.678E-23  1.179E-13
1.644E+02  2.764E-23  1.206E-13
1.629E+02  2.853E-23  1.233E-13
1.614E+02  2.944E-23  1.261E-13
1.600E+02  3.038E-23  1.289E-13
1.585E+02  3.136E-23  1.318E-13
1.570E+02  3.236E-23  1.348E-13
1.556E+02  3.340E-23  1.379E-13
1.542E+02  3.447E-23  1.410E-13
1.528E+02  3.558E-23  1.442E-13
1.514E+02  3.672E-23  1.474E-13
1.500E+02  3.791E-23  1.508E-13
1.486E+02  3.912E-23  1.542E-13
1.472E+02  4.038E-23  1.577E-13
1.459E+02  4.167E-23  1.612E-13
1.445E+02  4.298E-23  1.648E-13
1.432E+02  4.431E-23  1.683E-13
1.419E+02  4.564E-23  1.718E-13
1.406E+02  4.696E-23  1.752E-13
1.393E+02  4.826E-23  1.783E-13
1.380E+02  4.952E-23  1.813E-13
1.368E+02  5.075E-23  1.841E-13
1.355E+02  5.196E-23  1.868E-13
1.343E+02  5.315E-23  1.893E-13
1.330E+02  5.434E-23  1.918E-13
1.318E+02  5.555E-23  1.943E-13
1.306E+02  5.678E-23  1.967E-13
1.294E+02  5.804E-23  1.993E-13
1.282E+02  5.934E-23  2.018E-13
1.271E+02  6.067E-23  2.045E-13
1.259E+02  6.203E-23  2.072E-13
1.247E+02  6.344E-23  2.099E-13
1.236E+02  6.489E-23  2.127E-13
1.225E+02  6.637E-23  2.156E-13
1.213E+02  6.790E-23  2.185E-13
1.202E+02  6.946E-23  2.215E-13
1.191E+02  7.106E-23  2.245E-13
1.180E+02  7.270E-23  2.276E-13
1.169E+02  7.437E-23  2.307E-13
1.159E+02  7.607E-23  2.338E-13
1.148E+02  7.781E-23  2.370E-13
1.138E+02  7.959E-23  2.402E-13
1.127E+02  8.140E-23  2.434E-13
1.117E+02  8.326E-23  2.467E-13
1.107E+02  8.515E-23  2.500E-13
1.096E+02  8.708E-23  2.533E-13
1.086E+02  8.905E-23  2.566E-13
1.076E+02  9.105E-23  2.600E-13
1.067E+02  9.309E-23  2.634E-13
1.057E+02  9.516E-23  2.668E-13
1.047E+02  9.727E-23  2.702E-13
1.038E+02  9.941E-23  2.736E-13
1.028E+02  1.016E-22  2.770E-13
1.019E+02  1.038E-22  2.804E-13
1.009E+02  1.060E-22  2.838E-13
1.000E+02  1.083E-22  2.872E-13
9.908E+01  1.106E-22  2.906E-13
9.817E+01  1.129E-22  2.940E-13
9.727E+01  1.153E-22  2.974E-13
9.638E+01  1.176E-22  3.008E-13
9.550E+01  1.201E-22  3.041E-13
9.462E+01  1.225E-22  3.075E-13
9.376E+01  1.250E-22  3.108E-13
9.290E+01  1.275E-22  3.141E-13
9.204E+01  1.300E-22  3.174E-13
9.120E+01  1.325E-22  3.206E-13
9.036E+01  1.351E-22  3.238E-13
8.954E+01  1.377E-22  3.271E-13
8.872E+01  1.403E-22  3.302E-13
8.790E+01  1.430E-22  3.334E-13
8.710E+01  1.457E-22  3.366E-13
8.630E+01  1.484E-22  3.397E-13
8.551E+01  1.511E-22  3.428E-13
8.472E+01  1.539E-22  3.458E-13
8.395E+01  1.567E-22  3.489E-13
8.318E+01  1.595E-22  3.519E-13
8.241E+01  1.623E-22  3.548E-13
8.166E+01  1.652E-22  3.578E-13
8.091E+01  1.681E-22  3.607E-13
8.017E+01  1.710E-22  3.636E-13
7.943E+01  1.739E-22  3.664E-13
7.870E+01  1.768E-22  3.692E-13
7.798E+01  1.798E-22  3.719E-13
7.727E+01  1.828E-22  3.746E-13
7.656E+01  1.858E-22  3.772E-13
7.586E+01  1.888E-22  3.798E-13
7.516E+01  1.918E-22  3.824E-13
7.447E+01  1.948E-22  3.849E-13
7.379E+01  1.979E-22  3.873E-13
7.311E+01  2.009E-22  3.897E-13
7.244E+01  2.040E-22  3.920E-13
7.178E+01  2.071E-22  3.943E-13
7.112E+01  2.102E-22  3.965E-13
7.047E+01  2.133E-22  3.987E-13
6.982E+01  2.165E-22  4.009E-13
6.918E+01  2.196E-22  4.030E-13
6.855E+01  2.228E-22  4.051E-13
6.792E+01  2.259E-22  4.071E-13
6.730E+01  2.291E-22  4.090E-13
6.668E+01  2.323E-22  4.109E-13
6.607E+01  2.355E-22  4.128E-13
6.546E+01  2.387E-22  4.146E-13
6.486E+01  2.420E-22  4.163E-13
6.427E+01  2.452E-22  4.180E-13
6.368E+01  2.485E-22  4.197E-13
6.310E+01  2.517E-22  4.213E-13
6.252E+01  2.550E-22  4.229E-13
6.194E+01  2.583E-22  4.245E-13
6.138E+01  2.617E-22  4.260E-13
6.081E+01  2.650E-22  4.275E-13
6.026E+01  2.683E-22  4.289E-13
5.970E+01  2.717E-22  4.303E-13
5.916E+01  2.751E-22  4.316E-13
5.861E+01  2.784E-22  4.329E-13
5.808E+01  2.818E-22  4.341E-13
5.754E+01  2.852E-22  4.354E-13
5.702E+01  2.887E-22  4.366E-13
5.649E+01  2.921E-22  4.377E-13
5.598E+01  2.956E-22  4.389E-13
5.546E+01  2.991E-22  4.400E-13
5.495E+01  3.026E-22  4.411E-13
5.445E+01  3.062E-22  4.422E-13
5.395E+01  3.098E-22  4.433E-13
5.346E+01  3.134E-22  4.444E-13
5.297E+01  3.170E-22  4.454E-13
5.248E+01  3.207E-22  4.465E-13
5.200E+01  3.244E-22  4.475E-13
5.152E+01  3.282E-22  4.485E-13
5.105E+01  3.319E-22  4.495E-13
5.058E+01  3.357E-22  4.505E-13
5.012E+01  3.396E-22  4.515E-13
4.966E+01  3.435E-22  4.524E-13
4.920E+01  3.474E-22  4.534E-13
4.875E+01  3.513E-22  4.543E-13
4.831E+01  3.553E-22  4.553E-13
4.786E+01  3.594E-22  4.563E-13
4.742E+01  3.635E-22  4.572E-13
4.699E+01  3.676E-22  4.582E-13
4.656E+01  3.718E-22  4.592E-13
4.613E+01  3.761E-22  4.602E-13
4.571E+01  3.804E-22  4.612E-13
4.529E+01  3.847E-22  4.622E-13
4.487E+01  3.891E-22  4.631E-13
4.446E+01  3.935E-22  4.641E-13
4.406E+01  3.980E-22  4.651E-13
4.365E+01  4.025E-22  4.661E-13
4.325E+01  4.070E-22  4.670E-13
4.285E+01  4.116E-22  4.679E-13
4.246E+01  4.161E-22  4.687E-13
4.207E+01  4.207E-22  4.695E-13
4.169E+01  4.252E-22  4.702E-13
4.130E+01  4.298E-22  4.709E-13
4.093E+01  4.342E-22  4.714E-13
4.055E+01  4.386E-22  4.718E-13
4.018E+01  4.430E-22  4.721E-13
3.981E+01  4.472E-22  4.723E-13
3.945E+01  4.513E-22  4.723E-13
3.908E+01  4.553E-22  4.721E-13
3.873E+01  4.591E-22  4.716E-13
3.837E+01  4.628E-22  4.710E-13
3.802E+01  4.662E-22  4.701E-13
3.767E+01  4.693E-22  4.689E-13
3.733E+01  4.721E-22  4.674E-13
3.698E+01  4.745E-22  4.655E-13
3.664E+01  4.766E-22  4.633E-13
3.631E+01  4.783E-22  4.607E-13
3.597E+01  4.796E-22  4.577E-13
3.565E+01  4.804E-22  4.542E-13
3.532E+01  4.807E-22  4.504E-13
3.499E+01  4.805E-22  4.461E-13
3.467E+01  4.798E-22  4.413E-13
3.436E+01  4.784E-22  4.360E-13
3.404E+01  4.765E-22  4.303E-13
3.373E+01  4.739E-22  4.240E-13
3.342E+01  4.707E-22  4.173E-13
3.311E+01  4.670E-22  4.102E-13
3.281E+01  4.626E-22  4.026E-13
3.251E+01  4.576E-22  3.946E-13
3.221E+01  4.520E-22  3.862E-13
3.192E+01  4.458E-22  3.774E-13
3.162E+01  4.391E-22  3.683E-13
3.133E+01  4.319E-22  3.589E-13
3.105E+01  4.242E-22  3.493E-13
3.076E+01  4.161E-22  3.395E-13
3.048E+01  4.076E-22  3.296E-13
3.020E+01  3.989E-22  3.195E-13
2.992E+01  3.899E-22  3.095E-13
2.965E+01  3.806E-22  2.993E-13
2.938E+01  3.712E-22  2.893E-13
2.911E+01  3.617E-22  2.793E-13
2.884E+01  3.522E-22  2.694E-13
2.858E+01  3.427E-22  2.597E-13
2.831E+01  3.332E-22  2.502E-13
2.805E+01  3.238E-22  2.409E-13
2.780E+01  3.145E-22  2.319E-13
2.754E+01  3.053E-22  2.231E-13
2.729E+01  2.963E-22  2.145E-13
2.704E+01  2.876E-22  2.063E-13
2.679E+01  2.790E-22  1.983E-13
2.655E+01  2.707E-22  1.906E-13
2.630E+01  2.626E-22  1.832E-13
2.606E+01  2.548E-22  1.762E-13
2.582E+01  2.473E-22  1.694E-13
2.559E+01  2.399E-22  1.628E-13
2.535E+01  2.329E-22  1.566E-13
2.512E+01  2.261E-22  1.507E-13
2.489E+01  2.196E-22  1.450E-13
2.466E+01  2.133E-22  1.395E-13
2.443E+01  2.073E-22  1.343E-13
2.421E+01  2.014E-22  1.294E-13
2.399E+01  1.958E-22  1.246E-13
2.377E+01  1.904E-22  1.200E-13
2.355E+01  1.853E-22  1.157E-13
2.333E+01  1.804E-22  1.116E-13
2.312E+01  1.755E-22  1.077E-13
2.291E+01  1.710E-22  1.039E-13
2.270E+01  1.667E-22  1.003E-13
2.249E+01  1.626E-22  9.702E-14
2.228E+01  1.588E-22  9.387E-14
2.208E+01  1.551E-22  9.084E-14
2.188E+01  1.515E-22  8.789E-14
2.168E+01  1.479E-22  8.504E-14
2.148E+01  1.445E-22  8.232E-14
2.128E+01  1.413E-22  7.976E-14
2.109E+01  1.383E-22  7.735E-14
2.089E+01  1.354E-22  7.502E-14
2.070E+01  1.325E-22  7.278E-14
2.051E+01  1.298E-22  7.061E-14
2.032E+01  1.272E-22  6.857E-14
2.014E+01  1.249E-22  6.672E-14
1.995E+01  1.227E-22  6.493E-14
1.977E+01  1.205E-22  6.320E-14
1.959E+01  1.184E-22  6.150E-14
1.941E+01  1.162E-22  5.983E-14
1.923E+01  1.141E-22  5.819E-14
1.905E+01  1.120E-22  5.659E-14
1.888E+01  1.099E-22  5.503E-14
1.871E+01  1.079E-22  5.354E-14
1.854E+01  1.061E-22  5.215E-14
1.837E+01  1.045E-22  5.089E-14
1.820E+01  1.034E-22  4.990E-14
1.803E+01  1.037E-22  4.960E-14
1.786E+01  1.059E-22  5.017E-14
1.770E+01  1.036E-22  4.862E-14
1.754E+01  1.057E-22  4.916E-14
1.738E+01  1.157E-22  5.336E-14
1.722E+01  1.088E-22  4.968E-14
1.706E+01  1.062E-22  4.807E-14
1.690E+01  1.025E-22  4.596E-14
1.675E+01  9.782E-23  4.346E-14
1.660E+01  9.761E-23  4.297E-14
1.644E+01  1.077E-22  4.699E-14
1.629E+01  8.755E-23  3.784E-14
1.614E+01  7.970E-23  3.413E-14
1.600E+01  7.965E-23  3.379E-14
1.585E+01  7.806E-23  3.282E-14
1.570E+01  6.982E-23  2.909E-14
1.556E+01  6.522E-23  2.692E-14
1.542E+01  6.236E-23  2.550E-14
1.528E+01  6.019E-23  2.439E-14
1.514E+01  5.839E-23  2.344E-14
1.500E+01  5.684E-23  2.261E-14
1.486E+01  5.549E-23  2.187E-14
1.472E+01  5.437E-23  2.123E-14
1.459E+01  5.360E-23  2.074E-14
1.445E+01  5.348E-23  2.051E-14
1.432E+01  5.475E-23  2.080E-14
1.419E+01  5.630E-23  2.119E-14
1.406E+01  5.343E-23  1.993E-14
1.393E+01  5.114E-23  1.890E-14
1.380E+01  5.106E-23  1.869E-14
1.368E+01  5.383E-23  1.953E-14
1.355E+01  5.468E-23  1.966E-14
1.343E+01  5.132E-23  1.828E-14
1.330E+01  5.090E-23  1.796E-14
1.318E+01  5.248E-23  1.835E-14
1.306E+01  5.606E-23  1.942E-14
1.294E+01  6.259E-23  2.149E-14
1.282E+01  7.334E-23  2.495E-14
1.271E+01  8.675E-23  2.924E-14
1.259E+01  9.223E-23  3.080E-14
1.247E+01  8.372E-23  2.770E-14
1.236E+01  7.341E-23  2.407E-14
1.225E+01  6.882E-23  2.236E-14
1.213E+01  6.944E-23  2.235E-14
1.202E+01  7.101E-23  2.265E-14
1.191E+01  6.848E-23  2.164E-14
1.180E+01  6.354E-23  1.989E-14
1.169E+01  6.168E-23  1.914E-14
1.159E+01  6.698E-23  2.059E-14
1.148E+01  8.624E-23  2.627E-14
1.138E+01  1.248E-22  3.767E-14
1.127E+01  1.691E-22  5.055E-14
1.117E+01  1.179E-22  3.493E-14
1.107E+01  6.637E-23  1.948E-14
1.096E+01  4.785E-23  1.392E-14
1.086E+01  3.896E-23  1.123E-14
1.076E+01  3.396E-23  9.696E-15
1.067E+01  3.081E-23  8.717E-15
1.057E+01  2.867E-23  8.036E-15
1.047E+01  2.711E-23  7.530E-15
1.038E+01  2.592E-23  7.133E-15
1.028E+01  2.498E-23  6.811E-15
1.019E+01  2.422E-23  6.544E-15
1.009E+01  2.362E-23  6.322E-15
1.000E+01  2.314E-23  6.139E-15
9.908E+00  2.280E-23  5.992E-15
9.817E+00  2.257E-23  5.878E-15
9.727E+00  2.246E-23  5.795E-15
9.638E+00  2.247E-23  5.745E-15
9.550E+00  2.261E-23  5.728E-15
9.462E+00  2.290E-23  5.749E-15
9.376E+00  2.338E-23  5.815E-15
9.290E+00  2.411E-23  5.940E-15
9.204E+00  2.518E-23  6.147E-15
9.120E+00  2.675E-23  6.471E-15
9.036E+00  2.910E-23  6.975E-15
8.954E+00  3.272E-23  7.772E-15
8.872E+00  3.854E-23  9.069E-15
8.790E+00  4.813E-23  1.122E-14
8.710E+00  6.276E-23  1.450E-14
8.630E+00  7.623E-23  1.745E-14
8.551E+00  7.406E-23  1.680E-14
8.472E+00  6.414E-23  1.442E-14
8.395E+00  5.901E-23  1.314E-14
8.318E+00  5.850E-23  1.291E-14
8.241E+00  6.083E-23  1.330E-14
8.166E+00  6.698E-23  1.451E-14
8.091E+00  7.877E-23  1.691E-14
8.017E+00  9.760E-23  2.075E-14
7.943E+00  1.223E-22  2.577E-14
7.870E+00  1.444E-22  3.014E-14
7.798E+00  1.541E-22  3.188E-14
7.727E+00  1.592E-22  3.263E-14
7.656E+00  1.690E-22  3.431E-14
7.586E+00  1.657E-22  3.334E-14
7.516E+00  1.359E-22  2.710E-14
7.447E+00  1.024E-22  2.022E-14
7.379E+00  7.829E-23  1.532E-14
7.311E+00  6.230E-23  1.208E-14
7.244E+00  5.126E-23  9.851E-15
7.178E+00  4.327E-23  8.239E-15
7.112E+00  3.737E-23  7.049E-15
7.047E+00  3.307E-23  6.181E-15
6.982E+00  3.010E-23  5.576E-15
6.918E+00  2.832E-23  5.197E-15
6.855E+00  2.757E-23  5.013E-15
6.792E+00  2.754E-23  4.962E-15
6.730E+00  2.761E-23  4.929E-15
6.668E+00  2.708E-23  4.791E-15
6.607E+00  2.599E-23  4.555E-15
6.546E+00  2.525E-23  4.384E-15
6.486E+00  2.604E-23  4.480E-15
6.427E+00  2.982E-23  5.083E-15
6.368E+00  3.949E-23  6.670E-15
6.310E+00  6.163E-23  1.031E-14
6.252E+00  9.963E-23  1.652E-14
6.194E+00  1.010E-22  1.659E-14
6.138E+00  6.035E-23  9.826E-15
6.081E+00  3.523E-23  5.684E-15
6.026E+00  2.355E-23  3.764E-15
5.970E+00  1.797E-23  2.845E-15
5.916E+00  1.542E-23  2.419E-15
5.861E+00  1.485E-23  2.310E-15
5.808E+00  1.614E-23  2.486E-15
5.754E+00  1.904E-23  2.906E-15
5.702E+00  2.068E-23  3.128E-15
5.649E+00  1.756E-23  2.632E-15
5.598E+00  1.304E-23  1.936E-15
5.546E+00  9.914E-24  1.459E-15
5.495E+00  8.090E-24  1.179E-15
5.445E+00  7.096E-24  1.025E-15
5.395E+00  6.717E-24  9.613E-16
5.346E+00  7.018E-24  9.951E-16
5.297E+00  8.236E-24  1.157E-15
5.248E+00  9.117E-24  1.269E-15
5.200E+00  7.351E-24  1.014E-15
5.152E+00  5.527E-24  7.554E-16
5.105E+00  4.524E-24  6.127E-16
5.058E+00  3.962E-24  5.315E-16
5.012E+00  3.607E-24  4.795E-16
4.966E+00  3.360E-24  4.425E-16
4.920E+00  3.173E-24  4.142E-16
4.875E+00  3.026E-24  3.913E-16
4.831E+00  2.905E-24  3.722E-16
4.786E+00  2.802E-24  3.557E-16
4.742E+00  2.714E-24  3.414E-16
4.699E+00  2.636E-24  3.286E-16
4.656E+00  2.568E-24  3.171E-16
4.613E+00  2.507E-24  3.067E-16
4.571E+00  2.452E-24  2.973E-16
4.529E+00  2.402E-24  2.886E-16
4.487E+00  2.357E-24  2.805E-16
4.446E+00  2.316E-24  2.731E-16
4.406E+00  2.278E-24  2.662E-16
4.365E+00  2.244E-24  2.598E-16
4.325E+00  2.212E-24  2.538E-16
4.285E+00  2.183E-24  2.482E-16
4.246E+00  2.157E-24  2.429E-16
4.207E+00  2.133E-24  2.380E-16
4.169E+00  2.111E-24  2.334E-16
4.130E+00  2.091E-24  2.291E-16
4.093E+00  2.073E-24  2.251E-16
4.055E+00  2.057E-24  2.213E-16
4.018E+00  2.044E-24  2.178E-16
3.981E+00  2.033E-24  2.147E-16
3.945E+00  2.024E-24  2.118E-16
3.908E+00  2.018E-24  2.093E-16
3.873E+00  2.016E-24  2.070E-16
3.837E+00  2.017E-24  2.052E-16
3.802E+00  2.022E-24  2.039E-16
3.767E+00  2.033E-24  2.031E-16
3.733E+00  2.050E-24  2.030E-16
3.698E+00  2.076E-24  2.037E-16
3.664E+00  2.114E-24  2.055E-16
3.631E+00  2.168E-24  2.088E-16
3.597E+00  2.244E-24  2.142E-16
3.565E+00  2.354E-24  2.226E-16
3.532E+00  2.517E-24  2.358E-16
3.499E+00  2.766E-24  2.567E-16
3.467E+00  3.169E-24  2.914E-16
3.436E+00  3.875E-24  3.531E-16
3.404E+00  5.270E-24  4.758E-16
3.373E+00  8.602E-24  7.696E-16
3.342E+00  1.964E-23  1.741E-15
3.311E+00  7.438E-23  6.533E-15
3.281E+00  5.077E-23  4.418E-15
3.251E+00  1.447E-23  1.248E-15
3.221E+00  6.888E-24  5.886E-16
3.192E+00  4.380E-24  3.708E-16
3.162E+00  3.272E-24  2.744E-16
3.133E+00  2.688E-24  2.234E-16
3.105E+00  2.343E-24  1.930E-16
3.076E+00  2.121E-24  1.731E-16
3.048E+00  1.969E-24  1.592E-16
3.020E+00  1.859E-24  1.489E-16
2.992E+00  1.777E-24  1.410E-16
2.965E+00  1.712E-24  1.346E-16
2.938E+00  1.660E-24  1.293E-16
2.911E+00  1.617E-24  1.248E-16
2.884E+00  1.581E-24  1.209E-16
2.858E+00  1.549E-24  1.174E-16
2.831E+00  1.522E-24  1.143E-16
2.805E+00  1.497E-24  1.114E-16
2.780E+00  1.474E-24  1.087E-16
2.754E+00  1.454E-24  1.062E-16
2.729E+00  1.435E-24  1.039E-16
2.704E+00  1.417E-24  1.016E-16
2.679E+00  1.400E-24  9.947E-17
2.655E+00  1.383E-24  9.741E-17
2.630E+00  1.368E-24  9.543E-17
2.606E+00  1.353E-24  9.352E-17
2.582E+00  1.338E-24  9.166E-17
2.559E+00  1.324E-24  8.985E-17
2.535E+00  1.310E-24  8.808E-17
2.512E+00  1.296E-24  8.636E-17
2.489E+00  1.283E-24  8.467E-17
2.466E+00  1.269E-24  8.301E-17
2.443E+00  1.255E-24  8.137E-17
2.421E+00  1.242E-24  7.976E-17
2.399E+00  1.229E-24  7.820E-17
2.377E+00  1.216E-24  7.667E-17
2.355E+00  1.203E-24  7.516E-17
2.333E+00  1.190E-24  7.367E-17
2.312E+00  1.177E-24  7.222E-17
2.291E+00  1.165E-24  7.078E-17
2.270E+00  1.152E-24  6.936E-17
2.249E+00  1.139E-24  6.795E-17
2.228E+00  1.126E-24  6.656E-17
2.208E+00  1.113E-24  6.517E-17
2.188E+00  1.099E-24  6.379E-17
2.168E+00  1.085E-24  6.241E-17
2.148E+00  1.071E-24  6.103E-17
2.128E+00  1.056E-24  5.963E-17
2.109E+00  1.041E-24  5.821E-17
2.089E+00  1.024E-24  5.675E-17
2.070E+00  1.006E-24  5.525E-17
2.051E+00  9.867E-25  5.368E-17
2.032E+00  9.652E-25  5.203E-17
2.014E+00  9.412E-25  5.028E-17
1.995E+00  9.143E-25  4.839E-17
1.977E+00  8.845E-25  4.638E-17
1.959E+00  8.526E-25  4.430E-17
1.941E+00  8.218E-25  4.231E-17
1.923E+00  7.976E-25  4.069E-17
1.905E+00  7.858E-25  3.972E-17
1.888E+00  7.885E-25  3.949E-17
1.871E+00  8.015E-25  3.977E-17
1.854E+00  8.177E-25  4.020E-17
1.837E+00  8.321E-25  4.054E-17
1.820E+00  8.425E-25  4.067E-17
1.803E+00  8.488E-25  4.060E-17
1.786E+00  8.516E-25  4.036E-17
1.770E+00  8.517E-25  3.999E-17
1.754E+00  8.498E-25  3.954E-17
1.738E+00  8.464E-25  3.902E-17
1.722E+00  8.420E-25  3.846E-17
1.706E+00  8.369E-25  3.788E-17
1.690E+00  8.314E-25  3.728E-17
1.675E+00  8.255E-25  3.667E-17
1.660E+00  8.194E-25  3.607E-17
1.644E+00  8.133E-25  3.548E-17
1.629E+00  8.072E-25  3.489E-17
1.614E+00  8.013E-25  3.431E-17
1.600E+00  7.956E-25  3.376E-17
1.585E+00  7.903E-25  3.323E-17
1.570E+00  7.854E-25  3.272E-17
1.556E+00  7.810E-25  3.223E-17
1.542E+00  7.772E-25  3.179E-17
1.528E+00  7.742E-25  3.137E-17
1.514E+00  7.721E-25  3.100E-17
1.500E+00  7.710E-25  3.067E-17
1.486E+00  7.711E-25  3.040E-17
1.472E+00  7.727E-25  3.018E-17
1.459E+00  7.759E-25  3.002E-17
1.445E+00  7.811E-25  2.995E-17
1.432E+00  7.887E-25  2.996E-17
1.419E+00  7.992E-25  3.008E-17
1.406E+00  8.130E-25  3.032E-17
1.393E+00  8.310E-25  3.071E-17
1.380E+00  8.538E-25  3.126E-17
1.368E+00  8.825E-25  3.202E-17
1.355E+00  9.180E-25  3.300E-17
1.343E+00  9.611E-25  3.423E-17
1.330E+00  1.012E-24  3.573E-17
1.318E+00  1.071E-24  3.744E-17
1.306E+00  1.133E-24  3.925E-17
1.294E+00  1.191E-24  4.090E-17
1.282E+00  1.234E-24  4.199E-17
1.271E+00  1.247E-24  4.204E-17
1.259E+00  1.220E-24  4.073E-17
1.247E+00  1.152E-24  3.813E-17
1.236E+00  1.058E-24  3.470E-17
1.225E+00  9.556E-25  3.104E-17
1.213E+00  8.582E-25  2.762E-17
1.202E+00  7.741E-25  2.469E-17
1.191E+00  7.058E-25  2.230E-17
1.180E+00  6.530E-25  2.044E-17
1.169E+00  6.140E-25  1.905E-17
1.159E+00  5.874E-25  1.806E-17
1.148E+00  5.724E-25  1.743E-17
1.138E+00  5.688E-25  1.716E-17
1.127E+00  5.777E-25  1.727E-17
1.117E+00  6.018E-25  1.783E-17
1.107E+00  6.457E-25  1.895E-17
1.096E+00  7.172E-25  2.086E-17
1.086E+00  8.277E-25  2.385E-17
1.076E+00  9.884E-25  2.822E-17
1.067E+00  1.190E-24  3.366E-17
1.057E+00  1.351E-24  3.787E-17
1.047E+00  1.324E-24  3.678E-17
1.038E+00  1.097E-24  3.018E-17
1.028E+00  8.283E-25  2.259E-17
1.019E+00  6.202E-25  1.676E-17
1.009E+00  4.792E-25  1.283E-17
1.000E+00  3.859E-25  1.024E-17
