Dust emission from Draine & Li (2007): ApJ 657, 810-837
================================================================
         9 = grain model
 4.000E-08 4.000E-01 2.500E-06 = a_01 (cm) , sigma_1 , b_C1/0.92
 2.500E-07 4.000E-01 2.500E-06 = a_02 (cm) , sigma_2 , b_C2/0.92
 1.500E+01 1.000E+03 2.000E+00 = Umin , Umax, beta (dN/dU propto U^{-beta})
 6.395E+01 = <U> 
     mmp83 = radfield
 6.029E-23 = power/H (erg s-1)
 band   nu*P_nu(band) j_nu(band)
 (um)   (erg s-1 H-1)(Jy cm2 sr-1 H-1)
1.270E+00  1.108E-25  3.734E-18 COBE-DIRBE
2.220E+00  1.453E-25  8.556E-18 COBE-DIRBE
3.530E+00  6.000E-25  5.618E-17 COBE-DIRBE
4.880E+00  2.766E-25  3.580E-17 COBE-DIRBE
1.229E+01  3.871E-24  1.262E-15 COBE-DIRBE
2.079E+01  6.234E-24  3.438E-15 COBE-DIRBE
5.599E+01  4.073E-23  6.049E-14 COBE-DIRBE
9.770E+01  2.663E-23  6.901E-14 COBE-DIRBE
1.479E+02  1.094E-23  4.291E-14 COBE-DIRBE
2.479E+02  2.116E-24  1.391E-14 COBE-DIRBE
1.200E+01  3.669E-24  1.168E-15 IRAS
2.500E+01  7.792E-24  5.167E-15 IRAS
6.000E+01  4.001E-23  6.368E-14 IRAS
1.000E+02  2.549E-23  6.762E-14 IRAS
3.550E+00  6.886E-25  6.484E-17 SST-IRAC
4.493E+00  2.162E-25  2.577E-17 SST-IRAC
5.731E+00  1.323E-24  2.011E-16 SST-IRAC
7.872E+00  3.750E-24  7.830E-16 SST-IRAC
2.368E+01  6.868E-24  4.314E-15 SST-MIPS
7.142E+01  3.564E-23  6.753E-14 SST-MIPS
1.559E+02  8.558E-24  3.539E-14 SST-MIPS
1.600E+01  4.338E-24  1.841E-15 SST-IRSPU
2.200E+01  6.770E-24  3.951E-15 SST-IRSPU











lambda    nu*dP/dnu     j_nu
 (um)   (erg s-1 H-1)(Jy cm2 sr-1 H-1)
1.000E+04  3.528E-31  9.358E-20
9.908E+03  3.657E-31  9.612E-20
9.817E+03  3.791E-31  9.871E-20
9.727E+03  3.929E-31  1.014E-19
9.638E+03  4.073E-31  1.041E-19
9.550E+03  4.221E-31  1.069E-19
9.462E+03  4.376E-31  1.098E-19
9.376E+03  4.536E-31  1.128E-19
9.290E+03  4.701E-31  1.158E-19
9.204E+03  4.873E-31  1.190E-19
9.120E+03  5.051E-31  1.222E-19
9.036E+03  5.236E-31  1.255E-19
8.954E+03  5.426E-31  1.289E-19
8.872E+03  5.624E-31  1.323E-19
8.790E+03  5.828E-31  1.359E-19
8.710E+03  6.040E-31  1.395E-19
8.630E+03  6.260E-31  1.433E-19
8.551E+03  6.488E-31  1.472E-19
8.472E+03  6.724E-31  1.511E-19
8.395E+03  6.969E-31  1.552E-19
8.318E+03  7.224E-31  1.594E-19
8.241E+03  7.487E-31  1.637E-19
8.166E+03  7.761E-31  1.681E-19
8.091E+03  8.045E-31  1.727E-19
8.017E+03  8.339E-31  1.773E-19
7.943E+03  8.644E-31  1.821E-19
7.870E+03  8.961E-31  1.871E-19
7.798E+03  9.289E-31  1.921E-19
7.727E+03  9.630E-31  1.974E-19
7.656E+03  9.983E-31  2.027E-19
7.586E+03  1.035E-30  2.082E-19
7.516E+03  1.073E-30  2.139E-19
7.447E+03  1.112E-30  2.197E-19
7.379E+03  1.153E-30  2.257E-19
7.311E+03  1.196E-30  2.319E-19
7.244E+03  1.240E-30  2.382E-19
7.178E+03  1.285E-30  2.447E-19
7.112E+03  1.333E-30  2.514E-19
7.047E+03  1.382E-30  2.583E-19
6.982E+03  1.433E-30  2.654E-19
6.918E+03  1.486E-30  2.726E-19
6.855E+03  1.540E-30  2.801E-19
6.792E+03  1.597E-30  2.878E-19
6.730E+03  1.656E-30  2.957E-19
6.668E+03  1.717E-30  3.038E-19
6.607E+03  1.781E-30  3.121E-19
6.546E+03  1.847E-30  3.207E-19
6.486E+03  1.915E-30  3.295E-19
6.427E+03  1.986E-30  3.386E-19
6.368E+03  2.060E-30  3.479E-19
6.310E+03  2.136E-30  3.575E-19
6.252E+03  2.215E-30  3.674E-19
6.194E+03  2.298E-30  3.775E-19
6.138E+03  2.383E-30  3.880E-19
6.081E+03  2.472E-30  3.987E-19
6.026E+03  2.563E-30  4.097E-19
5.970E+03  2.659E-30  4.211E-19
5.916E+03  2.758E-30  4.328E-19
5.861E+03  2.861E-30  4.448E-19
5.808E+03  2.967E-30  4.571E-19
5.754E+03  3.078E-30  4.698E-19
5.702E+03  3.193E-30  4.829E-19
5.649E+03  3.312E-30  4.964E-19
5.598E+03  3.436E-30  5.102E-19
5.546E+03  3.565E-30  5.244E-19
5.495E+03  3.698E-30  5.391E-19
5.445E+03  3.836E-30  5.541E-19
5.395E+03  3.980E-30  5.696E-19
5.346E+03  4.129E-30  5.855E-19
5.297E+03  4.284E-30  6.019E-19
5.248E+03  4.445E-30  6.188E-19
5.200E+03  4.612E-30  6.361E-19
5.152E+03  4.785E-30  6.540E-19
5.105E+03  4.965E-30  6.723E-19
5.058E+03  5.152E-30  6.912E-19
5.012E+03  5.345E-30  7.106E-19
4.966E+03  5.547E-30  7.306E-19
4.920E+03  5.755E-30  7.512E-19
4.875E+03  5.972E-30  7.723E-19
4.831E+03  6.197E-30  7.941E-19
4.786E+03  6.431E-30  8.164E-19
4.742E+03  6.673E-30  8.395E-19
4.699E+03  6.925E-30  8.632E-19
4.656E+03  7.187E-30  8.876E-19
4.613E+03  7.459E-30  9.127E-19
4.571E+03  7.741E-30  9.386E-19
4.529E+03  8.034E-30  9.651E-19
4.487E+03  8.338E-30  9.925E-19
4.446E+03  8.654E-30  1.021E-18
4.406E+03  8.982E-30  1.050E-18
4.365E+03  9.323E-30  1.080E-18
4.325E+03  9.677E-30  1.110E-18
4.285E+03  1.005E-29  1.142E-18
4.246E+03  1.043E-29  1.174E-18
4.207E+03  1.082E-29  1.208E-18
4.169E+03  1.124E-29  1.242E-18
4.130E+03  1.166E-29  1.278E-18
4.093E+03  1.211E-29  1.314E-18
4.055E+03  1.257E-29  1.352E-18
4.018E+03  1.305E-29  1.391E-18
3.981E+03  1.355E-29  1.431E-18
3.945E+03  1.406E-29  1.472E-18
3.908E+03  1.460E-29  1.514E-18
3.873E+03  1.516E-29  1.557E-18
3.837E+03  1.574E-29  1.602E-18
3.802E+03  1.634E-29  1.648E-18
3.767E+03  1.696E-29  1.695E-18
3.733E+03  1.761E-29  1.744E-18
3.698E+03  1.829E-29  1.794E-18
3.664E+03  1.899E-29  1.846E-18
3.631E+03  1.972E-29  1.899E-18
3.597E+03  2.048E-29  1.954E-18
3.565E+03  2.126E-29  2.010E-18
3.532E+03  2.208E-29  2.069E-18
3.499E+03  2.293E-29  2.128E-18
3.467E+03  2.381E-29  2.190E-18
3.436E+03  2.473E-29  2.254E-18
3.404E+03  2.568E-29  2.319E-18
3.373E+03  2.668E-29  2.387E-18
3.342E+03  2.771E-29  2.456E-18
3.311E+03  2.878E-29  2.528E-18
3.281E+03  2.989E-29  2.601E-18
3.251E+03  3.105E-29  2.677E-18
3.221E+03  3.225E-29  2.755E-18
3.192E+03  3.350E-29  2.836E-18
3.162E+03  3.480E-29  2.919E-18
3.133E+03  3.615E-29  3.004E-18
3.105E+03  3.755E-29  3.092E-18
3.076E+03  3.901E-29  3.183E-18
3.048E+03  4.053E-29  3.276E-18
3.020E+03  4.210E-29  3.373E-18
2.992E+03  4.374E-29  3.472E-18
2.965E+03  4.544E-29  3.573E-18
2.938E+03  4.720E-29  3.678E-18
2.911E+03  4.903E-29  3.786E-18
2.884E+03  5.094E-29  3.897E-18
2.858E+03  5.292E-29  4.012E-18
2.831E+03  5.498E-29  4.130E-18
2.805E+03  5.713E-29  4.251E-18
2.780E+03  5.935E-29  4.376E-18
2.754E+03  6.167E-29  4.506E-18
2.729E+03  6.408E-29  4.639E-18
2.704E+03  6.658E-29  4.776E-18
2.679E+03  6.919E-29  4.917E-18
2.655E+03  7.189E-29  5.063E-18
2.630E+03  7.471E-29  5.213E-18
2.606E+03  7.764E-29  5.367E-18
2.582E+03  8.068E-29  5.526E-18
2.559E+03  8.385E-29  5.691E-18
2.535E+03  8.714E-29  5.860E-18
2.512E+03  9.056E-29  6.034E-18
2.489E+03  9.412E-29  6.214E-18
2.466E+03  9.783E-29  6.399E-18
2.443E+03  1.017E-28  6.590E-18
2.421E+03  1.057E-28  6.787E-18
2.399E+03  1.098E-28  6.990E-18
2.377E+03  1.142E-28  7.199E-18
2.355E+03  1.187E-28  7.414E-18
2.333E+03  1.234E-28  7.636E-18
2.312E+03  1.282E-28  7.865E-18
2.291E+03  1.333E-28  8.101E-18
2.270E+03  1.386E-28  8.344E-18
2.249E+03  1.441E-28  8.595E-18
2.228E+03  1.498E-28  8.853E-18
2.208E+03  1.557E-28  9.119E-18
2.188E+03  1.619E-28  9.394E-18
2.168E+03  1.683E-28  9.677E-18
2.148E+03  1.750E-28  9.968E-18
2.128E+03  1.819E-28  1.027E-17
2.109E+03  1.891E-28  1.058E-17
2.089E+03  1.966E-28  1.090E-17
2.070E+03  2.045E-28  1.123E-17
2.051E+03  2.126E-28  1.157E-17
2.032E+03  2.210E-28  1.192E-17
2.014E+03  2.298E-28  1.228E-17
1.995E+03  2.390E-28  1.265E-17
1.977E+03  2.485E-28  1.303E-17
1.959E+03  2.584E-28  1.343E-17
1.941E+03  2.687E-28  1.383E-17
1.923E+03  2.794E-28  1.425E-17
1.905E+03  2.905E-28  1.469E-17
1.888E+03  3.021E-28  1.513E-17
1.871E+03  3.142E-28  1.559E-17
1.854E+03  3.267E-28  1.606E-17
1.837E+03  3.398E-28  1.655E-17
1.820E+03  3.534E-28  1.706E-17
1.803E+03  3.675E-28  1.758E-17
1.786E+03  3.822E-28  1.811E-17
1.770E+03  3.975E-28  1.866E-17
1.754E+03  4.134E-28  1.923E-17
1.738E+03  4.300E-28  1.982E-17
1.722E+03  4.472E-28  2.043E-17
1.706E+03  4.651E-28  2.105E-17
1.690E+03  4.838E-28  2.169E-17
1.675E+03  5.032E-28  2.235E-17
1.660E+03  5.233E-28  2.304E-17
1.644E+03  5.443E-28  2.374E-17
1.629E+03  5.662E-28  2.447E-17
1.614E+03  5.889E-28  2.522E-17
1.600E+03  6.126E-28  2.599E-17
1.585E+03  6.372E-28  2.679E-17
1.570E+03  6.628E-28  2.761E-17
1.556E+03  6.894E-28  2.845E-17
1.542E+03  7.171E-28  2.933E-17
1.528E+03  7.459E-28  3.023E-17
1.514E+03  7.759E-28  3.115E-17
1.500E+03  8.071E-28  3.211E-17
1.486E+03  8.396E-28  3.309E-17
1.472E+03  8.734E-28  3.411E-17
1.459E+03  9.086E-28  3.516E-17
1.445E+03  9.452E-28  3.624E-17
1.432E+03  9.833E-28  3.736E-17
1.419E+03  1.023E-27  3.851E-17
1.406E+03  1.064E-27  3.969E-17
1.393E+03  1.107E-27  4.091E-17
1.380E+03  1.152E-27  4.217E-17
1.368E+03  1.198E-27  4.347E-17
1.355E+03  1.247E-27  4.481E-17
1.343E+03  1.297E-27  4.619E-17
1.330E+03  1.349E-27  4.762E-17
1.318E+03  1.404E-27  4.909E-17
1.306E+03  1.460E-27  5.060E-17
1.294E+03  1.519E-27  5.216E-17
1.282E+03  1.581E-27  5.377E-17
1.271E+03  1.645E-27  5.543E-17
1.259E+03  1.711E-27  5.713E-17
1.247E+03  1.780E-27  5.890E-17
1.236E+03  1.852E-27  6.071E-17
1.225E+03  1.927E-27  6.258E-17
1.213E+03  2.004E-27  6.451E-17
1.202E+03  2.085E-27  6.650E-17
1.191E+03  2.170E-27  6.855E-17
1.180E+03  2.257E-27  7.067E-17
1.169E+03  2.348E-27  7.285E-17
1.159E+03  2.443E-27  7.509E-17
1.148E+03  2.542E-27  7.741E-17
1.138E+03  2.644E-27  7.979E-17
1.127E+03  2.751E-27  8.225E-17
1.117E+03  2.862E-27  8.479E-17
1.107E+03  2.977E-27  8.740E-17
1.096E+03  3.098E-27  9.009E-17
1.086E+03  3.223E-27  9.287E-17
1.076E+03  3.353E-27  9.573E-17
1.067E+03  3.488E-27  9.867E-17
1.057E+03  3.628E-27  1.017E-16
1.047E+03  3.775E-27  1.048E-16
1.038E+03  3.927E-27  1.081E-16
1.028E+03  4.085E-27  1.114E-16
1.019E+03  4.249E-27  1.148E-16
1.009E+03  4.420E-27  1.183E-16
1.000E+03  4.598E-27  1.220E-16
9.908E+02  4.784E-27  1.257E-16
9.817E+02  4.976E-27  1.296E-16
9.727E+02  5.177E-27  1.336E-16
9.638E+02  5.385E-27  1.377E-16
9.550E+02  5.602E-27  1.419E-16
9.462E+02  5.828E-27  1.463E-16
9.376E+02  6.063E-27  1.508E-16
9.290E+02  6.307E-27  1.554E-16
9.204E+02  6.560E-27  1.602E-16
9.120E+02  6.824E-27  1.651E-16
9.036E+02  7.098E-27  1.701E-16
8.954E+02  7.383E-27  1.754E-16
8.872E+02  7.680E-27  1.807E-16
8.790E+02  7.988E-27  1.862E-16
8.710E+02  8.308E-27  1.919E-16
8.630E+02  8.641E-27  1.978E-16
8.551E+02  8.987E-27  2.038E-16
8.472E+02  9.346E-27  2.100E-16
8.395E+02  9.720E-27  2.164E-16
8.318E+02  1.011E-26  2.230E-16
8.241E+02  1.051E-26  2.298E-16
8.166E+02  1.093E-26  2.368E-16
8.091E+02  1.137E-26  2.440E-16
8.017E+02  1.182E-26  2.514E-16
7.943E+02  1.229E-26  2.590E-16
7.870E+02  1.278E-26  2.668E-16
7.798E+02  1.329E-26  2.749E-16
7.727E+02  1.382E-26  2.832E-16
7.656E+02  1.437E-26  2.918E-16
7.586E+02  1.494E-26  3.006E-16
7.516E+02  1.553E-26  3.096E-16
7.447E+02  1.615E-26  3.190E-16
7.379E+02  1.679E-26  3.287E-16
7.311E+02  1.746E-26  3.386E-16
7.244E+02  1.815E-26  3.488E-16
7.178E+02  1.888E-26  3.594E-16
7.112E+02  1.963E-26  3.703E-16
7.047E+02  2.041E-26  3.815E-16
6.982E+02  2.122E-26  3.931E-16
6.918E+02  2.207E-26  4.050E-16
6.855E+02  2.295E-26  4.172E-16
6.792E+02  2.386E-26  4.299E-16
6.730E+02  2.481E-26  4.428E-16
6.668E+02  2.579E-26  4.562E-16
6.607E+02  2.682E-26  4.700E-16
6.546E+02  2.788E-26  4.842E-16
6.486E+02  2.900E-26  4.989E-16
6.427E+02  3.016E-26  5.141E-16
6.368E+02  3.136E-26  5.297E-16
6.310E+02  3.261E-26  5.458E-16
6.252E+02  3.392E-26  5.625E-16
6.194E+02  3.527E-26  5.796E-16
6.138E+02  3.668E-26  5.972E-16
6.081E+02  3.815E-26  6.154E-16
6.026E+02  3.968E-26  6.342E-16
5.970E+02  4.127E-26  6.535E-16
5.916E+02  4.292E-26  6.735E-16
5.861E+02  4.464E-26  6.940E-16
5.808E+02  4.643E-26  7.152E-16
5.754E+02  4.829E-26  7.371E-16
5.702E+02  5.022E-26  7.596E-16
5.649E+02  5.224E-26  7.828E-16
5.598E+02  5.433E-26  8.068E-16
5.546E+02  5.652E-26  8.314E-16
5.495E+02  5.878E-26  8.569E-16
5.445E+02  6.115E-26  8.831E-16
5.395E+02  6.360E-26  9.102E-16
5.346E+02  6.616E-26  9.381E-16
5.297E+02  6.882E-26  9.669E-16
5.248E+02  7.158E-26  9.965E-16
5.200E+02  7.446E-26  1.027E-15
5.152E+02  7.746E-26  1.059E-15
5.105E+02  8.058E-26  1.091E-15
5.058E+02  8.382E-26  1.125E-15
5.012E+02  8.719E-26  1.159E-15
4.966E+02  9.070E-26  1.195E-15
4.920E+02  9.435E-26  1.231E-15
4.875E+02  9.815E-26  1.269E-15
4.831E+02  1.021E-25  1.308E-15
4.786E+02  1.062E-25  1.348E-15
4.742E+02  1.105E-25  1.390E-15
4.699E+02  1.149E-25  1.433E-15
4.656E+02  1.196E-25  1.477E-15
4.613E+02  1.244E-25  1.522E-15
4.571E+02  1.294E-25  1.569E-15
4.529E+02  1.346E-25  1.617E-15
4.487E+02  1.400E-25  1.667E-15
4.446E+02  1.457E-25  1.718E-15
4.406E+02  1.515E-25  1.771E-15
4.365E+02  1.576E-25  1.825E-15
4.325E+02  1.640E-25  1.881E-15
4.285E+02  1.706E-25  1.939E-15
4.246E+02  1.774E-25  1.999E-15
4.207E+02  1.846E-25  2.060E-15
4.169E+02  1.920E-25  2.123E-15
4.130E+02  1.997E-25  2.188E-15
4.093E+02  2.078E-25  2.256E-15
4.055E+02  2.162E-25  2.325E-15
4.018E+02  2.249E-25  2.396E-15
3.981E+02  2.339E-25  2.470E-15
3.945E+02  2.433E-25  2.546E-15
3.908E+02  2.531E-25  2.624E-15
3.873E+02  2.633E-25  2.705E-15
3.837E+02  2.739E-25  2.788E-15
3.802E+02  2.850E-25  2.874E-15
3.767E+02  2.964E-25  2.962E-15
3.733E+02  3.083E-25  3.053E-15
3.698E+02  3.207E-25  3.146E-15
3.664E+02  3.336E-25  3.243E-15
3.631E+02  3.470E-25  3.342E-15
3.597E+02  3.610E-25  3.445E-15
3.565E+02  3.755E-25  3.550E-15
3.532E+02  3.906E-25  3.659E-15
3.499E+02  4.062E-25  3.771E-15
3.467E+02  4.225E-25  3.886E-15
3.436E+02  4.395E-25  4.005E-15
3.404E+02  4.571E-25  4.127E-15
3.373E+02  4.754E-25  4.253E-15
3.342E+02  4.944E-25  4.383E-15
3.311E+02  5.142E-25  4.516E-15
3.281E+02  5.347E-25  4.654E-15
3.251E+02  5.561E-25  4.795E-15
3.221E+02  5.783E-25  4.941E-15
3.192E+02  6.014E-25  5.091E-15
3.162E+02  6.253E-25  5.245E-15
3.133E+02  6.502E-25  5.404E-15
3.105E+02  6.761E-25  5.568E-15
3.076E+02  7.030E-25  5.736E-15
3.048E+02  7.309E-25  5.909E-15
3.020E+02  7.599E-25  6.087E-15
2.992E+02  7.900E-25  6.271E-15
2.965E+02  8.213E-25  6.459E-15
2.938E+02  8.538E-25  6.653E-15
2.911E+02  8.876E-25  6.853E-15
2.884E+02  9.226E-25  7.058E-15
2.858E+02  9.590E-25  7.269E-15
2.831E+02  9.967E-25  7.486E-15
2.805E+02  1.036E-24  7.709E-15
2.780E+02  1.077E-24  7.938E-15
2.754E+02  1.119E-24  8.174E-15
2.729E+02  1.163E-24  8.418E-15
2.704E+02  1.209E-24  8.669E-15
2.679E+02  1.256E-24  8.927E-15
2.655E+02  1.305E-24  9.192E-15
2.630E+02  1.357E-24  9.465E-15
2.606E+02  1.410E-24  9.746E-15
2.582E+02  1.465E-24  1.003E-14
2.559E+02  1.522E-24  1.033E-14
2.535E+02  1.580E-24  1.063E-14
2.512E+02  1.641E-24  1.093E-14
2.489E+02  1.703E-24  1.124E-14
2.466E+02  1.765E-24  1.155E-14
2.443E+02  1.830E-24  1.186E-14
2.421E+02  1.896E-24  1.218E-14
2.399E+02  1.964E-24  1.250E-14
2.377E+02  2.033E-24  1.281E-14
2.355E+02  2.103E-24  1.314E-14
2.333E+02  2.177E-24  1.347E-14
2.312E+02  2.252E-24  1.381E-14
2.291E+02  2.330E-24  1.416E-14
2.270E+02  2.410E-24  1.451E-14
2.249E+02  2.493E-24  1.487E-14
2.228E+02  2.578E-24  1.524E-14
2.208E+02  2.666E-24  1.562E-14
2.188E+02  2.757E-24  1.600E-14
2.168E+02  2.850E-24  1.639E-14
2.148E+02  2.946E-24  1.679E-14
2.128E+02  3.045E-24  1.719E-14
2.109E+02  3.147E-24  1.760E-14
2.089E+02  3.252E-24  1.802E-14
2.070E+02  3.360E-24  1.845E-14
2.051E+02  3.471E-24  1.888E-14
2.032E+02  3.585E-24  1.933E-14
2.014E+02  3.702E-24  1.978E-14
1.995E+02  3.823E-24  2.023E-14
1.977E+02  3.947E-24  2.070E-14
1.959E+02  4.074E-24  2.117E-14
1.941E+02  4.206E-24  2.165E-14
1.923E+02  4.340E-24  2.214E-14
1.905E+02  4.478E-24  2.264E-14
1.888E+02  4.621E-24  2.314E-14
1.871E+02  4.767E-24  2.365E-14
1.854E+02  4.916E-24  2.417E-14
1.837E+02  5.070E-24  2.470E-14
1.820E+02  5.228E-24  2.524E-14
1.803E+02  5.390E-24  2.578E-14
1.786E+02  5.557E-24  2.633E-14
1.770E+02  5.727E-24  2.689E-14
1.754E+02  5.903E-24  2.746E-14
1.738E+02  6.082E-24  2.804E-14
1.722E+02  6.267E-24  2.862E-14
1.706E+02  6.456E-24  2.922E-14
1.690E+02  6.650E-24  2.982E-14
1.675E+02  6.849E-24  3.043E-14
1.660E+02  7.053E-24  3.105E-14
1.644E+02  7.263E-24  3.168E-14
1.629E+02  7.478E-24  3.232E-14
1.614E+02  7.699E-24  3.297E-14
1.600E+02  7.925E-24  3.363E-14
1.585E+02  8.158E-24  3.430E-14
1.570E+02  8.397E-24  3.498E-14
1.556E+02  8.643E-24  3.567E-14
1.542E+02  8.896E-24  3.638E-14
1.528E+02  9.156E-24  3.710E-14
1.514E+02  9.424E-24  3.783E-14
1.500E+02  9.699E-24  3.858E-14
1.486E+02  9.984E-24  3.935E-14
1.472E+02  1.028E-23  4.014E-14
1.459E+02  1.058E-23  4.093E-14
1.445E+02  1.089E-23  4.174E-14
1.432E+02  1.120E-23  4.254E-14
1.419E+02  1.151E-23  4.334E-14
1.406E+02  1.183E-23  4.411E-14
1.393E+02  1.214E-23  4.484E-14
1.380E+02  1.244E-23  4.553E-14
1.368E+02  1.273E-23  4.618E-14
1.355E+02  1.302E-23  4.679E-14
1.343E+02  1.330E-23  4.737E-14
1.330E+02  1.359E-23  4.795E-14
1.318E+02  1.387E-23  4.852E-14
1.306E+02  1.417E-23  4.909E-14
1.294E+02  1.447E-23  4.967E-14
1.282E+02  1.478E-23  5.027E-14
1.271E+02  1.509E-23  5.087E-14
1.259E+02  1.541E-23  5.148E-14
1.247E+02  1.574E-23  5.209E-14
1.236E+02  1.608E-23  5.272E-14
1.225E+02  1.642E-23  5.334E-14
1.213E+02  1.677E-23  5.398E-14
1.202E+02  1.713E-23  5.462E-14
1.191E+02  1.749E-23  5.525E-14
1.180E+02  1.785E-23  5.589E-14
1.169E+02  1.822E-23  5.653E-14
1.159E+02  1.860E-23  5.716E-14
1.148E+02  1.898E-23  5.779E-14
1.138E+02  1.936E-23  5.842E-14
1.127E+02  1.975E-23  5.905E-14
1.117E+02  2.014E-23  5.968E-14
1.107E+02  2.054E-23  6.030E-14
1.096E+02  2.095E-23  6.093E-14
1.086E+02  2.136E-23  6.155E-14
1.076E+02  2.177E-23  6.216E-14
1.067E+02  2.219E-23  6.277E-14
1.057E+02  2.260E-23  6.337E-14
1.047E+02  2.303E-23  6.396E-14
1.038E+02  2.345E-23  6.455E-14
1.028E+02  2.388E-23  6.512E-14
1.019E+02  2.431E-23  6.568E-14
1.009E+02  2.474E-23  6.623E-14
1.000E+02  2.517E-23  6.677E-14
9.908E+01  2.561E-23  6.730E-14
9.817E+01  2.604E-23  6.781E-14
9.727E+01  2.647E-23  6.831E-14
9.638E+01  2.691E-23  6.880E-14
9.550E+01  2.735E-23  6.927E-14
9.462E+01  2.778E-23  6.973E-14
9.376E+01  2.822E-23  7.017E-14
9.290E+01  2.865E-23  7.060E-14
9.204E+01  2.908E-23  7.101E-14
9.120E+01  2.952E-23  7.141E-14
9.036E+01  2.995E-23  7.178E-14
8.954E+01  3.038E-23  7.214E-14
8.872E+01  3.080E-23  7.249E-14
8.790E+01  3.123E-23  7.282E-14
8.710E+01  3.165E-23  7.313E-14
8.630E+01  3.208E-23  7.343E-14
8.551E+01  3.249E-23  7.370E-14
8.472E+01  3.291E-23  7.395E-14
8.395E+01  3.332E-23  7.418E-14
8.318E+01  3.372E-23  7.440E-14
8.241E+01  3.412E-23  7.459E-14
8.166E+01  3.452E-23  7.476E-14
8.091E+01  3.491E-23  7.492E-14
8.017E+01  3.529E-23  7.505E-14
7.943E+01  3.567E-23  7.516E-14
7.870E+01  3.604E-23  7.524E-14
7.798E+01  3.640E-23  7.530E-14
7.727E+01  3.676E-23  7.534E-14
7.656E+01  3.711E-23  7.536E-14
7.586E+01  3.745E-23  7.536E-14
7.516E+01  3.779E-23  7.534E-14
7.447E+01  3.811E-23  7.528E-14
7.379E+01  3.842E-23  7.520E-14
7.311E+01  3.872E-23  7.510E-14
7.244E+01  3.902E-23  7.497E-14
7.178E+01  3.930E-23  7.482E-14
7.112E+01  3.957E-23  7.465E-14
7.047E+01  3.983E-23  7.446E-14
6.982E+01  4.010E-23  7.426E-14
6.918E+01  4.034E-23  7.403E-14
6.855E+01  4.057E-23  7.378E-14
6.792E+01  4.079E-23  7.349E-14
6.730E+01  4.100E-23  7.318E-14
6.668E+01  4.119E-23  7.286E-14
6.607E+01  4.138E-23  7.252E-14
6.546E+01  4.156E-23  7.216E-14
6.486E+01  4.172E-23  7.178E-14
6.427E+01  4.186E-23  7.137E-14
6.368E+01  4.200E-23  7.094E-14
6.310E+01  4.212E-23  7.050E-14
6.252E+01  4.224E-23  7.005E-14
6.194E+01  4.234E-23  6.957E-14
6.138E+01  4.243E-23  6.908E-14
6.081E+01  4.251E-23  6.857E-14
6.026E+01  4.257E-23  6.805E-14
5.970E+01  4.262E-23  6.750E-14
5.916E+01  4.266E-23  6.694E-14
5.861E+01  4.268E-23  6.636E-14
5.808E+01  4.269E-23  6.576E-14
5.754E+01  4.268E-23  6.515E-14
5.702E+01  4.267E-23  6.453E-14
5.649E+01  4.264E-23  6.390E-14
5.598E+01  4.260E-23  6.325E-14
5.546E+01  4.255E-23  6.260E-14
5.495E+01  4.249E-23  6.194E-14
5.445E+01  4.242E-23  6.127E-14
5.395E+01  4.234E-23  6.059E-14
5.346E+01  4.224E-23  5.990E-14
5.297E+01  4.213E-23  5.920E-14
5.248E+01  4.202E-23  5.849E-14
5.200E+01  4.189E-23  5.778E-14
5.152E+01  4.175E-23  5.706E-14
5.105E+01  4.160E-23  5.633E-14
5.058E+01  4.143E-23  5.559E-14
5.012E+01  4.126E-23  5.486E-14
4.966E+01  4.108E-23  5.411E-14
4.920E+01  4.088E-23  5.336E-14
4.875E+01  4.068E-23  5.261E-14
4.831E+01  4.047E-23  5.185E-14
4.786E+01  4.025E-23  5.110E-14
4.742E+01  4.002E-23  5.034E-14
4.699E+01  3.978E-23  4.959E-14
4.656E+01  3.954E-23  4.883E-14
4.613E+01  3.929E-23  4.807E-14
4.571E+01  3.903E-23  4.732E-14
4.529E+01  3.876E-23  4.656E-14
4.487E+01  3.848E-23  4.581E-14
4.446E+01  3.820E-23  4.506E-14
4.406E+01  3.791E-23  4.430E-14
4.365E+01  3.761E-23  4.355E-14
4.325E+01  3.731E-23  4.280E-14
4.285E+01  3.699E-23  4.205E-14
4.246E+01  3.666E-23  4.130E-14
4.207E+01  3.633E-23  4.054E-14
4.169E+01  3.599E-23  3.979E-14
4.130E+01  3.563E-23  3.904E-14
4.093E+01  3.527E-23  3.828E-14
4.055E+01  3.489E-23  3.753E-14
4.018E+01  3.450E-23  3.677E-14
3.981E+01  3.410E-23  3.601E-14
3.945E+01  3.369E-23  3.525E-14
3.908E+01  3.326E-23  3.448E-14
3.873E+01  3.282E-23  3.372E-14
3.837E+01  3.237E-23  3.295E-14
3.802E+01  3.190E-23  3.217E-14
3.767E+01  3.142E-23  3.140E-14
3.733E+01  3.092E-23  3.061E-14
3.698E+01  3.040E-23  2.982E-14
3.664E+01  2.986E-23  2.903E-14
3.631E+01  2.931E-23  2.823E-14
3.597E+01  2.875E-23  2.744E-14
3.565E+01  2.817E-23  2.664E-14
3.532E+01  2.758E-23  2.584E-14
3.499E+01  2.698E-23  2.504E-14
3.467E+01  2.636E-23  2.425E-14
3.436E+01  2.573E-23  2.345E-14
3.404E+01  2.509E-23  2.266E-14
3.373E+01  2.444E-23  2.187E-14
3.342E+01  2.378E-23  2.108E-14
3.311E+01  2.312E-23  2.031E-14
3.281E+01  2.245E-23  1.954E-14
3.251E+01  2.178E-23  1.878E-14
3.221E+01  2.111E-23  1.804E-14
3.192E+01  2.044E-23  1.730E-14
3.162E+01  1.977E-23  1.658E-14
3.133E+01  1.910E-23  1.588E-14
3.105E+01  1.845E-23  1.519E-14
3.076E+01  1.780E-23  1.452E-14
3.048E+01  1.716E-23  1.387E-14
3.020E+01  1.654E-23  1.325E-14
2.992E+01  1.593E-23  1.264E-14
2.965E+01  1.533E-23  1.206E-14
2.938E+01  1.475E-23  1.150E-14
2.911E+01  1.419E-23  1.096E-14
2.884E+01  1.366E-23  1.045E-14
2.858E+01  1.314E-23  9.957E-15
2.831E+01  1.264E-23  9.491E-15
2.805E+01  1.216E-23  9.049E-15
2.780E+01  1.170E-23  8.630E-15
2.754E+01  1.127E-23  8.233E-15
2.729E+01  1.086E-23  7.858E-15
2.704E+01  1.046E-23  7.504E-15
2.679E+01  1.009E-23  7.171E-15
2.655E+01  9.738E-24  6.857E-15
2.630E+01  9.405E-24  6.562E-15
2.606E+01  9.091E-24  6.285E-15
2.582E+01  8.795E-24  6.024E-15
2.559E+01  8.516E-24  5.780E-15
2.535E+01  8.254E-24  5.551E-15
2.512E+01  8.008E-24  5.336E-15
2.489E+01  7.776E-24  5.134E-15
2.466E+01  7.559E-24  4.944E-15
2.443E+01  7.355E-24  4.767E-15
2.421E+01  7.162E-24  4.600E-15
2.399E+01  6.981E-24  4.442E-15
2.377E+01  6.813E-24  4.295E-15
2.355E+01  6.658E-24  4.159E-15
2.333E+01  6.513E-24  4.031E-15
2.312E+01  6.374E-24  3.909E-15
2.291E+01  6.246E-24  3.795E-15
2.270E+01  6.130E-24  3.691E-15
2.249E+01  6.026E-24  3.595E-15
2.228E+01  5.931E-24  3.506E-15
2.208E+01  5.842E-24  3.422E-15
2.188E+01  5.755E-24  3.340E-15
2.168E+01  5.673E-24  3.262E-15
2.148E+01  5.597E-24  3.189E-15
2.128E+01  5.529E-24  3.121E-15
2.109E+01  5.470E-24  3.059E-15
2.089E+01  5.414E-24  3.000E-15
2.070E+01  5.361E-24  2.944E-15
2.051E+01  5.313E-24  2.891E-15
2.032E+01  5.271E-24  2.841E-15
2.014E+01  5.240E-24  2.799E-15
1.995E+01  5.212E-24  2.759E-15
1.977E+01  5.188E-24  2.720E-15
1.959E+01  5.164E-24  2.683E-15
1.941E+01  5.143E-24  2.648E-15
1.923E+01  5.125E-24  2.614E-15
1.905E+01  5.110E-24  2.583E-15
1.888E+01  5.101E-24  2.554E-15
1.871E+01  5.100E-24  2.531E-15
1.854E+01  5.114E-24  2.514E-15
1.837E+01  5.152E-24  2.510E-15
1.820E+01  5.240E-24  2.529E-15
1.803E+01  5.469E-24  2.615E-15
1.786E+01  5.877E-24  2.785E-15
1.770E+01  5.816E-24  2.731E-15
1.754E+01  6.198E-24  2.884E-15
1.738E+01  7.357E-24  3.391E-15
1.722E+01  6.801E-24  3.106E-15
1.706E+01  6.680E-24  3.023E-15
1.690E+01  6.437E-24  2.886E-15
1.675E+01  6.101E-24  2.711E-15
1.660E+01  6.185E-24  2.723E-15
1.644E+01  7.227E-24  3.152E-15
1.629E+01  5.428E-24  2.346E-15
1.614E+01  4.788E-24  2.051E-15
1.600E+01  4.862E-24  2.063E-15
1.585E+01  4.788E-24  2.013E-15
1.570E+01  4.117E-24  1.715E-15
1.556E+01  3.772E-24  1.557E-15
1.542E+01  3.580E-24  1.464E-15
1.528E+01  3.444E-24  1.396E-15
1.514E+01  3.337E-24  1.340E-15
1.500E+01  3.248E-24  1.292E-15
1.486E+01  3.173E-24  1.251E-15
1.472E+01  3.114E-24  1.216E-15
1.459E+01  3.079E-24  1.192E-15
1.445E+01  3.096E-24  1.187E-15
1.432E+01  3.219E-24  1.223E-15
1.419E+01  3.358E-24  1.264E-15
1.406E+01  3.148E-24  1.174E-15
1.393E+01  2.987E-24  1.104E-15
1.380E+01  2.997E-24  1.097E-15
1.368E+01  3.223E-24  1.169E-15
1.355E+01  3.301E-24  1.186E-15
1.343E+01  3.065E-24  1.092E-15
1.330E+01  3.050E-24  1.076E-15
1.318E+01  3.181E-24  1.112E-15
1.306E+01  3.453E-24  1.197E-15
1.294E+01  3.930E-24  1.349E-15
1.282E+01  4.696E-24  1.597E-15
1.271E+01  5.635E-24  1.899E-15
1.259E+01  6.009E-24  2.007E-15
1.247E+01  5.420E-24  1.793E-15
1.236E+01  4.719E-24  1.547E-15
1.225E+01  4.417E-24  1.435E-15
1.213E+01  4.468E-24  1.438E-15
1.202E+01  4.584E-24  1.462E-15
1.191E+01  4.430E-24  1.400E-15
1.180E+01  4.123E-24  1.291E-15
1.169E+01  4.020E-24  1.247E-15
1.159E+01  4.372E-24  1.344E-15
1.148E+01  5.561E-24  1.694E-15
1.138E+01  8.050E-24  2.429E-15
1.127E+01  1.082E-23  3.235E-15
1.117E+01  7.611E-24  2.255E-15
1.107E+01  4.423E-24  1.298E-15
1.096E+01  3.306E-24  9.615E-16
1.086E+01  2.793E-24  8.049E-16
1.076E+01  2.526E-24  7.214E-16
1.067E+01  2.379E-24  6.731E-16
1.057E+01  2.297E-24  6.440E-16
1.047E+01  2.251E-24  6.252E-16
1.038E+01  2.222E-24  6.114E-16
1.028E+01  2.200E-24  5.998E-16
1.019E+01  2.181E-24  5.894E-16
1.009E+01  2.169E-24  5.806E-16
1.000E+01  2.164E-24  5.739E-16
9.908E+00  2.168E-24  5.698E-16
9.817E+00  2.181E-24  5.678E-16
9.727E+00  2.200E-24  5.677E-16
9.638E+00  2.225E-24  5.689E-16
9.550E+00  2.249E-24  5.697E-16
9.462E+00  2.269E-24  5.694E-16
9.376E+00  2.282E-24  5.676E-16
9.290E+00  2.291E-24  5.646E-16
9.204E+00  2.301E-24  5.619E-16
9.120E+00  2.324E-24  5.622E-16
9.036E+00  2.378E-24  5.701E-16
8.954E+00  2.497E-24  5.930E-16
8.872E+00  2.733E-24  6.431E-16
8.790E+00  3.173E-24  7.398E-16
8.710E+00  3.884E-24  8.972E-16
8.630E+00  4.538E-24  1.039E-15
8.551E+00  4.372E-24  9.916E-16
8.472E+00  3.801E-24  8.542E-16
8.395E+00  3.479E-24  7.747E-16
8.318E+00  3.393E-24  7.486E-16
8.241E+00  3.447E-24  7.536E-16
8.166E+00  3.691E-24  7.995E-16
8.091E+00  4.224E-24  9.066E-16
8.017E+00  5.116E-24  1.088E-15
7.943E+00  6.307E-24  1.329E-15
7.870E+00  7.375E-24  1.540E-15
7.798E+00  7.831E-24  1.620E-15
7.727E+00  8.063E-24  1.653E-15
7.656E+00  8.536E-24  1.734E-15
7.586E+00  8.362E-24  1.683E-15
7.516E+00  6.870E-24  1.370E-15
7.447E+00  5.189E-24  1.025E-15
7.379E+00  3.982E-24  7.795E-16
7.311E+00  3.183E-24  6.173E-16
7.244E+00  2.631E-24  5.056E-16
7.178E+00  2.232E-24  4.251E-16
7.112E+00  1.939E-24  3.658E-16
7.047E+00  1.726E-24  3.227E-16
6.982E+00  1.581E-24  2.928E-16
6.918E+00  1.495E-24  2.744E-16
6.855E+00  1.462E-24  2.658E-16
6.792E+00  1.465E-24  2.640E-16
6.730E+00  1.474E-24  2.631E-16
6.668E+00  1.452E-24  2.568E-16
6.607E+00  1.400E-24  2.454E-16
6.546E+00  1.366E-24  2.373E-16
6.486E+00  1.412E-24  2.430E-16
6.427E+00  1.614E-24  2.751E-16
6.368E+00  2.123E-24  3.587E-16
6.310E+00  3.289E-24  5.505E-16
6.252E+00  5.294E-24  8.779E-16
6.194E+00  5.381E-24  8.841E-16
6.138E+00  3.253E-24  5.297E-16
6.081E+00  1.933E-24  3.117E-16
6.026E+00  1.318E-24  2.106E-16
5.970E+00  1.024E-24  1.622E-16
5.916E+00  8.907E-25  1.398E-16
5.861E+00  8.634E-25  1.342E-16
5.808E+00  9.355E-25  1.441E-16
5.754E+00  1.095E-24  1.672E-16
5.702E+00  1.188E-24  1.797E-16
5.649E+00  1.022E-24  1.532E-16
5.598E+00  7.783E-25  1.156E-16
5.546E+00  6.095E-25  8.967E-17
5.495E+00  5.112E-25  7.451E-17
5.445E+00  4.580E-25  6.614E-17
5.395E+00  4.384E-25  6.273E-17
5.346E+00  4.564E-25  6.472E-17
5.297E+00  5.257E-25  7.386E-17
5.248E+00  5.765E-25  8.026E-17
5.200E+00  4.793E-25  6.611E-17
5.152E+00  3.781E-25  5.168E-17
5.105E+00  3.227E-25  4.369E-17
5.058E+00  2.917E-25  3.914E-17
5.012E+00  2.725E-25  3.622E-17
4.966E+00  2.592E-25  3.414E-17
4.920E+00  2.493E-25  3.253E-17
4.875E+00  2.415E-25  3.124E-17
4.831E+00  2.353E-25  3.014E-17
4.786E+00  2.300E-25  2.920E-17
4.742E+00  2.255E-25  2.837E-17
4.699E+00  2.217E-25  2.763E-17
4.656E+00  2.184E-25  2.697E-17
4.613E+00  2.154E-25  2.636E-17
4.571E+00  2.128E-25  2.580E-17
4.529E+00  2.105E-25  2.528E-17
4.487E+00  2.084E-25  2.481E-17
4.446E+00  2.065E-25  2.436E-17
4.406E+00  2.049E-25  2.395E-17
4.365E+00  2.035E-25  2.356E-17
4.325E+00  2.022E-25  2.319E-17
4.285E+00  2.010E-25  2.285E-17
4.246E+00  2.000E-25  2.253E-17
4.207E+00  1.991E-25  2.222E-17
4.169E+00  1.984E-25  2.193E-17
4.130E+00  1.977E-25  2.166E-17
4.093E+00  1.972E-25  2.140E-17
4.055E+00  1.967E-25  2.116E-17
4.018E+00  1.964E-25  2.093E-17
3.981E+00  1.962E-25  2.072E-17
3.945E+00  1.962E-25  2.053E-17
3.908E+00  1.964E-25  2.036E-17
3.873E+00  1.968E-25  2.021E-17
3.837E+00  1.974E-25  2.009E-17
3.802E+00  1.983E-25  2.000E-17
3.767E+00  1.996E-25  1.995E-17
3.733E+00  2.014E-25  1.994E-17
3.698E+00  2.037E-25  1.999E-17
3.664E+00  2.069E-25  2.012E-17
3.631E+00  2.113E-25  2.035E-17
3.597E+00  2.172E-25  2.073E-17
3.565E+00  2.256E-25  2.133E-17
3.532E+00  2.378E-25  2.228E-17
3.499E+00  2.562E-25  2.378E-17
3.467E+00  2.857E-25  2.628E-17
3.436E+00  3.373E-25  3.074E-17
3.404E+00  4.388E-25  3.963E-17
3.373E+00  6.813E-25  6.095E-17
3.342E+00  1.485E-24  1.316E-16
3.311E+00  5.477E-24  4.811E-16
3.281E+00  3.769E-24  3.280E-16
3.251E+00  1.119E-24  9.651E-17
3.221E+00  5.648E-25  4.826E-17
3.192E+00  3.813E-25  3.228E-17
3.162E+00  3.002E-25  2.518E-17
3.133E+00  2.575E-25  2.140E-17
3.105E+00  2.324E-25  1.914E-17
3.076E+00  2.163E-25  1.765E-17
3.048E+00  2.053E-25  1.660E-17
3.020E+00  1.974E-25  1.581E-17
2.992E+00  1.915E-25  1.520E-17
2.965E+00  1.870E-25  1.470E-17
2.938E+00  1.833E-25  1.429E-17
2.911E+00  1.804E-25  1.393E-17
2.884E+00  1.779E-25  1.361E-17
2.858E+00  1.758E-25  1.332E-17
2.831E+00  1.739E-25  1.306E-17
2.805E+00  1.722E-25  1.282E-17
2.780E+00  1.708E-25  1.259E-17
2.754E+00  1.694E-25  1.238E-17
2.729E+00  1.681E-25  1.217E-17
2.704E+00  1.669E-25  1.197E-17
2.679E+00  1.658E-25  1.178E-17
2.655E+00  1.647E-25  1.160E-17
2.630E+00  1.637E-25  1.142E-17
2.606E+00  1.627E-25  1.125E-17
2.582E+00  1.617E-25  1.108E-17
2.559E+00  1.607E-25  1.091E-17
2.535E+00  1.598E-25  1.075E-17
2.512E+00  1.588E-25  1.058E-17
2.489E+00  1.579E-25  1.043E-17
2.466E+00  1.570E-25  1.027E-17
2.443E+00  1.560E-25  1.011E-17
2.421E+00  1.551E-25  9.960E-18
2.399E+00  1.542E-25  9.809E-18
2.377E+00  1.532E-25  9.660E-18
2.355E+00  1.523E-25  9.513E-18
2.333E+00  1.513E-25  9.367E-18
2.312E+00  1.504E-25  9.222E-18
2.291E+00  1.494E-25  9.079E-18
2.270E+00  1.484E-25  8.936E-18
2.249E+00  1.474E-25  8.795E-18
2.228E+00  1.464E-25  8.654E-18
2.208E+00  1.453E-25  8.513E-18
2.188E+00  1.443E-25  8.372E-18
2.168E+00  1.432E-25  8.232E-18
2.148E+00  1.420E-25  8.091E-18
2.128E+00  1.408E-25  7.949E-18
2.109E+00  1.395E-25  7.805E-18
2.089E+00  1.382E-25  7.658E-18
2.070E+00  1.367E-25  7.508E-18
2.051E+00  1.351E-25  7.352E-18
2.032E+00  1.334E-25  7.190E-18
2.014E+00  1.314E-25  7.020E-18
1.995E+00  1.292E-25  6.841E-18
1.977E+00  1.268E-25  6.651E-18
1.959E+00  1.243E-25  6.456E-18
1.941E+00  1.217E-25  6.267E-18
1.923E+00  1.197E-25  6.105E-18
1.905E+00  1.185E-25  5.992E-18
1.888E+00  1.185E-25  5.933E-18
1.871E+00  1.192E-25  5.913E-18
1.854E+00  1.201E-25  5.906E-18
1.837E+00  1.209E-25  5.891E-18
1.820E+00  1.214E-25  5.862E-18
1.803E+00  1.216E-25  5.817E-18
1.786E+00  1.216E-25  5.761E-18
1.770E+00  1.213E-25  5.695E-18
1.754E+00  1.209E-25  5.623E-18
1.738E+00  1.203E-25  5.546E-18
1.722E+00  1.197E-25  5.467E-18
1.706E+00  1.190E-25  5.386E-18
1.690E+00  1.183E-25  5.303E-18
1.675E+00  1.175E-25  5.221E-18
1.660E+00  1.167E-25  5.139E-18
1.644E+00  1.160E-25  5.058E-18
1.629E+00  1.152E-25  4.977E-18
1.614E+00  1.144E-25  4.897E-18
1.600E+00  1.136E-25  4.819E-18
1.585E+00  1.128E-25  4.743E-18
1.570E+00  1.121E-25  4.669E-18
1.556E+00  1.114E-25  4.597E-18
1.542E+00  1.107E-25  4.528E-18
1.528E+00  1.101E-25  4.463E-18
1.514E+00  1.096E-25  4.400E-18
1.500E+00  1.091E-25  4.342E-18
1.486E+00  1.088E-25  4.288E-18
1.472E+00  1.085E-25  4.239E-18
1.459E+00  1.084E-25  4.195E-18
1.445E+00  1.085E-25  4.159E-18
1.432E+00  1.087E-25  4.130E-18
1.419E+00  1.092E-25  4.110E-18
1.406E+00  1.099E-25  4.101E-18
1.393E+00  1.110E-25  4.103E-18
1.380E+00  1.126E-25  4.121E-18
1.368E+00  1.145E-25  4.156E-18
1.355E+00  1.171E-25  4.210E-18
1.343E+00  1.203E-25  4.286E-18
1.330E+00  1.243E-25  4.385E-18
1.318E+00  1.288E-25  4.504E-18
1.306E+00  1.337E-25  4.631E-18
1.294E+00  1.383E-25  4.747E-18
1.282E+00  1.416E-25  4.817E-18
1.271E+00  1.424E-25  4.800E-18
1.259E+00  1.398E-25  4.670E-18
1.247E+00  1.339E-25  4.430E-18
1.236E+00  1.256E-25  4.118E-18
1.225E+00  1.165E-25  3.786E-18
1.213E+00  1.079E-25  3.473E-18
1.202E+00  1.003E-25  3.200E-18
1.191E+00  9.411E-26  2.974E-18
1.180E+00  8.917E-26  2.792E-18
1.169E+00  8.541E-26  2.650E-18
1.159E+00  8.271E-26  2.542E-18
1.148E+00  8.101E-26  2.467E-18
1.138E+00  8.030E-26  2.423E-18
1.127E+00  8.069E-26  2.413E-18
1.117E+00  8.242E-26  2.442E-18
1.107E+00  8.591E-26  2.522E-18
1.096E+00  9.188E-26  2.672E-18
1.086E+00  1.013E-25  2.921E-18
1.076E+00  1.153E-25  3.294E-18
1.067E+00  1.331E-25  3.765E-18
1.057E+00  1.473E-25  4.130E-18
1.047E+00  1.448E-25  4.021E-18
1.038E+00  1.241E-25  3.416E-18
1.028E+00  9.964E-26  2.717E-18
1.019E+00  8.048E-26  2.174E-18
1.009E+00  6.732E-26  1.802E-18
1.000E+00  5.843E-26  1.550E-18
