Dust emission from Draine & Li (2007): ApJ 657, 810-837
==========================================================
         6 = grain model
 4.000E-08 4.000E-01 3.750E-05 = a_01 (cm) , sigma_1 , b_C1/0.92
 2.000E-07 5.500E-01 1.250E-05 = a_02 (cm) , sigma_2 , b_C2/0.92
 1.500E+01 1.000E+06 2.000E+00 = Umin , Umax, beta (dN/dU propto U^{-beta})
 1.666E+02 = <U> 
     mmp83 = radfield
 7.478E-22 = power/H (erg s-1)
 band   nu*P_nu(band) j_nu(band)
 (um)   (erg s-1 H-1)(Jy cm2 sr-1 H-1)
1.270E+00  2.684E-24  9.041E-17 COBE-DIRBE
2.220E+00  3.616E-24  2.129E-16 COBE-DIRBE
3.530E+00  2.494E-23  2.336E-15 COBE-DIRBE
4.880E+00  1.585E-23  2.052E-15 COBE-DIRBE
1.229E+01  1.539E-22  5.017E-14 COBE-DIRBE
2.079E+01  2.338E-22  1.289E-13 COBE-DIRBE
5.599E+01  2.882E-22  4.281E-13 COBE-DIRBE
9.770E+01  1.132E-22  2.934E-13 COBE-DIRBE
1.479E+02  4.162E-23  1.633E-13 COBE-DIRBE
2.479E+02  7.418E-24  4.877E-14 COBE-DIRBE
1.200E+01  1.577E-22  5.021E-14 IRAS
2.500E+01  2.786E-22  1.848E-13 IRAS
6.000E+01  2.704E-22  4.303E-13 IRAS
1.000E+02  1.068E-22  2.832E-13 IRAS
3.550E+00  2.889E-23  2.721E-15 SST-IRAC
4.493E+00  1.117E-23  1.331E-15 SST-IRAC
5.731E+00  7.807E-23  1.187E-14 SST-IRAC
7.872E+00  1.978E-22  4.130E-14 SST-IRAC
2.368E+01  2.621E-22  1.646E-13 SST-MIPS
7.142E+01  1.838E-22  3.483E-13 SST-MIPS
1.559E+02  3.203E-23  1.325E-13 SST-MIPS
1.600E+01  1.652E-22  7.013E-14 SST-IRSPU
2.200E+01  2.591E-22  1.512E-13 SST-IRSPU
7.500E+01  1.594E-22  3.172E-13 Herschel-PACS
1.100E+02  7.528E-23  2.196E-13 Herschel-PACS
1.700E+02  2.443E-23  1.102E-13 Herschel-PACS
2.500E+02  6.000E-24  3.979E-14 Herschel-SPIRE
3.600E+02  1.309E-24  1.250E-14 Herschel-SPIRE
5.200E+02  2.748E-25  3.791E-15 Herschel-SPIRE
2.400E+00  4.152E-24  2.643E-16 Akari IRC NIR N2
3.200E+00  1.904E-23  1.616E-15 Akari IRC NIR N3
4.100E+00  1.164E-23  1.266E-15 Akari IRC NIR N4
7.000E+00  2.158E-22  4.007E-14 Akari IRC MIR-S S7
9.000E+00  1.700E-22  4.058E-14 Akari IRC MIR-S S9W
1.100E+01  1.464E-22  4.272E-14 Akari IRC MIR-S S11
1.500E+01  1.747E-22  6.953E-14 Akari IRC MIR-L L15
1.800E+01  2.121E-22  1.013E-13 Akari IRC MIR-L L18W
2.400E+01  2.595E-22  1.652E-13 Akari IRC MIR-L L24
6.500E+01  2.257E-22  3.891E-13 Akari FIS N60
8.000E+01  1.481E-22  3.143E-13 Akari FIS WIDE-S
1.400E+02  4.110E-23  1.526E-13 Akari FIS WIDE-L
1.600E+02  2.911E-23  1.235E-13 Akari FIS N160
 
 
 
 


lambda    nu*dP/dnu     j_nu
 (um)   (erg s-1 H-1)(Jy cm2 sr-1 H-1)
1.000E+04  1.014E-30  2.690E-19
9.908E+03  1.051E-30  2.764E-19
9.817E+03  1.090E-30  2.839E-19
9.727E+03  1.130E-30  2.916E-19
9.638E+03  1.171E-30  2.995E-19
9.550E+03  1.214E-30  3.076E-19
9.462E+03  1.259E-30  3.160E-19
9.376E+03  1.305E-30  3.246E-19
9.290E+03  1.353E-30  3.334E-19
9.204E+03  1.403E-30  3.425E-19
9.120E+03  1.454E-30  3.518E-19
9.036E+03  1.508E-30  3.614E-19
8.954E+03  1.563E-30  3.712E-19
8.872E+03  1.620E-30  3.812E-19
8.790E+03  1.679E-30  3.915E-19
8.710E+03  1.740E-30  4.021E-19
8.630E+03  1.804E-30  4.129E-19
8.551E+03  1.870E-30  4.241E-19
8.472E+03  1.938E-30  4.356E-19
8.395E+03  2.009E-30  4.475E-19
8.318E+03  2.083E-30  4.596E-19
8.241E+03  2.160E-30  4.721E-19
8.166E+03  2.239E-30  4.850E-19
8.091E+03  2.321E-30  4.982E-19
8.017E+03  2.407E-30  5.117E-19
7.943E+03  2.495E-30  5.257E-19
7.870E+03  2.587E-30  5.401E-19
7.798E+03  2.682E-30  5.548E-19
7.727E+03  2.781E-30  5.700E-19
7.656E+03  2.884E-30  5.856E-19
7.586E+03  2.990E-30  6.017E-19
7.516E+03  3.101E-30  6.182E-19
7.447E+03  3.215E-30  6.351E-19
7.379E+03  3.334E-30  6.526E-19
7.311E+03  3.457E-30  6.705E-19
7.244E+03  3.585E-30  6.890E-19
7.178E+03  3.718E-30  7.079E-19
7.112E+03  3.856E-30  7.275E-19
7.047E+03  3.999E-30  7.475E-19
6.982E+03  4.147E-30  7.681E-19
6.918E+03  4.301E-30  7.893E-19
6.855E+03  4.461E-30  8.111E-19
6.792E+03  4.626E-30  8.335E-19
6.730E+03  4.798E-30  8.565E-19
6.668E+03  4.976E-30  8.802E-19
6.607E+03  5.162E-30  9.046E-19
6.546E+03  5.354E-30  9.297E-19
6.486E+03  5.553E-30  9.554E-19
6.427E+03  5.760E-30  9.820E-19
6.368E+03  5.975E-30  1.009E-18
6.310E+03  6.198E-30  1.037E-18
6.252E+03  6.430E-30  1.066E-18
6.194E+03  6.670E-30  1.096E-18
6.138E+03  6.919E-30  1.127E-18
6.081E+03  7.178E-30  1.158E-18
6.026E+03  7.447E-30  1.190E-18
5.970E+03  7.726E-30  1.224E-18
5.916E+03  8.016E-30  1.258E-18
5.861E+03  8.317E-30  1.293E-18
5.808E+03  8.630E-30  1.329E-18
5.754E+03  8.954E-30  1.367E-18
5.702E+03  9.291E-30  1.405E-18
5.649E+03  9.640E-30  1.445E-18
5.598E+03  1.000E-29  1.485E-18
5.546E+03  1.038E-29  1.527E-18
5.495E+03  1.077E-29  1.570E-18
5.445E+03  1.118E-29  1.614E-18
5.395E+03  1.160E-29  1.660E-18
5.346E+03  1.204E-29  1.707E-18
5.297E+03  1.249E-29  1.755E-18
5.248E+03  1.297E-29  1.805E-18
5.200E+03  1.346E-29  1.856E-18
5.152E+03  1.397E-29  1.909E-18
5.105E+03  1.450E-29  1.963E-18
5.058E+03  1.505E-29  2.019E-18
5.012E+03  1.562E-29  2.076E-18
4.966E+03  1.621E-29  2.135E-18
4.920E+03  1.682E-29  2.196E-18
4.875E+03  1.746E-29  2.258E-18
4.831E+03  1.813E-29  2.323E-18
4.786E+03  1.882E-29  2.389E-18
4.742E+03  1.953E-29  2.457E-18
4.699E+03  2.028E-29  2.527E-18
4.656E+03  2.105E-29  2.600E-18
4.613E+03  2.185E-29  2.674E-18
4.571E+03  2.269E-29  2.751E-18
4.529E+03  2.356E-29  2.830E-18
4.487E+03  2.446E-29  2.911E-18
4.446E+03  2.539E-29  2.995E-18
4.406E+03  2.636E-29  3.081E-18
4.365E+03  2.738E-29  3.170E-18
4.325E+03  2.843E-29  3.261E-18
4.285E+03  2.952E-29  3.355E-18
4.246E+03  3.065E-29  3.452E-18
4.207E+03  3.183E-29  3.552E-18
4.169E+03  3.305E-29  3.655E-18
4.130E+03  3.432E-29  3.761E-18
4.093E+03  3.565E-29  3.870E-18
4.055E+03  3.702E-29  3.982E-18
4.018E+03  3.845E-29  4.098E-18
3.981E+03  3.993E-29  4.217E-18
3.945E+03  4.147E-29  4.339E-18
3.908E+03  4.307E-29  4.465E-18
3.873E+03  4.473E-29  4.595E-18
3.837E+03  4.646E-29  4.729E-18
3.802E+03  4.826E-29  4.866E-18
3.767E+03  5.012E-29  5.008E-18
3.733E+03  5.206E-29  5.155E-18
3.698E+03  5.408E-29  5.306E-18
3.664E+03  5.618E-29  5.461E-18
3.631E+03  5.836E-29  5.621E-18
3.597E+03  6.063E-29  5.786E-18
3.565E+03  6.299E-29  5.956E-18
3.532E+03  6.544E-29  6.131E-18
3.499E+03  6.799E-29  6.311E-18
3.467E+03  7.064E-29  6.497E-18
3.436E+03  7.340E-29  6.689E-18
3.404E+03  7.627E-29  6.887E-18
3.373E+03  7.925E-29  7.090E-18
3.342E+03  8.235E-29  7.300E-18
3.311E+03  8.557E-29  7.516E-18
3.281E+03  8.892E-29  7.739E-18
3.251E+03  9.241E-29  7.968E-18
3.221E+03  9.603E-29  8.205E-18
3.192E+03  9.980E-29  8.449E-18
3.162E+03  1.037E-28  8.701E-18
3.133E+03  1.078E-28  8.960E-18
3.105E+03  1.120E-28  9.227E-18
3.076E+03  1.165E-28  9.502E-18
3.048E+03  1.210E-28  9.786E-18
3.020E+03  1.258E-28  1.008E-17
2.992E+03  1.308E-28  1.038E-17
2.965E+03  1.359E-28  1.069E-17
2.938E+03  1.413E-28  1.101E-17
2.911E+03  1.468E-28  1.134E-17
2.884E+03  1.526E-28  1.168E-17
2.858E+03  1.587E-28  1.203E-17
2.831E+03  1.649E-28  1.239E-17
2.805E+03  1.715E-28  1.276E-17
2.780E+03  1.782E-28  1.314E-17
2.754E+03  1.853E-28  1.354E-17
2.729E+03  1.926E-28  1.395E-17
2.704E+03  2.003E-28  1.437E-17
2.679E+03  2.082E-28  1.480E-17
2.655E+03  2.165E-28  1.525E-17
2.630E+03  2.251E-28  1.571E-17
2.606E+03  2.341E-28  1.618E-17
2.582E+03  2.434E-28  1.667E-17
2.559E+03  2.531E-28  1.718E-17
2.535E+03  2.632E-28  1.770E-17
2.512E+03  2.737E-28  1.824E-17
2.489E+03  2.846E-28  1.879E-17
2.466E+03  2.960E-28  1.936E-17
2.443E+03  3.078E-28  1.995E-17
2.421E+03  3.201E-28  2.056E-17
2.399E+03  3.330E-28  2.119E-17
2.377E+03  3.463E-28  2.183E-17
2.355E+03  3.602E-28  2.250E-17
2.333E+03  3.746E-28  2.319E-17
2.312E+03  3.897E-28  2.390E-17
2.291E+03  4.053E-28  2.463E-17
2.270E+03  4.216E-28  2.539E-17
2.249E+03  4.386E-28  2.617E-17
2.228E+03  4.562E-28  2.697E-17
2.208E+03  4.746E-28  2.780E-17
2.188E+03  4.937E-28  2.865E-17
2.168E+03  5.136E-28  2.953E-17
2.148E+03  5.343E-28  3.044E-17
2.128E+03  5.559E-28  3.138E-17
2.109E+03  5.784E-28  3.235E-17
2.089E+03  6.017E-28  3.335E-17
2.070E+03  6.260E-28  3.438E-17
2.051E+03  6.513E-28  3.544E-17
2.032E+03  6.777E-28  3.653E-17
2.014E+03  7.051E-28  3.767E-17
1.995E+03  7.337E-28  3.883E-17
1.977E+03  7.634E-28  4.003E-17
1.959E+03  7.943E-28  4.127E-17
1.941E+03  8.265E-28  4.255E-17
1.923E+03  8.600E-28  4.387E-17
1.905E+03  8.949E-28  4.523E-17
1.888E+03  9.313E-28  4.664E-17
1.871E+03  9.691E-28  4.809E-17
1.854E+03  1.008E-27  4.958E-17
1.837E+03  1.049E-27  5.112E-17
1.820E+03  1.092E-27  5.272E-17
1.803E+03  1.137E-27  5.436E-17
1.786E+03  1.183E-27  5.605E-17
1.770E+03  1.231E-27  5.780E-17
1.754E+03  1.281E-27  5.960E-17
1.738E+03  1.333E-27  6.146E-17
1.722E+03  1.388E-27  6.338E-17
1.706E+03  1.444E-27  6.536E-17
1.690E+03  1.503E-27  6.741E-17
1.675E+03  1.565E-27  6.951E-17
1.660E+03  1.628E-27  7.169E-17
1.644E+03  1.695E-27  7.393E-17
1.629E+03  1.764E-27  7.625E-17
1.614E+03  1.836E-27  7.864E-17
1.600E+03  1.911E-27  8.110E-17
1.585E+03  1.990E-27  8.364E-17
1.570E+03  2.071E-27  8.626E-17
1.556E+03  2.156E-27  8.897E-17
1.542E+03  2.244E-27  9.176E-17
1.528E+03  2.336E-27  9.464E-17
1.514E+03  2.431E-27  9.761E-17
1.500E+03  2.531E-27  1.007E-16
1.486E+03  2.634E-27  1.038E-16
1.472E+03  2.742E-27  1.071E-16
1.459E+03  2.855E-27  1.105E-16
1.445E+03  2.972E-27  1.139E-16
1.432E+03  3.094E-27  1.175E-16
1.419E+03  3.221E-27  1.212E-16
1.406E+03  3.353E-27  1.251E-16
1.393E+03  3.491E-27  1.290E-16
1.380E+03  3.634E-27  1.331E-16
1.368E+03  3.783E-27  1.373E-16
1.355E+03  3.939E-27  1.416E-16
1.343E+03  4.100E-27  1.460E-16
1.330E+03  4.269E-27  1.506E-16
1.318E+03  4.444E-27  1.554E-16
1.306E+03  4.627E-27  1.603E-16
1.294E+03  4.817E-27  1.654E-16
1.282E+03  5.015E-27  1.706E-16
1.271E+03  5.221E-27  1.760E-16
1.259E+03  5.435E-27  1.815E-16
1.247E+03  5.659E-27  1.872E-16
1.236E+03  5.891E-27  1.931E-16
1.225E+03  6.133E-27  1.992E-16
1.213E+03  6.385E-27  2.055E-16
1.202E+03  6.648E-27  2.120E-16
1.191E+03  6.921E-27  2.187E-16
1.180E+03  7.205E-27  2.256E-16
1.169E+03  7.501E-27  2.327E-16
1.159E+03  7.809E-27  2.400E-16
1.148E+03  8.130E-27  2.476E-16
1.138E+03  8.464E-27  2.554E-16
1.127E+03  8.812E-27  2.635E-16
1.117E+03  9.174E-27  2.718E-16
1.107E+03  9.550E-27  2.803E-16
1.096E+03  9.942E-27  2.892E-16
1.086E+03  1.035E-26  2.983E-16
1.076E+03  1.078E-26  3.077E-16
1.067E+03  1.122E-26  3.174E-16
1.057E+03  1.168E-26  3.274E-16
1.047E+03  1.216E-26  3.377E-16
1.038E+03  1.266E-26  3.483E-16
1.028E+03  1.317E-26  3.592E-16
1.019E+03  1.371E-26  3.705E-16
1.009E+03  1.428E-26  3.822E-16
1.000E+03  1.486E-26  3.942E-16
9.908E+02  1.547E-26  4.066E-16
9.817E+02  1.610E-26  4.194E-16
9.727E+02  1.676E-26  4.326E-16
9.638E+02  1.745E-26  4.462E-16
9.550E+02  1.817E-26  4.602E-16
9.462E+02  1.891E-26  4.747E-16
9.376E+02  1.969E-26  4.896E-16
9.290E+02  2.049E-26  5.050E-16
9.204E+02  2.133E-26  5.208E-16
9.120E+02  2.220E-26  5.371E-16
9.036E+02  2.311E-26  5.540E-16
8.954E+02  2.406E-26  5.713E-16
8.872E+02  2.504E-26  5.892E-16
8.790E+02  2.606E-26  6.076E-16
8.710E+02  2.712E-26  6.266E-16
8.630E+02  2.823E-26  6.462E-16
8.551E+02  2.938E-26  6.664E-16
8.472E+02  3.058E-26  6.871E-16
8.395E+02  3.182E-26  7.086E-16
8.318E+02  3.311E-26  7.306E-16
8.241E+02  3.446E-26  7.534E-16
8.166E+02  3.586E-26  7.768E-16
8.091E+02  3.732E-26  8.009E-16
8.017E+02  3.883E-26  8.258E-16
7.943E+02  4.041E-26  8.514E-16
7.870E+02  4.204E-26  8.778E-16
7.798E+02  4.375E-26  9.049E-16
7.727E+02  4.552E-26  9.330E-16
7.656E+02  4.736E-26  9.618E-16
7.586E+02  4.928E-26  9.916E-16
7.516E+02  5.127E-26  1.022E-15
7.447E+02  5.335E-26  1.054E-15
7.379E+02  5.551E-26  1.086E-15
7.311E+02  5.776E-26  1.120E-15
7.244E+02  6.010E-26  1.155E-15
7.178E+02  6.253E-26  1.191E-15
7.112E+02  6.506E-26  1.227E-15
7.047E+02  6.770E-26  1.266E-15
6.982E+02  7.044E-26  1.305E-15
6.918E+02  7.330E-26  1.345E-15
6.855E+02  7.627E-26  1.387E-15
6.792E+02  7.935E-26  1.430E-15
6.730E+02  8.256E-26  1.474E-15
6.668E+02  8.589E-26  1.519E-15
6.607E+02  8.936E-26  1.566E-15
6.546E+02  9.298E-26  1.615E-15
6.486E+02  9.676E-26  1.665E-15
6.427E+02  1.007E-25  1.716E-15
6.368E+02  1.048E-25  1.770E-15
6.310E+02  1.090E-25  1.825E-15
6.252E+02  1.135E-25  1.881E-15
6.194E+02  1.181E-25  1.940E-15
6.138E+02  1.229E-25  2.000E-15
6.081E+02  1.278E-25  2.062E-15
6.026E+02  1.330E-25  2.126E-15
5.970E+02  1.384E-25  2.193E-15
5.916E+02  1.441E-25  2.261E-15
5.861E+02  1.499E-25  2.331E-15
5.808E+02  1.560E-25  2.404E-15
5.754E+02  1.624E-25  2.478E-15
5.702E+02  1.690E-25  2.555E-15
5.649E+02  1.758E-25  2.635E-15
5.598E+02  1.830E-25  2.717E-15
5.546E+02  1.904E-25  2.802E-15
5.495E+02  1.982E-25  2.889E-15
5.445E+02  2.063E-25  2.979E-15
5.395E+02  2.146E-25  3.072E-15
5.346E+02  2.234E-25  3.168E-15
5.297E+02  2.325E-25  3.266E-15
5.248E+02  2.420E-25  3.368E-15
5.200E+02  2.518E-25  3.473E-15
5.152E+02  2.621E-25  3.582E-15
5.105E+02  2.727E-25  3.693E-15
5.058E+02  2.838E-25  3.808E-15
5.012E+02  2.954E-25  3.927E-15
4.966E+02  3.074E-25  4.050E-15
4.920E+02  3.199E-25  4.176E-15
4.875E+02  3.330E-25  4.306E-15
4.831E+02  3.465E-25  4.440E-15
4.786E+02  3.606E-25  4.579E-15
4.742E+02  3.753E-25  4.721E-15
4.699E+02  3.906E-25  4.869E-15
4.656E+02  4.065E-25  5.020E-15
4.613E+02  4.231E-25  5.177E-15
4.571E+02  4.403E-25  5.338E-15
4.529E+02  4.582E-25  5.504E-15
4.487E+02  4.768E-25  5.676E-15
4.446E+02  4.962E-25  5.852E-15
4.406E+02  5.164E-25  6.034E-15
4.365E+02  5.374E-25  6.222E-15
4.325E+02  5.592E-25  6.416E-15
4.285E+02  5.819E-25  6.615E-15
4.246E+02  6.056E-25  6.821E-15
4.207E+02  6.302E-25  7.033E-15
4.169E+02  6.558E-25  7.252E-15
4.130E+02  6.824E-25  7.477E-15
4.093E+02  7.101E-25  7.709E-15
4.055E+02  7.390E-25  7.949E-15
4.018E+02  7.690E-25  8.196E-15
3.981E+02  8.002E-25  8.450E-15
3.945E+02  8.327E-25  8.713E-15
3.908E+02  8.665E-25  8.983E-15
3.873E+02  9.016E-25  9.262E-15
3.837E+02  9.382E-25  9.549E-15
3.802E+02  9.763E-25  9.845E-15
3.767E+02  1.016E-24  1.015E-14
3.733E+02  1.057E-24  1.046E-14
3.698E+02  1.100E-24  1.079E-14
3.664E+02  1.144E-24  1.112E-14
3.631E+02  1.191E-24  1.147E-14
3.597E+02  1.239E-24  1.182E-14
3.565E+02  1.289E-24  1.219E-14
3.532E+02  1.341E-24  1.256E-14
3.499E+02  1.395E-24  1.295E-14
3.467E+02  1.451E-24  1.335E-14
3.436E+02  1.510E-24  1.376E-14
3.404E+02  1.571E-24  1.418E-14
3.373E+02  1.634E-24  1.462E-14
3.342E+02  1.700E-24  1.507E-14
3.311E+02  1.768E-24  1.553E-14
3.281E+02  1.839E-24  1.601E-14
3.251E+02  1.913E-24  1.650E-14
3.221E+02  1.990E-24  1.700E-14
3.192E+02  2.070E-24  1.752E-14
3.162E+02  2.153E-24  1.806E-14
3.133E+02  2.239E-24  1.861E-14
3.105E+02  2.329E-24  1.918E-14
3.076E+02  2.422E-24  1.976E-14
3.048E+02  2.518E-24  2.036E-14
3.020E+02  2.619E-24  2.098E-14
2.992E+02  2.723E-24  2.161E-14
2.965E+02  2.832E-24  2.227E-14
2.938E+02  2.944E-24  2.294E-14
2.911E+02  3.061E-24  2.363E-14
2.884E+02  3.183E-24  2.435E-14
2.858E+02  3.309E-24  2.508E-14
2.831E+02  3.440E-24  2.583E-14
2.805E+02  3.576E-24  2.661E-14
2.780E+02  3.717E-24  2.741E-14
2.754E+02  3.864E-24  2.823E-14
2.729E+02  4.016E-24  2.907E-14
2.704E+02  4.175E-24  2.994E-14
2.679E+02  4.340E-24  3.084E-14
2.655E+02  4.511E-24  3.176E-14
2.630E+02  4.688E-24  3.271E-14
2.606E+02  4.873E-24  3.369E-14
2.582E+02  5.064E-24  3.469E-14
2.559E+02  5.262E-24  3.571E-14
2.535E+02  5.466E-24  3.676E-14
2.512E+02  5.677E-24  3.783E-14
2.489E+02  5.893E-24  3.891E-14
2.466E+02  6.113E-24  3.999E-14
2.443E+02  6.340E-24  4.109E-14
2.421E+02  6.573E-24  4.221E-14
2.399E+02  6.813E-24  4.335E-14
2.377E+02  7.057E-24  4.450E-14
2.355E+02  7.310E-24  4.566E-14
2.333E+02  7.571E-24  4.686E-14
2.312E+02  7.840E-24  4.808E-14
2.291E+02  8.118E-24  4.933E-14
2.270E+02  8.405E-24  5.061E-14
2.249E+02  8.702E-24  5.191E-14
2.228E+02  9.008E-24  5.325E-14
2.208E+02  9.324E-24  5.461E-14
2.188E+02  9.650E-24  5.600E-14
2.168E+02  9.987E-24  5.742E-14
2.148E+02  1.033E-23  5.888E-14
2.128E+02  1.069E-23  6.036E-14
2.109E+02  1.106E-23  6.187E-14
2.089E+02  1.144E-23  6.341E-14
2.070E+02  1.183E-23  6.499E-14
2.051E+02  1.224E-23  6.659E-14
2.032E+02  1.266E-23  6.823E-14
2.014E+02  1.309E-23  6.990E-14
1.995E+02  1.353E-23  7.160E-14
1.977E+02  1.399E-23  7.334E-14
1.959E+02  1.446E-23  7.511E-14
1.941E+02  1.494E-23  7.691E-14
1.923E+02  1.544E-23  7.875E-14
1.905E+02  1.595E-23  8.063E-14
1.888E+02  1.648E-23  8.254E-14
1.871E+02  1.703E-23  8.449E-14
1.854E+02  1.759E-23  8.647E-14
1.837E+02  1.817E-23  8.850E-14
1.820E+02  1.876E-23  9.056E-14
1.803E+02  1.937E-23  9.266E-14
1.786E+02  2.001E-23  9.480E-14
1.770E+02  2.066E-23  9.698E-14
1.754E+02  2.133E-23  9.921E-14
1.738E+02  2.201E-23  1.015E-13
1.722E+02  2.272E-23  1.038E-13
1.706E+02  2.346E-23  1.062E-13
1.690E+02  2.421E-23  1.086E-13
1.675E+02  2.499E-23  1.110E-13
1.660E+02  2.579E-23  1.135E-13
1.644E+02  2.661E-23  1.161E-13
1.629E+02  2.747E-23  1.187E-13
1.614E+02  2.834E-23  1.214E-13
1.600E+02  2.925E-23  1.241E-13
1.585E+02  3.019E-23  1.269E-13
1.570E+02  3.115E-23  1.298E-13
1.556E+02  3.215E-23  1.327E-13
1.542E+02  3.319E-23  1.357E-13
1.528E+02  3.426E-23  1.388E-13
1.514E+02  3.537E-23  1.420E-13
1.500E+02  3.651E-23  1.452E-13
1.486E+02  3.769E-23  1.485E-13
1.472E+02  3.890E-23  1.519E-13
1.459E+02  4.015E-23  1.554E-13
1.445E+02  4.142E-23  1.588E-13
1.432E+02  4.271E-23  1.622E-13
1.419E+02  4.399E-23  1.656E-13
1.406E+02  4.526E-23  1.688E-13
1.393E+02  4.650E-23  1.718E-13
1.380E+02  4.771E-23  1.747E-13
1.368E+02  4.888E-23  1.773E-13
1.355E+02  5.002E-23  1.798E-13
1.343E+02  5.114E-23  1.822E-13
1.330E+02  5.226E-23  1.844E-13
1.318E+02  5.340E-23  1.867E-13
1.306E+02  5.455E-23  1.890E-13
1.294E+02  5.573E-23  1.913E-13
1.282E+02  5.695E-23  1.937E-13
1.271E+02  5.819E-23  1.961E-13
1.259E+02  5.948E-23  1.986E-13
1.247E+02  6.080E-23  2.012E-13
1.236E+02  6.216E-23  2.038E-13
1.225E+02  6.355E-23  2.064E-13
1.213E+02  6.499E-23  2.092E-13
1.202E+02  6.646E-23  2.120E-13
1.191E+02  6.797E-23  2.148E-13
1.180E+02  6.951E-23  2.176E-13
1.169E+02  7.108E-23  2.205E-13
1.159E+02  7.268E-23  2.234E-13
1.148E+02  7.432E-23  2.264E-13
1.138E+02  7.600E-23  2.293E-13
1.127E+02  7.770E-23  2.323E-13
1.117E+02  7.945E-23  2.354E-13
1.107E+02  8.123E-23  2.384E-13
1.096E+02  8.305E-23  2.415E-13
1.086E+02  8.490E-23  2.447E-13
1.076E+02  8.678E-23  2.478E-13
1.067E+02  8.869E-23  2.509E-13
1.057E+02  9.064E-23  2.541E-13
1.047E+02  9.262E-23  2.573E-13
1.038E+02  9.464E-23  2.605E-13
1.028E+02  9.667E-23  2.636E-13
1.019E+02  9.873E-23  2.668E-13
1.009E+02  1.008E-22  2.699E-13
1.000E+02  1.030E-22  2.731E-13
9.908E+01  1.051E-22  2.762E-13
9.817E+01  1.073E-22  2.794E-13
9.727E+01  1.095E-22  2.825E-13
9.638E+01  1.117E-22  2.856E-13
9.550E+01  1.140E-22  2.887E-13
9.462E+01  1.162E-22  2.918E-13
9.376E+01  1.186E-22  2.948E-13
9.290E+01  1.209E-22  2.979E-13
9.204E+01  1.232E-22  3.009E-13
9.120E+01  1.256E-22  3.039E-13
9.036E+01  1.280E-22  3.069E-13
8.954E+01  1.305E-22  3.098E-13
8.872E+01  1.329E-22  3.128E-13
8.790E+01  1.354E-22  3.157E-13
8.710E+01  1.379E-22  3.186E-13
8.630E+01  1.404E-22  3.214E-13
8.551E+01  1.430E-22  3.243E-13
8.472E+01  1.455E-22  3.271E-13
8.395E+01  1.481E-22  3.298E-13
8.318E+01  1.507E-22  3.326E-13
8.241E+01  1.534E-22  3.353E-13
8.166E+01  1.560E-22  3.380E-13
8.091E+01  1.587E-22  3.407E-13
8.017E+01  1.614E-22  3.433E-13
7.943E+01  1.642E-22  3.459E-13
7.870E+01  1.669E-22  3.484E-13
7.798E+01  1.696E-22  3.509E-13
7.727E+01  1.724E-22  3.534E-13
7.656E+01  1.752E-22  3.558E-13
7.586E+01  1.780E-22  3.582E-13
7.516E+01  1.808E-22  3.605E-13
7.447E+01  1.837E-22  3.628E-13
7.379E+01  1.865E-22  3.650E-13
7.311E+01  1.893E-22  3.672E-13
7.244E+01  1.922E-22  3.693E-13
7.178E+01  1.950E-22  3.713E-13
7.112E+01  1.979E-22  3.734E-13
7.047E+01  2.008E-22  3.754E-13
6.982E+01  2.038E-22  3.774E-13
6.918E+01  2.067E-22  3.794E-13
6.855E+01  2.097E-22  3.813E-13
6.792E+01  2.126E-22  3.831E-13
6.730E+01  2.156E-22  3.848E-13
6.668E+01  2.186E-22  3.866E-13
6.607E+01  2.216E-22  3.883E-13
6.546E+01  2.246E-22  3.900E-13
6.486E+01  2.276E-22  3.916E-13
6.427E+01  2.306E-22  3.932E-13
6.368E+01  2.337E-22  3.947E-13
6.310E+01  2.367E-22  3.962E-13
6.252E+01  2.398E-22  3.977E-13
6.194E+01  2.429E-22  3.992E-13
6.138E+01  2.461E-22  4.006E-13
6.081E+01  2.492E-22  4.020E-13
6.026E+01  2.524E-22  4.034E-13
5.970E+01  2.555E-22  4.047E-13
5.916E+01  2.587E-22  4.060E-13
5.861E+01  2.619E-22  4.072E-13
5.808E+01  2.651E-22  4.084E-13
5.754E+01  2.683E-22  4.096E-13
5.702E+01  2.716E-22  4.108E-13
5.649E+01  2.749E-22  4.119E-13
5.598E+01  2.782E-22  4.131E-13
5.546E+01  2.816E-22  4.142E-13
5.495E+01  2.850E-22  4.154E-13
5.445E+01  2.884E-22  4.165E-13
5.395E+01  2.918E-22  4.176E-13
5.346E+01  2.953E-22  4.188E-13
5.297E+01  2.988E-22  4.199E-13
5.248E+01  3.024E-22  4.210E-13
5.200E+01  3.060E-22  4.221E-13
5.152E+01  3.097E-22  4.232E-13
5.105E+01  3.134E-22  4.243E-13
5.058E+01  3.171E-22  4.255E-13
5.012E+01  3.209E-22  4.266E-13
4.966E+01  3.247E-22  4.277E-13
4.920E+01  3.286E-22  4.288E-13
4.875E+01  3.325E-22  4.300E-13
4.831E+01  3.365E-22  4.312E-13
4.786E+01  3.406E-22  4.324E-13
4.742E+01  3.447E-22  4.336E-13
4.699E+01  3.489E-22  4.349E-13
4.656E+01  3.532E-22  4.361E-13
4.613E+01  3.575E-22  4.375E-13
4.571E+01  3.619E-22  4.388E-13
4.529E+01  3.664E-22  4.402E-13
4.487E+01  3.710E-22  4.416E-13
4.446E+01  3.756E-22  4.430E-13
4.406E+01  3.803E-22  4.444E-13
4.365E+01  3.851E-22  4.459E-13
4.325E+01  3.899E-22  4.474E-13
4.285E+01  3.948E-22  4.488E-13
4.246E+01  3.998E-22  4.503E-13
4.207E+01  4.048E-22  4.517E-13
4.169E+01  4.098E-22  4.531E-13
4.130E+01  4.149E-22  4.545E-13
4.093E+01  4.199E-22  4.559E-13
4.055E+01  4.250E-22  4.571E-13
4.018E+01  4.300E-22  4.583E-13
3.981E+01  4.351E-22  4.594E-13
3.945E+01  4.400E-22  4.604E-13
3.908E+01  4.449E-22  4.613E-13
3.873E+01  4.497E-22  4.620E-13
3.837E+01  4.544E-22  4.625E-13
3.802E+01  4.590E-22  4.628E-13
3.767E+01  4.633E-22  4.630E-13
3.733E+01  4.674E-22  4.627E-13
3.698E+01  4.712E-22  4.623E-13
3.664E+01  4.748E-22  4.615E-13
3.631E+01  4.780E-22  4.604E-13
3.597E+01  4.809E-22  4.589E-13
3.565E+01  4.835E-22  4.571E-13
3.532E+01  4.856E-22  4.549E-13
3.499E+01  4.873E-22  4.523E-13
3.467E+01  4.885E-22  4.493E-13
3.436E+01  4.892E-22  4.458E-13
3.404E+01  4.893E-22  4.418E-13
3.373E+01  4.889E-22  4.374E-13
3.342E+01  4.879E-22  4.325E-13
3.311E+01  4.864E-22  4.272E-13
3.281E+01  4.843E-22  4.215E-13
3.251E+01  4.816E-22  4.153E-13
3.221E+01  4.783E-22  4.087E-13
3.192E+01  4.744E-22  4.017E-13
3.162E+01  4.700E-22  3.943E-13
3.133E+01  4.651E-22  3.866E-13
3.105E+01  4.597E-22  3.786E-13
3.076E+01  4.539E-22  3.704E-13
3.048E+01  4.477E-22  3.619E-13
3.020E+01  4.411E-22  3.533E-13
2.992E+01  4.342E-22  3.446E-13
2.965E+01  4.270E-22  3.358E-13
2.938E+01  4.196E-22  3.269E-13
2.911E+01  4.120E-22  3.181E-13
2.884E+01  4.043E-22  3.093E-13
2.858E+01  3.966E-22  3.006E-13
2.831E+01  3.888E-22  2.920E-13
2.805E+01  3.810E-22  2.835E-13
2.780E+01  3.733E-22  2.753E-13
2.754E+01  3.657E-22  2.672E-13
2.729E+01  3.582E-22  2.593E-13
2.704E+01  3.508E-22  2.516E-13
2.679E+01  3.436E-22  2.442E-13
2.655E+01  3.366E-22  2.370E-13
2.630E+01  3.298E-22  2.301E-13
2.606E+01  3.231E-22  2.234E-13
2.582E+01  3.167E-22  2.170E-13
2.559E+01  3.105E-22  2.108E-13
2.535E+01  3.046E-22  2.048E-13
2.512E+01  2.989E-22  1.991E-13
2.489E+01  2.933E-22  1.937E-13
2.466E+01  2.880E-22  1.884E-13
2.443E+01  2.829E-22  1.834E-13
2.421E+01  2.780E-22  1.785E-13
2.399E+01  2.732E-22  1.738E-13
2.377E+01  2.687E-22  1.694E-13
2.355E+01  2.645E-22  1.652E-13
2.333E+01  2.604E-22  1.612E-13
2.312E+01  2.563E-22  1.572E-13
2.291E+01  2.525E-22  1.534E-13
2.270E+01  2.491E-22  1.500E-13
2.249E+01  2.459E-22  1.467E-13
2.228E+01  2.430E-22  1.436E-13
2.208E+01  2.402E-22  1.407E-13
2.188E+01  2.373E-22  1.377E-13
2.168E+01  2.345E-22  1.348E-13
2.148E+01  2.318E-22  1.320E-13
2.128E+01  2.293E-22  1.295E-13
2.109E+01  2.272E-22  1.271E-13
2.089E+01  2.250E-22  1.247E-13
2.070E+01  2.229E-22  1.224E-13
2.051E+01  2.209E-22  1.202E-13
2.032E+01  2.191E-22  1.181E-13
2.014E+01  2.177E-22  1.163E-13
1.995E+01  2.165E-22  1.146E-13
1.977E+01  2.152E-22  1.129E-13
1.959E+01  2.139E-22  1.111E-13
1.941E+01  2.126E-22  1.095E-13
1.923E+01  2.116E-22  1.079E-13
1.905E+01  2.118E-22  1.070E-13
1.888E+01  2.114E-22  1.059E-13
1.871E+01  2.067E-22  1.026E-13
1.854E+01  2.035E-22  1.000E-13
1.837E+01  2.011E-22  9.797E-14
1.820E+01  1.993E-22  9.619E-14
1.803E+01  1.986E-22  9.497E-14
1.786E+01  1.994E-22  9.450E-14
1.770E+01  1.970E-22  9.252E-14
1.754E+01  1.979E-22  9.206E-14
1.738E+01  2.043E-22  9.417E-14
1.722E+01  2.001E-22  9.141E-14
1.706E+01  1.977E-22  8.946E-14
1.690E+01  1.928E-22  8.645E-14
1.675E+01  1.864E-22  8.283E-14
1.660E+01  1.847E-22  8.131E-14
1.644E+01  1.942E-22  8.470E-14
1.629E+01  1.703E-22  7.358E-14
1.614E+01  1.588E-22  6.800E-14
1.600E+01  1.531E-22  6.494E-14
1.585E+01  1.486E-22  6.246E-14
1.570E+01  1.439E-22  5.994E-14
1.556E+01  1.401E-22  5.784E-14
1.542E+01  1.370E-22  5.601E-14
1.528E+01  1.342E-22  5.436E-14
1.514E+01  1.317E-22  5.286E-14
1.500E+01  1.295E-22  5.152E-14
1.486E+01  1.276E-22  5.031E-14
1.472E+01  1.262E-22  4.927E-14
1.459E+01  1.253E-22  4.849E-14
1.445E+01  1.257E-22  4.820E-14
1.432E+01  1.286E-22  4.886E-14
1.419E+01  1.324E-22  4.983E-14
1.406E+01  1.294E-22  4.825E-14
1.393E+01  1.280E-22  4.729E-14
1.380E+01  1.309E-22  4.793E-14
1.368E+01  1.380E-22  5.008E-14
1.355E+01  1.473E-22  5.296E-14
1.343E+01  1.501E-22  5.347E-14
1.330E+01  1.456E-22  5.139E-14
1.318E+01  1.436E-22  5.022E-14
1.306E+01  1.482E-22  5.134E-14
1.294E+01  1.610E-22  5.528E-14
1.282E+01  1.846E-22  6.279E-14
1.271E+01  2.147E-22  7.235E-14
1.259E+01  2.252E-22  7.521E-14
1.247E+01  2.050E-22  6.784E-14
1.236E+01  1.839E-22  6.028E-14
1.225E+01  1.768E-22  5.744E-14
1.213E+01  1.828E-22  5.883E-14
1.202E+01  1.913E-22  6.102E-14
1.191E+01  1.869E-22  5.907E-14
1.180E+01  1.752E-22  5.484E-14
1.169E+01  1.723E-22  5.345E-14
1.159E+01  1.880E-22  5.780E-14
1.148E+01  2.373E-22  7.227E-14
1.138E+01  3.117E-22  9.407E-14
1.127E+01  3.966E-22  1.186E-13
1.117E+01  2.969E-22  8.795E-14
1.107E+01  1.799E-22  5.281E-14
1.096E+01  1.408E-22  4.095E-14
1.086E+01  1.226E-22  3.534E-14
1.076E+01  1.129E-22  3.225E-14
1.067E+01  1.071E-22  3.031E-14
1.057E+01  1.021E-22  2.862E-14
1.047E+01  9.864E-23  2.740E-14
1.038E+01  9.610E-23  2.645E-14
1.028E+01  9.404E-23  2.564E-14
1.019E+01  9.228E-23  2.493E-14
1.009E+01  9.081E-23  2.431E-14
1.000E+01  8.964E-23  2.378E-14
9.908E+00  8.877E-23  2.333E-14
9.817E+00  8.818E-23  2.296E-14
9.727E+00  8.786E-23  2.267E-14
9.638E+00  8.781E-23  2.245E-14
9.550E+00  8.797E-23  2.229E-14
9.462E+00  8.837E-23  2.218E-14
9.376E+00  8.908E-23  2.215E-14
9.290E+00  9.024E-23  2.224E-14
9.204E+00  9.214E-23  2.250E-14
9.120E+00  9.521E-23  2.303E-14
9.036E+00  1.002E-22  2.402E-14
8.954E+00  1.084E-22  2.574E-14
8.872E+00  1.221E-22  2.874E-14
8.790E+00  1.455E-22  3.392E-14
8.710E+00  1.817E-22  4.198E-14
8.630E+00  2.157E-22  4.939E-14
8.551E+00  2.111E-22  4.789E-14
8.472E+00  1.869E-22  4.201E-14
8.395E+00  1.745E-22  3.885E-14
8.318E+00  1.736E-22  3.830E-14
8.241E+00  1.800E-22  3.934E-14
8.166E+00  1.962E-22  4.251E-14
8.091E+00  2.274E-22  4.880E-14
8.017E+00  2.771E-22  5.893E-14
7.943E+00  3.423E-22  7.212E-14
7.870E+00  3.993E-22  8.335E-14
7.798E+00  4.195E-22  8.677E-14
7.727E+00  4.216E-22  8.641E-14
7.656E+00  4.338E-22  8.810E-14
7.586E+00  4.225E-22  8.501E-14
7.516E+00  3.581E-22  7.141E-14
7.447E+00  2.859E-22  5.647E-14
7.379E+00  2.327E-22  4.554E-14
7.311E+00  1.957E-22  3.795E-14
7.244E+00  1.686E-22  3.239E-14
7.178E+00  1.478E-22  2.813E-14
7.112E+00  1.317E-22  2.484E-14
7.047E+00  1.197E-22  2.237E-14
6.982E+00  1.114E-22  2.063E-14
6.918E+00  1.066E-22  1.956E-14
6.855E+00  1.051E-22  1.911E-14
6.792E+00  1.059E-22  1.907E-14
6.730E+00  1.067E-22  1.904E-14
6.668E+00  1.049E-22  1.856E-14
6.607E+00  1.006E-22  1.763E-14
6.546E+00  9.703E-23  1.685E-14
6.486E+00  9.825E-23  1.690E-14
6.427E+00  1.090E-22  1.858E-14
6.368E+00  1.378E-22  2.328E-14
6.310E+00  2.029E-22  3.396E-14
6.252E+00  3.086E-22  5.118E-14
6.194E+00  3.117E-22  5.122E-14
6.138E+00  1.979E-22  3.221E-14
6.081E+00  1.218E-22  1.964E-14
6.026E+00  8.420E-23  1.346E-14
5.970E+00  6.499E-23  1.029E-14
5.916E+00  5.480E-23  8.599E-15
5.861E+00  5.009E-23  7.788E-15
5.808E+00  5.008E-23  7.714E-15
5.754E+00  5.475E-23  8.357E-15
5.702E+00  5.793E-23  8.762E-15
5.649E+00  4.979E-23  7.461E-15
5.598E+00  3.948E-23  5.862E-15
5.546E+00  3.303E-23  4.859E-15
5.495E+00  2.947E-23  4.296E-15
5.445E+00  2.777E-23  4.010E-15
5.395E+00  2.770E-23  3.965E-15
5.346E+00  2.970E-23  4.211E-15
5.297E+00  3.317E-23  4.661E-15
5.248E+00  3.228E-23  4.493E-15
5.200E+00  2.655E-23  3.663E-15
5.152E+00  2.205E-23  3.014E-15
5.105E+00  1.935E-23  2.620E-15
5.058E+00  1.764E-23  2.366E-15
5.012E+00  1.643E-23  2.185E-15
4.966E+00  1.551E-23  2.043E-15
4.920E+00  1.476E-23  1.927E-15
4.875E+00  1.413E-23  1.827E-15
4.831E+00  1.357E-23  1.739E-15
4.786E+00  1.307E-23  1.660E-15
4.742E+00  1.263E-23  1.588E-15
4.699E+00  1.221E-23  1.523E-15
4.656E+00  1.184E-23  1.462E-15
4.613E+00  1.149E-23  1.405E-15
4.571E+00  1.116E-23  1.353E-15
4.529E+00  1.085E-23  1.304E-15
4.487E+00  1.057E-23  1.258E-15
4.446E+00  1.030E-23  1.214E-15
4.406E+00  1.004E-23  1.174E-15
4.365E+00  9.805E-24  1.135E-15
4.325E+00  9.580E-24  1.099E-15
4.285E+00  9.369E-24  1.065E-15
4.246E+00  9.170E-24  1.033E-15
4.207E+00  8.983E-24  1.002E-15
4.169E+00  8.807E-24  9.739E-16
4.130E+00  8.643E-24  9.470E-16
4.093E+00  8.489E-24  9.216E-16
4.055E+00  8.346E-24  8.978E-16
4.018E+00  8.215E-24  8.755E-16
3.981E+00  8.095E-24  8.548E-16
3.945E+00  7.986E-24  8.356E-16
3.908E+00  7.891E-24  8.181E-16
3.873E+00  7.809E-24  8.021E-16
3.837E+00  7.742E-24  7.880E-16
3.802E+00  7.694E-24  7.759E-16
3.767E+00  7.666E-24  7.660E-16
3.733E+00  7.662E-24  7.586E-16
3.698E+00  7.690E-24  7.544E-16
3.664E+00  7.759E-24  7.542E-16
3.631E+00  7.882E-24  7.591E-16
3.597E+00  8.081E-24  7.711E-16
3.565E+00  8.391E-24  7.934E-16
3.532E+00  8.873E-24  8.313E-16
3.499E+00  9.637E-24  8.945E-16
3.467E+00  1.090E-23  1.002E-15
3.436E+00  1.314E-23  1.198E-15
3.404E+00  1.761E-23  1.591E-15
3.373E+00  2.834E-23  2.536E-15
3.342E+00  6.394E-23  5.668E-15
3.311E+00  2.405E-22  2.112E-14
3.281E+00  1.642E-22  1.429E-14
3.251E+00  4.708E-23  4.060E-15
3.221E+00  2.261E-23  1.932E-15
3.192E+00  1.450E-23  1.228E-15
3.162E+00  1.091E-23  9.152E-16
3.133E+00  9.011E-24  7.489E-16
3.105E+00  7.880E-24  6.489E-16
3.076E+00  7.147E-24  5.832E-16
3.048E+00  6.640E-24  5.368E-16
3.020E+00  6.270E-24  5.023E-16
2.992E+00  5.988E-24  4.753E-16
2.965E+00  5.766E-24  4.535E-16
2.938E+00  5.585E-24  4.352E-16
2.911E+00  5.434E-24  4.195E-16
2.884E+00  5.304E-24  4.058E-16
2.858E+00  5.192E-24  3.935E-16
2.831E+00  5.092E-24  3.824E-16
2.805E+00  5.002E-24  3.722E-16
2.780E+00  4.920E-24  3.627E-16
2.754E+00  4.844E-24  3.539E-16
2.729E+00  4.773E-24  3.455E-16
2.704E+00  4.707E-24  3.376E-16
2.679E+00  4.644E-24  3.300E-16
2.655E+00  4.584E-24  3.227E-16
2.630E+00  4.526E-24  3.158E-16
2.606E+00  4.470E-24  3.090E-16
2.582E+00  4.416E-24  3.025E-16
2.559E+00  4.364E-24  2.962E-16
2.535E+00  4.312E-24  2.900E-16
2.512E+00  4.262E-24  2.840E-16
2.489E+00  4.213E-24  2.781E-16
2.466E+00  4.164E-24  2.724E-16
2.443E+00  4.115E-24  2.667E-16
2.421E+00  4.066E-24  2.611E-16
2.399E+00  4.019E-24  2.558E-16
2.377E+00  3.973E-24  2.505E-16
2.355E+00  3.927E-24  2.453E-16
2.333E+00  3.881E-24  2.402E-16
2.312E+00  3.836E-24  2.352E-16
2.291E+00  3.791E-24  2.303E-16
2.270E+00  3.745E-24  2.255E-16
2.249E+00  3.700E-24  2.207E-16
2.228E+00  3.655E-24  2.160E-16
2.208E+00  3.609E-24  2.113E-16
2.188E+00  3.562E-24  2.067E-16
2.168E+00  3.514E-24  2.021E-16
2.148E+00  3.465E-24  1.974E-16
2.128E+00  3.415E-24  1.928E-16
2.109E+00  3.362E-24  1.880E-16
2.089E+00  3.306E-24  1.832E-16
2.070E+00  3.247E-24  1.783E-16
2.051E+00  3.182E-24  1.732E-16
2.032E+00  3.112E-24  1.678E-16
2.014E+00  3.034E-24  1.621E-16
1.995E+00  2.948E-24  1.560E-16
1.977E+00  2.852E-24  1.496E-16
1.959E+00  2.751E-24  1.429E-16
1.941E+00  2.653E-24  1.366E-16
1.923E+00  2.575E-24  1.313E-16
1.905E+00  2.535E-24  1.281E-16
1.888E+00  2.539E-24  1.272E-16
1.871E+00  2.575E-24  1.278E-16
1.854E+00  2.621E-24  1.289E-16
1.837E+00  2.662E-24  1.297E-16
1.820E+00  2.690E-24  1.298E-16
1.803E+00  2.705E-24  1.294E-16
1.786E+00  2.710E-24  1.284E-16
1.770E+00  2.707E-24  1.271E-16
1.754E+00  2.698E-24  1.255E-16
1.738E+00  2.685E-24  1.237E-16
1.722E+00  2.668E-24  1.219E-16
1.706E+00  2.649E-24  1.199E-16
1.690E+00  2.629E-24  1.179E-16
1.675E+00  2.608E-24  1.159E-16
1.660E+00  2.587E-24  1.139E-16
1.644E+00  2.565E-24  1.119E-16
1.629E+00  2.543E-24  1.099E-16
1.614E+00  2.523E-24  1.080E-16
1.600E+00  2.502E-24  1.062E-16
1.585E+00  2.483E-24  1.044E-16
1.570E+00  2.466E-24  1.027E-16
1.556E+00  2.450E-24  1.011E-16
1.542E+00  2.436E-24  9.960E-17
1.528E+00  2.424E-24  9.821E-17
1.514E+00  2.415E-24  9.694E-17
1.500E+00  2.409E-24  9.582E-17
1.486E+00  2.406E-24  9.485E-17
1.472E+00  2.409E-24  9.406E-17
1.459E+00  2.416E-24  9.348E-17
1.445E+00  2.429E-24  9.313E-17
1.432E+00  2.449E-24  9.306E-17
1.419E+00  2.478E-24  9.329E-17
1.406E+00  2.518E-24  9.390E-17
1.393E+00  2.569E-24  9.495E-17
1.380E+00  2.636E-24  9.651E-17
1.368E+00  2.719E-24  9.866E-17
1.355E+00  2.824E-24  1.015E-16
1.343E+00  2.951E-24  1.051E-16
1.330E+00  3.102E-24  1.095E-16
1.318E+00  3.275E-24  1.145E-16
1.306E+00  3.459E-24  1.199E-16
1.294E+00  3.632E-24  1.247E-16
1.282E+00  3.758E-24  1.278E-16
1.271E+00  3.794E-24  1.279E-16
1.259E+00  3.709E-24  1.239E-16
1.247E+00  3.505E-24  1.160E-16
1.236E+00  3.221E-24  1.056E-16
1.225E+00  2.911E-24  9.455E-17
1.213E+00  2.617E-24  8.423E-17
1.202E+00  2.363E-24  7.537E-17
1.191E+00  2.157E-24  6.817E-17
1.180E+00  1.998E-24  6.254E-17
1.169E+00  1.879E-24  5.830E-17
1.159E+00  1.798E-24  5.528E-17
1.148E+00  1.752E-24  5.335E-17
1.138E+00  1.740E-24  5.249E-17
1.127E+00  1.765E-24  5.276E-17
1.117E+00  1.835E-24  5.435E-17
1.107E+00  1.964E-24  5.765E-17
1.096E+00  2.175E-24  6.327E-17
1.086E+00  2.503E-24  7.212E-17
1.076E+00  2.979E-24  8.506E-17
1.067E+00  3.576E-24  1.012E-16
1.057E+00  4.054E-24  1.136E-16
1.047E+00  3.971E-24  1.103E-16
1.038E+00  3.293E-24  9.063E-17
1.028E+00  2.494E-24  6.800E-17
1.019E+00  1.874E-24  5.063E-17
1.009E+00  1.454E-24  3.893E-17
1.000E+00  1.176E-24  3.119E-17
