Dust emission from Draine & Li (2007): ApJ 657, 810-837
================================================================
         9 = grain model
 4.000E-08 4.000E-01 2.500E-06 = a_01 (cm) , sigma_1 , b_C1/0.92
 2.500E-07 4.000E-01 2.500E-06 = a_02 (cm) , sigma_2 , b_C2/0.92
 1.500E+01 1.500E+01 1.000E+00 = Umin , Umax, beta (dN/dU propto U^{-beta})
 1.500E+01 = <U> 
     mmp83 = radfield
 1.414E-23 = power/H (erg s-1)
 band   nu*P_nu(band) j_nu(band)
 (um)   (erg s-1 H-1)(Jy cm2 sr-1 H-1)
1.270E+00  2.596E-26  8.744E-19 COBE-DIRBE
2.220E+00  3.407E-26  2.006E-18 COBE-DIRBE
3.530E+00  1.406E-25  1.316E-17 COBE-DIRBE
4.880E+00  6.466E-26  8.370E-18 COBE-DIRBE
1.229E+01  7.794E-25  2.541E-16 COBE-DIRBE
2.079E+01  1.023E-24  5.642E-16 COBE-DIRBE
5.599E+01  7.004E-24  1.040E-14 COBE-DIRBE
9.770E+01  9.464E-24  2.453E-14 COBE-DIRBE
1.479E+02  5.453E-24  2.139E-14 COBE-DIRBE
2.479E+02  1.333E-24  8.762E-15 COBE-DIRBE
1.200E+01  7.613E-25  2.423E-16 IRAS
2.500E+01  1.058E-24  7.015E-16 IRAS
6.000E+01  7.564E-24  1.204E-14 IRAS
1.000E+02  9.335E-24  2.476E-14 IRAS
3.550E+00  1.613E-25  1.519E-17 SST-IRAC
4.493E+00  5.062E-26  6.033E-18 SST-IRAC
5.731E+00  3.063E-25  4.656E-17 SST-IRAC
7.872E+00  8.327E-25  1.739E-16 SST-IRAC
2.368E+01  9.705E-25  6.096E-16 SST-MIPS
7.142E+01  8.701E-24  1.648E-14 SST-MIPS
1.559E+02  4.531E-24  1.874E-14 SST-MIPS
1.600E+01  7.971E-25  3.383E-16 SST-IRSPU
2.200E+01  1.003E-24  5.854E-16 SST-IRSPU











lambda    nu*dP/dnu     j_nu
 (um)   (erg s-1 H-1)(Jy cm2 sr-1 H-1)
1.000E+04  2.936E-31  7.789E-20
9.908E+03  3.044E-31  8.000E-20
9.817E+03  3.155E-31  8.216E-20
9.727E+03  3.270E-31  8.437E-20
9.638E+03  3.389E-31  8.665E-20
9.550E+03  3.513E-31  8.899E-20
9.462E+03  3.641E-31  9.139E-20
9.376E+03  3.774E-31  9.386E-20
9.290E+03  3.912E-31  9.639E-20
9.204E+03  4.055E-31  9.900E-20
9.120E+03  4.203E-31  1.017E-19
9.036E+03  4.356E-31  1.044E-19
8.954E+03  4.515E-31  1.072E-19
8.872E+03  4.678E-31  1.101E-19
8.790E+03  4.848E-31  1.130E-19
8.710E+03  5.024E-31  1.161E-19
8.630E+03  5.207E-31  1.192E-19
8.551E+03  5.396E-31  1.224E-19
8.472E+03  5.593E-31  1.257E-19
8.395E+03  5.797E-31  1.291E-19
8.318E+03  6.008E-31  1.326E-19
8.241E+03  6.227E-31  1.361E-19
8.166E+03  6.454E-31  1.398E-19
8.091E+03  6.690E-31  1.436E-19
8.017E+03  6.934E-31  1.475E-19
7.943E+03  7.187E-31  1.514E-19
7.870E+03  7.450E-31  1.555E-19
7.798E+03  7.723E-31  1.598E-19
7.727E+03  8.006E-31  1.641E-19
7.656E+03  8.299E-31  1.685E-19
7.586E+03  8.603E-31  1.731E-19
7.516E+03  8.919E-31  1.778E-19
7.447E+03  9.246E-31  1.827E-19
7.379E+03  9.586E-31  1.876E-19
7.311E+03  9.938E-31  1.927E-19
7.244E+03  1.030E-30  1.980E-19
7.178E+03  1.068E-30  2.034E-19
7.112E+03  1.108E-30  2.089E-19
7.047E+03  1.148E-30  2.147E-19
6.982E+03  1.191E-30  2.205E-19
6.918E+03  1.234E-30  2.265E-19
6.855E+03  1.280E-30  2.327E-19
6.792E+03  1.327E-30  2.391E-19
6.730E+03  1.376E-30  2.456E-19
6.668E+03  1.427E-30  2.523E-19
6.607E+03  1.479E-30  2.593E-19
6.546E+03  1.534E-30  2.664E-19
6.486E+03  1.591E-30  2.737E-19
6.427E+03  1.649E-30  2.812E-19
6.368E+03  1.710E-30  2.889E-19
6.310E+03  1.774E-30  2.969E-19
6.252E+03  1.840E-30  3.051E-19
6.194E+03  1.908E-30  3.135E-19
6.138E+03  1.978E-30  3.221E-19
6.081E+03  2.052E-30  3.310E-19
6.026E+03  2.128E-30  3.401E-19
5.970E+03  2.207E-30  3.495E-19
5.916E+03  2.289E-30  3.592E-19
5.861E+03  2.374E-30  3.692E-19
5.808E+03  2.463E-30  3.794E-19
5.754E+03  2.554E-30  3.899E-19
5.702E+03  2.650E-30  4.007E-19
5.649E+03  2.748E-30  4.119E-19
5.598E+03  2.851E-30  4.233E-19
5.546E+03  2.957E-30  4.351E-19
5.495E+03  3.068E-30  4.472E-19
5.445E+03  3.182E-30  4.597E-19
5.395E+03  3.301E-30  4.725E-19
5.346E+03  3.425E-30  4.856E-19
5.297E+03  3.553E-30  4.992E-19
5.248E+03  3.686E-30  5.132E-19
5.200E+03  3.824E-30  5.275E-19
5.152E+03  3.968E-30  5.423E-19
5.105E+03  4.116E-30  5.574E-19
5.058E+03  4.271E-30  5.730E-19
5.012E+03  4.431E-30  5.891E-19
4.966E+03  4.598E-30  6.056E-19
4.920E+03  4.770E-30  6.226E-19
4.875E+03  4.949E-30  6.401E-19
4.831E+03  5.135E-30  6.580E-19
4.786E+03  5.329E-30  6.765E-19
4.742E+03  5.529E-30  6.956E-19
4.699E+03  5.738E-30  7.151E-19
4.656E+03  5.954E-30  7.353E-19
4.613E+03  6.178E-30  7.560E-19
4.571E+03  6.412E-30  7.774E-19
4.529E+03  6.654E-30  7.993E-19
4.487E+03  6.905E-30  8.219E-19
4.446E+03  7.166E-30  8.452E-19
4.406E+03  7.437E-30  8.691E-19
4.365E+03  7.719E-30  8.937E-19
4.325E+03  8.011E-30  9.191E-19
4.285E+03  8.315E-30  9.452E-19
4.246E+03  8.630E-30  9.720E-19
4.207E+03  8.957E-30  9.997E-19
4.169E+03  9.297E-30  1.028E-18
4.130E+03  9.651E-30  1.057E-18
4.093E+03  1.002E-29  1.087E-18
4.055E+03  1.040E-29  1.118E-18
4.018E+03  1.079E-29  1.150E-18
3.981E+03  1.120E-29  1.183E-18
3.945E+03  1.163E-29  1.217E-18
3.908E+03  1.207E-29  1.252E-18
3.873E+03  1.253E-29  1.287E-18
3.837E+03  1.301E-29  1.324E-18
3.802E+03  1.351E-29  1.362E-18
3.767E+03  1.402E-29  1.401E-18
3.733E+03  1.456E-29  1.441E-18
3.698E+03  1.511E-29  1.483E-18
3.664E+03  1.569E-29  1.525E-18
3.631E+03  1.629E-29  1.569E-18
3.597E+03  1.691E-29  1.614E-18
3.565E+03  1.756E-29  1.661E-18
3.532E+03  1.824E-29  1.708E-18
3.499E+03  1.893E-29  1.758E-18
3.467E+03  1.966E-29  1.808E-18
3.436E+03  2.042E-29  1.861E-18
3.404E+03  2.120E-29  1.914E-18
3.373E+03  2.202E-29  1.970E-18
3.342E+03  2.286E-29  2.027E-18
3.311E+03  2.374E-29  2.086E-18
3.281E+03  2.466E-29  2.146E-18
3.251E+03  2.561E-29  2.208E-18
3.221E+03  2.660E-29  2.273E-18
3.192E+03  2.763E-29  2.339E-18
3.162E+03  2.869E-29  2.407E-18
3.133E+03  2.980E-29  2.477E-18
3.105E+03  3.095E-29  2.549E-18
3.076E+03  3.215E-29  2.623E-18
3.048E+03  3.340E-29  2.700E-18
3.020E+03  3.469E-29  2.779E-18
2.992E+03  3.603E-29  2.860E-18
2.965E+03  3.743E-29  2.943E-18
2.938E+03  3.887E-29  3.029E-18
2.911E+03  4.038E-29  3.118E-18
2.884E+03  4.194E-29  3.209E-18
2.858E+03  4.357E-29  3.302E-18
2.831E+03  4.526E-29  3.399E-18
2.805E+03  4.701E-29  3.499E-18
2.780E+03  4.884E-29  3.601E-18
2.754E+03  5.074E-29  3.707E-18
2.729E+03  5.271E-29  3.816E-18
2.704E+03  5.476E-29  3.928E-18
2.679E+03  5.689E-29  4.043E-18
2.655E+03  5.911E-29  4.162E-18
2.630E+03  6.142E-29  4.285E-18
2.606E+03  6.381E-29  4.411E-18
2.582E+03  6.630E-29  4.541E-18
2.559E+03  6.889E-29  4.676E-18
2.535E+03  7.158E-29  4.814E-18
2.512E+03  7.438E-29  4.956E-18
2.489E+03  7.729E-29  5.103E-18
2.466E+03  8.032E-29  5.254E-18
2.443E+03  8.346E-29  5.410E-18
2.421E+03  8.674E-29  5.570E-18
2.399E+03  9.014E-29  5.736E-18
2.377E+03  9.367E-29  5.906E-18
2.355E+03  9.735E-29  6.081E-18
2.333E+03  1.012E-28  6.262E-18
2.312E+03  1.052E-28  6.449E-18
2.291E+03  1.093E-28  6.641E-18
2.270E+03  1.136E-28  6.839E-18
2.249E+03  1.181E-28  7.043E-18
2.228E+03  1.227E-28  7.253E-18
2.208E+03  1.275E-28  7.470E-18
2.188E+03  1.326E-28  7.693E-18
2.168E+03  1.378E-28  7.923E-18
2.148E+03  1.432E-28  8.160E-18
2.128E+03  1.489E-28  8.404E-18
2.109E+03  1.548E-28  8.656E-18
2.089E+03  1.609E-28  8.915E-18
2.070E+03  1.672E-28  9.183E-18
2.051E+03  1.738E-28  9.458E-18
2.032E+03  1.807E-28  9.742E-18
2.014E+03  1.879E-28  1.003E-17
1.995E+03  1.953E-28  1.034E-17
1.977E+03  2.030E-28  1.065E-17
1.959E+03  2.110E-28  1.097E-17
1.941E+03  2.194E-28  1.130E-17
1.923E+03  2.281E-28  1.164E-17
1.905E+03  2.371E-28  1.199E-17
1.888E+03  2.465E-28  1.235E-17
1.871E+03  2.563E-28  1.272E-17
1.854E+03  2.665E-28  1.310E-17
1.837E+03  2.771E-28  1.350E-17
1.820E+03  2.881E-28  1.390E-17
1.803E+03  2.995E-28  1.432E-17
1.786E+03  3.114E-28  1.476E-17
1.770E+03  3.238E-28  1.520E-17
1.754E+03  3.366E-28  1.566E-17
1.738E+03  3.500E-28  1.614E-17
1.722E+03  3.640E-28  1.662E-17
1.706E+03  3.784E-28  1.713E-17
1.690E+03  3.935E-28  1.764E-17
1.675E+03  4.092E-28  1.818E-17
1.660E+03  4.255E-28  1.873E-17
1.644E+03  4.424E-28  1.930E-17
1.629E+03  4.600E-28  1.988E-17
1.614E+03  4.784E-28  2.048E-17
1.600E+03  4.974E-28  2.111E-17
1.585E+03  5.172E-28  2.175E-17
1.570E+03  5.379E-28  2.240E-17
1.556E+03  5.593E-28  2.308E-17
1.542E+03  5.816E-28  2.378E-17
1.528E+03  6.048E-28  2.451E-17
1.514E+03  6.289E-28  2.525E-17
1.500E+03  6.540E-28  2.602E-17
1.486E+03  6.801E-28  2.681E-17
1.472E+03  7.073E-28  2.762E-17
1.459E+03  7.355E-28  2.846E-17
1.445E+03  7.649E-28  2.933E-17
1.432E+03  7.955E-28  3.022E-17
1.419E+03  8.273E-28  3.114E-17
1.406E+03  8.603E-28  3.209E-17
1.393E+03  8.947E-28  3.306E-17
1.380E+03  9.305E-28  3.407E-17
1.368E+03  9.677E-28  3.511E-17
1.355E+03  1.006E-27  3.618E-17
1.343E+03  1.047E-27  3.728E-17
1.330E+03  1.089E-27  3.841E-17
1.318E+03  1.132E-27  3.958E-17
1.306E+03  1.177E-27  4.079E-17
1.294E+03  1.224E-27  4.203E-17
1.282E+03  1.273E-27  4.331E-17
1.271E+03  1.324E-27  4.463E-17
1.259E+03  1.377E-27  4.599E-17
1.247E+03  1.432E-27  4.739E-17
1.236E+03  1.489E-27  4.883E-17
1.225E+03  1.549E-27  5.032E-17
1.213E+03  1.611E-27  5.185E-17
1.202E+03  1.675E-27  5.343E-17
1.191E+03  1.742E-27  5.505E-17
1.180E+03  1.812E-27  5.673E-17
1.169E+03  1.884E-27  5.845E-17
1.159E+03  1.959E-27  6.023E-17
1.148E+03  2.038E-27  6.206E-17
1.138E+03  2.119E-27  6.394E-17
1.127E+03  2.204E-27  6.589E-17
1.117E+03  2.291E-27  6.789E-17
1.107E+03  2.383E-27  6.995E-17
1.096E+03  2.478E-27  7.207E-17
1.086E+03  2.577E-27  7.426E-17
1.076E+03  2.679E-27  7.651E-17
1.067E+03  2.786E-27  7.883E-17
1.057E+03  2.897E-27  8.122E-17
1.047E+03  3.013E-27  8.368E-17
1.038E+03  3.132E-27  8.621E-17
1.028E+03  3.257E-27  8.882E-17
1.019E+03  3.387E-27  9.150E-17
1.009E+03  3.521E-27  9.427E-17
1.000E+03  3.661E-27  9.712E-17
9.908E+02  3.807E-27  1.001E-16
9.817E+02  3.958E-27  1.031E-16
9.727E+02  4.116E-27  1.062E-16
9.638E+02  4.279E-27  1.094E-16
9.550E+02  4.449E-27  1.127E-16
9.462E+02  4.626E-27  1.161E-16
9.376E+02  4.810E-27  1.196E-16
9.290E+02  5.001E-27  1.232E-16
9.204E+02  5.199E-27  1.269E-16
9.120E+02  5.405E-27  1.308E-16
9.036E+02  5.620E-27  1.347E-16
8.954E+02  5.842E-27  1.387E-16
8.872E+02  6.073E-27  1.429E-16
8.790E+02  6.313E-27  1.472E-16
8.710E+02  6.562E-27  1.516E-16
8.630E+02  6.821E-27  1.561E-16
8.551E+02  7.090E-27  1.608E-16
8.472E+02  7.369E-27  1.656E-16
8.395E+02  7.660E-27  1.706E-16
8.318E+02  7.961E-27  1.756E-16
8.241E+02  8.274E-27  1.809E-16
8.166E+02  8.599E-27  1.862E-16
8.091E+02  8.936E-27  1.918E-16
8.017E+02  9.286E-27  1.975E-16
7.943E+02  9.650E-27  2.033E-16
7.870E+02  1.003E-26  2.093E-16
7.798E+02  1.042E-26  2.155E-16
7.727E+02  1.083E-26  2.219E-16
7.656E+02  1.125E-26  2.285E-16
7.586E+02  1.169E-26  2.352E-16
7.516E+02  1.214E-26  2.421E-16
7.447E+02  1.262E-26  2.493E-16
7.379E+02  1.311E-26  2.567E-16
7.311E+02  1.362E-26  2.642E-16
7.244E+02  1.416E-26  2.720E-16
7.178E+02  1.471E-26  2.801E-16
7.112E+02  1.528E-26  2.884E-16
7.047E+02  1.588E-26  2.969E-16
6.982E+02  1.650E-26  3.056E-16
6.918E+02  1.715E-26  3.147E-16
6.855E+02  1.782E-26  3.239E-16
6.792E+02  1.851E-26  3.335E-16
6.730E+02  1.923E-26  3.433E-16
6.668E+02  1.998E-26  3.534E-16
6.607E+02  2.076E-26  3.637E-16
6.546E+02  2.156E-26  3.745E-16
6.486E+02  2.241E-26  3.855E-16
6.427E+02  2.328E-26  3.969E-16
6.368E+02  2.419E-26  4.087E-16
6.310E+02  2.514E-26  4.208E-16
6.252E+02  2.612E-26  4.332E-16
6.194E+02  2.714E-26  4.460E-16
6.138E+02  2.821E-26  4.592E-16
6.081E+02  2.931E-26  4.728E-16
6.026E+02  3.045E-26  4.868E-16
5.970E+02  3.165E-26  5.012E-16
5.916E+02  3.288E-26  5.160E-16
5.861E+02  3.417E-26  5.312E-16
5.808E+02  3.550E-26  5.470E-16
5.754E+02  3.689E-26  5.631E-16
5.702E+02  3.834E-26  5.798E-16
5.649E+02  3.984E-26  5.970E-16
5.598E+02  4.139E-26  6.146E-16
5.546E+02  4.301E-26  6.328E-16
5.495E+02  4.470E-26  6.515E-16
5.445E+02  4.644E-26  6.708E-16
5.395E+02  4.826E-26  6.907E-16
5.346E+02  5.015E-26  7.111E-16
5.297E+02  5.211E-26  7.322E-16
5.248E+02  5.415E-26  7.538E-16
5.200E+02  5.627E-26  7.761E-16
5.152E+02  5.847E-26  7.991E-16
5.105E+02  6.076E-26  8.227E-16
5.058E+02  6.313E-26  8.471E-16
5.012E+02  6.560E-26  8.721E-16
4.966E+02  6.816E-26  8.979E-16
4.920E+02  7.083E-26  9.244E-16
4.875E+02  7.359E-26  9.517E-16
4.831E+02  7.647E-26  9.798E-16
4.786E+02  7.945E-26  1.009E-15
4.742E+02  8.255E-26  1.038E-15
4.699E+02  8.577E-26  1.069E-15
4.656E+02  8.912E-26  1.101E-15
4.613E+02  9.259E-26  1.133E-15
4.571E+02  9.620E-26  1.166E-15
4.529E+02  9.995E-26  1.201E-15
4.487E+02  1.038E-25  1.236E-15
4.446E+02  1.079E-25  1.272E-15
4.406E+02  1.121E-25  1.310E-15
4.365E+02  1.164E-25  1.348E-15
4.325E+02  1.210E-25  1.388E-15
4.285E+02  1.257E-25  1.428E-15
4.246E+02  1.305E-25  1.470E-15
4.207E+02  1.356E-25  1.513E-15
4.169E+02  1.409E-25  1.558E-15
4.130E+02  1.463E-25  1.603E-15
4.093E+02  1.520E-25  1.650E-15
4.055E+02  1.579E-25  1.698E-15
4.018E+02  1.640E-25  1.748E-15
3.981E+02  1.703E-25  1.799E-15
3.945E+02  1.769E-25  1.851E-15
3.908E+02  1.838E-25  1.905E-15
3.873E+02  1.909E-25  1.961E-15
3.837E+02  1.983E-25  2.018E-15
3.802E+02  2.059E-25  2.077E-15
3.767E+02  2.139E-25  2.137E-15
3.733E+02  2.221E-25  2.199E-15
3.698E+02  2.306E-25  2.263E-15
3.664E+02  2.395E-25  2.328E-15
3.631E+02  2.487E-25  2.396E-15
3.597E+02  2.583E-25  2.465E-15
3.565E+02  2.682E-25  2.536E-15
3.532E+02  2.785E-25  2.609E-15
3.499E+02  2.891E-25  2.684E-15
3.467E+02  3.002E-25  2.761E-15
3.436E+02  3.117E-25  2.840E-15
3.404E+02  3.235E-25  2.922E-15
3.373E+02  3.359E-25  3.005E-15
3.342E+02  3.487E-25  3.091E-15
3.311E+02  3.619E-25  3.179E-15
3.281E+02  3.757E-25  3.269E-15
3.251E+02  3.899E-25  3.362E-15
3.221E+02  4.047E-25  3.457E-15
3.192E+02  4.200E-25  3.555E-15
3.162E+02  4.358E-25  3.656E-15
3.133E+02  4.522E-25  3.758E-15
3.105E+02  4.692E-25  3.864E-15
3.076E+02  4.869E-25  3.973E-15
3.048E+02  5.051E-25  4.084E-15
3.020E+02  5.240E-25  4.198E-15
2.992E+02  5.436E-25  4.315E-15
2.965E+02  5.639E-25  4.435E-15
2.938E+02  5.849E-25  4.558E-15
2.911E+02  6.066E-25  4.684E-15
2.884E+02  6.291E-25  4.813E-15
2.858E+02  6.524E-25  4.945E-15
2.831E+02  6.765E-25  5.081E-15
2.805E+02  7.015E-25  5.220E-15
2.780E+02  7.272E-25  5.362E-15
2.754E+02  7.539E-25  5.508E-15
2.729E+02  7.816E-25  5.658E-15
2.704E+02  8.103E-25  5.812E-15
2.679E+02  8.400E-25  5.970E-15
2.655E+02  8.708E-25  6.131E-15
2.630E+02  9.025E-25  6.297E-15
2.606E+02  9.354E-25  6.467E-15
2.582E+02  9.694E-25  6.640E-15
2.559E+02  1.004E-24  6.816E-15
2.535E+02  1.040E-24  6.995E-15
2.512E+02  1.077E-24  7.177E-15
2.489E+02  1.115E-24  7.358E-15
2.466E+02  1.152E-24  7.537E-15
2.443E+02  1.191E-24  7.718E-15
2.421E+02  1.230E-24  7.901E-15
2.399E+02  1.271E-24  8.085E-15
2.377E+02  1.311E-24  8.267E-15
2.355E+02  1.353E-24  8.452E-15
2.333E+02  1.396E-24  8.640E-15
2.312E+02  1.440E-24  8.830E-15
2.291E+02  1.485E-24  9.024E-15
2.270E+02  1.531E-24  9.220E-15
2.249E+02  1.579E-24  9.419E-15
2.228E+02  1.628E-24  9.621E-15
2.208E+02  1.678E-24  9.826E-15
2.188E+02  1.729E-24  1.003E-14
2.168E+02  1.782E-24  1.024E-14
2.148E+02  1.835E-24  1.046E-14
2.128E+02  1.891E-24  1.067E-14
2.109E+02  1.947E-24  1.089E-14
2.089E+02  2.005E-24  1.111E-14
2.070E+02  2.064E-24  1.133E-14
2.051E+02  2.124E-24  1.156E-14
2.032E+02  2.186E-24  1.179E-14
2.014E+02  2.250E-24  1.202E-14
1.995E+02  2.314E-24  1.225E-14
1.977E+02  2.381E-24  1.248E-14
1.959E+02  2.448E-24  1.272E-14
1.941E+02  2.517E-24  1.296E-14
1.923E+02  2.587E-24  1.320E-14
1.905E+02  2.659E-24  1.344E-14
1.888E+02  2.733E-24  1.369E-14
1.871E+02  2.808E-24  1.393E-14
1.854E+02  2.884E-24  1.418E-14
1.837E+02  2.962E-24  1.443E-14
1.820E+02  3.041E-24  1.468E-14
1.803E+02  3.122E-24  1.493E-14
1.786E+02  3.205E-24  1.519E-14
1.770E+02  3.289E-24  1.544E-14
1.754E+02  3.374E-24  1.570E-14
1.738E+02  3.462E-24  1.596E-14
1.722E+02  3.550E-24  1.622E-14
1.706E+02  3.641E-24  1.648E-14
1.690E+02  3.733E-24  1.674E-14
1.675E+02  3.827E-24  1.700E-14
1.660E+02  3.922E-24  1.727E-14
1.644E+02  4.020E-24  1.753E-14
1.629E+02  4.119E-24  1.780E-14
1.614E+02  4.220E-24  1.807E-14
1.600E+02  4.322E-24  1.834E-14
1.585E+02  4.427E-24  1.861E-14
1.570E+02  4.534E-24  1.889E-14
1.556E+02  4.643E-24  1.916E-14
1.542E+02  4.754E-24  1.944E-14
1.528E+02  4.868E-24  1.972E-14
1.514E+02  4.984E-24  2.001E-14
1.500E+02  5.102E-24  2.030E-14
1.486E+02  5.224E-24  2.059E-14
1.472E+02  5.348E-24  2.089E-14
1.459E+02  5.474E-24  2.118E-14
1.445E+02  5.602E-24  2.148E-14
1.432E+02  5.731E-24  2.177E-14
1.419E+02  5.858E-24  2.205E-14
1.406E+02  5.981E-24  2.231E-14
1.393E+02  6.100E-24  2.254E-14
1.380E+02  6.212E-24  2.275E-14
1.368E+02  6.318E-24  2.292E-14
1.355E+02  6.419E-24  2.307E-14
1.343E+02  6.516E-24  2.321E-14
1.330E+02  6.611E-24  2.333E-14
1.318E+02  6.706E-24  2.345E-14
1.306E+02  6.801E-24  2.356E-14
1.294E+02  6.897E-24  2.368E-14
1.282E+02  6.994E-24  2.379E-14
1.271E+02  7.093E-24  2.390E-14
1.259E+02  7.192E-24  2.402E-14
1.247E+02  7.293E-24  2.413E-14
1.236E+02  7.394E-24  2.424E-14
1.225E+02  7.496E-24  2.435E-14
1.213E+02  7.598E-24  2.445E-14
1.202E+02  7.700E-24  2.456E-14
1.191E+02  7.803E-24  2.466E-14
1.180E+02  7.905E-24  2.475E-14
1.169E+02  8.006E-24  2.484E-14
1.159E+02  8.106E-24  2.492E-14
1.148E+02  8.206E-24  2.499E-14
1.138E+02  8.306E-24  2.506E-14
1.127E+02  8.404E-24  2.513E-14
1.117E+02  8.502E-24  2.519E-14
1.107E+02  8.599E-24  2.524E-14
1.096E+02  8.695E-24  2.529E-14
1.086E+02  8.790E-24  2.533E-14
1.076E+02  8.883E-24  2.537E-14
1.067E+02  8.975E-24  2.539E-14
1.057E+02  9.065E-24  2.541E-14
1.047E+02  9.153E-24  2.542E-14
1.038E+02  9.239E-24  2.543E-14
1.028E+02  9.323E-24  2.542E-14
1.019E+02  9.403E-24  2.541E-14
1.009E+02  9.482E-24  2.538E-14
1.000E+02  9.557E-24  2.535E-14
9.908E+01  9.630E-24  2.531E-14
9.817E+01  9.700E-24  2.526E-14
9.727E+01  9.767E-24  2.520E-14
9.638E+01  9.831E-24  2.513E-14
9.550E+01  9.891E-24  2.506E-14
9.462E+01  9.949E-24  2.497E-14
9.376E+01  1.000E-23  2.488E-14
9.290E+01  1.005E-23  2.477E-14
9.204E+01  1.010E-23  2.466E-14
9.120E+01  1.014E-23  2.454E-14
9.036E+01  1.018E-23  2.441E-14
8.954E+01  1.022E-23  2.427E-14
8.872E+01  1.025E-23  2.412E-14
8.790E+01  1.028E-23  2.397E-14
8.710E+01  1.031E-23  2.381E-14
8.630E+01  1.033E-23  2.364E-14
8.551E+01  1.034E-23  2.346E-14
8.472E+01  1.036E-23  2.327E-14
8.395E+01  1.037E-23  2.308E-14
8.318E+01  1.037E-23  2.288E-14
8.241E+01  1.037E-23  2.267E-14
8.166E+01  1.037E-23  2.246E-14
8.091E+01  1.036E-23  2.223E-14
8.017E+01  1.035E-23  2.201E-14
7.943E+01  1.033E-23  2.177E-14
7.870E+01  1.031E-23  2.153E-14
7.798E+01  1.029E-23  2.128E-14
7.727E+01  1.026E-23  2.102E-14
7.656E+01  1.023E-23  2.077E-14
7.586E+01  1.019E-23  2.050E-14
7.516E+01  1.015E-23  2.023E-14
7.447E+01  1.010E-23  1.996E-14
7.379E+01  1.005E-23  1.967E-14
7.311E+01  9.997E-24  1.939E-14
7.244E+01  9.938E-24  1.910E-14
7.178E+01  9.876E-24  1.880E-14
7.112E+01  9.810E-24  1.851E-14
7.047E+01  9.742E-24  1.821E-14
6.982E+01  9.671E-24  1.791E-14
6.918E+01  9.596E-24  1.761E-14
6.855E+01  9.517E-24  1.730E-14
6.792E+01  9.434E-24  1.700E-14
6.730E+01  9.348E-24  1.669E-14
6.668E+01  9.259E-24  1.638E-14
6.607E+01  9.168E-24  1.607E-14
6.546E+01  9.074E-24  1.576E-14
6.486E+01  8.977E-24  1.545E-14
6.427E+01  8.878E-24  1.513E-14
6.368E+01  8.776E-24  1.482E-14
6.310E+01  8.672E-24  1.451E-14
6.252E+01  8.567E-24  1.421E-14
6.194E+01  8.460E-24  1.390E-14
6.138E+01  8.351E-24  1.360E-14
6.081E+01  8.240E-24  1.329E-14
6.026E+01  8.128E-24  1.299E-14
5.970E+01  8.014E-24  1.269E-14
5.916E+01  7.899E-24  1.239E-14
5.861E+01  7.782E-24  1.210E-14
5.808E+01  7.664E-24  1.181E-14
5.754E+01  7.546E-24  1.152E-14
5.702E+01  7.427E-24  1.123E-14
5.649E+01  7.308E-24  1.095E-14
5.598E+01  7.189E-24  1.067E-14
5.546E+01  7.070E-24  1.040E-14
5.495E+01  6.950E-24  1.013E-14
5.445E+01  6.831E-24  9.866E-15
5.395E+01  6.712E-24  9.606E-15
5.346E+01  6.594E-24  9.349E-15
5.297E+01  6.475E-24  9.097E-15
5.248E+01  6.357E-24  8.850E-15
5.200E+01  6.240E-24  8.607E-15
5.152E+01  6.123E-24  8.369E-15
5.105E+01  6.007E-24  8.135E-15
5.058E+01  5.892E-24  7.906E-15
5.012E+01  5.778E-24  7.682E-15
4.966E+01  5.665E-24  7.462E-15
4.920E+01  5.553E-24  7.248E-15
4.875E+01  5.442E-24  7.038E-15
4.831E+01  5.333E-24  6.833E-15
4.786E+01  5.225E-24  6.633E-15
4.742E+01  5.118E-24  6.438E-15
4.699E+01  5.013E-24  6.248E-15
4.656E+01  4.909E-24  6.063E-15
4.613E+01  4.807E-24  5.882E-15
4.571E+01  4.706E-24  5.706E-15
4.529E+01  4.607E-24  5.534E-15
4.487E+01  4.509E-24  5.367E-15
4.446E+01  4.413E-24  5.205E-15
4.406E+01  4.318E-24  5.046E-15
4.365E+01  4.225E-24  4.892E-15
4.325E+01  4.133E-24  4.742E-15
4.285E+01  4.042E-24  4.595E-15
4.246E+01  3.953E-24  4.453E-15
4.207E+01  3.865E-24  4.314E-15
4.169E+01  3.779E-24  4.178E-15
4.130E+01  3.693E-24  4.046E-15
4.093E+01  3.609E-24  3.918E-15
4.055E+01  3.525E-24  3.792E-15
4.018E+01  3.443E-24  3.670E-15
3.981E+01  3.362E-24  3.551E-15
3.945E+01  3.282E-24  3.434E-15
3.908E+01  3.203E-24  3.321E-15
3.873E+01  3.125E-24  3.211E-15
3.837E+01  3.048E-24  3.103E-15
3.802E+01  2.972E-24  2.997E-15
3.767E+01  2.897E-24  2.895E-15
3.733E+01  2.822E-24  2.794E-15
3.698E+01  2.748E-24  2.696E-15
3.664E+01  2.675E-24  2.600E-15
3.631E+01  2.603E-24  2.507E-15
3.597E+01  2.532E-24  2.416E-15
3.565E+01  2.462E-24  2.328E-15
3.532E+01  2.394E-24  2.243E-15
3.499E+01  2.326E-24  2.159E-15
3.467E+01  2.260E-24  2.079E-15
3.436E+01  2.195E-24  2.000E-15
3.404E+01  2.132E-24  1.925E-15
3.373E+01  2.070E-24  1.852E-15
3.342E+01  2.009E-24  1.781E-15
3.311E+01  1.951E-24  1.713E-15
3.281E+01  1.894E-24  1.648E-15
3.251E+01  1.839E-24  1.586E-15
3.221E+01  1.786E-24  1.526E-15
3.192E+01  1.734E-24  1.468E-15
3.162E+01  1.685E-24  1.413E-15
3.133E+01  1.638E-24  1.361E-15
3.105E+01  1.593E-24  1.312E-15
3.076E+01  1.550E-24  1.265E-15
3.048E+01  1.509E-24  1.220E-15
3.020E+01  1.470E-24  1.178E-15
2.992E+01  1.433E-24  1.138E-15
2.965E+01  1.398E-24  1.100E-15
2.938E+01  1.365E-24  1.064E-15
2.911E+01  1.334E-24  1.030E-15
2.884E+01  1.305E-24  9.986E-16
2.858E+01  1.278E-24  9.688E-16
2.831E+01  1.253E-24  9.408E-16
2.805E+01  1.229E-24  9.144E-16
2.780E+01  1.207E-24  8.896E-16
2.754E+01  1.186E-24  8.663E-16
2.729E+01  1.166E-24  8.442E-16
2.704E+01  1.148E-24  8.236E-16
2.679E+01  1.132E-24  8.042E-16
2.655E+01  1.116E-24  7.858E-16
2.630E+01  1.101E-24  7.685E-16
2.606E+01  1.088E-24  7.521E-16
2.582E+01  1.075E-24  7.366E-16
2.559E+01  1.064E-24  7.220E-16
2.535E+01  1.053E-24  7.081E-16
2.512E+01  1.043E-24  6.950E-16
2.489E+01  1.034E-24  6.824E-16
2.466E+01  1.025E-24  6.704E-16
2.443E+01  1.017E-24  6.590E-16
2.421E+01  1.009E-24  6.480E-16
2.399E+01  1.002E-24  6.374E-16
2.377E+01  9.949E-25  6.272E-16
2.355E+01  9.889E-25  6.178E-16
2.333E+01  9.832E-25  6.086E-16
2.312E+01  9.775E-25  5.995E-16
2.291E+01  9.723E-25  5.908E-16
2.270E+01  9.679E-25  5.828E-16
2.249E+01  9.643E-25  5.753E-16
2.228E+01  9.612E-25  5.682E-16
2.208E+01  9.582E-25  5.612E-16
2.188E+01  9.549E-25  5.541E-16
2.168E+01  9.515E-25  5.471E-16
2.148E+01  9.484E-25  5.404E-16
2.128E+01  9.459E-25  5.340E-16
2.109E+01  9.441E-25  5.281E-16
2.089E+01  9.423E-25  5.222E-16
2.070E+01  9.404E-25  5.164E-16
2.051E+01  9.387E-25  5.107E-16
2.032E+01  9.375E-25  5.054E-16
2.014E+01  9.379E-25  5.010E-16
1.995E+01  9.384E-25  4.966E-16
1.977E+01  9.390E-25  4.924E-16
1.959E+01  9.394E-25  4.881E-16
1.941E+01  9.399E-25  4.839E-16
1.923E+01  9.405E-25  4.798E-16
1.905E+01  9.414E-25  4.758E-16
1.888E+01  9.428E-25  4.722E-16
1.871E+01  9.455E-25  4.692E-16
1.854E+01  9.504E-25  4.673E-16
1.837E+01  9.595E-25  4.674E-16
1.820E+01  9.773E-25  4.717E-16
1.803E+01  1.021E-24  4.881E-16
1.786E+01  1.096E-24  5.195E-16
1.770E+01  1.086E-24  5.097E-16
1.754E+01  1.155E-24  5.375E-16
1.738E+01  1.366E-24  6.299E-16
1.722E+01  1.264E-24  5.775E-16
1.706E+01  1.242E-24  5.619E-16
1.690E+01  1.197E-24  5.366E-16
1.675E+01  1.135E-24  5.042E-16
1.660E+01  1.149E-24  5.060E-16
1.644E+01  1.338E-24  5.834E-16
1.629E+01  1.011E-24  4.368E-16
1.614E+01  8.942E-25  3.829E-16
1.600E+01  9.069E-25  3.848E-16
1.585E+01  8.930E-25  3.754E-16
1.570E+01  7.709E-25  3.211E-16
1.556E+01  7.081E-25  2.923E-16
1.542E+01  6.729E-25  2.752E-16
1.528E+01  6.481E-25  2.626E-16
1.514E+01  6.284E-25  2.523E-16
1.500E+01  6.122E-25  2.435E-16
1.486E+01  5.986E-25  2.359E-16
1.472E+01  5.880E-25  2.296E-16
1.459E+01  5.820E-25  2.252E-16
1.445E+01  5.855E-25  2.245E-16
1.432E+01  6.088E-25  2.313E-16
1.419E+01  6.355E-25  2.392E-16
1.406E+01  5.980E-25  2.230E-16
1.393E+01  5.698E-25  2.106E-16
1.380E+01  5.733E-25  2.099E-16
1.368E+01  6.174E-25  2.240E-16
1.355E+01  6.344E-25  2.280E-16
1.343E+01  5.929E-25  2.112E-16
1.330E+01  5.929E-25  2.092E-16
1.318E+01  6.207E-25  2.170E-16
1.306E+01  6.759E-25  2.342E-16
1.294E+01  7.711E-25  2.647E-16
1.282E+01  9.234E-25  3.141E-16
1.271E+01  1.111E-24  3.743E-16
1.259E+01  1.189E-24  3.970E-16
1.247E+01  1.078E-24  3.567E-16
1.236E+01  9.444E-25  3.096E-16
1.225E+01  8.886E-25  2.887E-16
1.213E+01  9.030E-25  2.907E-16
1.202E+01  9.303E-25  2.967E-16
1.191E+01  9.034E-25  2.855E-16
1.180E+01  8.453E-25  2.646E-16
1.169E+01  8.277E-25  2.568E-16
1.159E+01  9.021E-25  2.773E-16
1.148E+01  1.148E-24  3.496E-16
1.138E+01  1.661E-24  5.013E-16
1.127E+01  2.237E-24  6.688E-16
1.117E+01  1.584E-24  4.694E-16
1.107E+01  9.313E-25  2.734E-16
1.096E+01  7.028E-25  2.044E-16
1.086E+01  5.986E-25  1.725E-16
1.076E+01  5.451E-25  1.557E-16
1.067E+01  5.163E-25  1.461E-16
1.057E+01  5.011E-25  1.405E-16
1.047E+01  4.932E-25  1.370E-16
1.038E+01  4.885E-25  1.345E-16
1.028E+01  4.852E-25  1.323E-16
1.019E+01  4.824E-25  1.303E-16
1.009E+01  4.806E-25  1.287E-16
1.000E+01  4.804E-25  1.274E-16
9.908E+00  4.823E-25  1.268E-16
9.817E+00  4.858E-25  1.265E-16
9.727E+00  4.908E-25  1.267E-16
9.638E+00  4.970E-25  1.271E-16
9.550E+00  5.028E-25  1.274E-16
9.462E+00  5.073E-25  1.273E-16
9.376E+00  5.102E-25  1.269E-16
9.290E+00  5.118E-25  1.261E-16
9.204E+00  5.132E-25  1.253E-16
9.120E+00  5.170E-25  1.251E-16
9.036E+00  5.275E-25  1.264E-16
8.954E+00  5.517E-25  1.310E-16
8.872E+00  6.014E-25  1.415E-16
8.790E+00  6.953E-25  1.621E-16
8.710E+00  8.484E-25  1.960E-16
8.630E+00  9.907E-25  2.268E-16
8.551E+00  9.566E-25  2.170E-16
8.472E+00  8.343E-25  1.875E-16
8.395E+00  7.652E-25  1.704E-16
8.318E+00  7.470E-25  1.648E-16
8.241E+00  7.591E-25  1.659E-16
8.166E+00  8.126E-25  1.760E-16
8.091E+00  9.301E-25  1.996E-16
8.017E+00  1.127E-24  2.396E-16
7.943E+00  1.391E-24  2.931E-16
7.870E+00  1.630E-24  3.402E-16
7.798E+00  1.734E-24  3.588E-16
7.727E+00  1.790E-24  3.669E-16
7.656E+00  1.900E-24  3.858E-16
7.586E+00  1.865E-24  3.754E-16
7.516E+00  1.537E-24  3.064E-16
7.447E+00  1.164E-24  2.299E-16
7.379E+00  8.956E-25  1.753E-16
7.311E+00  7.176E-25  1.392E-16
7.244E+00  5.946E-25  1.143E-16
7.178E+00  5.057E-25  9.628E-17
7.112E+00  4.401E-25  8.303E-17
7.047E+00  3.926E-25  7.340E-17
6.982E+00  3.602E-25  6.672E-17
6.918E+00  3.413E-25  6.263E-17
6.855E+00  3.341E-25  6.075E-17
6.792E+00  3.353E-25  6.042E-17
6.730E+00  3.377E-25  6.029E-17
6.668E+00  3.331E-25  5.891E-17
6.607E+00  3.216E-25  5.636E-17
6.546E+00  3.142E-25  5.456E-17
6.486E+00  3.250E-25  5.593E-17
6.427E+00  3.717E-25  6.336E-17
6.368E+00  4.894E-25  8.267E-17
6.310E+00  7.584E-25  1.269E-16
6.252E+00  1.221E-24  2.026E-16
6.194E+00  1.242E-24  2.042E-16
6.138E+00  7.520E-25  1.224E-16
6.081E+00  4.472E-25  7.213E-17
6.026E+00  3.052E-25  4.878E-17
5.970E+00  2.374E-25  3.760E-17
5.916E+00  2.067E-25  3.243E-17
5.861E+00  2.005E-25  3.117E-17
5.808E+00  2.173E-25  3.347E-17
5.754E+00  2.544E-25  3.884E-17
5.702E+00  2.760E-25  4.175E-17
5.649E+00  2.376E-25  3.561E-17
5.598E+00  1.811E-25  2.689E-17
5.546E+00  1.419E-25  2.088E-17
5.495E+00  1.191E-25  1.736E-17
5.445E+00  1.068E-25  1.542E-17
5.395E+00  1.022E-25  1.463E-17
5.346E+00  1.065E-25  1.509E-17
5.297E+00  1.226E-25  1.723E-17
5.248E+00  1.345E-25  1.872E-17
5.200E+00  1.119E-25  1.543E-17
5.152E+00  8.830E-26  1.207E-17
5.105E+00  7.538E-26  1.021E-17
5.058E+00  6.818E-26  9.148E-18
5.012E+00  6.369E-26  8.468E-18
4.966E+00  6.060E-26  7.982E-18
4.920E+00  5.830E-26  7.609E-18
4.875E+00  5.650E-26  7.307E-18
4.831E+00  5.504E-26  7.052E-18
4.786E+00  5.382E-26  6.833E-18
4.742E+00  5.278E-26  6.640E-18
4.699E+00  5.189E-26  6.468E-18
4.656E+00  5.111E-26  6.312E-18
4.613E+00  5.043E-26  6.171E-18
4.571E+00  4.982E-26  6.040E-18
4.529E+00  4.928E-26  5.920E-18
4.487E+00  4.880E-26  5.809E-18
4.446E+00  4.837E-26  5.705E-18
4.406E+00  4.799E-26  5.608E-18
4.365E+00  4.765E-26  5.517E-18
4.325E+00  4.735E-26  5.432E-18
4.285E+00  4.708E-26  5.352E-18
4.246E+00  4.685E-26  5.277E-18
4.207E+00  4.664E-26  5.206E-18
4.169E+00  4.647E-26  5.139E-18
4.130E+00  4.632E-26  5.075E-18
4.093E+00  4.619E-26  5.015E-18
4.055E+00  4.609E-26  4.958E-18
4.018E+00  4.602E-26  4.905E-18
3.981E+00  4.599E-26  4.856E-18
3.945E+00  4.598E-26  4.811E-18
3.908E+00  4.602E-26  4.771E-18
3.873E+00  4.611E-26  4.736E-18
3.837E+00  4.626E-26  4.708E-18
3.802E+00  4.648E-26  4.687E-18
3.767E+00  4.678E-26  4.674E-18
3.733E+00  4.719E-26  4.673E-18
3.698E+00  4.775E-26  4.685E-18
3.664E+00  4.850E-26  4.715E-18
3.631E+00  4.952E-26  4.769E-18
3.597E+00  5.092E-26  4.859E-18
3.565E+00  5.288E-26  5.000E-18
3.532E+00  5.573E-26  5.221E-18
3.499E+00  6.004E-26  5.573E-18
3.467E+00  6.696E-26  6.159E-18
3.436E+00  7.904E-26  7.203E-18
3.404E+00  1.028E-25  9.286E-18
3.373E+00  1.596E-25  1.428E-17
3.342E+00  3.479E-25  3.084E-17
3.311E+00  1.283E-24  1.127E-16
3.281E+00  8.830E-25  7.684E-17
3.251E+00  2.622E-25  2.261E-17
3.221E+00  1.324E-25  1.131E-17
3.192E+00  8.936E-26  7.565E-18
3.162E+00  7.036E-26  5.902E-18
3.133E+00  6.037E-26  5.017E-18
3.105E+00  5.447E-26  4.486E-18
3.076E+00  5.070E-26  4.137E-18
3.048E+00  4.813E-26  3.891E-18
3.020E+00  4.628E-26  3.707E-18
2.992E+00  4.490E-26  3.564E-18
2.965E+00  4.384E-26  3.448E-18
2.938E+00  4.299E-26  3.350E-18
2.911E+00  4.229E-26  3.265E-18
2.884E+00  4.171E-26  3.191E-18
2.858E+00  4.121E-26  3.124E-18
2.831E+00  4.077E-26  3.062E-18
2.805E+00  4.039E-26  3.005E-18
2.780E+00  4.004E-26  2.952E-18
2.754E+00  3.972E-26  2.902E-18
2.729E+00  3.942E-26  2.854E-18
2.704E+00  3.914E-26  2.807E-18
2.679E+00  3.888E-26  2.763E-18
2.655E+00  3.863E-26  2.720E-18
2.630E+00  3.838E-26  2.678E-18
2.606E+00  3.815E-26  2.637E-18
2.582E+00  3.792E-26  2.597E-18
2.559E+00  3.769E-26  2.558E-18
2.535E+00  3.747E-26  2.520E-18
2.512E+00  3.725E-26  2.482E-18
2.489E+00  3.703E-26  2.445E-18
2.466E+00  3.681E-26  2.408E-18
2.443E+00  3.659E-26  2.371E-18
2.421E+00  3.637E-26  2.335E-18
2.399E+00  3.615E-26  2.300E-18
2.377E+00  3.593E-26  2.265E-18
2.355E+00  3.571E-26  2.231E-18
2.333E+00  3.548E-26  2.196E-18
2.312E+00  3.526E-26  2.162E-18
2.291E+00  3.503E-26  2.129E-18
2.270E+00  3.480E-26  2.095E-18
2.249E+00  3.457E-26  2.062E-18
2.228E+00  3.433E-26  2.029E-18
2.208E+00  3.408E-26  1.996E-18
2.188E+00  3.383E-26  1.963E-18
2.168E+00  3.357E-26  1.930E-18
2.148E+00  3.330E-26  1.897E-18
2.128E+00  3.302E-26  1.864E-18
2.109E+00  3.272E-26  1.830E-18
2.089E+00  3.240E-26  1.796E-18
2.070E+00  3.206E-26  1.760E-18
2.051E+00  3.169E-26  1.724E-18
2.032E+00  3.127E-26  1.686E-18
2.014E+00  3.082E-26  1.646E-18
1.995E+00  3.031E-26  1.604E-18
1.977E+00  2.974E-26  1.560E-18
1.959E+00  2.914E-26  1.514E-18
1.941E+00  2.854E-26  1.470E-18
1.923E+00  2.806E-26  1.432E-18
1.905E+00  2.780E-26  1.405E-18
1.888E+00  2.778E-26  1.391E-18
1.871E+00  2.794E-26  1.387E-18
1.854E+00  2.816E-26  1.385E-18
1.837E+00  2.835E-26  1.381E-18
1.820E+00  2.847E-26  1.374E-18
1.803E+00  2.852E-26  1.364E-18
1.786E+00  2.850E-26  1.351E-18
1.770E+00  2.843E-26  1.335E-18
1.754E+00  2.833E-26  1.318E-18
1.738E+00  2.821E-26  1.300E-18
1.722E+00  2.806E-26  1.282E-18
1.706E+00  2.790E-26  1.262E-18
1.690E+00  2.773E-26  1.243E-18
1.675E+00  2.755E-26  1.224E-18
1.660E+00  2.736E-26  1.205E-18
1.644E+00  2.718E-26  1.186E-18
1.629E+00  2.699E-26  1.167E-18
1.614E+00  2.681E-26  1.148E-18
1.600E+00  2.662E-26  1.130E-18
1.585E+00  2.644E-26  1.112E-18
1.570E+00  2.627E-26  1.094E-18
1.556E+00  2.611E-26  1.077E-18
1.542E+00  2.595E-26  1.061E-18
1.528E+00  2.581E-26  1.046E-18
1.514E+00  2.568E-26  1.031E-18
1.500E+00  2.558E-26  1.017E-18
1.486E+00  2.549E-26  1.005E-18
1.472E+00  2.543E-26  9.932E-19
1.459E+00  2.540E-26  9.830E-19
1.445E+00  2.541E-26  9.744E-19
1.432E+00  2.547E-26  9.676E-19
1.419E+00  2.558E-26  9.629E-19
1.406E+00  2.576E-26  9.606E-19
1.393E+00  2.601E-26  9.613E-19
1.380E+00  2.637E-26  9.654E-19
1.368E+00  2.683E-26  9.735E-19
1.355E+00  2.743E-26  9.861E-19
1.343E+00  2.819E-26  1.004E-18
1.330E+00  2.910E-26  1.027E-18
1.318E+00  3.016E-26  1.055E-18
1.306E+00  3.131E-26  1.085E-18
1.294E+00  3.239E-26  1.112E-18
1.282E+00  3.317E-26  1.128E-18
1.271E+00  3.336E-26  1.124E-18
1.259E+00  3.275E-26  1.094E-18
1.247E+00  3.135E-26  1.037E-18
1.236E+00  2.941E-26  9.642E-19
1.225E+00  2.729E-26  8.864E-19
1.213E+00  2.526E-26  8.130E-19
1.202E+00  2.349E-26  7.491E-19
1.191E+00  2.203E-26  6.960E-19
1.180E+00  2.087E-26  6.534E-19
1.169E+00  1.999E-26  6.200E-19
1.159E+00  1.935E-26  5.949E-19
1.148E+00  1.895E-26  5.772E-19
1.138E+00  1.879E-26  5.669E-19
1.127E+00  1.888E-26  5.644E-19
1.117E+00  1.928E-26  5.712E-19
1.107E+00  2.010E-26  5.899E-19
1.096E+00  2.149E-26  6.251E-19
1.086E+00  2.371E-26  6.833E-19
1.076E+00  2.699E-26  7.706E-19
1.067E+00  3.114E-26  8.811E-19
1.057E+00  3.448E-26  9.666E-19
1.047E+00  3.388E-26  9.410E-19
1.038E+00  2.904E-26  7.992E-19
1.028E+00  2.330E-26  6.355E-19
1.019E+00  1.881E-26  5.083E-19
1.009E+00  1.573E-26  4.211E-19
1.000E+00  1.365E-26  3.620E-19
