Dust emission from Draine & Li (2007): ApJ 657, 810-837
==========================================================
         1 = grain model
 4.000E-08 4.000E-01 0.000E+00 = a_01 (cm) , sigma_1 , b_C1/0.92
 2.000E-07 5.500E-01 0.000E+00 = a_02 (cm) , sigma_2 , b_C2/0.92
 1.000E-01 1.000E+06 2.000E+00 = Umin , Umax, beta (dN/dU propto U^{-beta})
 1.612E+00 = <U> 
     mmp83 = radfield
 7.195E-24 = power/H (erg s-1)
 band   nu*P_nu(band) j_nu(band)
 (um)   (erg s-1 H-1)(Jy cm2 sr-1 H-1)
1.270E+00  2.798E-27  9.425E-20 COBE-DIRBE
2.220E+00  3.518E-27  2.072E-19 COBE-DIRBE
3.530E+00  2.963E-26  2.774E-18 COBE-DIRBE
4.880E+00  5.734E-26  7.423E-18 COBE-DIRBE
1.229E+01  7.695E-25  2.509E-16 COBE-DIRBE
2.079E+01  1.717E-24  9.470E-16 COBE-DIRBE
5.599E+01  2.902E-24  4.310E-15 COBE-DIRBE
9.770E+01  2.194E-24  5.686E-15 COBE-DIRBE
1.479E+02  1.672E-24  6.560E-15 COBE-DIRBE
2.479E+02  6.864E-25  4.513E-15 COBE-DIRBE
1.200E+01  7.162E-25  2.280E-16 IRAS
2.500E+01  2.163E-24  1.434E-15 IRAS
6.000E+01  2.832E-24  4.507E-15 IRAS
1.000E+02  2.167E-24  5.748E-15 IRAS
3.550E+00  3.344E-26  3.149E-18 SST-IRAC
4.493E+00  3.835E-26  4.571E-18 SST-IRAC
5.731E+00  1.985E-25  3.018E-17 SST-IRAC
7.872E+00  6.329E-25  1.322E-16 SST-IRAC
2.368E+01  2.041E-24  1.282E-15 SST-MIPS
7.142E+01  2.303E-24  4.364E-15 SST-MIPS
1.559E+02  1.509E-24  6.238E-15 SST-MIPS
1.600E+01  1.057E-24  4.485E-16 SST-IRSPU
2.200E+01  1.984E-24  1.158E-15 SST-IRSPU
7.500E+01  1.983E-24  3.944E-15 Herschel-PACS
1.100E+02  1.567E-24  4.572E-15 Herschel-PACS
1.700E+02  1.158E-24  5.221E-15 Herschel-PACS
2.500E+02  6.018E-25  3.991E-15 Herschel-SPIRE
3.600E+02  2.147E-25  2.050E-15 Herschel-SPIRE
5.200E+02  6.221E-26  8.581E-16 Herschel-SPIRE
2.400E+00  4.482E-27  2.854E-19 Akari IRC NIR N2
3.200E+00  2.154E-26  1.828E-18 Akari IRC NIR N3
4.100E+00  3.686E-26  4.009E-18 Akari IRC NIR N4
7.000E+00  6.191E-25  1.150E-16 Akari IRC MIR-S S7
9.000E+00  6.311E-25  1.507E-16 Akari IRC MIR-S S9W
1.100E+01  6.748E-25  1.969E-16 Akari IRC MIR-S S11
1.500E+01  1.116E-24  4.442E-16 Akari IRC MIR-L L15
1.800E+01  1.517E-24  7.241E-16 Akari IRC MIR-L L18W
2.400E+01  1.996E-24  1.271E-15 Akari IRC MIR-L L24
6.500E+01  2.604E-24  4.491E-15 Akari FIS N60
8.000E+01  2.330E-24  4.944E-15 Akari FIS WIDE-S
1.400E+02  1.677E-24  6.228E-15 Akari FIS WIDE-L
1.600E+02  1.485E-24  6.304E-15 Akari FIS N160
 
 
 
 


lambda    nu*dP/dnu     j_nu
 (um)   (erg s-1 H-1)(Jy cm2 sr-1 H-1)
1.000E+04  4.422E-31  1.173E-19
9.908E+03  4.584E-31  1.205E-19
9.817E+03  4.751E-31  1.237E-19
9.727E+03  4.925E-31  1.271E-19
9.638E+03  5.104E-31  1.305E-19
9.550E+03  5.291E-31  1.340E-19
9.462E+03  5.484E-31  1.377E-19
9.376E+03  5.684E-31  1.414E-19
9.290E+03  5.892E-31  1.452E-19
9.204E+03  6.107E-31  1.491E-19
9.120E+03  6.330E-31  1.531E-19
9.036E+03  6.562E-31  1.573E-19
8.954E+03  6.801E-31  1.615E-19
8.872E+03  7.048E-31  1.659E-19
8.790E+03  7.304E-31  1.703E-19
8.710E+03  7.570E-31  1.749E-19
8.630E+03  7.845E-31  1.796E-19
8.551E+03  8.131E-31  1.844E-19
8.472E+03  8.427E-31  1.894E-19
8.395E+03  8.734E-31  1.945E-19
8.318E+03  9.053E-31  1.997E-19
8.241E+03  9.383E-31  2.051E-19
8.166E+03  9.726E-31  2.107E-19
8.091E+03  1.008E-30  2.164E-19
8.017E+03  1.045E-30  2.222E-19
7.943E+03  1.083E-30  2.282E-19
7.870E+03  1.123E-30  2.344E-19
7.798E+03  1.164E-30  2.408E-19
7.727E+03  1.207E-30  2.473E-19
7.656E+03  1.251E-30  2.540E-19
7.586E+03  1.297E-30  2.609E-19
7.516E+03  1.344E-30  2.680E-19
7.447E+03  1.394E-30  2.753E-19
7.379E+03  1.445E-30  2.828E-19
7.311E+03  1.498E-30  2.905E-19
7.244E+03  1.553E-30  2.984E-19
7.178E+03  1.610E-30  3.066E-19
7.112E+03  1.669E-30  3.149E-19
7.047E+03  1.731E-30  3.235E-19
6.982E+03  1.795E-30  3.324E-19
6.918E+03  1.861E-30  3.414E-19
6.855E+03  1.929E-30  3.508E-19
6.792E+03  2.000E-30  3.604E-19
6.730E+03  2.074E-30  3.702E-19
6.668E+03  2.150E-30  3.803E-19
6.607E+03  2.230E-30  3.908E-19
6.546E+03  2.312E-30  4.015E-19
6.486E+03  2.397E-30  4.125E-19
6.427E+03  2.486E-30  4.238E-19
6.368E+03  2.578E-30  4.355E-19
6.310E+03  2.673E-30  4.474E-19
6.252E+03  2.772E-30  4.597E-19
6.194E+03  2.875E-30  4.724E-19
6.138E+03  2.982E-30  4.854E-19
6.081E+03  3.092E-30  4.988E-19
6.026E+03  3.207E-30  5.126E-19
5.970E+03  3.326E-30  5.267E-19
5.916E+03  3.449E-30  5.413E-19
5.861E+03  3.578E-30  5.562E-19
5.808E+03  3.711E-30  5.716E-19
5.754E+03  3.849E-30  5.874E-19
5.702E+03  3.992E-30  6.037E-19
5.649E+03  4.140E-30  6.205E-19
5.598E+03  4.295E-30  6.377E-19
5.546E+03  4.455E-30  6.554E-19
5.495E+03  4.621E-30  6.736E-19
5.445E+03  4.793E-30  6.923E-19
5.395E+03  4.972E-30  7.116E-19
5.346E+03  5.158E-30  7.314E-19
5.297E+03  5.350E-30  7.517E-19
5.248E+03  5.550E-30  7.727E-19
5.200E+03  5.758E-30  7.942E-19
5.152E+03  5.973E-30  8.164E-19
5.105E+03  6.197E-30  8.392E-19
5.058E+03  6.429E-30  8.626E-19
5.012E+03  6.670E-30  8.867E-19
4.966E+03  6.920E-30  9.115E-19
4.920E+03  7.179E-30  9.370E-19
4.875E+03  7.448E-30  9.632E-19
4.831E+03  7.727E-30  9.901E-19
4.786E+03  8.017E-30  1.018E-18
4.742E+03  8.318E-30  1.046E-18
4.699E+03  8.631E-30  1.076E-18
4.656E+03  8.955E-30  1.106E-18
4.613E+03  9.292E-30  1.137E-18
4.571E+03  9.642E-30  1.169E-18
4.529E+03  1.000E-29  1.202E-18
4.487E+03  1.038E-29  1.236E-18
4.446E+03  1.077E-29  1.271E-18
4.406E+03  1.118E-29  1.306E-18
4.365E+03  1.160E-29  1.343E-18
4.325E+03  1.204E-29  1.381E-18
4.285E+03  1.249E-29  1.420E-18
4.246E+03  1.297E-29  1.460E-18
4.207E+03  1.346E-29  1.502E-18
4.169E+03  1.396E-29  1.544E-18
4.130E+03  1.449E-29  1.588E-18
4.093E+03  1.504E-29  1.633E-18
4.055E+03  1.561E-29  1.679E-18
4.018E+03  1.620E-29  1.727E-18
3.981E+03  1.682E-29  1.776E-18
3.945E+03  1.745E-29  1.826E-18
3.908E+03  1.811E-29  1.878E-18
3.873E+03  1.880E-29  1.931E-18
3.837E+03  1.951E-29  1.986E-18
3.802E+03  2.025E-29  2.043E-18
3.767E+03  2.102E-29  2.101E-18
3.733E+03  2.182E-29  2.161E-18
3.698E+03  2.265E-29  2.222E-18
3.664E+03  2.351E-29  2.286E-18
3.631E+03  2.441E-29  2.351E-18
3.597E+03  2.534E-29  2.418E-18
3.565E+03  2.630E-29  2.487E-18
3.532E+03  2.731E-29  2.558E-18
3.499E+03  2.835E-29  2.632E-18
3.467E+03  2.943E-29  2.707E-18
3.436E+03  3.055E-29  2.785E-18
3.404E+03  3.172E-29  2.864E-18
3.373E+03  3.294E-29  2.947E-18
3.342E+03  3.419E-29  3.031E-18
3.311E+03  3.550E-29  3.118E-18
3.281E+03  3.686E-29  3.208E-18
3.251E+03  3.827E-29  3.301E-18
3.221E+03  3.974E-29  3.396E-18
3.192E+03  4.127E-29  3.493E-18
3.162E+03  4.285E-29  3.594E-18
3.133E+03  4.449E-29  3.698E-18
3.105E+03  4.620E-29  3.805E-18
3.076E+03  4.798E-29  3.915E-18
3.048E+03  4.982E-29  4.028E-18
3.020E+03  5.173E-29  4.144E-18
2.992E+03  5.372E-29  4.264E-18
2.965E+03  5.578E-29  4.387E-18
2.938E+03  5.792E-29  4.514E-18
2.911E+03  6.015E-29  4.644E-18
2.884E+03  6.246E-29  4.778E-18
2.858E+03  6.486E-29  4.916E-18
2.831E+03  6.736E-29  5.059E-18
2.805E+03  6.995E-29  5.205E-18
2.780E+03  7.264E-29  5.356E-18
2.754E+03  7.544E-29  5.511E-18
2.729E+03  7.834E-29  5.671E-18
2.704E+03  8.136E-29  5.836E-18
2.679E+03  8.450E-29  6.005E-18
2.655E+03  8.776E-29  6.180E-18
2.630E+03  9.115E-29  6.360E-18
2.606E+03  9.467E-29  6.545E-18
2.582E+03  9.833E-29  6.735E-18
2.559E+03  1.021E-28  6.932E-18
2.535E+03  1.061E-28  7.134E-18
2.512E+03  1.102E-28  7.342E-18
2.489E+03  1.144E-28  7.556E-18
2.466E+03  1.189E-28  7.776E-18
2.443E+03  1.235E-28  8.003E-18
2.421E+03  1.283E-28  8.237E-18
2.399E+03  1.332E-28  8.478E-18
2.377E+03  1.384E-28  8.726E-18
2.355E+03  1.438E-28  8.981E-18
2.333E+03  1.493E-28  9.244E-18
2.312E+03  1.551E-28  9.515E-18
2.291E+03  1.612E-28  9.793E-18
2.270E+03  1.674E-28  1.008E-17
2.249E+03  1.739E-28  1.038E-17
2.228E+03  1.807E-28  1.068E-17
2.208E+03  1.877E-28  1.099E-17
2.188E+03  1.950E-28  1.132E-17
2.168E+03  2.026E-28  1.165E-17
2.148E+03  2.105E-28  1.199E-17
2.128E+03  2.186E-28  1.234E-17
2.109E+03  2.271E-28  1.270E-17
2.089E+03  2.360E-28  1.308E-17
2.070E+03  2.452E-28  1.346E-17
2.051E+03  2.547E-28  1.386E-17
2.032E+03  2.646E-28  1.426E-17
2.014E+03  2.749E-28  1.468E-17
1.995E+03  2.856E-28  1.512E-17
1.977E+03  2.967E-28  1.556E-17
1.959E+03  3.083E-28  1.602E-17
1.941E+03  3.203E-28  1.649E-17
1.923E+03  3.327E-28  1.697E-17
1.905E+03  3.457E-28  1.747E-17
1.888E+03  3.591E-28  1.799E-17
1.871E+03  3.731E-28  1.851E-17
1.854E+03  3.876E-28  1.906E-17
1.837E+03  4.027E-28  1.962E-17
1.820E+03  4.184E-28  2.020E-17
1.803E+03  4.347E-28  2.079E-17
1.786E+03  4.516E-28  2.140E-17
1.770E+03  4.692E-28  2.203E-17
1.754E+03  4.875E-28  2.268E-17
1.738E+03  5.065E-28  2.335E-17
1.722E+03  5.262E-28  2.403E-17
1.706E+03  5.467E-28  2.474E-17
1.690E+03  5.680E-28  2.547E-17
1.675E+03  5.901E-28  2.622E-17
1.660E+03  6.131E-28  2.699E-17
1.644E+03  6.369E-28  2.778E-17
1.629E+03  6.617E-28  2.860E-17
1.614E+03  6.875E-28  2.944E-17
1.600E+03  7.142E-28  3.030E-17
1.585E+03  7.420E-28  3.119E-17
1.570E+03  7.708E-28  3.211E-17
1.556E+03  8.008E-28  3.305E-17
1.542E+03  8.319E-28  3.402E-17
1.528E+03  8.643E-28  3.502E-17
1.514E+03  8.978E-28  3.605E-17
1.500E+03  9.327E-28  3.710E-17
1.486E+03  9.689E-28  3.819E-17
1.472E+03  1.007E-27  3.931E-17
1.459E+03  1.046E-27  4.046E-17
1.445E+03  1.086E-27  4.165E-17
1.432E+03  1.128E-27  4.287E-17
1.419E+03  1.172E-27  4.412E-17
1.406E+03  1.218E-27  4.541E-17
1.393E+03  1.265E-27  4.674E-17
1.380E+03  1.314E-27  4.811E-17
1.368E+03  1.365E-27  4.952E-17
1.355E+03  1.418E-27  5.096E-17
1.343E+03  1.473E-27  5.245E-17
1.330E+03  1.530E-27  5.398E-17
1.318E+03  1.589E-27  5.555E-17
1.306E+03  1.650E-27  5.717E-17
1.294E+03  1.714E-27  5.884E-17
1.282E+03  1.780E-27  6.055E-17
1.271E+03  1.849E-27  6.231E-17
1.259E+03  1.920E-27  6.412E-17
1.247E+03  1.994E-27  6.598E-17
1.236E+03  2.071E-27  6.789E-17
1.225E+03  2.151E-27  6.986E-17
1.213E+03  2.233E-27  7.188E-17
1.202E+03  2.319E-27  7.396E-17
1.191E+03  2.408E-27  7.610E-17
1.180E+03  2.501E-27  7.830E-17
1.169E+03  2.597E-27  8.056E-17
1.159E+03  2.696E-27  8.288E-17
1.148E+03  2.800E-27  8.527E-17
1.138E+03  2.907E-27  8.772E-17
1.127E+03  3.018E-27  9.024E-17
1.117E+03  3.133E-27  9.283E-17
1.107E+03  3.253E-27  9.549E-17
1.096E+03  3.377E-27  9.823E-17
1.086E+03  3.506E-27  1.010E-16
1.076E+03  3.639E-27  1.039E-16
1.067E+03  3.778E-27  1.069E-16
1.057E+03  3.922E-27  1.099E-16
1.047E+03  4.070E-27  1.131E-16
1.038E+03  4.225E-27  1.163E-16
1.028E+03  4.385E-27  1.196E-16
1.019E+03  4.551E-27  1.230E-16
1.009E+03  4.723E-27  1.264E-16
1.000E+03  4.901E-27  1.300E-16
9.908E+02  5.087E-27  1.337E-16
9.817E+02  5.279E-27  1.375E-16
9.727E+02  5.478E-27  1.413E-16
9.638E+02  5.684E-27  1.453E-16
9.550E+02  5.898E-27  1.494E-16
9.462E+02  6.120E-27  1.536E-16
9.376E+02  6.349E-27  1.579E-16
9.290E+02  6.587E-27  1.623E-16
9.204E+02  6.834E-27  1.669E-16
9.120E+02  7.089E-27  1.715E-16
9.036E+02  7.354E-27  1.763E-16
8.954E+02  7.628E-27  1.812E-16
8.872E+02  7.912E-27  1.862E-16
8.790E+02  8.206E-27  1.913E-16
8.710E+02  8.510E-27  1.966E-16
8.630E+02  8.826E-27  2.020E-16
8.551E+02  9.152E-27  2.076E-16
8.472E+02  9.490E-27  2.133E-16
8.395E+02  9.840E-27  2.191E-16
8.318E+02  1.020E-26  2.251E-16
8.241E+02  1.058E-26  2.312E-16
8.166E+02  1.096E-26  2.375E-16
8.091E+02  1.137E-26  2.439E-16
8.017E+02  1.178E-26  2.505E-16
7.943E+02  1.221E-26  2.573E-16
7.870E+02  1.266E-26  2.642E-16
7.798E+02  1.312E-26  2.713E-16
7.727E+02  1.359E-26  2.786E-16
7.656E+02  1.409E-26  2.860E-16
7.586E+02  1.460E-26  2.937E-16
7.516E+02  1.512E-26  3.015E-16
7.447E+02  1.567E-26  3.095E-16
7.379E+02  1.623E-26  3.178E-16
7.311E+02  1.682E-26  3.262E-16
7.244E+02  1.742E-26  3.348E-16
7.178E+02  1.805E-26  3.437E-16
7.112E+02  1.870E-26  3.528E-16
7.047E+02  1.937E-26  3.621E-16
6.982E+02  2.006E-26  3.716E-16
6.918E+02  2.078E-26  3.814E-16
6.855E+02  2.152E-26  3.913E-16
6.792E+02  2.229E-26  4.016E-16
6.730E+02  2.308E-26  4.120E-16
6.668E+02  2.390E-26  4.227E-16
6.607E+02  2.474E-26  4.337E-16
6.546E+02  2.562E-26  4.449E-16
6.486E+02  2.653E-26  4.564E-16
6.427E+02  2.747E-26  4.683E-16
6.368E+02  2.844E-26  4.804E-16
6.310E+02  2.944E-26  4.928E-16
6.252E+02  3.048E-26  5.055E-16
6.194E+02  3.155E-26  5.184E-16
6.138E+02  3.266E-26  5.317E-16
6.081E+02  3.381E-26  5.453E-16
6.026E+02  3.499E-26  5.593E-16
5.970E+02  3.621E-26  5.735E-16
5.916E+02  3.748E-26  5.881E-16
5.861E+02  3.878E-26  6.030E-16
5.808E+02  4.013E-26  6.183E-16
5.754E+02  4.153E-26  6.339E-16
5.702E+02  4.297E-26  6.498E-16
5.649E+02  4.445E-26  6.662E-16
5.598E+02  4.599E-26  6.829E-16
5.546E+02  4.758E-26  7.000E-16
5.495E+02  4.922E-26  7.174E-16
5.445E+02  5.091E-26  7.353E-16
5.395E+02  5.265E-26  7.535E-16
5.346E+02  5.446E-26  7.722E-16
5.297E+02  5.632E-26  7.913E-16
5.248E+02  5.824E-26  8.108E-16
5.200E+02  6.022E-26  8.307E-16
5.152E+02  6.227E-26  8.510E-16
5.105E+02  6.438E-26  8.718E-16
5.058E+02  6.656E-26  8.930E-16
5.012E+02  6.880E-26  9.147E-16
4.966E+02  7.112E-26  9.368E-16
4.920E+02  7.351E-26  9.594E-16
4.875E+02  7.597E-26  9.825E-16
4.831E+02  7.851E-26  1.006E-15
4.786E+02  8.113E-26  1.030E-15
4.742E+02  8.383E-26  1.055E-15
4.699E+02  8.662E-26  1.080E-15
4.656E+02  8.948E-26  1.105E-15
4.613E+02  9.244E-26  1.131E-15
4.571E+02  9.548E-26  1.158E-15
4.529E+02  9.862E-26  1.185E-15
4.487E+02  1.019E-25  1.212E-15
4.446E+02  1.052E-25  1.240E-15
4.406E+02  1.086E-25  1.269E-15
4.365E+02  1.121E-25  1.298E-15
4.325E+02  1.158E-25  1.328E-15
4.285E+02  1.195E-25  1.358E-15
4.246E+02  1.233E-25  1.389E-15
4.207E+02  1.273E-25  1.421E-15
4.169E+02  1.314E-25  1.453E-15
4.130E+02  1.356E-25  1.485E-15
4.093E+02  1.399E-25  1.519E-15
4.055E+02  1.443E-25  1.552E-15
4.018E+02  1.489E-25  1.587E-15
3.981E+02  1.536E-25  1.622E-15
3.945E+02  1.584E-25  1.657E-15
3.908E+02  1.634E-25  1.694E-15
3.873E+02  1.685E-25  1.730E-15
3.837E+02  1.737E-25  1.768E-15
3.802E+02  1.791E-25  1.806E-15
3.767E+02  1.846E-25  1.845E-15
3.733E+02  1.903E-25  1.884E-15
3.698E+02  1.961E-25  1.924E-15
3.664E+02  2.021E-25  1.965E-15
3.631E+02  2.083E-25  2.006E-15
3.597E+02  2.146E-25  2.048E-15
3.565E+02  2.211E-25  2.090E-15
3.532E+02  2.277E-25  2.133E-15
3.499E+02  2.345E-25  2.177E-15
3.467E+02  2.415E-25  2.221E-15
3.436E+02  2.487E-25  2.266E-15
3.404E+02  2.560E-25  2.312E-15
3.373E+02  2.636E-25  2.358E-15
3.342E+02  2.713E-25  2.405E-15
3.311E+02  2.792E-25  2.452E-15
3.281E+02  2.873E-25  2.500E-15
3.251E+02  2.956E-25  2.549E-15
3.221E+02  3.041E-25  2.598E-15
3.192E+02  3.128E-25  2.648E-15
3.162E+02  3.217E-25  2.698E-15
3.133E+02  3.308E-25  2.750E-15
3.105E+02  3.401E-25  2.801E-15
3.076E+02  3.497E-25  2.853E-15
3.048E+02  3.594E-25  2.906E-15
3.020E+02  3.694E-25  2.959E-15
2.992E+02  3.796E-25  3.013E-15
2.965E+02  3.900E-25  3.067E-15
2.938E+02  4.007E-25  3.122E-15
2.911E+02  4.116E-25  3.178E-15
2.884E+02  4.227E-25  3.233E-15
2.858E+02  4.340E-25  3.290E-15
2.831E+02  4.456E-25  3.347E-15
2.805E+02  4.574E-25  3.404E-15
2.780E+02  4.695E-25  3.462E-15
2.754E+02  4.818E-25  3.520E-15
2.729E+02  4.944E-25  3.579E-15
2.704E+02  5.072E-25  3.638E-15
2.679E+02  5.204E-25  3.698E-15
2.655E+02  5.337E-25  3.758E-15
2.630E+02  5.474E-25  3.819E-15
2.606E+02  5.612E-25  3.880E-15
2.582E+02  5.754E-25  3.941E-15
2.559E+02  5.897E-25  4.002E-15
2.535E+02  6.043E-25  4.063E-15
2.512E+02  6.190E-25  4.124E-15
2.489E+02  6.337E-25  4.184E-15
2.466E+02  6.484E-25  4.241E-15
2.443E+02  6.632E-25  4.298E-15
2.421E+02  6.781E-25  4.355E-15
2.399E+02  6.931E-25  4.411E-15
2.377E+02  7.081E-25  4.465E-15
2.355E+02  7.233E-25  4.518E-15
2.333E+02  7.387E-25  4.572E-15
2.312E+02  7.542E-25  4.626E-15
2.291E+02  7.699E-25  4.679E-15
2.270E+02  7.858E-25  4.732E-15
2.249E+02  8.019E-25  4.784E-15
2.228E+02  8.182E-25  4.836E-15
2.208E+02  8.347E-25  4.889E-15
2.188E+02  8.513E-25  4.940E-15
2.168E+02  8.681E-25  4.991E-15
2.148E+02  8.850E-25  5.042E-15
2.128E+02  9.021E-25  5.093E-15
2.109E+02  9.194E-25  5.143E-15
2.089E+02  9.368E-25  5.192E-15
2.070E+02  9.544E-25  5.241E-15
2.051E+02  9.722E-25  5.289E-15
2.032E+02  9.900E-25  5.337E-15
2.014E+02  1.008E-24  5.385E-15
1.995E+02  1.026E-24  5.431E-15
1.977E+02  1.045E-24  5.477E-15
1.959E+02  1.063E-24  5.523E-15
1.941E+02  1.081E-24  5.568E-15
1.923E+02  1.100E-24  5.612E-15
1.905E+02  1.119E-24  5.656E-15
1.888E+02  1.138E-24  5.699E-15
1.871E+02  1.157E-24  5.741E-15
1.854E+02  1.176E-24  5.783E-15
1.837E+02  1.196E-24  5.824E-15
1.820E+02  1.215E-24  5.865E-15
1.803E+02  1.235E-24  5.905E-15
1.786E+02  1.254E-24  5.944E-15
1.770E+02  1.274E-24  5.983E-15
1.754E+02  1.294E-24  6.021E-15
1.738E+02  1.314E-24  6.059E-15
1.722E+02  1.335E-24  6.096E-15
1.706E+02  1.355E-24  6.133E-15
1.690E+02  1.376E-24  6.169E-15
1.675E+02  1.397E-24  6.205E-15
1.660E+02  1.418E-24  6.240E-15
1.644E+02  1.439E-24  6.276E-15
1.629E+02  1.460E-24  6.311E-15
1.614E+02  1.482E-24  6.345E-15
1.600E+02  1.504E-24  6.380E-15
1.585E+02  1.526E-24  6.414E-15
1.570E+02  1.548E-24  6.449E-15
1.556E+02  1.571E-24  6.483E-15
1.542E+02  1.594E-24  6.518E-15
1.528E+02  1.617E-24  6.552E-15
1.514E+02  1.641E-24  6.587E-15
1.500E+02  1.664E-24  6.621E-15
1.486E+02  1.688E-24  6.655E-15
1.472E+02  1.712E-24  6.687E-15
1.459E+02  1.736E-24  6.718E-15
1.445E+02  1.759E-24  6.745E-15
1.432E+02  1.781E-24  6.768E-15
1.419E+02  1.802E-24  6.784E-15
1.406E+02  1.821E-24  6.792E-15
1.393E+02  1.837E-24  6.789E-15
1.380E+02  1.851E-24  6.777E-15
1.368E+02  1.862E-24  6.756E-15
1.355E+02  1.871E-24  6.726E-15
1.343E+02  1.879E-24  6.691E-15
1.330E+02  1.885E-24  6.653E-15
1.318E+02  1.891E-24  6.614E-15
1.306E+02  1.897E-24  6.574E-15
1.294E+02  1.904E-24  6.535E-15
1.282E+02  1.910E-24  6.497E-15
1.271E+02  1.917E-24  6.461E-15
1.259E+02  1.924E-24  6.425E-15
1.247E+02  1.932E-24  6.391E-15
1.236E+02  1.940E-24  6.359E-15
1.225E+02  1.948E-24  6.328E-15
1.213E+02  1.957E-24  6.297E-15
1.202E+02  1.966E-24  6.268E-15
1.191E+02  1.975E-24  6.240E-15
1.180E+02  1.984E-24  6.212E-15
1.169E+02  1.993E-24  6.184E-15
1.159E+02  2.003E-24  6.157E-15
1.148E+02  2.013E-24  6.130E-15
1.138E+02  2.023E-24  6.103E-15
1.127E+02  2.033E-24  6.077E-15
1.117E+02  2.043E-24  6.052E-15
1.107E+02  2.053E-24  6.026E-15
1.096E+02  2.063E-24  6.001E-15
1.086E+02  2.074E-24  5.976E-15
1.076E+02  2.084E-24  5.950E-15
1.067E+02  2.094E-24  5.925E-15
1.057E+02  2.105E-24  5.900E-15
1.047E+02  2.115E-24  5.875E-15
1.038E+02  2.125E-24  5.849E-15
1.028E+02  2.136E-24  5.824E-15
1.019E+02  2.146E-24  5.798E-15
1.009E+02  2.156E-24  5.772E-15
1.000E+02  2.166E-24  5.746E-15
9.908E+01  2.176E-24  5.719E-15
9.817E+01  2.186E-24  5.693E-15
9.727E+01  2.196E-24  5.666E-15
9.638E+01  2.205E-24  5.638E-15
9.550E+01  2.215E-24  5.611E-15
9.462E+01  2.224E-24  5.583E-15
9.376E+01  2.234E-24  5.555E-15
9.290E+01  2.243E-24  5.527E-15
9.204E+01  2.252E-24  5.498E-15
9.120E+01  2.261E-24  5.470E-15
9.036E+01  2.270E-24  5.441E-15
8.954E+01  2.279E-24  5.412E-15
8.872E+01  2.288E-24  5.383E-15
8.790E+01  2.296E-24  5.355E-15
8.710E+01  2.305E-24  5.326E-15
8.630E+01  2.314E-24  5.297E-15
8.551E+01  2.323E-24  5.269E-15
8.472E+01  2.332E-24  5.240E-15
8.395E+01  2.340E-24  5.211E-15
8.318E+01  2.349E-24  5.183E-15
8.241E+01  2.358E-24  5.154E-15
8.166E+01  2.366E-24  5.126E-15
8.091E+01  2.375E-24  5.098E-15
8.017E+01  2.384E-24  5.070E-15
7.943E+01  2.393E-24  5.041E-15
7.870E+01  2.401E-24  5.013E-15
7.798E+01  2.410E-24  4.985E-15
7.727E+01  2.419E-24  4.957E-15
7.656E+01  2.427E-24  4.930E-15
7.586E+01  2.436E-24  4.902E-15
7.516E+01  2.445E-24  4.875E-15
7.447E+01  2.454E-24  4.847E-15
7.379E+01  2.463E-24  4.820E-15
7.311E+01  2.471E-24  4.793E-15
7.244E+01  2.480E-24  4.766E-15
7.178E+01  2.489E-24  4.739E-15
7.112E+01  2.498E-24  4.713E-15
7.047E+01  2.507E-24  4.687E-15
6.982E+01  2.517E-24  4.662E-15
6.918E+01  2.527E-24  4.637E-15
6.855E+01  2.536E-24  4.611E-15
6.792E+01  2.546E-24  4.587E-15
6.730E+01  2.556E-24  4.562E-15
6.668E+01  2.566E-24  4.538E-15
6.607E+01  2.576E-24  4.514E-15
6.546E+01  2.586E-24  4.491E-15
6.486E+01  2.597E-24  4.468E-15
6.427E+01  2.607E-24  4.445E-15
6.368E+01  2.618E-24  4.423E-15
6.310E+01  2.630E-24  4.401E-15
6.252E+01  2.641E-24  4.380E-15
6.194E+01  2.653E-24  4.359E-15
6.138E+01  2.665E-24  4.339E-15
6.081E+01  2.678E-24  4.319E-15
6.026E+01  2.690E-24  4.300E-15
5.970E+01  2.703E-24  4.281E-15
5.916E+01  2.716E-24  4.262E-15
5.861E+01  2.730E-24  4.244E-15
5.808E+01  2.744E-24  4.227E-15
5.754E+01  2.758E-24  4.210E-15
5.702E+01  2.773E-24  4.193E-15
5.649E+01  2.788E-24  4.178E-15
5.598E+01  2.803E-24  4.162E-15
5.546E+01  2.819E-24  4.148E-15
5.495E+01  2.836E-24  4.134E-15
5.445E+01  2.853E-24  4.121E-15
5.395E+01  2.871E-24  4.108E-15
5.346E+01  2.889E-24  4.096E-15
5.297E+01  2.907E-24  4.085E-15
5.248E+01  2.927E-24  4.074E-15
5.200E+01  2.946E-24  4.064E-15
5.152E+01  2.967E-24  4.055E-15
5.105E+01  2.988E-24  4.046E-15
5.058E+01  3.009E-24  4.038E-15
5.012E+01  3.032E-24  4.030E-15
4.966E+01  3.054E-24  4.023E-15
4.920E+01  3.078E-24  4.017E-15
4.875E+01  3.102E-24  4.012E-15
4.831E+01  3.127E-24  4.007E-15
4.786E+01  3.153E-24  4.003E-15
4.742E+01  3.180E-24  4.000E-15
4.699E+01  3.207E-24  3.997E-15
4.656E+01  3.235E-24  3.995E-15
4.613E+01  3.264E-24  3.994E-15
4.571E+01  3.294E-24  3.994E-15
4.529E+01  3.325E-24  3.994E-15
4.487E+01  3.356E-24  3.995E-15
4.446E+01  3.388E-24  3.996E-15
4.406E+01  3.422E-24  3.998E-15
4.365E+01  3.455E-24  4.001E-15
4.325E+01  3.490E-24  4.004E-15
4.285E+01  3.525E-24  4.007E-15
4.246E+01  3.561E-24  4.010E-15
4.207E+01  3.597E-24  4.014E-15
4.169E+01  3.634E-24  4.018E-15
4.130E+01  3.671E-24  4.022E-15
4.093E+01  3.708E-24  4.025E-15
4.055E+01  3.745E-24  4.028E-15
4.018E+01  3.782E-24  4.031E-15
3.981E+01  3.819E-24  4.033E-15
3.945E+01  3.856E-24  4.035E-15
3.908E+01  3.892E-24  4.035E-15
3.873E+01  3.928E-24  4.034E-15
3.837E+01  3.962E-24  4.033E-15
3.802E+01  3.995E-24  4.029E-15
3.767E+01  4.027E-24  4.024E-15
3.733E+01  4.056E-24  4.016E-15
3.698E+01  4.084E-24  4.006E-15
3.664E+01  4.109E-24  3.994E-15
3.631E+01  4.131E-24  3.979E-15
3.597E+01  4.151E-24  3.961E-15
3.565E+01  4.167E-24  3.940E-15
3.532E+01  4.180E-24  3.916E-15
3.499E+01  4.189E-24  3.888E-15
3.467E+01  4.193E-24  3.857E-15
3.436E+01  4.193E-24  3.822E-15
3.404E+01  4.189E-24  3.783E-15
3.373E+01  4.180E-24  3.740E-15
3.342E+01  4.166E-24  3.693E-15
3.311E+01  4.147E-24  3.643E-15
3.281E+01  4.123E-24  3.588E-15
3.251E+01  4.094E-24  3.531E-15
3.221E+01  4.060E-24  3.469E-15
3.192E+01  4.022E-24  3.405E-15
3.162E+01  3.978E-24  3.337E-15
3.133E+01  3.930E-24  3.266E-15
3.105E+01  3.878E-24  3.194E-15
3.076E+01  3.822E-24  3.119E-15
3.048E+01  3.763E-24  3.042E-15
3.020E+01  3.701E-24  2.965E-15
2.992E+01  3.636E-24  2.886E-15
2.965E+01  3.569E-24  2.807E-15
2.938E+01  3.500E-24  2.727E-15
2.911E+01  3.429E-24  2.648E-15
2.884E+01  3.358E-24  2.569E-15
2.858E+01  3.286E-24  2.491E-15
2.831E+01  3.214E-24  2.414E-15
2.805E+01  3.142E-24  2.338E-15
2.780E+01  3.071E-24  2.264E-15
2.754E+01  3.000E-24  2.192E-15
2.729E+01  2.931E-24  2.122E-15
2.704E+01  2.863E-24  2.053E-15
2.679E+01  2.796E-24  1.987E-15
2.655E+01  2.730E-24  1.923E-15
2.630E+01  2.667E-24  1.861E-15
2.606E+01  2.605E-24  1.801E-15
2.582E+01  2.545E-24  1.743E-15
2.559E+01  2.487E-24  1.688E-15
2.535E+01  2.432E-24  1.635E-15
2.512E+01  2.378E-24  1.584E-15
2.489E+01  2.326E-24  1.535E-15
2.466E+01  2.276E-24  1.489E-15
2.443E+01  2.227E-24  1.444E-15
2.421E+01  2.181E-24  1.400E-15
2.399E+01  2.135E-24  1.359E-15
2.377E+01  2.092E-24  1.319E-15
2.355E+01  2.052E-24  1.282E-15
2.333E+01  2.012E-24  1.245E-15
2.312E+01  1.973E-24  1.210E-15
2.291E+01  1.937E-24  1.177E-15
2.270E+01  1.903E-24  1.146E-15
2.249E+01  1.871E-24  1.116E-15
2.228E+01  1.841E-24  1.088E-15
2.208E+01  1.812E-24  1.061E-15
2.188E+01  1.783E-24  1.035E-15
2.168E+01  1.755E-24  1.009E-15
2.148E+01  1.728E-24  9.845E-16
2.128E+01  1.703E-24  9.613E-16
2.109E+01  1.680E-24  9.395E-16
2.089E+01  1.657E-24  9.183E-16
2.070E+01  1.635E-24  8.977E-16
2.051E+01  1.613E-24  8.777E-16
2.032E+01  1.593E-24  8.588E-16
2.014E+01  1.576E-24  8.420E-16
1.995E+01  1.560E-24  8.257E-16
1.977E+01  1.544E-24  8.098E-16
1.959E+01  1.528E-24  7.939E-16
1.941E+01  1.512E-24  7.783E-16
1.923E+01  1.497E-24  7.636E-16
1.905E+01  1.488E-24  7.522E-16
1.888E+01  1.476E-24  7.393E-16
1.871E+01  1.441E-24  7.150E-16
1.854E+01  1.414E-24  6.951E-16
1.837E+01  1.391E-24  6.775E-16
1.820E+01  1.370E-24  6.615E-16
1.803E+01  1.355E-24  6.483E-16
1.786E+01  1.348E-24  6.387E-16
1.770E+01  1.324E-24  6.216E-16
1.754E+01  1.315E-24  6.120E-16
1.738E+01  1.333E-24  6.146E-16
1.722E+01  1.300E-24  5.937E-16
1.706E+01  1.275E-24  5.768E-16
1.690E+01  1.238E-24  5.552E-16
1.675E+01  1.195E-24  5.311E-16
1.660E+01  1.174E-24  5.168E-16
1.644E+01  1.203E-24  5.247E-16
1.629E+01  1.083E-24  4.680E-16
1.614E+01  1.020E-24  4.367E-16
1.600E+01  9.830E-25  4.171E-16
1.585E+01  9.522E-25  4.003E-16
1.570E+01  9.211E-25  3.837E-16
1.556E+01  8.946E-25  3.692E-16
1.542E+01  8.709E-25  3.561E-16
1.528E+01  8.493E-25  3.441E-16
1.514E+01  8.294E-25  3.330E-16
1.500E+01  8.114E-25  3.228E-16
1.486E+01  7.948E-25  3.133E-16
1.472E+01  7.800E-25  3.046E-16
1.459E+01  7.680E-25  2.972E-16
1.445E+01  7.613E-25  2.919E-16
1.432E+01  7.642E-25  2.903E-16
1.419E+01  7.705E-25  2.900E-16
1.406E+01  7.523E-25  2.806E-16
1.393E+01  7.407E-25  2.737E-16
1.380E+01  7.447E-25  2.727E-16
1.368E+01  7.633E-25  2.769E-16
1.355E+01  7.887E-25  2.835E-16
1.343E+01  7.925E-25  2.823E-16
1.330E+01  7.725E-25  2.726E-16
1.318E+01  7.609E-25  2.661E-16
1.306E+01  7.697E-25  2.667E-16
1.294E+01  8.035E-25  2.759E-16
1.282E+01  8.687E-25  2.955E-16
1.271E+01  9.514E-25  3.206E-16
1.259E+01  9.749E-25  3.256E-16
1.247E+01  9.094E-25  3.009E-16
1.236E+01  8.426E-25  2.762E-16
1.225E+01  8.164E-25  2.652E-16
1.213E+01  8.267E-25  2.661E-16
1.202E+01  8.441E-25  2.692E-16
1.191E+01  8.265E-25  2.611E-16
1.180E+01  7.898E-25  2.473E-16
1.169E+01  7.773E-25  2.411E-16
1.159E+01  8.153E-25  2.506E-16
1.148E+01  9.601E-25  2.924E-16
1.138E+01  1.122E-24  3.385E-16
1.127E+01  1.324E-24  3.959E-16
1.117E+01  1.063E-24  3.148E-16
1.107E+01  7.656E-25  2.247E-16
1.096E+01  6.646E-25  1.933E-16
1.086E+01  6.164E-25  1.776E-16
1.076E+01  5.896E-25  1.684E-16
1.067E+01  5.728E-25  1.621E-16
1.057E+01  5.582E-25  1.565E-16
1.047E+01  5.472E-25  1.520E-16
1.038E+01  5.379E-25  1.480E-16
1.028E+01  5.291E-25  1.443E-16
1.019E+01  5.205E-25  1.406E-16
1.009E+01  5.125E-25  1.372E-16
1.000E+01  5.052E-25  1.340E-16
9.908E+00  4.988E-25  1.311E-16
9.817E+00  4.933E-25  1.285E-16
9.727E+00  4.885E-25  1.261E-16
9.638E+00  4.844E-25  1.238E-16
9.550E+00  4.804E-25  1.217E-16
9.462E+00  4.766E-25  1.196E-16
9.376E+00  4.731E-25  1.177E-16
9.290E+00  4.702E-25  1.159E-16
9.204E+00  4.689E-25  1.145E-16
9.120E+00  4.704E-25  1.138E-16
9.036E+00  4.768E-25  1.143E-16
8.954E+00  4.917E-25  1.168E-16
8.872E+00  5.212E-25  1.226E-16
8.790E+00  5.751E-25  1.341E-16
8.710E+00  6.614E-25  1.528E-16
8.630E+00  7.401E-25  1.694E-16
8.551E+00  7.201E-25  1.633E-16
8.472E+00  6.523E-25  1.466E-16
8.395E+00  6.155E-25  1.371E-16
8.318E+00  6.084E-25  1.342E-16
8.241E+00  6.197E-25  1.355E-16
8.166E+00  6.558E-25  1.421E-16
8.091E+00  7.283E-25  1.563E-16
8.017E+00  8.453E-25  1.798E-16
7.943E+00  9.974E-25  2.101E-16
7.870E+00  1.125E-24  2.349E-16
7.798E+00  1.160E-24  2.400E-16
7.727E+00  1.150E-24  2.358E-16
7.656E+00  1.165E-24  2.365E-16
7.586E+00  1.123E-24  2.260E-16
7.516E+00  9.604E-25  1.915E-16
7.447E+00  7.833E-25  1.547E-16
7.379E+00  6.535E-25  1.279E-16
7.311E+00  5.627E-25  1.091E-16
7.244E+00  4.956E-25  9.524E-17
7.178E+00  4.438E-25  8.450E-17
7.112E+00  4.033E-25  7.608E-17
7.047E+00  3.721E-25  6.956E-17
6.982E+00  3.494E-25  6.471E-17
6.918E+00  3.343E-25  6.135E-17
6.855E+00  3.260E-25  5.928E-17
6.792E+00  3.224E-25  5.809E-17
6.730E+00  3.189E-25  5.692E-17
6.668E+00  3.105E-25  5.491E-17
6.607E+00  2.973E-25  5.210E-17
6.546E+00  2.857E-25  4.961E-17
6.486E+00  2.832E-25  4.873E-17
6.427E+00  2.980E-25  5.081E-17
6.368E+00  3.451E-25  5.828E-17
6.310E+00  4.543E-25  7.604E-17
6.252E+00  6.344E-25  1.052E-16
6.194E+00  6.305E-25  1.036E-16
6.138E+00  4.263E-25  6.940E-17
6.081E+00  2.910E-25  4.693E-17
6.026E+00  2.233E-25  3.569E-17
5.970E+00  1.875E-25  2.969E-17
5.916E+00  1.673E-25  2.625E-17
5.861E+00  1.563E-25  2.430E-17
5.808E+00  1.530E-25  2.357E-17
5.754E+00  1.571E-25  2.398E-17
5.702E+00  1.588E-25  2.402E-17
5.649E+00  1.430E-25  2.144E-17
5.598E+00  1.244E-25  1.847E-17
5.546E+00  1.119E-25  1.646E-17
5.495E+00  1.039E-25  1.515E-17
5.445E+00  9.886E-26  1.428E-17
5.395E+00  9.625E-26  1.377E-17
5.346E+00  9.662E-26  1.370E-17
5.297E+00  9.905E-26  1.392E-17
5.248E+00  9.532E-26  1.327E-17
5.200E+00  8.504E-26  1.173E-17
5.152E+00  7.665E-26  1.048E-17
5.105E+00  7.085E-26  9.594E-18
5.058E+00  6.650E-26  8.922E-18
5.012E+00  6.291E-26  8.363E-18
4.966E+00  5.975E-26  7.871E-18
4.920E+00  5.689E-26  7.426E-18
4.875E+00  5.425E-26  7.016E-18
4.831E+00  5.177E-26  6.634E-18
4.786E+00  4.944E-26  6.276E-18
4.742E+00  4.722E-26  5.941E-18
4.699E+00  4.512E-26  5.624E-18
4.656E+00  4.311E-26  5.324E-18
4.613E+00  4.119E-26  5.041E-18
4.571E+00  3.936E-26  4.772E-18
4.529E+00  3.760E-26  4.518E-18
4.487E+00  3.593E-26  4.276E-18
4.446E+00  3.432E-26  4.048E-18
4.406E+00  3.278E-26  3.831E-18
4.365E+00  3.131E-26  3.626E-18
4.325E+00  2.991E-26  3.431E-18
4.285E+00  2.856E-26  3.247E-18
4.246E+00  2.728E-26  3.073E-18
4.207E+00  2.606E-26  2.908E-18
4.169E+00  2.489E-26  2.752E-18
4.130E+00  2.378E-26  2.605E-18
4.093E+00  2.272E-26  2.466E-18
4.055E+00  2.171E-26  2.335E-18
4.018E+00  2.075E-26  2.212E-18
3.981E+00  1.985E-26  2.096E-18
3.945E+00  1.899E-26  1.987E-18
3.908E+00  1.819E-26  1.886E-18
3.873E+00  1.743E-26  1.791E-18
3.837E+00  1.672E-26  1.702E-18
3.802E+00  1.607E-26  1.621E-18
3.767E+00  1.547E-26  1.545E-18
3.733E+00  1.492E-26  1.477E-18
3.698E+00  1.443E-26  1.416E-18
3.664E+00  1.401E-26  1.362E-18
3.631E+00  1.367E-26  1.317E-18
3.597E+00  1.343E-26  1.282E-18
3.565E+00  1.332E-26  1.260E-18
3.532E+00  1.341E-26  1.256E-18
3.499E+00  1.378E-26  1.279E-18
3.467E+00  1.466E-26  1.349E-18
3.436E+00  1.651E-26  1.505E-18
3.404E+00  2.052E-26  1.853E-18
3.373E+00  3.057E-26  2.735E-18
3.342E+00  6.457E-26  5.724E-18
3.311E+00  2.341E-25  2.057E-17
3.281E+00  1.604E-25  1.396E-17
3.251E+00  4.755E-26  4.100E-18
3.221E+00  2.384E-26  2.037E-18
3.192E+00  1.587E-26  1.343E-18
3.162E+00  1.225E-26  1.027E-18
3.133E+00  1.027E-26  8.534E-19
3.105E+00  9.038E-27  7.443E-19
3.076E+00  8.201E-27  6.692E-19
3.048E+00  7.590E-27  6.137E-19
3.020E+00  7.121E-27  5.705E-19
2.992E+00  6.746E-27  5.354E-19
2.965E+00  6.436E-27  5.061E-19
2.938E+00  6.173E-27  4.810E-19
2.911E+00  5.946E-27  4.591E-19
2.884E+00  5.748E-27  4.397E-19
2.858E+00  5.571E-27  4.223E-19
2.831E+00  5.413E-27  4.066E-19
2.805E+00  5.270E-27  3.922E-19
2.780E+00  5.140E-27  3.790E-19
2.754E+00  5.020E-27  3.668E-19
2.729E+00  4.910E-27  3.554E-19
2.704E+00  4.808E-27  3.449E-19
2.679E+00  4.713E-27  3.350E-19
2.655E+00  4.625E-27  3.257E-19
2.630E+00  4.542E-27  3.169E-19
2.606E+00  4.464E-27  3.086E-19
2.582E+00  4.391E-27  3.007E-19
2.559E+00  4.321E-27  2.933E-19
2.535E+00  4.255E-27  2.861E-19
2.512E+00  4.192E-27  2.793E-19
2.489E+00  4.131E-27  2.728E-19
2.466E+00  4.073E-27  2.665E-19
2.443E+00  4.017E-27  2.604E-19
2.421E+00  3.963E-27  2.545E-19
2.399E+00  3.911E-27  2.489E-19
2.377E+00  3.862E-27  2.435E-19
2.355E+00  3.813E-27  2.382E-19
2.333E+00  3.766E-27  2.331E-19
2.312E+00  3.721E-27  2.282E-19
2.291E+00  3.676E-27  2.234E-19
2.270E+00  3.632E-27  2.187E-19
2.249E+00  3.589E-27  2.141E-19
2.228E+00  3.546E-27  2.096E-19
2.208E+00  3.503E-27  2.051E-19
2.188E+00  3.460E-27  2.008E-19
2.168E+00  3.416E-27  1.964E-19
2.148E+00  3.372E-27  1.921E-19
2.128E+00  3.327E-27  1.878E-19
2.109E+00  3.280E-27  1.835E-19
2.089E+00  3.230E-27  1.790E-19
2.070E+00  3.178E-27  1.745E-19
2.051E+00  3.121E-27  1.698E-19
2.032E+00  3.059E-27  1.649E-19
2.014E+00  2.990E-27  1.597E-19
1.995E+00  2.913E-27  1.542E-19
1.977E+00  2.829E-27  1.483E-19
1.959E+00  2.738E-27  1.423E-19
1.941E+00  2.651E-27  1.365E-19
1.923E+00  2.582E-27  1.317E-19
1.905E+00  2.547E-27  1.287E-19
1.888E+00  2.552E-27  1.278E-19
1.871E+00  2.586E-27  1.283E-19
1.854E+00  2.630E-27  1.293E-19
1.837E+00  2.669E-27  1.300E-19
1.820E+00  2.696E-27  1.302E-19
1.803E+00  2.713E-27  1.297E-19
1.786E+00  2.720E-27  1.289E-19
1.770E+00  2.719E-27  1.277E-19
1.754E+00  2.713E-27  1.262E-19
1.738E+00  2.703E-27  1.246E-19
1.722E+00  2.690E-27  1.228E-19
1.706E+00  2.675E-27  1.210E-19
1.690E+00  2.658E-27  1.192E-19
1.675E+00  2.641E-27  1.173E-19
1.660E+00  2.624E-27  1.155E-19
1.644E+00  2.606E-27  1.137E-19
1.629E+00  2.588E-27  1.119E-19
1.614E+00  2.571E-27  1.101E-19
1.600E+00  2.554E-27  1.084E-19
1.585E+00  2.539E-27  1.067E-19
1.570E+00  2.524E-27  1.051E-19
1.556E+00  2.511E-27  1.036E-19
1.542E+00  2.500E-27  1.022E-19
1.528E+00  2.491E-27  1.009E-19
1.514E+00  2.485E-27  9.976E-20
1.500E+00  2.481E-27  9.871E-20
1.486E+00  2.481E-27  9.781E-20
1.472E+00  2.486E-27  9.708E-20
1.459E+00  2.495E-27  9.654E-20
1.445E+00  2.510E-27  9.624E-20
1.432E+00  2.532E-27  9.620E-20
1.419E+00  2.563E-27  9.647E-20
1.406E+00  2.603E-27  9.710E-20
1.393E+00  2.656E-27  9.816E-20
1.380E+00  2.724E-27  9.972E-20
1.368E+00  2.808E-27  1.019E-19
1.355E+00  2.913E-27  1.047E-19
1.343E+00  3.041E-27  1.083E-19
1.330E+00  3.194E-27  1.127E-19
1.318E+00  3.368E-27  1.178E-19
1.306E+00  3.554E-27  1.231E-19
1.294E+00  3.730E-27  1.281E-19
1.282E+00  3.861E-27  1.313E-19
1.271E+00  3.902E-27  1.315E-19
1.259E+00  3.823E-27  1.277E-19
1.247E+00  3.626E-27  1.200E-19
1.236E+00  3.347E-27  1.097E-19
1.225E+00  3.041E-27  9.880E-20
1.213E+00  2.751E-27  8.854E-20
1.202E+00  2.499E-27  7.970E-20
1.191E+00  2.294E-27  7.250E-20
1.180E+00  2.135E-27  6.685E-20
1.169E+00  2.018E-27  6.259E-20
1.159E+00  1.937E-27  5.955E-20
1.148E+00  1.892E-27  5.762E-20
1.138E+00  1.881E-27  5.676E-20
1.127E+00  1.909E-27  5.707E-20
1.117E+00  1.983E-27  5.873E-20
1.107E+00  2.118E-27  6.216E-20
1.096E+00  2.338E-27  6.801E-20
1.086E+00  2.680E-27  7.724E-20
1.076E+00  3.178E-27  9.075E-20
1.067E+00  3.804E-27  1.076E-19
1.057E+00  4.309E-27  1.208E-19
1.047E+00  4.232E-27  1.175E-19
1.038E+00  3.529E-27  9.713E-20
1.028E+00  2.697E-27  7.354E-20
1.019E+00  2.049E-27  5.535E-20
1.009E+00  1.608E-27  4.306E-20
1.000E+00  1.316E-27  3.490E-20
