Dust emission from Draine & Li (2007): ApJ 657, 810-837
================================================================
         6 = grain model
 4.000E-08 4.000E-01 3.750E-05 = a_01 (cm) , sigma_1 , b_C1/0.92
 2.500E-07 4.000E-01 1.250E-05 = a_02 (cm) , sigma_2 , b_C2/0.92
 1.000E-01 1.000E+03 2.000E+00 = Umin , Umax, beta (dN/dU propto U^{-beta})
 9.211E-01 = <U> 
     mmp83 = radfield
 4.156E-24 = power/H (erg s-1)
 band   nu*P_nu(band) j_nu(band)
 (um)   (erg s-1 H-1)(Jy cm2 sr-1 H-1)
1.270E+00  1.399E-26  4.712E-19 COBE-DIRBE
2.220E+00  1.784E-26  1.051E-18 COBE-DIRBE
3.530E+00  1.169E-25  1.095E-17 COBE-DIRBE
4.880E+00  5.426E-26  7.023E-18 COBE-DIRBE
1.229E+01  4.745E-25  1.547E-16 COBE-DIRBE
2.079E+01  3.850E-25  2.123E-16 COBE-DIRBE
5.599E+01  1.678E-24  2.492E-15 COBE-DIRBE
9.770E+01  1.751E-24  4.537E-15 COBE-DIRBE
1.479E+02  1.439E-24  5.644E-15 COBE-DIRBE
2.479E+02  6.155E-25  4.047E-15 COBE-DIRBE
1.200E+01  5.036E-25  1.603E-16 IRAS
2.500E+01  4.041E-25  2.680E-16 IRAS
6.000E+01  1.695E-24  2.698E-15 IRAS
1.000E+02  1.742E-24  4.622E-15 IRAS
3.550E+00  1.360E-25  1.280E-17 SST-IRAC
4.493E+00  3.799E-26  4.528E-18 SST-IRAC
5.731E+00  3.216E-25  4.890E-17 SST-IRAC
7.872E+00  7.438E-25  1.553E-16 SST-IRAC
2.368E+01  3.445E-25  2.164E-16 SST-MIPS
7.142E+01  1.639E-24  3.105E-15 SST-MIPS
1.559E+02  1.309E-24  5.414E-15 SST-MIPS
1.600E+01  3.830E-25  1.626E-16 SST-IRSPU
2.200E+01  3.569E-25  2.083E-16 SST-IRSPU











lambda    nu*dP/dnu     j_nu
 (um)   (erg s-1 H-1)(Jy cm2 sr-1 H-1)
1.000E+04  4.316E-31  1.145E-19
9.908E+03  4.474E-31  1.176E-19
9.817E+03  4.636E-31  1.207E-19
9.727E+03  4.805E-31  1.240E-19
9.638E+03  4.980E-31  1.273E-19
9.550E+03  5.161E-31  1.307E-19
9.462E+03  5.349E-31  1.343E-19
9.376E+03  5.544E-31  1.379E-19
9.290E+03  5.746E-31  1.416E-19
9.204E+03  5.955E-31  1.454E-19
9.120E+03  6.171E-31  1.493E-19
9.036E+03  6.396E-31  1.533E-19
8.954E+03  6.628E-31  1.574E-19
8.872E+03  6.868E-31  1.616E-19
8.790E+03  7.117E-31  1.659E-19
8.710E+03  7.374E-31  1.704E-19
8.630E+03  7.642E-31  1.749E-19
8.551E+03  7.919E-31  1.796E-19
8.472E+03  8.206E-31  1.844E-19
8.395E+03  8.504E-31  1.894E-19
8.318E+03  8.813E-31  1.944E-19
8.241E+03  9.134E-31  1.997E-19
8.166E+03  9.466E-31  2.050E-19
8.091E+03  9.810E-31  2.105E-19
8.017E+03  1.017E-30  2.162E-19
7.943E+03  1.054E-30  2.220E-19
7.870E+03  1.092E-30  2.280E-19
7.798E+03  1.132E-30  2.342E-19
7.727E+03  1.173E-30  2.405E-19
7.656E+03  1.216E-30  2.470E-19
7.586E+03  1.261E-30  2.537E-19
7.516E+03  1.307E-30  2.605E-19
7.447E+03  1.355E-30  2.676E-19
7.379E+03  1.404E-30  2.748E-19
7.311E+03  1.456E-30  2.823E-19
7.244E+03  1.509E-30  2.899E-19
7.178E+03  1.564E-30  2.978E-19
7.112E+03  1.622E-30  3.059E-19
7.047E+03  1.681E-30  3.142E-19
6.982E+03  1.743E-30  3.228E-19
6.918E+03  1.807E-30  3.315E-19
6.855E+03  1.873E-30  3.405E-19
6.792E+03  1.942E-30  3.498E-19
6.730E+03  2.013E-30  3.593E-19
6.668E+03  2.087E-30  3.691E-19
6.607E+03  2.164E-30  3.792E-19
6.546E+03  2.243E-30  3.895E-19
6.486E+03  2.326E-30  4.002E-19
6.427E+03  2.411E-30  4.111E-19
6.368E+03  2.500E-30  4.223E-19
6.310E+03  2.592E-30  4.339E-19
6.252E+03  2.688E-30  4.458E-19
6.194E+03  2.787E-30  4.580E-19
6.138E+03  2.890E-30  4.706E-19
6.081E+03  2.997E-30  4.835E-19
6.026E+03  3.108E-30  4.968E-19
5.970E+03  3.223E-30  5.104E-19
5.916E+03  3.342E-30  5.245E-19
5.861E+03  3.466E-30  5.389E-19
5.808E+03  3.595E-30  5.538E-19
5.754E+03  3.728E-30  5.690E-19
5.702E+03  3.866E-30  5.847E-19
5.649E+03  4.010E-30  6.009E-19
5.598E+03  4.159E-30  6.175E-19
5.546E+03  4.313E-30  6.346E-19
5.495E+03  4.474E-30  6.521E-19
5.445E+03  4.640E-30  6.702E-19
5.395E+03  4.813E-30  6.887E-19
5.346E+03  4.992E-30  7.078E-19
5.297E+03  5.178E-30  7.275E-19
5.248E+03  5.371E-30  7.477E-19
5.200E+03  5.571E-30  7.684E-19
5.152E+03  5.779E-30  7.898E-19
5.105E+03  5.995E-30  8.118E-19
5.058E+03  6.219E-30  8.344E-19
5.012E+03  6.451E-30  8.576E-19
4.966E+03  6.692E-30  8.815E-19
4.920E+03  6.942E-30  9.060E-19
4.875E+03  7.201E-30  9.313E-19
4.831E+03  7.471E-30  9.573E-19
4.786E+03  7.750E-30  9.840E-19
4.742E+03  8.041E-30  1.011E-18
4.699E+03  8.342E-30  1.040E-18
4.656E+03  8.655E-30  1.069E-18
4.613E+03  8.980E-30  1.099E-18
4.571E+03  9.317E-30  1.130E-18
4.529E+03  9.667E-30  1.161E-18
4.487E+03  1.003E-29  1.194E-18
4.446E+03  1.041E-29  1.227E-18
4.406E+03  1.080E-29  1.262E-18
4.365E+03  1.121E-29  1.297E-18
4.325E+03  1.163E-29  1.334E-18
4.285E+03  1.207E-29  1.372E-18
4.246E+03  1.252E-29  1.410E-18
4.207E+03  1.299E-29  1.450E-18
4.169E+03  1.348E-29  1.491E-18
4.130E+03  1.399E-29  1.533E-18
4.093E+03  1.452E-29  1.576E-18
4.055E+03  1.507E-29  1.621E-18
4.018E+03  1.564E-29  1.667E-18
3.981E+03  1.623E-29  1.714E-18
3.945E+03  1.684E-29  1.763E-18
3.908E+03  1.748E-29  1.812E-18
3.873E+03  1.814E-29  1.864E-18
3.837E+03  1.883E-29  1.917E-18
3.802E+03  1.954E-29  1.971E-18
3.767E+03  2.028E-29  2.027E-18
3.733E+03  2.105E-29  2.085E-18
3.698E+03  2.185E-29  2.144E-18
3.664E+03  2.268E-29  2.205E-18
3.631E+03  2.355E-29  2.268E-18
3.597E+03  2.444E-29  2.332E-18
3.565E+03  2.537E-29  2.399E-18
3.532E+03  2.634E-29  2.467E-18
3.499E+03  2.734E-29  2.538E-18
3.467E+03  2.838E-29  2.610E-18
3.436E+03  2.946E-29  2.685E-18
3.404E+03  3.059E-29  2.762E-18
3.373E+03  3.176E-29  2.841E-18
3.342E+03  3.297E-29  2.923E-18
3.311E+03  3.423E-29  3.007E-18
3.281E+03  3.554E-29  3.093E-18
3.251E+03  3.690E-29  3.182E-18
3.221E+03  3.831E-29  3.273E-18
3.192E+03  3.978E-29  3.368E-18
3.162E+03  4.130E-29  3.465E-18
3.133E+03  4.289E-29  3.565E-18
3.105E+03  4.453E-29  3.667E-18
3.076E+03  4.624E-29  3.773E-18
3.048E+03  4.802E-29  3.882E-18
3.020E+03  4.986E-29  3.994E-18
2.992E+03  5.178E-29  4.110E-18
2.965E+03  5.376E-29  4.228E-18
2.938E+03  5.582E-29  4.350E-18
2.911E+03  5.796E-29  4.475E-18
2.884E+03  6.019E-29  4.605E-18
2.858E+03  6.250E-29  4.738E-18
2.831E+03  6.490E-29  4.875E-18
2.805E+03  6.740E-29  5.016E-18
2.780E+03  6.999E-29  5.161E-18
2.754E+03  7.269E-29  5.310E-18
2.729E+03  7.548E-29  5.464E-18
2.704E+03  7.839E-29  5.623E-18
2.679E+03  8.141E-29  5.786E-18
2.655E+03  8.455E-29  5.954E-18
2.630E+03  8.782E-29  6.127E-18
2.606E+03  9.121E-29  6.305E-18
2.582E+03  9.473E-29  6.488E-18
2.559E+03  9.839E-29  6.677E-18
2.535E+03  1.022E-28  6.872E-18
2.512E+03  1.061E-28  7.072E-18
2.489E+03  1.102E-28  7.278E-18
2.466E+03  1.145E-28  7.491E-18
2.443E+03  1.189E-28  7.709E-18
2.421E+03  1.235E-28  7.934E-18
2.399E+03  1.283E-28  8.166E-18
2.377E+03  1.333E-28  8.405E-18
2.355E+03  1.385E-28  8.650E-18
2.333E+03  1.438E-28  8.904E-18
2.312E+03  1.494E-28  9.164E-18
2.291E+03  1.552E-28  9.432E-18
2.270E+03  1.612E-28  9.709E-18
2.249E+03  1.675E-28  9.993E-18
2.228E+03  1.740E-28  1.029E-17
2.208E+03  1.808E-28  1.059E-17
2.188E+03  1.878E-28  1.090E-17
2.168E+03  1.951E-28  1.122E-17
2.148E+03  2.027E-28  1.155E-17
2.128E+03  2.105E-28  1.189E-17
2.109E+03  2.187E-28  1.223E-17
2.089E+03  2.272E-28  1.259E-17
2.070E+03  2.361E-28  1.296E-17
2.051E+03  2.452E-28  1.334E-17
2.032E+03  2.548E-28  1.374E-17
2.014E+03  2.647E-28  1.414E-17
1.995E+03  2.750E-28  1.455E-17
1.977E+03  2.857E-28  1.498E-17
1.959E+03  2.968E-28  1.542E-17
1.941E+03  3.083E-28  1.587E-17
1.923E+03  3.203E-28  1.634E-17
1.905E+03  3.328E-28  1.682E-17
1.888E+03  3.457E-28  1.731E-17
1.871E+03  3.592E-28  1.782E-17
1.854E+03  3.731E-28  1.835E-17
1.837E+03  3.877E-28  1.889E-17
1.820E+03  4.027E-28  1.944E-17
1.803E+03  4.184E-28  2.001E-17
1.786E+03  4.347E-28  2.060E-17
1.770E+03  4.516E-28  2.120E-17
1.754E+03  4.692E-28  2.183E-17
1.738E+03  4.874E-28  2.247E-17
1.722E+03  5.064E-28  2.313E-17
1.706E+03  5.261E-28  2.381E-17
1.690E+03  5.465E-28  2.451E-17
1.675E+03  5.678E-28  2.523E-17
1.660E+03  5.898E-28  2.597E-17
1.644E+03  6.128E-28  2.673E-17
1.629E+03  6.366E-28  2.751E-17
1.614E+03  6.613E-28  2.832E-17
1.600E+03  6.870E-28  2.915E-17
1.585E+03  7.137E-28  3.000E-17
1.570E+03  7.414E-28  3.088E-17
1.556E+03  7.701E-28  3.179E-17
1.542E+03  8.000E-28  3.272E-17
1.528E+03  8.310E-28  3.367E-17
1.514E+03  8.633E-28  3.466E-17
1.500E+03  8.967E-28  3.567E-17
1.486E+03  9.315E-28  3.672E-17
1.472E+03  9.676E-28  3.779E-17
1.459E+03  1.005E-27  3.889E-17
1.445E+03  1.044E-27  4.003E-17
1.432E+03  1.084E-27  4.120E-17
1.419E+03  1.126E-27  4.240E-17
1.406E+03  1.170E-27  4.364E-17
1.393E+03  1.215E-27  4.491E-17
1.380E+03  1.262E-27  4.622E-17
1.368E+03  1.311E-27  4.757E-17
1.355E+03  1.362E-27  4.895E-17
1.343E+03  1.414E-27  5.037E-17
1.330E+03  1.469E-27  5.184E-17
1.318E+03  1.526E-27  5.334E-17
1.306E+03  1.584E-27  5.489E-17
1.294E+03  1.645E-27  5.648E-17
1.282E+03  1.709E-27  5.812E-17
1.271E+03  1.774E-27  5.980E-17
1.259E+03  1.843E-27  6.153E-17
1.247E+03  1.913E-27  6.331E-17
1.236E+03  1.987E-27  6.514E-17
1.225E+03  2.063E-27  6.702E-17
1.213E+03  2.142E-27  6.895E-17
1.202E+03  2.224E-27  7.093E-17
1.191E+03  2.309E-27  7.297E-17
1.180E+03  2.398E-27  7.507E-17
1.169E+03  2.489E-27  7.723E-17
1.159E+03  2.584E-27  7.944E-17
1.148E+03  2.683E-27  8.171E-17
1.138E+03  2.785E-27  8.405E-17
1.127E+03  2.891E-27  8.645E-17
1.117E+03  3.001E-27  8.892E-17
1.107E+03  3.116E-27  9.145E-17
1.096E+03  3.234E-27  9.406E-17
1.086E+03  3.357E-27  9.673E-17
1.076E+03  3.484E-27  9.948E-17
1.067E+03  3.616E-27  1.023E-16
1.057E+03  3.752E-27  1.052E-16
1.047E+03  3.894E-27  1.082E-16
1.038E+03  4.041E-27  1.112E-16
1.028E+03  4.194E-27  1.144E-16
1.019E+03  4.351E-27  1.176E-16
1.009E+03  4.515E-27  1.209E-16
1.000E+03  4.685E-27  1.243E-16
9.908E+02  4.861E-27  1.277E-16
9.817E+02  5.043E-27  1.313E-16
9.727E+02  5.232E-27  1.350E-16
9.638E+02  5.428E-27  1.388E-16
9.550E+02  5.631E-27  1.426E-16
9.462E+02  5.841E-27  1.466E-16
9.376E+02  6.059E-27  1.507E-16
9.290E+02  6.285E-27  1.549E-16
9.204E+02  6.519E-27  1.592E-16
9.120E+02  6.761E-27  1.636E-16
9.036E+02  7.012E-27  1.681E-16
8.954E+02  7.271E-27  1.727E-16
8.872E+02  7.540E-27  1.774E-16
8.790E+02  7.818E-27  1.823E-16
8.710E+02  8.106E-27  1.873E-16
8.630E+02  8.404E-27  1.924E-16
8.551E+02  8.712E-27  1.976E-16
8.472E+02  9.032E-27  2.030E-16
8.395E+02  9.362E-27  2.085E-16
8.318E+02  9.704E-27  2.141E-16
8.241E+02  1.006E-26  2.199E-16
8.166E+02  1.042E-26  2.258E-16
8.091E+02  1.080E-26  2.318E-16
8.017E+02  1.119E-26  2.380E-16
7.943E+02  1.160E-26  2.444E-16
7.870E+02  1.202E-26  2.509E-16
7.798E+02  1.245E-26  2.575E-16
7.727E+02  1.290E-26  2.644E-16
7.656E+02  1.336E-26  2.713E-16
7.586E+02  1.384E-26  2.785E-16
7.516E+02  1.434E-26  2.858E-16
7.447E+02  1.485E-26  2.933E-16
7.379E+02  1.538E-26  3.010E-16
7.311E+02  1.593E-26  3.089E-16
7.244E+02  1.650E-26  3.170E-16
7.178E+02  1.708E-26  3.253E-16
7.112E+02  1.769E-26  3.338E-16
7.047E+02  1.832E-26  3.425E-16
6.982E+02  1.897E-26  3.513E-16
6.918E+02  1.964E-26  3.604E-16
6.855E+02  2.034E-26  3.698E-16
6.792E+02  2.105E-26  3.793E-16
6.730E+02  2.179E-26  3.890E-16
6.668E+02  2.256E-26  3.990E-16
6.607E+02  2.335E-26  4.092E-16
6.546E+02  2.417E-26  4.196E-16
6.486E+02  2.501E-26  4.304E-16
6.427E+02  2.589E-26  4.414E-16
6.368E+02  2.679E-26  4.526E-16
6.310E+02  2.773E-26  4.641E-16
6.252E+02  2.870E-26  4.759E-16
6.194E+02  2.970E-26  4.880E-16
6.138E+02  3.073E-26  5.003E-16
6.081E+02  3.179E-26  5.129E-16
6.026E+02  3.290E-26  5.258E-16
5.970E+02  3.403E-26  5.390E-16
5.916E+02  3.521E-26  5.525E-16
5.861E+02  3.642E-26  5.663E-16
5.808E+02  3.768E-26  5.804E-16
5.754E+02  3.897E-26  5.949E-16
5.702E+02  4.031E-26  6.096E-16
5.649E+02  4.169E-26  6.247E-16
5.598E+02  4.311E-26  6.402E-16
5.546E+02  4.458E-26  6.559E-16
5.495E+02  4.610E-26  6.720E-16
5.445E+02  4.767E-26  6.885E-16
5.395E+02  4.929E-26  7.053E-16
5.346E+02  5.096E-26  7.225E-16
5.297E+02  5.268E-26  7.401E-16
5.248E+02  5.445E-26  7.581E-16
5.200E+02  5.629E-26  7.764E-16
5.152E+02  5.818E-26  7.951E-16
5.105E+02  6.013E-26  8.142E-16
5.058E+02  6.214E-26  8.337E-16
5.012E+02  6.421E-26  8.536E-16
4.966E+02  6.635E-26  8.740E-16
4.920E+02  6.855E-26  8.947E-16
4.875E+02  7.082E-26  9.159E-16
4.831E+02  7.316E-26  9.375E-16
4.786E+02  7.557E-26  9.595E-16
4.742E+02  7.806E-26  9.819E-16
4.699E+02  8.062E-26  1.005E-15
4.656E+02  8.325E-26  1.028E-15
4.613E+02  8.597E-26  1.052E-15
4.571E+02  8.877E-26  1.076E-15
4.529E+02  9.165E-26  1.101E-15
4.487E+02  9.461E-26  1.126E-15
4.446E+02  9.766E-26  1.152E-15
4.406E+02  1.008E-25  1.178E-15
4.365E+02  1.040E-25  1.205E-15
4.325E+02  1.074E-25  1.232E-15
4.285E+02  1.108E-25  1.259E-15
4.246E+02  1.143E-25  1.287E-15
4.207E+02  1.179E-25  1.316E-15
4.169E+02  1.217E-25  1.345E-15
4.130E+02  1.255E-25  1.375E-15
4.093E+02  1.294E-25  1.405E-15
4.055E+02  1.335E-25  1.436E-15
4.018E+02  1.376E-25  1.467E-15
3.981E+02  1.419E-25  1.499E-15
3.945E+02  1.463E-25  1.531E-15
3.908E+02  1.508E-25  1.564E-15
3.873E+02  1.555E-25  1.597E-15
3.837E+02  1.603E-25  1.631E-15
3.802E+02  1.652E-25  1.666E-15
3.767E+02  1.702E-25  1.701E-15
3.733E+02  1.753E-25  1.736E-15
3.698E+02  1.806E-25  1.772E-15
3.664E+02  1.861E-25  1.809E-15
3.631E+02  1.917E-25  1.846E-15
3.597E+02  1.974E-25  1.884E-15
3.565E+02  2.033E-25  1.922E-15
3.532E+02  2.093E-25  1.961E-15
3.499E+02  2.155E-25  2.000E-15
3.467E+02  2.218E-25  2.040E-15
3.436E+02  2.283E-25  2.080E-15
3.404E+02  2.349E-25  2.121E-15
3.373E+02  2.417E-25  2.163E-15
3.342E+02  2.487E-25  2.205E-15
3.311E+02  2.559E-25  2.247E-15
3.281E+02  2.632E-25  2.290E-15
3.251E+02  2.707E-25  2.334E-15
3.221E+02  2.783E-25  2.378E-15
3.192E+02  2.862E-25  2.423E-15
3.162E+02  2.942E-25  2.468E-15
3.133E+02  3.024E-25  2.513E-15
3.105E+02  3.108E-25  2.559E-15
3.076E+02  3.193E-25  2.606E-15
3.048E+02  3.281E-25  2.653E-15
3.020E+02  3.371E-25  2.700E-15
2.992E+02  3.462E-25  2.748E-15
2.965E+02  3.555E-25  2.796E-15
2.938E+02  3.651E-25  2.845E-15
2.911E+02  3.748E-25  2.894E-15
2.884E+02  3.847E-25  2.943E-15
2.858E+02  3.949E-25  2.993E-15
2.831E+02  4.052E-25  3.044E-15
2.805E+02  4.158E-25  3.094E-15
2.780E+02  4.266E-25  3.145E-15
2.754E+02  4.375E-25  3.197E-15
2.729E+02  4.488E-25  3.249E-15
2.704E+02  4.602E-25  3.301E-15
2.679E+02  4.719E-25  3.354E-15
2.655E+02  4.838E-25  3.407E-15
2.630E+02  4.959E-25  3.460E-15
2.606E+02  5.083E-25  3.514E-15
2.582E+02  5.208E-25  3.567E-15
2.559E+02  5.335E-25  3.621E-15
2.535E+02  5.464E-25  3.674E-15
2.512E+02  5.594E-25  3.727E-15
2.489E+02  5.724E-25  3.779E-15
2.466E+02  5.853E-25  3.828E-15
2.443E+02  5.982E-25  3.877E-15
2.421E+02  6.113E-25  3.926E-15
2.399E+02  6.244E-25  3.973E-15
2.377E+02  6.374E-25  4.019E-15
2.355E+02  6.506E-25  4.064E-15
2.333E+02  6.639E-25  4.109E-15
2.312E+02  6.773E-25  4.154E-15
2.291E+02  6.909E-25  4.199E-15
2.270E+02  7.047E-25  4.243E-15
2.249E+02  7.185E-25  4.287E-15
2.228E+02  7.325E-25  4.330E-15
2.208E+02  7.466E-25  4.373E-15
2.188E+02  7.609E-25  4.416E-15
2.168E+02  7.753E-25  4.458E-15
2.148E+02  7.898E-25  4.500E-15
2.128E+02  8.044E-25  4.541E-15
2.109E+02  8.191E-25  4.582E-15
2.089E+02  8.340E-25  4.622E-15
2.070E+02  8.489E-25  4.662E-15
2.051E+02  8.639E-25  4.700E-15
2.032E+02  8.791E-25  4.739E-15
2.014E+02  8.943E-25  4.777E-15
1.995E+02  9.097E-25  4.815E-15
1.977E+02  9.251E-25  4.851E-15
1.959E+02  9.406E-25  4.887E-15
1.941E+02  9.562E-25  4.923E-15
1.923E+02  9.719E-25  4.958E-15
1.905E+02  9.876E-25  4.992E-15
1.888E+02  1.004E-24  5.026E-15
1.871E+02  1.019E-24  5.059E-15
1.854E+02  1.035E-24  5.091E-15
1.837E+02  1.052E-24  5.123E-15
1.820E+02  1.068E-24  5.154E-15
1.803E+02  1.084E-24  5.185E-15
1.786E+02  1.100E-24  5.215E-15
1.770E+02  1.117E-24  5.244E-15
1.754E+02  1.134E-24  5.274E-15
1.738E+02  1.150E-24  5.302E-15
1.722E+02  1.167E-24  5.331E-15
1.706E+02  1.184E-24  5.358E-15
1.690E+02  1.201E-24  5.386E-15
1.675E+02  1.218E-24  5.413E-15
1.660E+02  1.236E-24  5.440E-15
1.644E+02  1.253E-24  5.467E-15
1.629E+02  1.271E-24  5.494E-15
1.614E+02  1.289E-24  5.520E-15
1.600E+02  1.307E-24  5.547E-15
1.585E+02  1.326E-24  5.573E-15
1.570E+02  1.344E-24  5.600E-15
1.556E+02  1.364E-24  5.628E-15
1.542E+02  1.383E-24  5.656E-15
1.528E+02  1.403E-24  5.684E-15
1.514E+02  1.423E-24  5.712E-15
1.500E+02  1.443E-24  5.741E-15
1.486E+02  1.463E-24  5.768E-15
1.472E+02  1.484E-24  5.796E-15
1.459E+02  1.504E-24  5.820E-15
1.445E+02  1.524E-24  5.843E-15
1.432E+02  1.543E-24  5.860E-15
1.419E+02  1.560E-24  5.870E-15
1.406E+02  1.575E-24  5.873E-15
1.393E+02  1.587E-24  5.865E-15
1.380E+02  1.597E-24  5.847E-15
1.368E+02  1.604E-24  5.819E-15
1.355E+02  1.609E-24  5.784E-15
1.343E+02  1.612E-24  5.743E-15
1.330E+02  1.615E-24  5.699E-15
1.318E+02  1.617E-24  5.654E-15
1.306E+02  1.619E-24  5.609E-15
1.294E+02  1.621E-24  5.564E-15
1.282E+02  1.623E-24  5.521E-15
1.271E+02  1.625E-24  5.478E-15
1.259E+02  1.628E-24  5.438E-15
1.247E+02  1.632E-24  5.399E-15
1.236E+02  1.636E-24  5.362E-15
1.225E+02  1.640E-24  5.326E-15
1.213E+02  1.644E-24  5.291E-15
1.202E+02  1.649E-24  5.258E-15
1.191E+02  1.653E-24  5.225E-15
1.180E+02  1.659E-24  5.193E-15
1.169E+02  1.664E-24  5.161E-15
1.159E+02  1.668E-24  5.128E-15
1.148E+02  1.674E-24  5.097E-15
1.138E+02  1.679E-24  5.066E-15
1.127E+02  1.684E-24  5.035E-15
1.117E+02  1.690E-24  5.006E-15
1.107E+02  1.695E-24  4.976E-15
1.096E+02  1.701E-24  4.947E-15
1.086E+02  1.706E-24  4.917E-15
1.076E+02  1.712E-24  4.888E-15
1.067E+02  1.717E-24  4.858E-15
1.057E+02  1.723E-24  4.829E-15
1.047E+02  1.728E-24  4.800E-15
1.038E+02  1.733E-24  4.770E-15
1.028E+02  1.738E-24  4.740E-15
1.019E+02  1.743E-24  4.710E-15
1.009E+02  1.748E-24  4.679E-15
1.000E+02  1.753E-24  4.649E-15
9.908E+01  1.757E-24  4.617E-15
9.817E+01  1.761E-24  4.586E-15
9.727E+01  1.765E-24  4.554E-15
9.638E+01  1.769E-24  4.522E-15
9.550E+01  1.773E-24  4.490E-15
9.462E+01  1.776E-24  4.458E-15
9.376E+01  1.780E-24  4.426E-15
9.290E+01  1.783E-24  4.393E-15
9.204E+01  1.786E-24  4.360E-15
9.120E+01  1.789E-24  4.327E-15
9.036E+01  1.791E-24  4.293E-15
8.954E+01  1.794E-24  4.260E-15
8.872E+01  1.796E-24  4.226E-15
8.790E+01  1.798E-24  4.193E-15
8.710E+01  1.800E-24  4.158E-15
8.630E+01  1.802E-24  4.125E-15
8.551E+01  1.804E-24  4.091E-15
8.472E+01  1.805E-24  4.056E-15
8.395E+01  1.806E-24  4.022E-15
8.318E+01  1.807E-24  3.987E-15
8.241E+01  1.808E-24  3.953E-15
8.166E+01  1.809E-24  3.919E-15
8.091E+01  1.810E-24  3.884E-15
8.017E+01  1.811E-24  3.850E-15
7.943E+01  1.811E-24  3.816E-15
7.870E+01  1.811E-24  3.781E-15
7.798E+01  1.811E-24  3.747E-15
7.727E+01  1.811E-24  3.712E-15
7.656E+01  1.811E-24  3.677E-15
7.586E+01  1.810E-24  3.643E-15
7.516E+01  1.810E-24  3.608E-15
7.447E+01  1.809E-24  3.573E-15
7.379E+01  1.807E-24  3.537E-15
7.311E+01  1.806E-24  3.503E-15
7.244E+01  1.804E-24  3.467E-15
7.178E+01  1.802E-24  3.432E-15
7.112E+01  1.800E-24  3.397E-15
7.047E+01  1.799E-24  3.362E-15
6.982E+01  1.797E-24  3.328E-15
6.918E+01  1.795E-24  3.293E-15
6.855E+01  1.792E-24  3.259E-15
6.792E+01  1.790E-24  3.224E-15
6.730E+01  1.787E-24  3.190E-15
6.668E+01  1.784E-24  3.156E-15
6.607E+01  1.781E-24  3.122E-15
6.546E+01  1.778E-24  3.087E-15
6.486E+01  1.775E-24  3.053E-15
6.427E+01  1.771E-24  3.019E-15
6.368E+01  1.768E-24  2.986E-15
6.310E+01  1.764E-24  2.952E-15
6.252E+01  1.760E-24  2.919E-15
6.194E+01  1.756E-24  2.886E-15
6.138E+01  1.752E-24  2.853E-15
6.081E+01  1.748E-24  2.820E-15
6.026E+01  1.744E-24  2.787E-15
5.970E+01  1.739E-24  2.754E-15
5.916E+01  1.735E-24  2.722E-15
5.861E+01  1.730E-24  2.689E-15
5.808E+01  1.725E-24  2.657E-15
5.754E+01  1.720E-24  2.625E-15
5.702E+01  1.715E-24  2.593E-15
5.649E+01  1.709E-24  2.562E-15
5.598E+01  1.704E-24  2.530E-15
5.546E+01  1.699E-24  2.499E-15
5.495E+01  1.693E-24  2.469E-15
5.445E+01  1.688E-24  2.438E-15
5.395E+01  1.682E-24  2.408E-15
5.346E+01  1.677E-24  2.378E-15
5.297E+01  1.671E-24  2.348E-15
5.248E+01  1.665E-24  2.318E-15
5.200E+01  1.659E-24  2.288E-15
5.152E+01  1.653E-24  2.259E-15
5.105E+01  1.647E-24  2.230E-15
5.058E+01  1.640E-24  2.201E-15
5.012E+01  1.634E-24  2.172E-15
4.966E+01  1.627E-24  2.144E-15
4.920E+01  1.621E-24  2.116E-15
4.875E+01  1.614E-24  2.087E-15
4.831E+01  1.607E-24  2.060E-15
4.786E+01  1.601E-24  2.032E-15
4.742E+01  1.594E-24  2.005E-15
4.699E+01  1.587E-24  1.978E-15
4.656E+01  1.580E-24  1.951E-15
4.613E+01  1.572E-24  1.924E-15
4.571E+01  1.565E-24  1.897E-15
4.529E+01  1.557E-24  1.871E-15
4.487E+01  1.550E-24  1.845E-15
4.446E+01  1.542E-24  1.819E-15
4.406E+01  1.534E-24  1.792E-15
4.365E+01  1.526E-24  1.766E-15
4.325E+01  1.517E-24  1.740E-15
4.285E+01  1.508E-24  1.714E-15
4.246E+01  1.499E-24  1.688E-15
4.207E+01  1.489E-24  1.662E-15
4.169E+01  1.480E-24  1.636E-15
4.130E+01  1.469E-24  1.610E-15
4.093E+01  1.459E-24  1.584E-15
4.055E+01  1.448E-24  1.557E-15
4.018E+01  1.436E-24  1.530E-15
3.981E+01  1.424E-24  1.503E-15
3.945E+01  1.411E-24  1.476E-15
3.908E+01  1.397E-24  1.448E-15
3.873E+01  1.383E-24  1.421E-15
3.837E+01  1.368E-24  1.392E-15
3.802E+01  1.352E-24  1.364E-15
3.767E+01  1.336E-24  1.335E-15
3.733E+01  1.318E-24  1.305E-15
3.698E+01  1.300E-24  1.275E-15
3.664E+01  1.280E-24  1.244E-15
3.631E+01  1.260E-24  1.214E-15
3.597E+01  1.239E-24  1.182E-15
3.565E+01  1.217E-24  1.151E-15
3.532E+01  1.194E-24  1.119E-15
3.499E+01  1.170E-24  1.086E-15
3.467E+01  1.145E-24  1.053E-15
3.436E+01  1.120E-24  1.021E-15
3.404E+01  1.094E-24  9.875E-16
3.373E+01  1.067E-24  9.543E-16
3.342E+01  1.039E-24  9.212E-16
3.311E+01  1.011E-24  8.882E-16
3.281E+01  9.828E-25  8.553E-16
3.251E+01  9.539E-25  8.226E-16
3.221E+01  9.250E-25  7.903E-16
3.192E+01  8.959E-25  7.585E-16
3.162E+01  8.668E-25  7.271E-16
3.133E+01  8.380E-25  6.964E-16
3.105E+01  8.093E-25  6.664E-16
3.076E+01  7.810E-25  6.373E-16
3.048E+01  7.533E-25  6.091E-16
3.020E+01  7.262E-25  5.818E-16
2.992E+01  6.999E-25  5.555E-16
2.965E+01  6.741E-25  5.302E-16
2.938E+01  6.494E-25  5.060E-16
2.911E+01  6.254E-25  4.829E-16
2.884E+01  6.025E-25  4.609E-16
2.858E+01  5.806E-25  4.401E-16
2.831E+01  5.597E-25  4.204E-16
2.805E+01  5.399E-25  4.018E-16
2.780E+01  5.211E-25  3.843E-16
2.754E+01  5.034E-25  3.678E-16
2.729E+01  4.866E-25  3.522E-16
2.704E+01  4.710E-25  3.378E-16
2.679E+01  4.563E-25  3.243E-16
2.655E+01  4.426E-25  3.117E-16
2.630E+01  4.299E-25  2.999E-16
2.606E+01  4.179E-25  2.889E-16
2.582E+01  4.069E-25  2.787E-16
2.559E+01  3.968E-25  2.693E-16
2.535E+01  3.874E-25  2.605E-16
2.512E+01  3.789E-25  2.524E-16
2.489E+01  3.709E-25  2.449E-16
2.466E+01  3.637E-25  2.379E-16
2.443E+01  3.571E-25  2.314E-16
2.421E+01  3.511E-25  2.255E-16
2.399E+01  3.457E-25  2.199E-16
2.377E+01  3.407E-25  2.148E-16
2.355E+01  3.363E-25  2.101E-16
2.333E+01  3.325E-25  2.058E-16
2.312E+01  3.291E-25  2.018E-16
2.291E+01  3.260E-25  1.981E-16
2.270E+01  3.234E-25  1.947E-16
2.249E+01  3.213E-25  1.917E-16
2.228E+01  3.195E-25  1.888E-16
2.208E+01  3.180E-25  1.863E-16
2.188E+01  3.168E-25  1.838E-16
2.168E+01  3.158E-25  1.816E-16
2.148E+01  3.153E-25  1.796E-16
2.128E+01  3.149E-25  1.778E-16
2.109E+01  3.149E-25  1.761E-16
2.089E+01  3.151E-25  1.746E-16
2.070E+01  3.156E-25  1.733E-16
2.051E+01  3.163E-25  1.721E-16
2.032E+01  3.173E-25  1.710E-16
2.014E+01  3.186E-25  1.702E-16
1.995E+01  3.202E-25  1.695E-16
1.977E+01  3.222E-25  1.690E-16
1.959E+01  3.243E-25  1.685E-16
1.941E+01  3.269E-25  1.683E-16
1.923E+01  3.299E-25  1.683E-16
1.905E+01  3.335E-25  1.685E-16
1.888E+01  3.378E-25  1.692E-16
1.871E+01  3.432E-25  1.703E-16
1.854E+01  3.502E-25  1.722E-16
1.837E+01  3.598E-25  1.753E-16
1.820E+01  3.745E-25  1.808E-16
1.803E+01  4.030E-25  1.928E-16
1.786E+01  4.494E-25  2.129E-16
1.770E+01  4.512E-25  2.119E-16
1.754E+01  4.965E-25  2.310E-16
1.738E+01  6.194E-25  2.855E-16
1.722E+01  5.738E-25  2.621E-16
1.706E+01  5.711E-25  2.585E-16
1.690E+01  5.559E-25  2.493E-16
1.675E+01  5.309E-25  2.359E-16
1.660E+01  5.490E-25  2.417E-16
1.644E+01  6.674E-25  2.911E-16
1.629E+01  4.882E-25  2.110E-16
1.614E+01  4.290E-25  1.837E-16
1.600E+01  4.451E-25  1.889E-16
1.585E+01  4.454E-25  1.873E-16
1.570E+01  3.798E-25  1.582E-16
1.556E+01  3.489E-25  1.440E-16
1.542E+01  3.343E-25  1.367E-16
1.528E+01  3.257E-25  1.320E-16
1.514E+01  3.199E-25  1.284E-16
1.500E+01  3.159E-25  1.257E-16
1.486E+01  3.134E-25  1.235E-16
1.472E+01  3.126E-25  1.221E-16
1.459E+01  3.147E-25  1.218E-16
1.445E+01  3.226E-25  1.237E-16
1.432E+01  3.437E-25  1.306E-16
1.419E+01  3.669E-25  1.381E-16
1.406E+01  3.457E-25  1.289E-16
1.393E+01  3.297E-25  1.219E-16
1.380E+01  3.352E-25  1.228E-16
1.368E+01  3.690E-25  1.339E-16
1.355E+01  3.836E-25  1.379E-16
1.343E+01  3.556E-25  1.267E-16
1.330E+01  3.575E-25  1.262E-16
1.318E+01  3.800E-25  1.329E-16
1.306E+01  4.238E-25  1.468E-16
1.294E+01  4.990E-25  1.713E-16
1.282E+01  6.195E-25  2.107E-16
1.271E+01  7.694E-25  2.593E-16
1.259E+01  8.351E-25  2.789E-16
1.247E+01  7.507E-25  2.484E-16
1.236E+01  6.462E-25  2.119E-16
1.225E+01  6.033E-25  1.960E-16
1.213E+01  6.168E-25  1.985E-16
1.202E+01  6.406E-25  2.043E-16
1.191E+01  6.189E-25  1.956E-16
1.180E+01  5.702E-25  1.785E-16
1.169E+01  5.550E-25  1.722E-16
1.159E+01  6.185E-25  1.901E-16
1.148E+01  8.302E-25  2.528E-16
1.138E+01  1.276E-24  3.852E-16
1.127E+01  1.783E-24  5.331E-16
1.117E+01  1.217E-24  3.607E-16
1.107E+01  6.424E-25  1.886E-16
1.096E+01  4.377E-25  1.273E-16
1.086E+01  3.412E-25  9.833E-17
1.076E+01  2.884E-25  8.234E-17
1.067E+01  2.563E-25  7.251E-17
1.057E+01  2.355E-25  6.601E-17
1.047E+01  2.212E-25  6.144E-17
1.038E+01  2.111E-25  5.810E-17
1.028E+01  2.038E-25  5.557E-17
1.019E+01  1.985E-25  5.362E-17
1.009E+01  1.948E-25  5.214E-17
1.000E+01  1.925E-25  5.105E-17
9.908E+00  1.914E-25  5.031E-17
9.817E+00  1.915E-25  4.988E-17
9.727E+00  1.928E-25  4.976E-17
9.638E+00  1.954E-25  4.995E-17
9.550E+00  1.992E-25  5.047E-17
9.462E+00  2.046E-25  5.135E-17
9.376E+00  2.118E-25  5.268E-17
9.290E+00  2.216E-25  5.460E-17
9.204E+00  2.348E-25  5.733E-17
9.120E+00  2.533E-25  6.128E-17
9.036E+00  2.801E-25  6.713E-17
8.954E+00  3.204E-25  7.610E-17
8.872E+00  3.844E-25  9.046E-17
8.790E+00  4.896E-25  1.141E-16
8.710E+00  6.503E-25  1.502E-16
8.630E+00  8.009E-25  1.833E-16
8.551E+00  7.827E-25  1.775E-16
8.472E+00  6.786E-25  1.525E-16
8.395E+00  6.253E-25  1.392E-16
8.318E+00  6.218E-25  1.372E-16
8.241E+00  6.491E-25  1.419E-16
8.166E+00  7.183E-25  1.556E-16
8.091E+00  8.505E-25  1.825E-16
8.017E+00  1.062E-24  2.259E-16
7.943E+00  1.343E-24  2.829E-16
7.870E+00  1.599E-24  3.339E-16
7.798E+00  1.721E-24  3.561E-16
7.727E+00  1.793E-24  3.675E-16
7.656E+00  1.919E-24  3.898E-16
7.586E+00  1.897E-24  3.818E-16
7.516E+00  1.568E-24  3.127E-16
7.447E+00  1.190E-24  2.350E-16
7.379E+00  9.159E-25  1.793E-16
7.311E+00  7.339E-25  1.423E-16
7.244E+00  6.080E-25  1.168E-16
7.178E+00  5.167E-25  9.838E-17
7.112E+00  4.493E-25  8.476E-17
7.047E+00  4.004E-25  7.485E-17
6.982E+00  3.672E-25  6.802E-17
6.918E+00  3.482E-25  6.389E-17
6.855E+00  3.416E-25  6.212E-17
6.792E+00  3.440E-25  6.198E-17
6.730E+00  3.477E-25  6.206E-17
6.668E+00  3.436E-25  6.077E-17
6.607E+00  3.320E-25  5.818E-17
6.546E+00  3.247E-25  5.639E-17
6.486E+00  3.374E-25  5.805E-17
6.427E+00  3.894E-25  6.639E-17
6.368E+00  5.199E-25  8.781E-17
6.310E+00  8.176E-25  1.368E-16
6.252E+00  1.331E-24  2.207E-16
6.194E+00  1.356E-24  2.229E-16
6.138E+00  8.147E-25  1.326E-16
6.081E+00  4.776E-25  7.705E-17
6.026E+00  3.206E-25  5.124E-17
5.970E+00  2.456E-25  3.890E-17
5.916E+00  2.117E-25  3.323E-17
5.861E+00  2.051E-25  3.189E-17
5.808E+00  2.241E-25  3.452E-17
5.754E+00  2.658E-25  4.057E-17
5.702E+00  2.901E-25  4.388E-17
5.649E+00  2.474E-25  3.708E-17
5.598E+00  1.844E-25  2.738E-17
5.546E+00  1.407E-25  2.070E-17
5.495E+00  1.153E-25  1.680E-17
5.445E+00  1.015E-25  1.466E-17
5.395E+00  9.648E-26  1.381E-17
5.346E+00  1.012E-25  1.435E-17
5.297E+00  1.193E-25  1.676E-17
5.248E+00  1.325E-25  1.845E-17
5.200E+00  1.072E-25  1.479E-17
5.152E+00  8.090E-26  1.106E-17
5.105E+00  6.645E-26  8.999E-18
5.058E+00  5.839E-26  7.834E-18
5.012E+00  5.335E-26  7.092E-18
4.966E+00  4.985E-26  6.567E-18
4.920E+00  4.724E-26  6.166E-18
4.875E+00  4.518E-26  5.843E-18
4.831E+00  4.350E-26  5.574E-18
4.786E+00  4.208E-26  5.343E-18
4.742E+00  4.087E-26  5.141E-18
4.699E+00  3.981E-26  4.962E-18
4.656E+00  3.887E-26  4.801E-18
4.613E+00  3.804E-26  4.654E-18
4.571E+00  3.729E-26  4.521E-18
4.529E+00  3.661E-26  4.398E-18
4.487E+00  3.600E-26  4.285E-18
4.446E+00  3.544E-26  4.179E-18
4.406E+00  3.493E-26  4.081E-18
4.365E+00  3.446E-26  3.990E-18
4.325E+00  3.403E-26  3.905E-18
4.285E+00  3.364E-26  3.824E-18
4.246E+00  3.329E-26  3.749E-18
4.207E+00  3.296E-26  3.679E-18
4.169E+00  3.267E-26  3.613E-18
4.130E+00  3.241E-26  3.551E-18
4.093E+00  3.217E-26  3.493E-18
4.055E+00  3.197E-26  3.439E-18
4.018E+00  3.179E-26  3.389E-18
3.981E+00  3.166E-26  3.343E-18
3.945E+00  3.155E-26  3.302E-18
3.908E+00  3.149E-26  3.265E-18
3.873E+00  3.148E-26  3.233E-18
3.837E+00  3.152E-26  3.208E-18
3.802E+00  3.163E-26  3.190E-18
3.767E+00  3.182E-26  3.179E-18
3.733E+00  3.211E-26  3.179E-18
3.698E+00  3.254E-26  3.192E-18
3.664E+00  3.315E-26  3.222E-18
3.631E+00  3.401E-26  3.275E-18
3.597E+00  3.521E-26  3.360E-18
3.565E+00  3.695E-26  3.493E-18
3.532E+00  3.950E-26  3.700E-18
3.499E+00  4.339E-26  4.028E-18
3.467E+00  4.969E-26  4.570E-18
3.436E+00  6.072E-26  5.533E-18
3.404E+00  8.249E-26  7.448E-18
3.373E+00  1.345E-25  1.203E-17
3.342E+00  3.067E-25  2.719E-17
3.311E+00  1.161E-24  1.020E-16
3.281E+00  7.928E-25  6.899E-17
3.251E+00  2.263E-25  1.951E-17
3.221E+00  1.079E-25  9.221E-18
3.192E+00  6.876E-26  5.821E-18
3.162E+00  5.147E-26  4.317E-18
3.133E+00  4.237E-26  3.521E-18
3.105E+00  3.698E-26  3.046E-18
3.076E+00  3.352E-26  2.735E-18
3.048E+00  3.115E-26  2.519E-18
3.020E+00  2.944E-26  2.359E-18
2.992E+00  2.815E-26  2.235E-18
2.965E+00  2.715E-26  2.135E-18
2.938E+00  2.634E-26  2.053E-18
2.911E+00  2.568E-26  1.982E-18
2.884E+00  2.511E-26  1.921E-18
2.858E+00  2.463E-26  1.867E-18
2.831E+00  2.420E-26  1.817E-18
2.805E+00  2.382E-26  1.772E-18
2.780E+00  2.347E-26  1.730E-18
2.754E+00  2.315E-26  1.691E-18
2.729E+00  2.285E-26  1.654E-18
2.704E+00  2.257E-26  1.619E-18
2.679E+00  2.231E-26  1.586E-18
2.655E+00  2.206E-26  1.553E-18
2.630E+00  2.182E-26  1.522E-18
2.606E+00  2.158E-26  1.492E-18
2.582E+00  2.136E-26  1.463E-18
2.559E+00  2.113E-26  1.434E-18
2.535E+00  2.092E-26  1.407E-18
2.512E+00  2.070E-26  1.379E-18
2.489E+00  2.049E-26  1.353E-18
2.466E+00  2.028E-26  1.327E-18
2.443E+00  2.007E-26  1.301E-18
2.421E+00  1.986E-26  1.275E-18
2.399E+00  1.966E-26  1.251E-18
2.377E+00  1.945E-26  1.226E-18
2.355E+00  1.925E-26  1.203E-18
2.333E+00  1.905E-26  1.179E-18
2.312E+00  1.885E-26  1.156E-18
2.291E+00  1.865E-26  1.133E-18
2.270E+00  1.845E-26  1.111E-18
2.249E+00  1.824E-26  1.088E-18
2.228E+00  1.804E-26  1.066E-18
2.208E+00  1.783E-26  1.044E-18
2.188E+00  1.762E-26  1.022E-18
2.168E+00  1.740E-26  1.001E-18
2.148E+00  1.717E-26  9.785E-19
2.128E+00  1.694E-26  9.563E-19
2.109E+00  1.669E-26  9.337E-19
2.089E+00  1.643E-26  9.105E-19
2.070E+00  1.615E-26  8.867E-19
2.051E+00  1.584E-26  8.618E-19
2.032E+00  1.550E-26  8.355E-19
2.014E+00  1.512E-26  8.076E-19
1.995E+00  1.469E-26  7.776E-19
1.977E+00  1.422E-26  7.457E-19
1.959E+00  1.371E-26  7.126E-19
1.941E+00  1.323E-26  6.809E-19
1.923E+00  1.284E-26  6.551E-19
1.905E+00  1.265E-26  6.396E-19
1.888E+00  1.270E-26  6.359E-19
1.871E+00  1.290E-26  6.402E-19
1.854E+00  1.316E-26  6.469E-19
1.837E+00  1.338E-26  6.520E-19
1.820E+00  1.355E-26  6.540E-19
1.803E+00  1.365E-26  6.527E-19
1.786E+00  1.369E-26  6.488E-19
1.770E+00  1.369E-26  6.428E-19
1.754E+00  1.366E-26  6.355E-19
1.738E+00  1.360E-26  6.271E-19
1.722E+00  1.353E-26  6.181E-19
1.706E+00  1.345E-26  6.088E-19
1.690E+00  1.336E-26  5.991E-19
1.675E+00  1.327E-26  5.894E-19
1.660E+00  1.317E-26  5.798E-19
1.644E+00  1.307E-26  5.701E-19
1.629E+00  1.297E-26  5.607E-19
1.614E+00  1.288E-26  5.514E-19
1.600E+00  1.279E-26  5.425E-19
1.585E+00  1.270E-26  5.339E-19
1.570E+00  1.262E-26  5.257E-19
1.556E+00  1.255E-26  5.179E-19
1.542E+00  1.249E-26  5.106E-19
1.528E+00  1.244E-26  5.039E-19
1.514E+00  1.240E-26  4.979E-19
1.500E+00  1.238E-26  4.925E-19
1.486E+00  1.238E-26  4.880E-19
1.472E+00  1.240E-26  4.843E-19
1.459E+00  1.245E-26  4.817E-19
1.445E+00  1.253E-26  4.804E-19
1.432E+00  1.265E-26  4.805E-19
1.419E+00  1.281E-26  4.822E-19
1.406E+00  1.302E-26  4.858E-19
1.393E+00  1.330E-26  4.917E-19
1.380E+00  1.366E-26  5.003E-19
1.368E+00  1.411E-26  5.120E-19
1.355E+00  1.467E-26  5.273E-19
1.343E+00  1.535E-26  5.466E-19
1.330E+00  1.615E-26  5.700E-19
1.318E+00  1.707E-26  5.969E-19
1.306E+00  1.805E-26  6.252E-19
1.294E+00  1.896E-26  6.511E-19
1.282E+00  1.964E-26  6.680E-19
1.271E+00  1.983E-26  6.685E-19
1.259E+00  1.939E-26  6.476E-19
1.247E+00  1.833E-26  6.065E-19
1.236E+00  1.684E-26  5.522E-19
1.225E+00  1.522E-26  4.943E-19
1.213E+00  1.368E-26  4.402E-19
1.202E+00  1.235E-26  3.938E-19
1.191E+00  1.127E-26  3.561E-19
1.180E+00  1.043E-26  3.266E-19
1.169E+00  9.814E-27  3.044E-19
1.159E+00  9.392E-27  2.887E-19
1.148E+00  9.151E-27  2.787E-19
1.138E+00  9.091E-27  2.743E-19
1.127E+00  9.228E-27  2.759E-19
1.117E+00  9.602E-27  2.845E-19
1.107E+00  1.029E-26  3.020E-19
1.096E+00  1.141E-26  3.318E-19
1.086E+00  1.314E-26  3.787E-19
1.076E+00  1.566E-26  4.471E-19
1.067E+00  1.881E-26  5.323E-19
1.057E+00  2.134E-26  5.982E-19
1.047E+00  2.091E-26  5.808E-19
1.038E+00  1.733E-26  4.770E-19
1.028E+00  1.312E-26  3.576E-19
1.019E+00  9.845E-27  2.660E-19
1.009E+00  7.631E-27  2.043E-19
1.000E+00  6.163E-27  1.635E-19
