Dust emission from Draine & Li (2007): ApJ 657, 810-837
================================================================
         8 = grain model
 4.000E-08 4.000E-01 0.000E+00 = a_01 (cm) , sigma_1 , b_C1/0.92
 2.500E-07 4.000E-01 0.000E+00 = a_02 (cm) , sigma_2 , b_C2/0.92
 1.000E-01 1.000E+03 2.000E+00 = Umin , Umax, beta (dN/dU propto U^{-beta})
 9.211E-01 = <U> 
     mmp83 = radfield
 5.875E-25 = power/H (erg s-1)
 band   nu*P_nu(band) j_nu(band)
 (um)   (erg s-1 H-1)(Jy cm2 sr-1 H-1)
1.270E+00  1.258E-27  4.237E-20 COBE-DIRBE
2.220E+00  2.195E-27  1.293E-19 COBE-DIRBE
3.530E+00  2.439E-27  2.284E-19 COBE-DIRBE
4.880E+00  2.324E-27  3.009E-19 COBE-DIRBE
1.229E+01  2.209E-26  7.202E-18 COBE-DIRBE
2.079E+01  3.564E-26  1.966E-17 COBE-DIRBE
5.599E+01  2.438E-25  3.621E-16 COBE-DIRBE
9.770E+01  3.131E-25  8.113E-16 COBE-DIRBE
1.479E+02  2.743E-25  1.076E-15 COBE-DIRBE
2.479E+02  1.353E-25  8.894E-16 COBE-DIRBE
1.200E+01  2.251E-26  7.165E-18 IRAS
2.500E+01  4.281E-26  2.839E-17 IRAS
6.000E+01  2.542E-25  4.046E-16 IRAS
1.000E+02  3.131E-25  8.306E-16 IRAS
3.550E+00  2.443E-27  2.301E-19 SST-IRAC
4.493E+00  2.357E-27  2.809E-19 SST-IRAC
5.731E+00  2.402E-27  3.651E-19 SST-IRAC
7.872E+00  1.354E-26  2.827E-18 SST-IRAC
2.368E+01  4.002E-26  2.514E-17 SST-MIPS
7.142E+01  2.710E-25  5.135E-16 SST-MIPS
1.559E+02  2.530E-25  1.046E-15 SST-MIPS
1.600E+01  1.944E-26  8.250E-18 SST-IRSPU
2.200E+01  4.040E-26  2.357E-17 SST-IRSPU











lambda    nu*dP/dnu     j_nu
 (um)   (erg s-1 H-1)(Jy cm2 sr-1 H-1)
1.000E+04  1.337E-31  3.547E-20
9.908E+03  1.385E-31  3.641E-20
9.817E+03  1.435E-31  3.738E-20
9.727E+03  1.487E-31  3.837E-20
9.638E+03  1.541E-31  3.939E-20
9.550E+03  1.596E-31  4.044E-20
9.462E+03  1.654E-31  4.151E-20
9.376E+03  1.714E-31  4.262E-20
9.290E+03  1.775E-31  4.375E-20
9.204E+03  1.840E-31  4.491E-20
9.120E+03  1.906E-31  4.611E-20
9.036E+03  1.975E-31  4.733E-20
8.954E+03  2.046E-31  4.858E-20
8.872E+03  2.119E-31  4.986E-20
8.790E+03  2.195E-31  5.118E-20
8.710E+03  2.274E-31  5.253E-20
8.630E+03  2.355E-31  5.392E-20
8.551E+03  2.440E-31  5.534E-20
8.472E+03  2.528E-31  5.680E-20
8.395E+03  2.619E-31  5.831E-20
8.318E+03  2.713E-31  5.985E-20
8.241E+03  2.810E-31  6.144E-20
8.166E+03  2.912E-31  6.307E-20
8.091E+03  3.017E-31  6.474E-20
8.017E+03  3.125E-31  6.646E-20
7.943E+03  3.238E-31  6.823E-20
7.870E+03  3.355E-31  7.004E-20
7.798E+03  3.476E-31  7.191E-20
7.727E+03  3.602E-31  7.382E-20
7.656E+03  3.732E-31  7.579E-20
7.586E+03  3.867E-31  7.781E-20
7.516E+03  4.007E-31  7.989E-20
7.447E+03  4.152E-31  8.203E-20
7.379E+03  4.303E-31  8.422E-20
7.311E+03  4.459E-31  8.647E-20
7.244E+03  4.620E-31  8.879E-20
7.178E+03  4.788E-31  9.116E-20
7.112E+03  4.962E-31  9.361E-20
7.047E+03  5.142E-31  9.612E-20
6.982E+03  5.329E-31  9.870E-20
6.918E+03  5.522E-31  1.013E-19
6.855E+03  5.723E-31  1.041E-19
6.792E+03  5.931E-31  1.068E-19
6.730E+03  6.146E-31  1.097E-19
6.668E+03  6.370E-31  1.127E-19
6.607E+03  6.601E-31  1.157E-19
6.546E+03  6.842E-31  1.188E-19
6.486E+03  7.091E-31  1.220E-19
6.427E+03  7.350E-31  1.253E-19
6.368E+03  7.618E-31  1.287E-19
6.310E+03  7.896E-31  1.321E-19
6.252E+03  8.184E-31  1.357E-19
6.194E+03  8.483E-31  1.394E-19
6.138E+03  8.793E-31  1.432E-19
6.081E+03  9.115E-31  1.470E-19
6.026E+03  9.448E-31  1.510E-19
5.970E+03  9.794E-31  1.551E-19
5.916E+03  1.015E-30  1.593E-19
5.861E+03  1.052E-30  1.636E-19
5.808E+03  1.091E-30  1.681E-19
5.754E+03  1.131E-30  1.727E-19
5.702E+03  1.173E-30  1.774E-19
5.649E+03  1.216E-30  1.822E-19
5.598E+03  1.260E-30  1.871E-19
5.546E+03  1.307E-30  1.922E-19
5.495E+03  1.355E-30  1.975E-19
5.445E+03  1.405E-30  2.029E-19
5.395E+03  1.456E-30  2.084E-19
5.346E+03  1.510E-30  2.141E-19
5.297E+03  1.566E-30  2.200E-19
5.248E+03  1.623E-30  2.260E-19
5.200E+03  1.683E-30  2.322E-19
5.152E+03  1.745E-30  2.385E-19
5.105E+03  1.810E-30  2.451E-19
5.058E+03  1.877E-30  2.518E-19
5.012E+03  1.946E-30  2.587E-19
4.966E+03  2.018E-30  2.658E-19
4.920E+03  2.092E-30  2.731E-19
4.875E+03  2.170E-30  2.806E-19
4.831E+03  2.250E-30  2.883E-19
4.786E+03  2.333E-30  2.962E-19
4.742E+03  2.420E-30  3.044E-19
4.699E+03  2.509E-30  3.128E-19
4.656E+03  2.602E-30  3.214E-19
4.613E+03  2.699E-30  3.303E-19
4.571E+03  2.799E-30  3.394E-19
4.529E+03  2.903E-30  3.488E-19
4.487E+03  3.011E-30  3.584E-19
4.446E+03  3.123E-30  3.683E-19
4.406E+03  3.239E-30  3.785E-19
4.365E+03  3.360E-30  3.890E-19
4.325E+03  3.485E-30  3.998E-19
4.285E+03  3.615E-30  4.109E-19
4.246E+03  3.749E-30  4.223E-19
4.207E+03  3.889E-30  4.340E-19
4.169E+03  4.034E-30  4.461E-19
4.130E+03  4.185E-30  4.585E-19
4.093E+03  4.341E-30  4.712E-19
4.055E+03  4.503E-30  4.844E-19
4.018E+03  4.671E-30  4.979E-19
3.981E+03  4.846E-30  5.117E-19
3.945E+03  5.027E-30  5.260E-19
3.908E+03  5.215E-30  5.406E-19
3.873E+03  5.409E-30  5.557E-19
3.837E+03  5.612E-30  5.712E-19
3.802E+03  5.822E-30  5.871E-19
3.767E+03  6.040E-30  6.035E-19
3.733E+03  6.266E-30  6.204E-19
3.698E+03  6.501E-30  6.377E-19
3.664E+03  6.745E-30  6.556E-19
3.631E+03  6.998E-30  6.740E-19
3.597E+03  7.261E-30  6.929E-19
3.565E+03  7.534E-30  7.123E-19
3.532E+03  7.817E-30  7.323E-19
3.499E+03  8.111E-30  7.529E-19
3.467E+03  8.417E-30  7.741E-19
3.436E+03  8.734E-30  7.959E-19
3.404E+03  9.063E-30  8.183E-19
3.373E+03  9.404E-30  8.414E-19
3.342E+03  9.759E-30  8.651E-19
3.311E+03  1.013E-29  8.895E-19
3.281E+03  1.051E-29  9.147E-19
3.251E+03  1.091E-29  9.405E-19
3.221E+03  1.132E-29  9.671E-19
3.192E+03  1.175E-29  9.945E-19
3.162E+03  1.219E-29  1.023E-18
3.133E+03  1.265E-29  1.052E-18
3.105E+03  1.313E-29  1.081E-18
3.076E+03  1.363E-29  1.112E-18
3.048E+03  1.415E-29  1.144E-18
3.020E+03  1.468E-29  1.176E-18
2.992E+03  1.524E-29  1.210E-18
2.965E+03  1.581E-29  1.244E-18
2.938E+03  1.641E-29  1.279E-18
2.911E+03  1.703E-29  1.315E-18
2.884E+03  1.768E-29  1.352E-18
2.858E+03  1.835E-29  1.391E-18
2.831E+03  1.904E-29  1.430E-18
2.805E+03  1.977E-29  1.471E-18
2.780E+03  2.052E-29  1.513E-18
2.754E+03  2.129E-29  1.556E-18
2.729E+03  2.210E-29  1.600E-18
2.704E+03  2.294E-29  1.646E-18
2.679E+03  2.381E-29  1.692E-18
2.655E+03  2.472E-29  1.741E-18
2.630E+03  2.566E-29  1.790E-18
2.606E+03  2.664E-29  1.841E-18
2.582E+03  2.765E-29  1.894E-18
2.559E+03  2.870E-29  1.948E-18
2.535E+03  2.980E-29  2.004E-18
2.512E+03  3.093E-29  2.061E-18
2.489E+03  3.211E-29  2.120E-18
2.466E+03  3.333E-29  2.181E-18
2.443E+03  3.461E-29  2.243E-18
2.421E+03  3.593E-29  2.307E-18
2.399E+03  3.730E-29  2.373E-18
2.377E+03  3.872E-29  2.441E-18
2.355E+03  4.020E-29  2.511E-18
2.333E+03  4.173E-29  2.583E-18
2.312E+03  4.333E-29  2.657E-18
2.291E+03  4.498E-29  2.734E-18
2.270E+03  4.670E-29  2.812E-18
2.249E+03  4.849E-29  2.893E-18
2.228E+03  5.034E-29  2.976E-18
2.208E+03  5.227E-29  3.061E-18
2.188E+03  5.427E-29  3.149E-18
2.168E+03  5.634E-29  3.240E-18
2.148E+03  5.850E-29  3.333E-18
2.128E+03  6.073E-29  3.428E-18
2.109E+03  6.306E-29  3.527E-18
2.089E+03  6.547E-29  3.628E-18
2.070E+03  6.798E-29  3.733E-18
2.051E+03  7.058E-29  3.840E-18
2.032E+03  7.328E-29  3.950E-18
2.014E+03  7.608E-29  4.064E-18
1.995E+03  7.899E-29  4.181E-18
1.977E+03  8.201E-29  4.301E-18
1.959E+03  8.514E-29  4.424E-18
1.941E+03  8.840E-29  4.551E-18
1.923E+03  9.178E-29  4.682E-18
1.905E+03  9.529E-29  4.816E-18
1.888E+03  9.893E-29  4.955E-18
1.871E+03  1.027E-28  5.097E-18
1.854E+03  1.066E-28  5.243E-18
1.837E+03  1.107E-28  5.394E-18
1.820E+03  1.149E-28  5.548E-18
1.803E+03  1.193E-28  5.708E-18
1.786E+03  1.239E-28  5.871E-18
1.770E+03  1.286E-28  6.040E-18
1.754E+03  1.335E-28  6.213E-18
1.738E+03  1.387E-28  6.391E-18
1.722E+03  1.439E-28  6.575E-18
1.706E+03  1.494E-28  6.763E-18
1.690E+03  1.551E-28  6.957E-18
1.675E+03  1.611E-28  7.156E-18
1.660E+03  1.672E-28  7.361E-18
1.644E+03  1.736E-28  7.571E-18
1.629E+03  1.802E-28  7.788E-18
1.614E+03  1.871E-28  8.011E-18
1.600E+03  1.942E-28  8.240E-18
1.585E+03  2.016E-28  8.475E-18
1.570E+03  2.093E-28  8.717E-18
1.556E+03  2.172E-28  8.965E-18
1.542E+03  2.255E-28  9.221E-18
1.528E+03  2.340E-28  9.484E-18
1.514E+03  2.429E-28  9.754E-18
1.500E+03  2.522E-28  1.003E-17
1.486E+03  2.617E-28  1.032E-17
1.472E+03  2.717E-28  1.061E-17
1.459E+03  2.820E-28  1.091E-17
1.445E+03  2.927E-28  1.122E-17
1.432E+03  3.038E-28  1.154E-17
1.419E+03  3.153E-28  1.187E-17
1.406E+03  3.273E-28  1.221E-17
1.393E+03  3.396E-28  1.255E-17
1.380E+03  3.525E-28  1.291E-17
1.368E+03  3.658E-28  1.327E-17
1.355E+03  3.796E-28  1.365E-17
1.343E+03  3.940E-28  1.403E-17
1.330E+03  4.089E-28  1.443E-17
1.318E+03  4.243E-28  1.484E-17
1.306E+03  4.403E-28  1.525E-17
1.294E+03  4.568E-28  1.568E-17
1.282E+03  4.740E-28  1.612E-17
1.271E+03  4.918E-28  1.658E-17
1.259E+03  5.103E-28  1.704E-17
1.247E+03  5.295E-28  1.752E-17
1.236E+03  5.493E-28  1.801E-17
1.225E+03  5.699E-28  1.851E-17
1.213E+03  5.912E-28  1.903E-17
1.202E+03  6.133E-28  1.956E-17
1.191E+03  6.363E-28  2.010E-17
1.180E+03  6.600E-28  2.066E-17
1.169E+03  6.846E-28  2.124E-17
1.159E+03  7.101E-28  2.183E-17
1.148E+03  7.365E-28  2.243E-17
1.138E+03  7.639E-28  2.305E-17
1.127E+03  7.923E-28  2.369E-17
1.117E+03  8.217E-28  2.434E-17
1.107E+03  8.521E-28  2.501E-17
1.096E+03  8.836E-28  2.570E-17
1.086E+03  9.163E-28  2.641E-17
1.076E+03  9.501E-28  2.713E-17
1.067E+03  9.851E-28  2.787E-17
1.057E+03  1.021E-27  2.863E-17
1.047E+03  1.059E-27  2.941E-17
1.038E+03  1.098E-27  3.021E-17
1.028E+03  1.138E-27  3.103E-17
1.019E+03  1.180E-27  3.187E-17
1.009E+03  1.223E-27  3.274E-17
1.000E+03  1.267E-27  3.362E-17
9.908E+02  1.314E-27  3.453E-17
9.817E+02  1.362E-27  3.546E-17
9.727E+02  1.411E-27  3.641E-17
9.638E+02  1.463E-27  3.739E-17
9.550E+02  1.516E-27  3.840E-17
9.462E+02  1.571E-27  3.942E-17
9.376E+02  1.628E-27  4.048E-17
9.290E+02  1.686E-27  4.156E-17
9.204E+02  1.747E-27  4.266E-17
9.120E+02  1.810E-27  4.379E-17
9.036E+02  1.875E-27  4.495E-17
8.954E+02  1.943E-27  4.614E-17
8.872E+02  2.012E-27  4.735E-17
8.790E+02  2.084E-27  4.859E-17
8.710E+02  2.158E-27  4.986E-17
8.630E+02  2.235E-27  5.117E-17
8.551E+02  2.315E-27  5.250E-17
8.472E+02  2.397E-27  5.386E-17
8.395E+02  2.481E-27  5.525E-17
8.318E+02  2.569E-27  5.668E-17
8.241E+02  2.659E-27  5.814E-17
8.166E+02  2.753E-27  5.963E-17
8.091E+02  2.849E-27  6.115E-17
8.017E+02  2.949E-27  6.271E-17
7.943E+02  3.052E-27  6.430E-17
7.870E+02  3.158E-27  6.593E-17
7.798E+02  3.268E-27  6.760E-17
7.727E+02  3.381E-27  6.930E-17
7.656E+02  3.498E-27  7.104E-17
7.586E+02  3.619E-27  7.282E-17
7.516E+02  3.744E-27  7.464E-17
7.447E+02  3.873E-27  7.650E-17
7.379E+02  4.006E-27  7.841E-17
7.311E+02  4.144E-27  8.037E-17
7.244E+02  4.286E-27  8.237E-17
7.178E+02  4.433E-27  8.441E-17
7.112E+02  4.585E-27  8.650E-17
7.047E+02  4.742E-27  8.863E-17
6.982E+02  4.903E-27  9.081E-17
6.918E+02  5.070E-27  9.304E-17
6.855E+02  5.242E-27  9.532E-17
6.792E+02  5.420E-27  9.765E-17
6.730E+02  5.603E-27  1.000E-16
6.668E+02  5.792E-27  1.024E-16
6.607E+02  5.987E-27  1.049E-16
6.546E+02  6.188E-27  1.075E-16
6.486E+02  6.397E-27  1.101E-16
6.427E+02  6.613E-27  1.127E-16
6.368E+02  6.835E-27  1.155E-16
6.310E+02  7.065E-27  1.182E-16
6.252E+02  7.302E-27  1.211E-16
6.194E+02  7.546E-27  1.240E-16
6.138E+02  7.798E-27  1.269E-16
6.081E+02  8.057E-27  1.300E-16
6.026E+02  8.326E-27  1.331E-16
5.970E+02  8.603E-27  1.362E-16
5.916E+02  8.889E-27  1.395E-16
5.861E+02  9.183E-27  1.428E-16
5.808E+02  9.487E-27  1.462E-16
5.754E+02  9.800E-27  1.496E-16
5.702E+02  1.012E-26  1.531E-16
5.649E+02  1.046E-26  1.567E-16
5.598E+02  1.080E-26  1.604E-16
5.546E+02  1.115E-26  1.641E-16
5.495E+02  1.152E-26  1.679E-16
5.445E+02  1.190E-26  1.718E-16
5.395E+02  1.228E-26  1.758E-16
5.346E+02  1.268E-26  1.798E-16
5.297E+02  1.309E-26  1.839E-16
5.248E+02  1.352E-26  1.882E-16
5.200E+02  1.395E-26  1.925E-16
5.152E+02  1.441E-26  1.969E-16
5.105E+02  1.487E-26  2.014E-16
5.058E+02  1.535E-26  2.059E-16
5.012E+02  1.584E-26  2.106E-16
4.966E+02  1.634E-26  2.153E-16
4.920E+02  1.687E-26  2.201E-16
4.875E+02  1.740E-26  2.250E-16
4.831E+02  1.795E-26  2.301E-16
4.786E+02  1.852E-26  2.352E-16
4.742E+02  1.911E-26  2.404E-16
4.699E+02  1.971E-26  2.456E-16
4.656E+02  2.033E-26  2.510E-16
4.613E+02  2.096E-26  2.565E-16
4.571E+02  2.162E-26  2.621E-16
4.529E+02  2.229E-26  2.678E-16
4.487E+02  2.298E-26  2.736E-16
4.446E+02  2.370E-26  2.795E-16
4.406E+02  2.443E-26  2.855E-16
4.365E+02  2.518E-26  2.915E-16
4.325E+02  2.595E-26  2.977E-16
4.285E+02  2.674E-26  3.040E-16
4.246E+02  2.756E-26  3.104E-16
4.207E+02  2.840E-26  3.169E-16
4.169E+02  2.926E-26  3.235E-16
4.130E+02  3.014E-26  3.302E-16
4.093E+02  3.105E-26  3.370E-16
4.055E+02  3.198E-26  3.440E-16
4.018E+02  3.294E-26  3.510E-16
3.981E+02  3.392E-26  3.582E-16
3.945E+02  3.493E-26  3.655E-16
3.908E+02  3.596E-26  3.728E-16
3.873E+02  3.703E-26  3.804E-16
3.837E+02  3.812E-26  3.880E-16
3.802E+02  3.924E-26  3.957E-16
3.767E+02  4.038E-26  4.035E-16
3.733E+02  4.155E-26  4.114E-16
3.698E+02  4.276E-26  4.195E-16
3.664E+02  4.399E-26  4.276E-16
3.631E+02  4.526E-26  4.359E-16
3.597E+02  4.655E-26  4.442E-16
3.565E+02  4.788E-26  4.527E-16
3.532E+02  4.924E-26  4.613E-16
3.499E+02  5.063E-26  4.700E-16
3.467E+02  5.206E-26  4.788E-16
3.436E+02  5.352E-26  4.877E-16
3.404E+02  5.501E-26  4.967E-16
3.373E+02  5.654E-26  5.058E-16
3.342E+02  5.810E-26  5.151E-16
3.311E+02  5.970E-26  5.244E-16
3.281E+02  6.133E-26  5.338E-16
3.251E+02  6.300E-26  5.433E-16
3.221E+02  6.471E-26  5.529E-16
3.192E+02  6.645E-26  5.626E-16
3.162E+02  6.823E-26  5.724E-16
3.133E+02  7.004E-26  5.822E-16
3.105E+02  7.190E-26  5.921E-16
3.076E+02  7.380E-26  6.022E-16
3.048E+02  7.574E-26  6.123E-16
3.020E+02  7.771E-26  6.225E-16
2.992E+02  7.973E-26  6.328E-16
2.965E+02  8.178E-26  6.432E-16
2.938E+02  8.388E-26  6.536E-16
2.911E+02  8.602E-26  6.641E-16
2.884E+02  8.819E-26  6.747E-16
2.858E+02  9.041E-26  6.853E-16
2.831E+02  9.267E-26  6.960E-16
2.805E+02  9.497E-26  7.067E-16
2.780E+02  9.731E-26  7.175E-16
2.754E+02  9.970E-26  7.284E-16
2.729E+02  1.021E-25  7.393E-16
2.704E+02  1.046E-25  7.504E-16
2.679E+02  1.072E-25  7.616E-16
2.655E+02  1.097E-25  7.728E-16
2.630E+02  1.124E-25  7.840E-16
2.606E+02  1.150E-25  7.953E-16
2.582E+02  1.178E-25  8.066E-16
2.559E+02  1.205E-25  8.177E-16
2.535E+02  1.232E-25  8.288E-16
2.512E+02  1.260E-25  8.397E-16
2.489E+02  1.287E-25  8.500E-16
2.466E+02  1.314E-25  8.596E-16
2.443E+02  1.341E-25  8.690E-16
2.421E+02  1.367E-25  8.781E-16
2.399E+02  1.394E-25  8.869E-16
2.377E+02  1.420E-25  8.950E-16
2.355E+02  1.445E-25  9.030E-16
2.333E+02  1.472E-25  9.109E-16
2.312E+02  1.498E-25  9.186E-16
2.291E+02  1.524E-25  9.262E-16
2.270E+02  1.551E-25  9.337E-16
2.249E+02  1.577E-25  9.410E-16
2.228E+02  1.604E-25  9.482E-16
2.208E+02  1.631E-25  9.553E-16
2.188E+02  1.658E-25  9.622E-16
2.168E+02  1.685E-25  9.689E-16
2.148E+02  1.712E-25  9.755E-16
2.128E+02  1.739E-25  9.819E-16
2.109E+02  1.767E-25  9.881E-16
2.089E+02  1.794E-25  9.941E-16
2.070E+02  1.821E-25  1.000E-15
2.051E+02  1.848E-25  1.006E-15
2.032E+02  1.875E-25  1.011E-15
2.014E+02  1.902E-25  1.016E-15
1.995E+02  1.930E-25  1.021E-15
1.977E+02  1.957E-25  1.026E-15
1.959E+02  1.984E-25  1.031E-15
1.941E+02  2.011E-25  1.035E-15
1.923E+02  2.037E-25  1.039E-15
1.905E+02  2.064E-25  1.043E-15
1.888E+02  2.091E-25  1.047E-15
1.871E+02  2.118E-25  1.051E-15
1.854E+02  2.144E-25  1.054E-15
1.837E+02  2.171E-25  1.057E-15
1.820E+02  2.197E-25  1.060E-15
1.803E+02  2.223E-25  1.063E-15
1.786E+02  2.249E-25  1.066E-15
1.770E+02  2.275E-25  1.068E-15
1.754E+02  2.301E-25  1.070E-15
1.738E+02  2.326E-25  1.072E-15
1.722E+02  2.352E-25  1.074E-15
1.706E+02  2.377E-25  1.076E-15
1.690E+02  2.403E-25  1.077E-15
1.675E+02  2.428E-25  1.079E-15
1.660E+02  2.454E-25  1.080E-15
1.644E+02  2.479E-25  1.081E-15
1.629E+02  2.504E-25  1.082E-15
1.614E+02  2.530E-25  1.083E-15
1.600E+02  2.555E-25  1.084E-15
1.585E+02  2.581E-25  1.085E-15
1.570E+02  2.607E-25  1.086E-15
1.556E+02  2.634E-25  1.087E-15
1.542E+02  2.661E-25  1.088E-15
1.528E+02  2.688E-25  1.089E-15
1.514E+02  2.717E-25  1.091E-15
1.500E+02  2.746E-25  1.092E-15
1.486E+02  2.776E-25  1.094E-15
1.472E+02  2.806E-25  1.096E-15
1.459E+02  2.838E-25  1.098E-15
1.445E+02  2.869E-25  1.100E-15
1.432E+02  2.899E-25  1.101E-15
1.419E+02  2.927E-25  1.102E-15
1.406E+02  2.951E-25  1.101E-15
1.393E+02  2.971E-25  1.098E-15
1.380E+02  2.986E-25  1.093E-15
1.368E+02  2.996E-25  1.087E-15
1.355E+02  3.003E-25  1.079E-15
1.343E+02  3.006E-25  1.071E-15
1.330E+02  3.009E-25  1.062E-15
1.318E+02  3.010E-25  1.053E-15
1.306E+02  3.012E-25  1.044E-15
1.294E+02  3.015E-25  1.035E-15
1.282E+02  3.018E-25  1.027E-15
1.271E+02  3.022E-25  1.018E-15
1.259E+02  3.027E-25  1.011E-15
1.247E+02  3.032E-25  1.003E-15
1.236E+02  3.037E-25  9.957E-16
1.225E+02  3.043E-25  9.886E-16
1.213E+02  3.050E-25  9.816E-16
1.202E+02  3.056E-25  9.747E-16
1.191E+02  3.063E-25  9.678E-16
1.180E+02  3.069E-25  9.610E-16
1.169E+02  3.076E-25  9.541E-16
1.159E+02  3.082E-25  9.473E-16
1.148E+02  3.088E-25  9.405E-16
1.138E+02  3.094E-25  9.336E-16
1.127E+02  3.100E-25  9.268E-16
1.117E+02  3.106E-25  9.201E-16
1.107E+02  3.112E-25  9.134E-16
1.096E+02  3.117E-25  9.067E-16
1.086E+02  3.123E-25  9.000E-16
1.076E+02  3.128E-25  8.933E-16
1.067E+02  3.134E-25  8.865E-16
1.057E+02  3.138E-25  8.798E-16
1.047E+02  3.143E-25  8.730E-16
1.038E+02  3.148E-25  8.663E-16
1.028E+02  3.152E-25  8.594E-16
1.019E+02  3.155E-25  8.525E-16
1.009E+02  3.158E-25  8.455E-16
1.000E+02  3.161E-25  8.385E-16
9.908E+01  3.164E-25  8.315E-16
9.817E+01  3.166E-25  8.244E-16
9.727E+01  3.167E-25  8.172E-16
9.638E+01  3.168E-25  8.100E-16
9.550E+01  3.169E-25  8.028E-16
9.462E+01  3.170E-25  7.956E-16
9.376E+01  3.170E-25  7.884E-16
9.290E+01  3.170E-25  7.811E-16
9.204E+01  3.169E-25  7.738E-16
9.120E+01  3.168E-25  7.665E-16
9.036E+01  3.167E-25  7.592E-16
8.954E+01  3.165E-25  7.518E-16
8.872E+01  3.163E-25  7.444E-16
8.790E+01  3.161E-25  7.371E-16
8.710E+01  3.159E-25  7.298E-16
8.630E+01  3.156E-25  7.225E-16
8.551E+01  3.153E-25  7.151E-16
8.472E+01  3.149E-25  7.077E-16
8.395E+01  3.145E-25  7.003E-16
8.318E+01  3.140E-25  6.929E-16
8.241E+01  3.135E-25  6.854E-16
8.166E+01  3.130E-25  6.780E-16
8.091E+01  3.125E-25  6.706E-16
8.017E+01  3.119E-25  6.632E-16
7.943E+01  3.112E-25  6.557E-16
7.870E+01  3.105E-25  6.482E-16
7.798E+01  3.097E-25  6.407E-16
7.727E+01  3.089E-25  6.332E-16
7.656E+01  3.081E-25  6.257E-16
7.586E+01  3.073E-25  6.183E-16
7.516E+01  3.063E-25  6.108E-16
7.447E+01  3.054E-25  6.033E-16
7.379E+01  3.043E-25  5.957E-16
7.311E+01  3.033E-25  5.881E-16
7.244E+01  3.021E-25  5.806E-16
7.178E+01  3.009E-25  5.730E-16
7.112E+01  2.997E-25  5.654E-16
7.047E+01  2.984E-25  5.579E-16
6.982E+01  2.972E-25  5.505E-16
6.918E+01  2.959E-25  5.430E-16
6.855E+01  2.945E-25  5.355E-16
6.792E+01  2.930E-25  5.279E-16
6.730E+01  2.915E-25  5.204E-16
6.668E+01  2.900E-25  5.129E-16
6.607E+01  2.884E-25  5.054E-16
6.546E+01  2.868E-25  4.980E-16
6.486E+01  2.851E-25  4.905E-16
6.427E+01  2.834E-25  4.831E-16
6.368E+01  2.816E-25  4.756E-16
6.310E+01  2.798E-25  4.683E-16
6.252E+01  2.780E-25  4.609E-16
6.194E+01  2.761E-25  4.536E-16
6.138E+01  2.741E-25  4.463E-16
6.081E+01  2.722E-25  4.391E-16
6.026E+01  2.702E-25  4.318E-16
5.970E+01  2.681E-25  4.246E-16
5.916E+01  2.660E-25  4.173E-16
5.861E+01  2.638E-25  4.101E-16
5.808E+01  2.615E-25  4.029E-16
5.754E+01  2.593E-25  3.958E-16
5.702E+01  2.570E-25  3.886E-16
5.649E+01  2.546E-25  3.816E-16
5.598E+01  2.523E-25  3.746E-16
5.546E+01  2.499E-25  3.676E-16
5.495E+01  2.474E-25  3.607E-16
5.445E+01  2.450E-25  3.538E-16
5.395E+01  2.425E-25  3.470E-16
5.346E+01  2.400E-25  3.403E-16
5.297E+01  2.374E-25  3.336E-16
5.248E+01  2.348E-25  3.269E-16
5.200E+01  2.322E-25  3.203E-16
5.152E+01  2.296E-25  3.138E-16
5.105E+01  2.269E-25  3.073E-16
5.058E+01  2.242E-25  3.008E-16
5.012E+01  2.215E-25  2.944E-16
4.966E+01  2.187E-25  2.881E-16
4.920E+01  2.159E-25  2.818E-16
4.875E+01  2.131E-25  2.755E-16
4.831E+01  2.102E-25  2.694E-16
4.786E+01  2.074E-25  2.633E-16
4.742E+01  2.046E-25  2.573E-16
4.699E+01  2.017E-25  2.514E-16
4.656E+01  1.988E-25  2.456E-16
4.613E+01  1.960E-25  2.398E-16
4.571E+01  1.931E-25  2.341E-16
4.529E+01  1.902E-25  2.285E-16
4.487E+01  1.874E-25  2.230E-16
4.446E+01  1.845E-25  2.176E-16
4.406E+01  1.816E-25  2.123E-16
4.365E+01  1.788E-25  2.070E-16
4.325E+01  1.759E-25  2.018E-16
4.285E+01  1.730E-25  1.967E-16
4.246E+01  1.701E-25  1.916E-16
4.207E+01  1.673E-25  1.867E-16
4.169E+01  1.644E-25  1.818E-16
4.130E+01  1.615E-25  1.770E-16
4.093E+01  1.586E-25  1.722E-16
4.055E+01  1.557E-25  1.675E-16
4.018E+01  1.529E-25  1.629E-16
3.981E+01  1.500E-25  1.584E-16
3.945E+01  1.471E-25  1.539E-16
3.908E+01  1.442E-25  1.495E-16
3.873E+01  1.413E-25  1.452E-16
3.837E+01  1.385E-25  1.409E-16
3.802E+01  1.356E-25  1.367E-16
3.767E+01  1.327E-25  1.326E-16
3.733E+01  1.298E-25  1.285E-16
3.698E+01  1.269E-25  1.245E-16
3.664E+01  1.240E-25  1.205E-16
3.631E+01  1.211E-25  1.167E-16
3.597E+01  1.183E-25  1.129E-16
3.565E+01  1.155E-25  1.092E-16
3.532E+01  1.127E-25  1.056E-16
3.499E+01  1.099E-25  1.020E-16
3.467E+01  1.072E-25  9.856E-17
3.436E+01  1.044E-25  9.519E-17
3.404E+01  1.018E-25  9.189E-17
3.373E+01  9.912E-26  8.868E-17
3.342E+01  9.653E-26  8.557E-17
3.311E+01  9.401E-26  8.257E-17
3.281E+01  9.152E-26  7.965E-17
3.251E+01  8.909E-26  7.682E-17
3.221E+01  8.670E-26  7.408E-17
3.192E+01  8.437E-26  7.142E-17
3.162E+01  8.208E-26  6.885E-17
3.133E+01  7.986E-26  6.637E-17
3.105E+01  7.769E-26  6.398E-17
3.076E+01  7.558E-26  6.167E-17
3.048E+01  7.354E-26  5.946E-17
3.020E+01  7.157E-26  5.733E-17
2.992E+01  6.965E-26  5.528E-17
2.965E+01  6.778E-26  5.330E-17
2.938E+01  6.597E-26  5.141E-17
2.911E+01  6.424E-26  4.960E-17
2.884E+01  6.256E-26  4.786E-17
2.858E+01  6.096E-26  4.621E-17
2.831E+01  5.942E-26  4.463E-17
2.805E+01  5.795E-26  4.312E-17
2.780E+01  5.654E-26  4.169E-17
2.754E+01  5.519E-26  4.032E-17
2.729E+01  5.391E-26  3.902E-17
2.704E+01  5.268E-26  3.779E-17
2.679E+01  5.152E-26  3.661E-17
2.655E+01  5.041E-26  3.550E-17
2.630E+01  4.935E-26  3.443E-17
2.606E+01  4.835E-26  3.343E-17
2.582E+01  4.740E-26  3.247E-17
2.559E+01  4.650E-26  3.156E-17
2.535E+01  4.564E-26  3.069E-17
2.512E+01  4.483E-26  2.987E-17
2.489E+01  4.406E-26  2.909E-17
2.466E+01  4.332E-26  2.834E-17
2.443E+01  4.262E-26  2.762E-17
2.421E+01  4.194E-26  2.693E-17
2.399E+01  4.128E-26  2.626E-17
2.377E+01  4.066E-26  2.564E-17
2.355E+01  4.013E-26  2.507E-17
2.333E+01  3.961E-26  2.452E-17
2.312E+01  3.906E-26  2.396E-17
2.291E+01  3.856E-26  2.343E-17
2.270E+01  3.816E-26  2.298E-17
2.249E+01  3.783E-26  2.257E-17
2.228E+01  3.755E-26  2.219E-17
2.208E+01  3.727E-26  2.183E-17
2.188E+01  3.694E-26  2.144E-17
2.168E+01  3.661E-26  2.105E-17
2.148E+01  3.630E-26  2.068E-17
2.128E+01  3.605E-26  2.035E-17
2.109E+01  3.587E-26  2.006E-17
2.089E+01  3.568E-26  1.977E-17
2.070E+01  3.548E-26  1.948E-17
2.051E+01  3.528E-26  1.920E-17
2.032E+01  3.514E-26  1.894E-17
2.014E+01  3.514E-26  1.877E-17
1.995E+01  3.514E-26  1.860E-17
1.977E+01  3.511E-26  1.841E-17
1.959E+01  3.504E-26  1.821E-17
1.941E+01  3.491E-26  1.797E-17
1.923E+01  3.471E-26  1.771E-17
1.905E+01  3.445E-26  1.741E-17
1.888E+01  3.411E-26  1.708E-17
1.871E+01  3.370E-26  1.672E-17
1.854E+01  3.321E-26  1.633E-17
1.837E+01  3.264E-26  1.590E-17
1.820E+01  3.201E-26  1.545E-17
1.803E+01  3.132E-26  1.498E-17
1.786E+01  3.058E-26  1.449E-17
1.770E+01  2.978E-26  1.399E-17
1.754E+01  2.892E-26  1.345E-17
1.738E+01  2.802E-26  1.292E-17
1.722E+01  2.709E-26  1.237E-17
1.706E+01  2.618E-26  1.185E-17
1.690E+01  2.526E-26  1.133E-17
1.675E+01  2.433E-26  1.081E-17
1.660E+01  2.339E-26  1.030E-17
1.644E+01  2.245E-26  9.792E-18
1.629E+01  2.153E-26  9.303E-18
1.614E+01  2.064E-26  8.838E-18
1.600E+01  1.978E-26  8.394E-18
1.585E+01  1.896E-26  7.969E-18
1.570E+01  1.816E-26  7.566E-18
1.556E+01  1.740E-26  7.183E-18
1.542E+01  1.668E-26  6.823E-18
1.528E+01  1.600E-26  6.485E-18
1.514E+01  1.536E-26  6.168E-18
1.500E+01  1.477E-26  5.877E-18
1.486E+01  1.421E-26  5.599E-18
1.472E+01  1.367E-26  5.337E-18
1.459E+01  1.316E-26  5.093E-18
1.445E+01  1.274E-26  4.884E-18
1.432E+01  1.239E-26  4.709E-18
1.419E+01  1.215E-26  4.575E-18
1.406E+01  1.202E-26  4.484E-18
1.393E+01  1.202E-26  4.442E-18
1.380E+01  1.213E-26  4.441E-18
1.368E+01  1.236E-26  4.484E-18
1.355E+01  1.266E-26  4.553E-18
1.343E+01  1.303E-26  4.641E-18
1.330E+01  1.342E-26  4.735E-18
1.318E+01  1.383E-26  4.838E-18
1.306E+01  1.425E-26  4.939E-18
1.294E+01  1.471E-26  5.049E-18
1.282E+01  1.522E-26  5.179E-18
1.271E+01  1.578E-26  5.318E-18
1.259E+01  1.636E-26  5.463E-18
1.247E+01  1.694E-26  5.607E-18
1.236E+01  1.754E-26  5.750E-18
1.225E+01  1.811E-26  5.883E-18
1.213E+01  1.875E-26  6.033E-18
1.202E+01  1.946E-26  6.207E-18
1.191E+01  2.020E-26  6.383E-18
1.180E+01  2.095E-26  6.559E-18
1.169E+01  2.169E-26  6.730E-18
1.159E+01  2.237E-26  6.876E-18
1.148E+01  2.305E-26  7.020E-18
1.138E+01  2.380E-26  7.183E-18
1.127E+01  2.460E-26  7.357E-18
1.117E+01  2.547E-26  7.546E-18
1.107E+01  2.637E-26  7.741E-18
1.096E+01  2.725E-26  7.926E-18
1.086E+01  2.819E-26  8.124E-18
1.076E+01  2.926E-26  8.354E-18
1.067E+01  3.045E-26  8.615E-18
1.057E+01  3.177E-26  8.905E-18
1.047E+01  3.305E-26  9.180E-18
1.038E+01  3.415E-26  9.397E-18
1.028E+01  3.499E-26  9.540E-18
1.019E+01  3.560E-26  9.618E-18
1.009E+01  3.610E-26  9.665E-18
1.000E+01  3.660E-26  9.709E-18
9.908E+00  3.719E-26  9.774E-18
9.817E+00  3.783E-26  9.852E-18
9.727E+00  3.850E-26  9.935E-18
9.638E+00  3.915E-26  1.001E-17
9.550E+00  3.954E-26  1.002E-17
9.462E+00  3.954E-26  9.924E-18
9.376E+00  3.904E-26  9.710E-18
9.290E+00  3.799E-26  9.361E-18
9.204E+00  3.639E-26  8.885E-18
9.120E+00  3.436E-26  8.312E-18
9.036E+00  3.205E-26  7.681E-18
8.954E+00  2.965E-26  7.041E-18
8.872E+00  2.734E-26  6.433E-18
8.790E+00  2.521E-26  5.879E-18
8.710E+00  2.333E-26  5.390E-18
8.630E+00  2.169E-26  4.965E-18
8.551E+00  2.026E-26  4.595E-18
8.472E+00  1.890E-26  4.248E-18
8.395E+00  1.750E-26  3.897E-18
8.318E+00  1.596E-26  3.521E-18
8.241E+00  1.427E-26  3.119E-18
8.166E+00  1.249E-26  2.705E-18
8.091E+00  1.085E-26  2.329E-18
8.017E+00  9.368E-27  1.992E-18
7.943E+00  8.066E-27  1.700E-18
7.870E+00  6.934E-27  1.448E-18
7.798E+00  5.962E-27  1.233E-18
7.727E+00  5.157E-27  1.057E-18
7.656E+00  4.500E-27  9.139E-19
7.586E+00  3.971E-27  7.991E-19
7.516E+00  3.570E-27  7.118E-19
7.447E+00  3.280E-27  6.479E-19
7.379E+00  3.064E-27  5.996E-19
7.311E+00  2.921E-27  5.665E-19
7.244E+00  2.819E-27  5.416E-19
7.178E+00  2.741E-27  5.219E-19
7.112E+00  2.697E-27  5.087E-19
7.047E+00  2.671E-27  4.993E-19
6.982E+00  2.649E-27  4.907E-19
6.918E+00  2.636E-27  4.838E-19
6.855E+00  2.626E-27  4.775E-19
6.792E+00  2.618E-27  4.716E-19
6.730E+00  2.610E-27  4.660E-19
6.668E+00  2.603E-27  4.605E-19
6.607E+00  2.595E-27  4.548E-19
6.546E+00  2.587E-27  4.491E-19
6.486E+00  2.577E-27  4.435E-19
6.427E+00  2.567E-27  4.377E-19
6.368E+00  2.556E-27  4.318E-19
6.310E+00  2.544E-27  4.258E-19
6.252E+00  2.531E-27  4.197E-19
6.194E+00  2.516E-27  4.134E-19
6.138E+00  2.499E-27  4.068E-19
6.081E+00  2.481E-27  4.003E-19
6.026E+00  2.465E-27  3.939E-19
5.970E+00  2.449E-27  3.878E-19
5.916E+00  2.433E-27  3.818E-19
5.861E+00  2.419E-27  3.761E-19
5.808E+00  2.406E-27  3.706E-19
5.754E+00  2.393E-27  3.653E-19
5.702E+00  2.382E-27  3.602E-19
5.649E+00  2.371E-27  3.553E-19
5.598E+00  2.361E-27  3.506E-19
5.546E+00  2.353E-27  3.461E-19
5.495E+00  2.345E-27  3.418E-19
5.445E+00  2.339E-27  3.378E-19
5.395E+00  2.333E-27  3.339E-19
5.346E+00  2.328E-27  3.301E-19
5.297E+00  2.324E-27  3.265E-19
5.248E+00  2.320E-27  3.230E-19
5.200E+00  2.318E-27  3.197E-19
5.152E+00  2.316E-27  3.165E-19
5.105E+00  2.315E-27  3.134E-19
5.058E+00  2.314E-27  3.105E-19
5.012E+00  2.315E-27  3.077E-19
4.966E+00  2.316E-27  3.051E-19
4.920E+00  2.318E-27  3.025E-19
4.875E+00  2.320E-27  3.000E-19
4.831E+00  2.322E-27  2.976E-19
4.786E+00  2.325E-27  2.952E-19
4.742E+00  2.328E-27  2.929E-19
4.699E+00  2.332E-27  2.907E-19
4.656E+00  2.336E-27  2.885E-19
4.613E+00  2.340E-27  2.864E-19
4.571E+00  2.345E-27  2.843E-19
4.529E+00  2.349E-27  2.822E-19
4.487E+00  2.354E-27  2.802E-19
4.446E+00  2.359E-27  2.782E-19
4.406E+00  2.364E-27  2.763E-19
4.365E+00  2.370E-27  2.744E-19
4.325E+00  2.376E-27  2.726E-19
4.285E+00  2.382E-27  2.707E-19
4.246E+00  2.387E-27  2.689E-19
4.207E+00  2.393E-27  2.671E-19
4.169E+00  2.399E-27  2.653E-19
4.130E+00  2.404E-27  2.634E-19
4.093E+00  2.408E-27  2.614E-19
4.055E+00  2.412E-27  2.595E-19
4.018E+00  2.416E-27  2.575E-19
3.981E+00  2.419E-27  2.554E-19
3.945E+00  2.422E-27  2.534E-19
3.908E+00  2.425E-27  2.514E-19
3.873E+00  2.427E-27  2.493E-19
3.837E+00  2.430E-27  2.474E-19
3.802E+00  2.433E-27  2.454E-19
3.767E+00  2.436E-27  2.434E-19
3.733E+00  2.439E-27  2.414E-19
3.698E+00  2.441E-27  2.395E-19
3.664E+00  2.443E-27  2.375E-19
3.631E+00  2.445E-27  2.355E-19
3.597E+00  2.447E-27  2.335E-19
3.565E+00  2.449E-27  2.315E-19
3.532E+00  2.450E-27  2.295E-19
3.499E+00  2.451E-27  2.275E-19
3.467E+00  2.452E-27  2.255E-19
3.436E+00  2.453E-27  2.235E-19
3.404E+00  2.453E-27  2.215E-19
3.373E+00  2.453E-27  2.194E-19
3.342E+00  2.452E-27  2.174E-19
3.311E+00  2.451E-27  2.153E-19
3.281E+00  2.449E-27  2.132E-19
3.251E+00  2.447E-27  2.110E-19
3.221E+00  2.443E-27  2.087E-19
3.192E+00  2.439E-27  2.065E-19
3.162E+00  2.435E-27  2.043E-19
3.133E+00  2.431E-27  2.021E-19
3.105E+00  2.427E-27  1.999E-19
3.076E+00  2.424E-27  1.978E-19
3.048E+00  2.421E-27  1.958E-19
3.020E+00  2.418E-27  1.937E-19
2.992E+00  2.415E-27  1.917E-19
2.965E+00  2.412E-27  1.897E-19
2.938E+00  2.408E-27  1.877E-19
2.911E+00  2.404E-27  1.856E-19
2.884E+00  2.400E-27  1.836E-19
2.858E+00  2.396E-27  1.816E-19
2.831E+00  2.392E-27  1.796E-19
2.805E+00  2.387E-27  1.776E-19
2.780E+00  2.382E-27  1.756E-19
2.754E+00  2.377E-27  1.737E-19
2.729E+00  2.372E-27  1.717E-19
2.704E+00  2.366E-27  1.697E-19
2.679E+00  2.360E-27  1.677E-19
2.655E+00  2.354E-27  1.658E-19
2.630E+00  2.348E-27  1.638E-19
2.606E+00  2.342E-27  1.619E-19
2.582E+00  2.335E-27  1.600E-19
2.559E+00  2.329E-27  1.580E-19
2.535E+00  2.322E-27  1.561E-19
2.512E+00  2.315E-27  1.542E-19
2.489E+00  2.308E-27  1.523E-19
2.466E+00  2.300E-27  1.505E-19
2.443E+00  2.293E-27  1.486E-19
2.421E+00  2.286E-27  1.468E-19
2.399E+00  2.278E-27  1.449E-19
2.377E+00  2.270E-27  1.431E-19
2.355E+00  2.261E-27  1.412E-19
2.333E+00  2.252E-27  1.394E-19
2.312E+00  2.243E-27  1.376E-19
2.291E+00  2.234E-27  1.358E-19
2.270E+00  2.224E-27  1.339E-19
2.249E+00  2.215E-27  1.321E-19
2.228E+00  2.205E-27  1.303E-19
2.208E+00  2.194E-27  1.285E-19
2.188E+00  2.184E-27  1.267E-19
2.168E+00  2.173E-27  1.249E-19
2.148E+00  2.162E-27  1.232E-19
2.128E+00  2.151E-27  1.214E-19
2.109E+00  2.140E-27  1.197E-19
2.089E+00  2.129E-27  1.180E-19
2.070E+00  2.117E-27  1.162E-19
2.051E+00  2.105E-27  1.145E-19
2.032E+00  2.093E-27  1.128E-19
2.014E+00  2.080E-27  1.111E-19
1.995E+00  2.068E-27  1.094E-19
1.977E+00  2.055E-27  1.078E-19
1.959E+00  2.042E-27  1.061E-19
1.941E+00  2.029E-27  1.044E-19
1.923E+00  2.015E-27  1.028E-19
1.905E+00  2.002E-27  1.012E-19
1.888E+00  1.988E-27  9.955E-20
1.871E+00  1.974E-27  9.794E-20
1.854E+00  1.959E-27  9.634E-20
1.837E+00  1.945E-27  9.476E-20
1.820E+00  1.931E-27  9.319E-20
1.803E+00  1.916E-27  9.163E-20
1.786E+00  1.901E-27  9.009E-20
1.770E+00  1.886E-27  8.857E-20
1.754E+00  1.872E-27  8.707E-20
1.738E+00  1.857E-27  8.559E-20
1.722E+00  1.842E-27  8.412E-20
1.706E+00  1.827E-27  8.266E-20
1.690E+00  1.811E-27  8.122E-20
1.675E+00  1.796E-27  7.979E-20
1.660E+00  1.780E-27  7.837E-20
1.644E+00  1.765E-27  7.697E-20
1.629E+00  1.749E-27  7.558E-20
1.614E+00  1.733E-27  7.419E-20
1.600E+00  1.716E-27  7.282E-20
1.585E+00  1.700E-27  7.146E-20
1.570E+00  1.683E-27  7.011E-20
1.556E+00  1.666E-27  6.878E-20
1.542E+00  1.649E-27  6.745E-20
1.528E+00  1.632E-27  6.614E-20
1.514E+00  1.615E-27  6.483E-20
1.500E+00  1.597E-27  6.355E-20
1.486E+00  1.580E-27  6.227E-20
1.472E+00  1.562E-27  6.101E-20
1.459E+00  1.544E-27  5.976E-20
1.445E+00  1.526E-27  5.853E-20
1.432E+00  1.509E-27  5.731E-20
1.419E+00  1.491E-27  5.611E-20
1.406E+00  1.473E-27  5.492E-20
1.393E+00  1.454E-27  5.374E-20
1.380E+00  1.436E-27  5.258E-20
1.368E+00  1.418E-27  5.143E-20
1.355E+00  1.399E-27  5.029E-20
1.343E+00  1.380E-27  4.917E-20
1.330E+00  1.362E-27  4.806E-20
1.318E+00  1.343E-27  4.696E-20
1.306E+00  1.324E-27  4.588E-20
1.294E+00  1.306E-27  4.482E-20
1.282E+00  1.287E-27  4.377E-20
1.271E+00  1.268E-27  4.275E-20
1.259E+00  1.250E-27  4.173E-20
1.247E+00  1.231E-27  4.074E-20
1.236E+00  1.213E-27  3.977E-20
1.225E+00  1.195E-27  3.882E-20
1.213E+00  1.177E-27  3.788E-20
1.202E+00  1.159E-27  3.696E-20
1.191E+00  1.141E-27  3.604E-20
1.180E+00  1.123E-27  3.515E-20
1.169E+00  1.104E-27  3.426E-20
1.159E+00  1.086E-27  3.339E-20
1.148E+00  1.068E-27  3.254E-20
1.138E+00  1.050E-27  3.170E-20
1.127E+00  1.032E-27  3.087E-20
1.117E+00  1.014E-27  3.005E-20
1.107E+00  9.965E-28  2.925E-20
1.096E+00  9.787E-28  2.847E-20
1.086E+00  9.610E-28  2.769E-20
1.076E+00  9.433E-28  2.694E-20
1.067E+00  9.257E-28  2.619E-20
1.057E+00  9.082E-28  2.546E-20
1.047E+00  8.908E-28  2.474E-20
1.038E+00  8.734E-28  2.404E-20
1.028E+00  8.562E-28  2.335E-20
1.019E+00  8.391E-28  2.267E-20
1.009E+00  8.221E-28  2.201E-20
1.000E+00  8.052E-28  2.136E-20
