Dust emission from Draine & Li (2007): ApJ 657, 810-837
================================================================
         9 = grain model
 4.000E-08 4.000E-01 2.500E-06 = a_01 (cm) , sigma_1 , b_C1/0.92
 2.500E-07 4.000E-01 2.500E-06 = a_02 (cm) , sigma_2 , b_C2/0.92
 1.500E+01 1.000E+05 2.000E+00 = Umin , Umax, beta (dN/dU propto U^{-beta})
 1.321E+02 = <U> 
     mmp83 = radfield
 1.244E-22 = power/H (erg s-1)
 band   nu*P_nu(band) j_nu(band)
 (um)   (erg s-1 H-1)(Jy cm2 sr-1 H-1)
1.270E+00  2.306E-25  7.767E-18 COBE-DIRBE
2.220E+00  3.030E-25  1.784E-17 COBE-DIRBE
3.530E+00  1.266E-24  1.186E-16 COBE-DIRBE
4.880E+00  6.202E-25  8.028E-17 COBE-DIRBE
1.229E+01  1.251E-23  4.077E-15 COBE-DIRBE
2.079E+01  3.603E-23  1.987E-14 COBE-DIRBE
5.599E+01  6.582E-23  9.776E-14 COBE-DIRBE
9.770E+01  3.114E-23  8.071E-14 COBE-DIRBE
1.479E+02  1.185E-23  4.648E-14 COBE-DIRBE
2.479E+02  2.213E-24  1.455E-14 COBE-DIRBE
1.200E+01  1.135E-23  3.612E-15 IRAS
2.500E+01  4.486E-23  2.975E-14 IRAS
6.000E+01  6.257E-23  9.959E-14 IRAS
1.000E+02  2.953E-23  7.834E-14 IRAS
3.550E+00  1.453E-24  1.368E-16 SST-IRAC
4.493E+00  4.713E-25  5.617E-17 SST-IRAC
5.731E+00  3.374E-24  5.129E-16 SST-IRAC
7.872E+00  1.132E-23  2.364E-15 SST-IRAC
2.368E+01  4.323E-23  2.716E-14 SST-MIPS
7.142E+01  4.713E-23  8.928E-14 SST-MIPS
1.559E+02  9.169E-24  3.792E-14 SST-MIPS
1.600E+01  1.765E-23  7.492E-15 SST-IRSPU
2.200E+01  4.206E-23  2.455E-14 SST-IRSPU











lambda    nu*dP/dnu     j_nu
 (um)   (erg s-1 H-1)(Jy cm2 sr-1 H-1)
1.000E+04  3.584E-31  9.508E-20
9.908E+03  3.715E-31  9.765E-20
9.817E+03  3.851E-31  1.003E-19
9.727E+03  3.992E-31  1.030E-19
9.638E+03  4.138E-31  1.058E-19
9.550E+03  4.289E-31  1.086E-19
9.462E+03  4.446E-31  1.116E-19
9.376E+03  4.608E-31  1.146E-19
9.290E+03  4.777E-31  1.177E-19
9.204E+03  4.951E-31  1.209E-19
9.120E+03  5.132E-31  1.242E-19
9.036E+03  5.320E-31  1.275E-19
8.954E+03  5.513E-31  1.309E-19
8.872E+03  5.714E-31  1.345E-19
8.790E+03  5.921E-31  1.381E-19
8.710E+03  6.137E-31  1.418E-19
8.630E+03  6.360E-31  1.456E-19
8.551E+03  6.592E-31  1.495E-19
8.472E+03  6.832E-31  1.535E-19
8.395E+03  7.081E-31  1.577E-19
8.318E+03  7.340E-31  1.619E-19
8.241E+03  7.608E-31  1.663E-19
8.166E+03  7.886E-31  1.708E-19
8.091E+03  8.174E-31  1.754E-19
8.017E+03  8.473E-31  1.802E-19
7.943E+03  8.783E-31  1.851E-19
7.870E+03  9.105E-31  1.901E-19
7.798E+03  9.438E-31  1.952E-19
7.727E+03  9.784E-31  2.005E-19
7.656E+03  1.014E-30  2.060E-19
7.586E+03  1.052E-30  2.116E-19
7.516E+03  1.090E-30  2.174E-19
7.447E+03  1.130E-30  2.233E-19
7.379E+03  1.172E-30  2.294E-19
7.311E+03  1.215E-30  2.356E-19
7.244E+03  1.260E-30  2.421E-19
7.178E+03  1.306E-30  2.487E-19
7.112E+03  1.354E-30  2.555E-19
7.047E+03  1.404E-30  2.625E-19
6.982E+03  1.456E-30  2.697E-19
6.918E+03  1.510E-30  2.770E-19
6.855E+03  1.565E-30  2.846E-19
6.792E+03  1.623E-30  2.924E-19
6.730E+03  1.683E-30  3.004E-19
6.668E+03  1.745E-30  3.087E-19
6.607E+03  1.810E-30  3.172E-19
6.546E+03  1.877E-30  3.259E-19
6.486E+03  1.946E-30  3.348E-19
6.427E+03  2.018E-30  3.441E-19
6.368E+03  2.093E-30  3.535E-19
6.310E+03  2.171E-30  3.633E-19
6.252E+03  2.251E-30  3.733E-19
6.194E+03  2.335E-30  3.836E-19
6.138E+03  2.422E-30  3.942E-19
6.081E+03  2.512E-30  4.052E-19
6.026E+03  2.605E-30  4.164E-19
5.970E+03  2.702E-30  4.279E-19
5.916E+03  2.803E-30  4.398E-19
5.861E+03  2.907E-30  4.520E-19
5.808E+03  3.016E-30  4.646E-19
5.754E+03  3.128E-30  4.775E-19
5.702E+03  3.245E-30  4.908E-19
5.649E+03  3.366E-30  5.044E-19
5.598E+03  3.492E-30  5.185E-19
5.546E+03  3.623E-30  5.330E-19
5.495E+03  3.758E-30  5.478E-19
5.445E+03  3.899E-30  5.631E-19
5.395E+03  4.045E-30  5.789E-19
5.346E+03  4.197E-30  5.951E-19
5.297E+03  4.354E-30  6.117E-19
5.248E+03  4.517E-30  6.289E-19
5.200E+03  4.687E-30  6.465E-19
5.152E+03  4.863E-30  6.646E-19
5.105E+03  5.046E-30  6.833E-19
5.058E+03  5.236E-30  7.025E-19
5.012E+03  5.433E-30  7.223E-19
4.966E+03  5.637E-30  7.426E-19
4.920E+03  5.849E-30  7.634E-19
4.875E+03  6.070E-30  7.849E-19
4.831E+03  6.298E-30  8.071E-19
4.786E+03  6.536E-30  8.298E-19
4.742E+03  6.783E-30  8.532E-19
4.699E+03  7.039E-30  8.773E-19
4.656E+03  7.305E-30  9.022E-19
4.613E+03  7.581E-30  9.277E-19
4.571E+03  7.868E-30  9.540E-19
4.529E+03  8.166E-30  9.810E-19
4.487E+03  8.475E-30  1.009E-18
4.446E+03  8.796E-30  1.037E-18
4.406E+03  9.130E-30  1.067E-18
4.365E+03  9.477E-30  1.097E-18
4.325E+03  9.837E-30  1.129E-18
4.285E+03  1.021E-29  1.161E-18
4.246E+03  1.060E-29  1.194E-18
4.207E+03  1.100E-29  1.228E-18
4.169E+03  1.142E-29  1.263E-18
4.130E+03  1.186E-29  1.299E-18
4.093E+03  1.231E-29  1.336E-18
4.055E+03  1.278E-29  1.374E-18
4.018E+03  1.327E-29  1.414E-18
3.981E+03  1.377E-29  1.454E-18
3.945E+03  1.430E-29  1.496E-18
3.908E+03  1.484E-29  1.539E-18
3.873E+03  1.541E-29  1.583E-18
3.837E+03  1.600E-29  1.628E-18
3.802E+03  1.661E-29  1.675E-18
3.767E+03  1.725E-29  1.723E-18
3.733E+03  1.791E-29  1.773E-18
3.698E+03  1.859E-29  1.824E-18
3.664E+03  1.931E-29  1.876E-18
3.631E+03  2.005E-29  1.931E-18
3.597E+03  2.082E-29  1.986E-18
3.565E+03  2.162E-29  2.044E-18
3.532E+03  2.245E-29  2.103E-18
3.499E+03  2.331E-29  2.164E-18
3.467E+03  2.421E-29  2.227E-18
3.436E+03  2.514E-29  2.291E-18
3.404E+03  2.611E-29  2.358E-18
3.373E+03  2.712E-29  2.427E-18
3.342E+03  2.817E-29  2.497E-18
3.311E+03  2.926E-29  2.570E-18
3.281E+03  3.039E-29  2.645E-18
3.251E+03  3.157E-29  2.722E-18
3.221E+03  3.279E-29  2.802E-18
3.192E+03  3.406E-29  2.884E-18
3.162E+03  3.538E-29  2.968E-18
3.133E+03  3.675E-29  3.055E-18
3.105E+03  3.818E-29  3.144E-18
3.076E+03  3.967E-29  3.237E-18
3.048E+03  4.121E-29  3.332E-18
3.020E+03  4.281E-29  3.429E-18
2.992E+03  4.448E-29  3.530E-18
2.965E+03  4.620E-29  3.634E-18
2.938E+03  4.800E-29  3.740E-18
2.911E+03  4.986E-29  3.850E-18
2.884E+03  5.180E-29  3.963E-18
2.858E+03  5.382E-29  4.079E-18
2.831E+03  5.592E-29  4.200E-18
2.805E+03  5.810E-29  4.323E-18
2.780E+03  6.036E-29  4.451E-18
2.754E+03  6.272E-29  4.582E-18
2.729E+03  6.517E-29  4.717E-18
2.704E+03  6.772E-29  4.857E-18
2.679E+03  7.037E-29  5.001E-18
2.655E+03  7.312E-29  5.149E-18
2.630E+03  7.598E-29  5.301E-18
2.606E+03  7.896E-29  5.459E-18
2.582E+03  8.206E-29  5.621E-18
2.559E+03  8.528E-29  5.788E-18
2.535E+03  8.863E-29  5.960E-18
2.512E+03  9.212E-29  6.138E-18
2.489E+03  9.574E-29  6.321E-18
2.466E+03  9.951E-29  6.509E-18
2.443E+03  1.034E-28  6.703E-18
2.421E+03  1.075E-28  6.904E-18
2.399E+03  1.117E-28  7.110E-18
2.377E+03  1.161E-28  7.323E-18
2.355E+03  1.207E-28  7.542E-18
2.333E+03  1.255E-28  7.768E-18
2.312E+03  1.305E-28  8.001E-18
2.291E+03  1.356E-28  8.241E-18
2.270E+03  1.410E-28  8.488E-18
2.249E+03  1.466E-28  8.744E-18
2.228E+03  1.524E-28  9.007E-18
2.208E+03  1.584E-28  9.278E-18
2.188E+03  1.647E-28  9.557E-18
2.168E+03  1.712E-28  9.845E-18
2.148E+03  1.780E-28  1.014E-17
2.128E+03  1.851E-28  1.045E-17
2.109E+03  1.924E-28  1.076E-17
2.089E+03  2.001E-28  1.109E-17
2.070E+03  2.080E-28  1.142E-17
2.051E+03  2.163E-28  1.177E-17
2.032E+03  2.249E-28  1.213E-17
2.014E+03  2.339E-28  1.249E-17
1.995E+03  2.432E-28  1.287E-17
1.977E+03  2.529E-28  1.326E-17
1.959E+03  2.629E-28  1.366E-17
1.941E+03  2.734E-28  1.408E-17
1.923E+03  2.843E-28  1.450E-17
1.905E+03  2.957E-28  1.494E-17
1.888E+03  3.075E-28  1.540E-17
1.871E+03  3.198E-28  1.587E-17
1.854E+03  3.325E-28  1.635E-17
1.837E+03  3.458E-28  1.685E-17
1.820E+03  3.597E-28  1.736E-17
1.803E+03  3.741E-28  1.789E-17
1.786E+03  3.890E-28  1.844E-17
1.770E+03  4.046E-28  1.900E-17
1.754E+03  4.208E-28  1.958E-17
1.738E+03  4.377E-28  2.018E-17
1.722E+03  4.552E-28  2.079E-17
1.706E+03  4.735E-28  2.143E-17
1.690E+03  4.925E-28  2.208E-17
1.675E+03  5.122E-28  2.276E-17
1.660E+03  5.328E-28  2.345E-17
1.644E+03  5.542E-28  2.417E-17
1.629E+03  5.764E-28  2.491E-17
1.614E+03  5.996E-28  2.568E-17
1.600E+03  6.237E-28  2.646E-17
1.585E+03  6.487E-28  2.727E-17
1.570E+03  6.748E-28  2.811E-17
1.556E+03  7.020E-28  2.897E-17
1.542E+03  7.302E-28  2.986E-17
1.528E+03  7.596E-28  3.078E-17
1.514E+03  7.901E-28  3.172E-17
1.500E+03  8.219E-28  3.270E-17
1.486E+03  8.550E-28  3.370E-17
1.472E+03  8.895E-28  3.474E-17
1.459E+03  9.253E-28  3.581E-17
1.445E+03  9.627E-28  3.691E-17
1.432E+03  1.001E-27  3.805E-17
1.419E+03  1.042E-27  3.922E-17
1.406E+03  1.084E-27  4.043E-17
1.393E+03  1.128E-27  4.167E-17
1.380E+03  1.173E-27  4.296E-17
1.368E+03  1.221E-27  4.428E-17
1.355E+03  1.270E-27  4.565E-17
1.343E+03  1.321E-27  4.706E-17
1.330E+03  1.375E-27  4.851E-17
1.318E+03  1.430E-27  5.001E-17
1.306E+03  1.488E-27  5.155E-17
1.294E+03  1.548E-27  5.314E-17
1.282E+03  1.610E-27  5.478E-17
1.271E+03  1.676E-27  5.647E-17
1.259E+03  1.743E-27  5.821E-17
1.247E+03  1.814E-27  6.001E-17
1.236E+03  1.887E-27  6.186E-17
1.225E+03  1.963E-27  6.377E-17
1.213E+03  2.043E-27  6.574E-17
1.202E+03  2.125E-27  6.777E-17
1.191E+03  2.211E-27  6.986E-17
1.180E+03  2.300E-27  7.202E-17
1.169E+03  2.393E-27  7.424E-17
1.159E+03  2.490E-27  7.654E-17
1.148E+03  2.591E-27  7.890E-17
1.138E+03  2.695E-27  8.133E-17
1.127E+03  2.804E-27  8.384E-17
1.117E+03  2.917E-27  8.643E-17
1.107E+03  3.035E-27  8.910E-17
1.096E+03  3.158E-27  9.185E-17
1.086E+03  3.285E-27  9.468E-17
1.076E+03  3.418E-27  9.760E-17
1.067E+03  3.556E-27  1.006E-16
1.057E+03  3.699E-27  1.037E-16
1.047E+03  3.849E-27  1.069E-16
1.038E+03  4.004E-27  1.102E-16
1.028E+03  4.165E-27  1.136E-16
1.019E+03  4.333E-27  1.171E-16
1.009E+03  4.508E-27  1.207E-16
1.000E+03  4.690E-27  1.244E-16
9.908E+02  4.879E-27  1.282E-16
9.817E+02  5.076E-27  1.322E-16
9.727E+02  5.280E-27  1.363E-16
9.638E+02  5.493E-27  1.404E-16
9.550E+02  5.715E-27  1.448E-16
9.462E+02  5.945E-27  1.492E-16
9.376E+02  6.185E-27  1.538E-16
9.290E+02  6.434E-27  1.585E-16
9.204E+02  6.693E-27  1.634E-16
9.120E+02  6.963E-27  1.684E-16
9.036E+02  7.243E-27  1.736E-16
8.954E+02  7.534E-27  1.789E-16
8.872E+02  7.837E-27  1.844E-16
8.790E+02  8.152E-27  1.901E-16
8.710E+02  8.479E-27  1.959E-16
8.630E+02  8.819E-27  2.019E-16
8.551E+02  9.173E-27  2.080E-16
8.472E+02  9.540E-27  2.144E-16
8.395E+02  9.922E-27  2.209E-16
8.318E+02  1.032E-26  2.277E-16
8.241E+02  1.073E-26  2.346E-16
8.166E+02  1.116E-26  2.417E-16
8.091E+02  1.161E-26  2.491E-16
8.017E+02  1.207E-26  2.567E-16
7.943E+02  1.255E-26  2.645E-16
7.870E+02  1.305E-26  2.725E-16
7.798E+02  1.357E-26  2.807E-16
7.727E+02  1.411E-26  2.892E-16
7.656E+02  1.467E-26  2.980E-16
7.586E+02  1.526E-26  3.070E-16
7.516E+02  1.586E-26  3.163E-16
7.447E+02  1.650E-26  3.259E-16
7.379E+02  1.715E-26  3.358E-16
7.311E+02  1.784E-26  3.459E-16
7.244E+02  1.855E-26  3.564E-16
7.178E+02  1.929E-26  3.673E-16
7.112E+02  2.006E-26  3.784E-16
7.047E+02  2.086E-26  3.899E-16
6.982E+02  2.169E-26  4.017E-16
6.918E+02  2.256E-26  4.139E-16
6.855E+02  2.346E-26  4.265E-16
6.792E+02  2.439E-26  4.394E-16
6.730E+02  2.536E-26  4.527E-16
6.668E+02  2.637E-26  4.664E-16
6.607E+02  2.742E-26  4.805E-16
6.546E+02  2.851E-26  4.951E-16
6.486E+02  2.965E-26  5.102E-16
6.427E+02  3.084E-26  5.257E-16
6.368E+02  3.207E-26  5.418E-16
6.310E+02  3.336E-26  5.583E-16
6.252E+02  3.469E-26  5.754E-16
6.194E+02  3.608E-26  5.929E-16
6.138E+02  3.753E-26  6.110E-16
6.081E+02  3.904E-26  6.297E-16
6.026E+02  4.060E-26  6.490E-16
5.970E+02  4.223E-26  6.688E-16
5.916E+02  4.393E-26  6.893E-16
5.861E+02  4.569E-26  7.104E-16
5.808E+02  4.752E-26  7.321E-16
5.754E+02  4.943E-26  7.545E-16
5.702E+02  5.142E-26  7.777E-16
5.649E+02  5.349E-26  8.015E-16
5.598E+02  5.564E-26  8.261E-16
5.546E+02  5.788E-26  8.515E-16
5.495E+02  6.020E-26  8.776E-16
5.445E+02  6.263E-26  9.046E-16
5.395E+02  6.515E-26  9.324E-16
5.346E+02  6.778E-26  9.610E-16
5.297E+02  7.051E-26  9.906E-16
5.248E+02  7.335E-26  1.021E-15
5.200E+02  7.631E-26  1.053E-15
5.152E+02  7.938E-26  1.085E-15
5.105E+02  8.259E-26  1.118E-15
5.058E+02  8.592E-26  1.153E-15
5.012E+02  8.939E-26  1.188E-15
4.966E+02  9.299E-26  1.225E-15
4.920E+02  9.675E-26  1.263E-15
4.875E+02  1.007E-25  1.302E-15
4.831E+02  1.047E-25  1.342E-15
4.786E+02  1.089E-25  1.383E-15
4.742E+02  1.133E-25  1.426E-15
4.699E+02  1.179E-25  1.470E-15
4.656E+02  1.227E-25  1.515E-15
4.613E+02  1.276E-25  1.562E-15
4.571E+02  1.328E-25  1.610E-15
4.529E+02  1.382E-25  1.660E-15
4.487E+02  1.438E-25  1.711E-15
4.446E+02  1.496E-25  1.764E-15
4.406E+02  1.556E-25  1.818E-15
4.365E+02  1.619E-25  1.874E-15
4.325E+02  1.684E-25  1.932E-15
4.285E+02  1.752E-25  1.992E-15
4.246E+02  1.823E-25  2.053E-15
4.207E+02  1.897E-25  2.117E-15
4.169E+02  1.973E-25  2.182E-15
4.130E+02  2.053E-25  2.249E-15
4.093E+02  2.136E-25  2.319E-15
4.055E+02  2.222E-25  2.390E-15
4.018E+02  2.312E-25  2.464E-15
3.981E+02  2.406E-25  2.540E-15
3.945E+02  2.503E-25  2.619E-15
3.908E+02  2.604E-25  2.700E-15
3.873E+02  2.709E-25  2.783E-15
3.837E+02  2.819E-25  2.869E-15
3.802E+02  2.933E-25  2.958E-15
3.767E+02  3.051E-25  3.049E-15
3.733E+02  3.174E-25  3.143E-15
3.698E+02  3.303E-25  3.240E-15
3.664E+02  3.436E-25  3.340E-15
3.631E+02  3.575E-25  3.443E-15
3.597E+02  3.719E-25  3.549E-15
3.565E+02  3.869E-25  3.658E-15
3.532E+02  4.025E-25  3.771E-15
3.499E+02  4.187E-25  3.887E-15
3.467E+02  4.356E-25  4.007E-15
3.436E+02  4.532E-25  4.130E-15
3.404E+02  4.714E-25  4.257E-15
3.373E+02  4.904E-25  4.388E-15
3.342E+02  5.101E-25  4.522E-15
3.311E+02  5.307E-25  4.661E-15
3.281E+02  5.520E-25  4.804E-15
3.251E+02  5.741E-25  4.951E-15
3.221E+02  5.972E-25  5.102E-15
3.192E+02  6.211E-25  5.258E-15
3.162E+02  6.460E-25  5.419E-15
3.133E+02  6.719E-25  5.584E-15
3.105E+02  6.987E-25  5.754E-15
3.076E+02  7.267E-25  5.930E-15
3.048E+02  7.557E-25  6.110E-15
3.020E+02  7.859E-25  6.296E-15
2.992E+02  8.173E-25  6.487E-15
2.965E+02  8.498E-25  6.684E-15
2.938E+02  8.837E-25  6.886E-15
2.911E+02  9.188E-25  7.094E-15
2.884E+02  9.553E-25  7.308E-15
2.858E+02  9.933E-25  7.529E-15
2.831E+02  1.033E-24  7.756E-15
2.805E+02  1.074E-24  7.989E-15
2.780E+02  1.116E-24  8.229E-15
2.754E+02  1.160E-24  8.476E-15
2.729E+02  1.206E-24  8.730E-15
2.704E+02  1.254E-24  8.993E-15
2.679E+02  1.303E-24  9.263E-15
2.655E+02  1.355E-24  9.542E-15
2.630E+02  1.409E-24  9.828E-15
2.606E+02  1.464E-24  1.012E-14
2.582E+02  1.522E-24  1.042E-14
2.559E+02  1.582E-24  1.073E-14
2.535E+02  1.643E-24  1.105E-14
2.512E+02  1.707E-24  1.137E-14
2.489E+02  1.771E-24  1.169E-14
2.466E+02  1.837E-24  1.202E-14
2.443E+02  1.905E-24  1.235E-14
2.421E+02  1.974E-24  1.268E-14
2.399E+02  2.046E-24  1.302E-14
2.377E+02  2.118E-24  1.335E-14
2.355E+02  2.193E-24  1.370E-14
2.333E+02  2.270E-24  1.405E-14
2.312E+02  2.349E-24  1.441E-14
2.291E+02  2.432E-24  1.478E-14
2.270E+02  2.516E-24  1.515E-14
2.249E+02  2.604E-24  1.553E-14
2.228E+02  2.694E-24  1.592E-14
2.208E+02  2.787E-24  1.632E-14
2.188E+02  2.883E-24  1.673E-14
2.168E+02  2.981E-24  1.714E-14
2.148E+02  3.083E-24  1.757E-14
2.128E+02  3.188E-24  1.800E-14
2.109E+02  3.296E-24  1.844E-14
2.089E+02  3.408E-24  1.889E-14
2.070E+02  3.522E-24  1.934E-14
2.051E+02  3.640E-24  1.981E-14
2.032E+02  3.762E-24  2.028E-14
2.014E+02  3.887E-24  2.076E-14
1.995E+02  4.015E-24  2.125E-14
1.977E+02  4.148E-24  2.175E-14
1.959E+02  4.284E-24  2.226E-14
1.941E+02  4.424E-24  2.278E-14
1.923E+02  4.568E-24  2.330E-14
1.905E+02  4.716E-24  2.384E-14
1.888E+02  4.868E-24  2.438E-14
1.871E+02  5.025E-24  2.493E-14
1.854E+02  5.186E-24  2.550E-14
1.837E+02  5.351E-24  2.607E-14
1.820E+02  5.521E-24  2.665E-14
1.803E+02  5.695E-24  2.724E-14
1.786E+02  5.875E-24  2.784E-14
1.770E+02  6.059E-24  2.845E-14
1.754E+02  6.248E-24  2.907E-14
1.738E+02  6.442E-24  2.970E-14
1.722E+02  6.642E-24  3.034E-14
1.706E+02  6.847E-24  3.099E-14
1.690E+02  7.057E-24  3.165E-14
1.675E+02  7.274E-24  3.232E-14
1.660E+02  7.496E-24  3.300E-14
1.644E+02  7.724E-24  3.369E-14
1.629E+02  7.959E-24  3.440E-14
1.614E+02  8.200E-24  3.511E-14
1.600E+02  8.447E-24  3.584E-14
1.585E+02  8.702E-24  3.658E-14
1.570E+02  8.964E-24  3.734E-14
1.556E+02  9.234E-24  3.811E-14
1.542E+02  9.512E-24  3.890E-14
1.528E+02  9.798E-24  3.970E-14
1.514E+02  1.009E-23  4.052E-14
1.500E+02  1.040E-23  4.136E-14
1.486E+02  1.071E-23  4.222E-14
1.472E+02  1.103E-23  4.310E-14
1.459E+02  1.137E-23  4.399E-14
1.445E+02  1.171E-23  4.490E-14
1.432E+02  1.206E-23  4.581E-14
1.419E+02  1.241E-23  4.671E-14
1.406E+02  1.276E-23  4.759E-14
1.393E+02  1.311E-23  4.843E-14
1.380E+02  1.344E-23  4.923E-14
1.368E+02  1.378E-23  4.998E-14
1.355E+02  1.410E-23  5.069E-14
1.343E+02  1.443E-23  5.138E-14
1.330E+02  1.475E-23  5.207E-14
1.318E+02  1.508E-23  5.275E-14
1.306E+02  1.542E-23  5.344E-14
1.294E+02  1.577E-23  5.414E-14
1.282E+02  1.613E-23  5.485E-14
1.271E+02  1.649E-23  5.558E-14
1.259E+02  1.686E-23  5.632E-14
1.247E+02  1.725E-23  5.707E-14
1.236E+02  1.764E-23  5.783E-14
1.225E+02  1.804E-23  5.860E-14
1.213E+02  1.845E-23  5.938E-14
1.202E+02  1.887E-23  6.017E-14
1.191E+02  1.929E-23  6.096E-14
1.180E+02  1.972E-23  6.176E-14
1.169E+02  2.016E-23  6.255E-14
1.159E+02  2.061E-23  6.335E-14
1.148E+02  2.106E-23  6.415E-14
1.138E+02  2.153E-23  6.496E-14
1.127E+02  2.199E-23  6.576E-14
1.117E+02  2.247E-23  6.658E-14
1.107E+02  2.296E-23  6.739E-14
1.096E+02  2.345E-23  6.821E-14
1.086E+02  2.395E-23  6.903E-14
1.076E+02  2.446E-23  6.984E-14
1.067E+02  2.498E-23  7.066E-14
1.057E+02  2.550E-23  7.148E-14
1.047E+02  2.603E-23  7.229E-14
1.038E+02  2.656E-23  7.310E-14
1.028E+02  2.710E-23  7.390E-14
1.019E+02  2.765E-23  7.469E-14
1.009E+02  2.820E-23  7.548E-14
1.000E+02  2.875E-23  7.626E-14
9.908E+01  2.931E-23  7.704E-14
9.817E+01  2.988E-23  7.781E-14
9.727E+01  3.045E-23  7.856E-14
9.638E+01  3.102E-23  7.931E-14
9.550E+01  3.160E-23  8.005E-14
9.462E+01  3.219E-23  8.079E-14
9.376E+01  3.277E-23  8.151E-14
9.290E+01  3.337E-23  8.222E-14
9.204E+01  3.396E-23  8.292E-14
9.120E+01  3.456E-23  8.361E-14
9.036E+01  3.516E-23  8.429E-14
8.954E+01  3.577E-23  8.495E-14
8.872E+01  3.638E-23  8.561E-14
8.790E+01  3.699E-23  8.626E-14
8.710E+01  3.761E-23  8.689E-14
8.630E+01  3.823E-23  8.752E-14
8.551E+01  3.886E-23  8.813E-14
8.472E+01  3.948E-23  8.872E-14
8.395E+01  4.010E-23  8.930E-14
8.318E+01  4.073E-23  8.986E-14
8.241E+01  4.136E-23  9.041E-14
8.166E+01  4.199E-23  9.095E-14
8.091E+01  4.262E-23  9.147E-14
8.017E+01  4.325E-23  9.198E-14
7.943E+01  4.388E-23  9.246E-14
7.870E+01  4.451E-23  9.293E-14
7.798E+01  4.514E-23  9.338E-14
7.727E+01  4.577E-23  9.381E-14
7.656E+01  4.640E-23  9.423E-14
7.586E+01  4.703E-23  9.463E-14
7.516E+01  4.766E-23  9.501E-14
7.447E+01  4.828E-23  9.537E-14
7.379E+01  4.890E-23  9.571E-14
7.311E+01  4.951E-23  9.603E-14
7.244E+01  5.012E-23  9.632E-14
7.178E+01  5.073E-23  9.659E-14
7.112E+01  5.134E-23  9.685E-14
7.047E+01  5.195E-23  9.710E-14
6.982E+01  5.256E-23  9.735E-14
6.918E+01  5.317E-23  9.757E-14
6.855E+01  5.376E-23  9.775E-14
6.792E+01  5.435E-23  9.792E-14
6.730E+01  5.493E-23  9.806E-14
6.668E+01  5.552E-23  9.820E-14
6.607E+01  5.610E-23  9.832E-14
6.546E+01  5.668E-23  9.842E-14
6.486E+01  5.725E-23  9.850E-14
6.427E+01  5.781E-23  9.856E-14
6.368E+01  5.837E-23  9.860E-14
6.310E+01  5.893E-23  9.863E-14
6.252E+01  5.949E-23  9.865E-14
6.194E+01  6.004E-23  9.866E-14
6.138E+01  6.059E-23  9.865E-14
6.081E+01  6.114E-23  9.862E-14
6.026E+01  6.167E-23  9.857E-14
5.970E+01  6.220E-23  9.851E-14
5.916E+01  6.273E-23  9.843E-14
5.861E+01  6.324E-23  9.833E-14
5.808E+01  6.375E-23  9.821E-14
5.754E+01  6.426E-23  9.809E-14
5.702E+01  6.476E-23  9.794E-14
5.649E+01  6.526E-23  9.779E-14
5.598E+01  6.575E-23  9.763E-14
5.546E+01  6.625E-23  9.746E-14
5.495E+01  6.674E-23  9.728E-14
5.445E+01  6.722E-23  9.709E-14
5.395E+01  6.771E-23  9.690E-14
5.346E+01  6.819E-23  9.669E-14
5.297E+01  6.866E-23  9.647E-14
5.248E+01  6.914E-23  9.625E-14
5.200E+01  6.961E-23  9.601E-14
5.152E+01  7.007E-23  9.577E-14
5.105E+01  7.053E-23  9.551E-14
5.058E+01  7.099E-23  9.525E-14
5.012E+01  7.144E-23  9.498E-14
4.966E+01  7.189E-23  9.469E-14
4.920E+01  7.233E-23  9.440E-14
4.875E+01  7.277E-23  9.411E-14
4.831E+01  7.322E-23  9.382E-14
4.786E+01  7.366E-23  9.352E-14
4.742E+01  7.410E-23  9.321E-14
4.699E+01  7.454E-23  9.291E-14
4.656E+01  7.498E-23  9.260E-14
4.613E+01  7.542E-23  9.229E-14
4.571E+01  7.586E-23  9.198E-14
4.529E+01  7.630E-23  9.166E-14
4.487E+01  7.674E-23  9.135E-14
4.446E+01  7.718E-23  9.103E-14
4.406E+01  7.762E-23  9.071E-14
4.365E+01  7.806E-23  9.039E-14
4.325E+01  7.850E-23  9.006E-14
4.285E+01  7.892E-23  8.972E-14
4.246E+01  7.935E-23  8.937E-14
4.207E+01  7.977E-23  8.902E-14
4.169E+01  8.018E-23  8.866E-14
4.130E+01  8.058E-23  8.829E-14
4.093E+01  8.097E-23  8.790E-14
4.055E+01  8.134E-23  8.749E-14
4.018E+01  8.170E-23  8.708E-14
3.981E+01  8.204E-23  8.664E-14
3.945E+01  8.237E-23  8.619E-14
3.908E+01  8.267E-23  8.571E-14
3.873E+01  8.295E-23  8.521E-14
3.837E+01  8.320E-23  8.469E-14
3.802E+01  8.343E-23  8.413E-14
3.767E+01  8.361E-23  8.355E-14
3.733E+01  8.374E-23  8.291E-14
3.698E+01  8.382E-23  8.223E-14
3.664E+01  8.387E-23  8.152E-14
3.631E+01  8.387E-23  8.077E-14
3.597E+01  8.382E-23  7.999E-14
3.565E+01  8.373E-23  7.916E-14
3.532E+01  8.358E-23  7.830E-14
3.499E+01  8.337E-23  7.739E-14
3.467E+01  8.310E-23  7.644E-14
3.436E+01  8.278E-23  7.544E-14
3.404E+01  8.239E-23  7.439E-14
3.373E+01  8.193E-23  7.330E-14
3.342E+01  8.141E-23  7.217E-14
3.311E+01  8.085E-23  7.101E-14
3.281E+01  8.022E-23  6.981E-14
3.251E+01  7.952E-23  6.858E-14
3.221E+01  7.877E-23  6.730E-14
3.192E+01  7.795E-23  6.599E-14
3.162E+01  7.708E-23  6.466E-14
3.133E+01  7.616E-23  6.330E-14
3.105E+01  7.518E-23  6.191E-14
3.076E+01  7.417E-23  6.052E-14
3.048E+01  7.312E-23  5.911E-14
3.020E+01  7.204E-23  5.770E-14
2.992E+01  7.092E-23  5.629E-14
2.965E+01  6.977E-23  5.487E-14
2.938E+01  6.861E-23  5.346E-14
2.911E+01  6.743E-23  5.206E-14
2.884E+01  6.625E-23  5.068E-14
2.858E+01  6.506E-23  4.932E-14
2.831E+01  6.388E-23  4.798E-14
2.805E+01  6.270E-23  4.666E-14
2.780E+01  6.153E-23  4.537E-14
2.754E+01  6.038E-23  4.411E-14
2.729E+01  5.925E-23  4.289E-14
2.704E+01  5.813E-23  4.169E-14
2.679E+01  5.704E-23  4.053E-14
2.655E+01  5.596E-23  3.941E-14
2.630E+01  5.491E-23  3.831E-14
2.606E+01  5.389E-23  3.725E-14
2.582E+01  5.288E-23  3.622E-14
2.559E+01  5.191E-23  3.523E-14
2.535E+01  5.095E-23  3.426E-14
2.512E+01  5.003E-23  3.333E-14
2.489E+01  4.912E-23  3.243E-14
2.466E+01  4.823E-23  3.155E-14
2.443E+01  4.736E-23  3.070E-14
2.421E+01  4.651E-23  2.987E-14
2.399E+01  4.565E-23  2.905E-14
2.377E+01  4.484E-23  2.827E-14
2.355E+01  4.407E-23  2.753E-14
2.333E+01  4.331E-23  2.681E-14
2.312E+01  4.253E-23  2.608E-14
2.291E+01  4.178E-23  2.539E-14
2.270E+01  4.109E-23  2.474E-14
2.249E+01  4.046E-23  2.414E-14
2.228E+01  3.986E-23  2.356E-14
2.208E+01  3.925E-23  2.299E-14
2.188E+01  3.862E-23  2.241E-14
2.168E+01  3.797E-23  2.183E-14
2.148E+01  3.733E-23  2.127E-14
2.128E+01  3.674E-23  2.074E-14
2.109E+01  3.620E-23  2.025E-14
2.089E+01  3.565E-23  1.975E-14
2.070E+01  3.508E-23  1.927E-14
2.051E+01  3.452E-23  1.878E-14
2.032E+01  3.400E-23  1.833E-14
2.014E+01  3.357E-23  1.793E-14
1.995E+01  3.314E-23  1.754E-14
1.977E+01  3.269E-23  1.714E-14
1.959E+01  3.221E-23  1.674E-14
1.941E+01  3.171E-23  1.632E-14
1.923E+01  3.116E-23  1.590E-14
1.905E+01  3.060E-23  1.546E-14
1.888E+01  3.000E-23  1.503E-14
1.871E+01  2.939E-23  1.458E-14
1.854E+01  2.878E-23  1.415E-14
1.837E+01  2.818E-23  1.373E-14
1.820E+01  2.767E-23  1.335E-14
1.803E+01  2.741E-23  1.311E-14
1.786E+01  2.750E-23  1.303E-14
1.770E+01  2.669E-23  1.253E-14
1.754E+01  2.673E-23  1.244E-14
1.738E+01  2.832E-23  1.305E-14
1.722E+01  2.657E-23  1.214E-14
1.706E+01  2.571E-23  1.163E-14
1.690E+01  2.462E-23  1.104E-14
1.675E+01  2.335E-23  1.037E-14
1.660E+01  2.295E-23  1.010E-14
1.644E+01  2.456E-23  1.071E-14
1.629E+01  2.034E-23  8.789E-15
1.614E+01  1.851E-23  7.928E-15
1.600E+01  1.821E-23  7.726E-15
1.585E+01  1.763E-23  7.410E-15
1.570E+01  1.579E-23  6.577E-15
1.556E+01  1.467E-23  6.054E-15
1.542E+01  1.390E-23  5.683E-15
1.528E+01  1.327E-23  5.379E-15
1.514E+01  1.274E-23  5.114E-15
1.500E+01  1.227E-23  4.879E-15
1.486E+01  1.184E-23  4.668E-15
1.472E+01  1.148E-23  4.483E-15
1.459E+01  1.119E-23  4.329E-15
1.445E+01  1.104E-23  4.233E-15
1.432E+01  1.117E-23  4.243E-15
1.419E+01  1.137E-23  4.279E-15
1.406E+01  1.077E-23  4.017E-15
1.393E+01  1.030E-23  3.808E-15
1.380E+01  1.026E-23  3.758E-15
1.368E+01  1.076E-23  3.905E-15
1.355E+01  1.092E-23  3.926E-15
1.343E+01  1.031E-23  3.674E-15
1.330E+01  1.025E-23  3.616E-15
1.318E+01  1.054E-23  3.685E-15
1.306E+01  1.119E-23  3.876E-15
1.294E+01  1.235E-23  4.241E-15
1.282E+01  1.427E-23  4.852E-15
1.271E+01  1.664E-23  5.607E-15
1.259E+01  1.760E-23  5.876E-15
1.247E+01  1.610E-23  5.326E-15
1.236E+01  1.429E-23  4.686E-15
1.225E+01  1.349E-23  4.383E-15
1.213E+01  1.360E-23  4.379E-15
1.202E+01  1.389E-23  4.428E-15
1.191E+01  1.346E-23  4.254E-15
1.180E+01  1.263E-23  3.955E-15
1.169E+01  1.233E-23  3.825E-15
1.159E+01  1.324E-23  4.069E-15
1.148E+01  1.645E-23  5.010E-15
1.138E+01  2.302E-23  6.947E-15
1.127E+01  3.045E-23  9.103E-15
1.117E+01  2.181E-23  6.462E-15
1.107E+01  1.318E-23  3.870E-15
1.096E+01  1.012E-23  2.942E-15
1.086E+01  8.670E-24  2.499E-15
1.076E+01  7.889E-24  2.253E-15
1.067E+01  7.430E-24  2.102E-15
1.057E+01  7.147E-24  2.004E-15
1.047E+01  6.959E-24  1.933E-15
1.038E+01  6.816E-24  1.876E-15
1.028E+01  6.693E-24  1.825E-15
1.019E+01  6.583E-24  1.779E-15
1.009E+01  6.490E-24  1.738E-15
1.000E+01  6.421E-24  1.703E-15
9.908E+00  6.380E-24  1.677E-15
9.817E+00  6.363E-24  1.657E-15
9.727E+00  6.369E-24  1.643E-15
9.638E+00  6.394E-24  1.635E-15
9.550E+00  6.422E-24  1.627E-15
9.462E+00  6.447E-24  1.618E-15
9.376E+00  6.468E-24  1.609E-15
9.290E+00  6.492E-24  1.600E-15
9.204E+00  6.535E-24  1.596E-15
9.120E+00  6.634E-24  1.605E-15
9.036E+00  6.844E-24  1.640E-15
8.954E+00  7.259E-24  1.724E-15
8.872E+00  8.040E-24  1.892E-15
8.790E+00  9.450E-24  2.203E-15
8.710E+00  1.169E-23  2.701E-15
8.630E+00  1.374E-23  3.145E-15
8.551E+00  1.324E-23  3.003E-15
8.472E+00  1.150E-23  2.584E-15
8.395E+00  1.054E-23  2.347E-15
8.318E+00  1.032E-23  2.278E-15
8.241E+00  1.056E-23  2.307E-15
8.166E+00  1.139E-23  2.467E-15
8.091E+00  1.312E-23  2.816E-15
8.017E+00  1.596E-23  3.394E-15
7.943E+00  1.971E-23  4.153E-15
7.870E+00  2.302E-23  4.806E-15
7.798E+00  2.437E-23  5.041E-15
7.727E+00  2.499E-23  5.121E-15
7.656E+00  2.634E-23  5.349E-15
7.586E+00  2.567E-23  5.165E-15
7.516E+00  2.096E-23  4.178E-15
7.447E+00  1.572E-23  3.106E-15
7.379E+00  1.198E-23  2.345E-15
7.311E+00  9.503E-24  1.843E-15
7.244E+00  7.796E-24  1.498E-15
7.178E+00  6.563E-24  1.250E-15
7.112E+00  5.654E-24  1.067E-15
7.047E+00  4.992E-24  9.332E-16
6.982E+00  4.535E-24  8.399E-16
6.918E+00  4.254E-24  7.807E-16
6.855E+00  4.126E-24  7.503E-16
6.792E+00  4.105E-24  7.395E-16
6.730E+00  4.098E-24  7.316E-16
6.668E+00  4.006E-24  7.086E-16
6.607E+00  3.834E-24  6.719E-16
6.546E+00  3.714E-24  6.449E-16
6.486E+00  3.811E-24  6.558E-16
6.427E+00  4.329E-24  7.380E-16
6.368E+00  5.668E-24  9.574E-16
6.310E+00  8.737E-24  1.462E-15
6.252E+00  1.399E-23  2.320E-15
6.194E+00  1.412E-23  2.320E-15
6.138E+00  8.464E-24  1.378E-15
6.081E+00  4.981E-24  8.035E-16
6.026E+00  3.363E-24  5.375E-16
5.970E+00  2.590E-24  4.102E-16
5.916E+00  2.235E-24  3.507E-16
5.861E+00  2.152E-24  3.346E-16
5.808E+00  2.320E-24  3.574E-16
5.754E+00  2.705E-24  4.129E-16
5.702E+00  2.919E-24  4.415E-16
5.649E+00  2.493E-24  3.736E-16
5.598E+00  1.882E-24  2.795E-16
5.546E+00  1.461E-24  2.149E-16
5.495E+00  1.215E-24  1.771E-16
5.445E+00  1.081E-24  1.561E-16
5.395E+00  1.029E-24  1.472E-16
5.346E+00  1.067E-24  1.513E-16
5.297E+00  1.227E-24  1.724E-16
5.248E+00  1.342E-24  1.868E-16
5.200E+00  1.107E-24  1.527E-16
5.152E+00  8.661E-25  1.184E-16
5.105E+00  7.336E-25  9.934E-17
5.058E+00  6.593E-25  8.846E-17
5.012E+00  6.126E-25  8.144E-17
4.966E+00  5.800E-25  7.641E-17
4.920E+00  5.557E-25  7.252E-17
4.875E+00  5.364E-25  6.937E-17
4.831E+00  5.207E-25  6.672E-17
4.786E+00  5.074E-25  6.442E-17
4.742E+00  4.961E-25  6.241E-17
4.699E+00  4.863E-25  6.062E-17
4.656E+00  4.777E-25  5.900E-17
4.613E+00  4.701E-25  5.753E-17
4.571E+00  4.633E-25  5.618E-17
4.529E+00  4.573E-25  5.494E-17
4.487E+00  4.519E-25  5.379E-17
4.446E+00  4.470E-25  5.272E-17
4.406E+00  4.426E-25  5.173E-17
4.365E+00  4.387E-25  5.080E-17
4.325E+00  4.352E-25  4.993E-17
4.285E+00  4.321E-25  4.912E-17
4.246E+00  4.293E-25  4.835E-17
4.207E+00  4.268E-25  4.763E-17
4.169E+00  4.246E-25  4.695E-17
4.130E+00  4.227E-25  4.632E-17
4.093E+00  4.210E-25  4.571E-17
4.055E+00  4.196E-25  4.514E-17
4.018E+00  4.186E-25  4.461E-17
3.981E+00  4.178E-25  4.412E-17
3.945E+00  4.174E-25  4.367E-17
3.908E+00  4.173E-25  4.327E-17
3.873E+00  4.178E-25  4.291E-17
3.837E+00  4.188E-25  4.262E-17
3.802E+00  4.204E-25  4.240E-17
3.767E+00  4.229E-25  4.226E-17
3.733E+00  4.263E-25  4.221E-17
3.698E+00  4.311E-25  4.229E-17
3.664E+00  4.376E-25  4.254E-17
3.631E+00  4.466E-25  4.301E-17
3.597E+00  4.589E-25  4.379E-17
3.565E+00  4.764E-25  4.505E-17
3.532E+00  5.019E-25  4.702E-17
3.499E+00  5.406E-25  5.018E-17
3.467E+00  6.028E-25  5.544E-17
3.436E+00  7.114E-25  6.483E-17
3.404E+00  9.257E-25  8.358E-17
3.373E+00  1.437E-24  1.286E-16
3.342E+00  3.133E-24  2.777E-16
3.311E+00  1.155E-23  1.015E-15
3.281E+00  7.946E-24  6.916E-16
3.251E+00  2.358E-24  2.034E-16
3.221E+00  1.189E-24  1.016E-16
3.192E+00  8.020E-25  6.790E-17
3.162E+00  6.310E-25  5.293E-17
3.133E+00  5.410E-25  4.496E-17
3.105E+00  4.879E-25  4.018E-17
3.076E+00  4.538E-25  3.703E-17
3.048E+00  4.306E-25  3.482E-17
3.020E+00  4.140E-25  3.316E-17
2.992E+00  4.015E-25  3.187E-17
2.965E+00  3.918E-25  3.082E-17
2.938E+00  3.841E-25  2.993E-17
2.911E+00  3.778E-25  2.917E-17
2.884E+00  3.725E-25  2.850E-17
2.858E+00  3.680E-25  2.789E-17
2.831E+00  3.640E-25  2.734E-17
2.805E+00  3.604E-25  2.682E-17
2.780E+00  3.573E-25  2.634E-17
2.754E+00  3.543E-25  2.589E-17
2.729E+00  3.516E-25  2.545E-17
2.704E+00  3.491E-25  2.504E-17
2.679E+00  3.466E-25  2.463E-17
2.655E+00  3.443E-25  2.425E-17
2.630E+00  3.421E-25  2.387E-17
2.606E+00  3.400E-25  2.350E-17
2.582E+00  3.378E-25  2.314E-17
2.559E+00  3.358E-25  2.279E-17
2.535E+00  3.337E-25  2.244E-17
2.512E+00  3.317E-25  2.210E-17
2.489E+00  3.297E-25  2.177E-17
2.466E+00  3.277E-25  2.144E-17
2.443E+00  3.257E-25  2.111E-17
2.421E+00  3.237E-25  2.079E-17
2.399E+00  3.217E-25  2.047E-17
2.377E+00  3.197E-25  2.016E-17
2.355E+00  3.177E-25  1.985E-17
2.333E+00  3.157E-25  1.954E-17
2.312E+00  3.137E-25  1.924E-17
2.291E+00  3.116E-25  1.894E-17
2.270E+00  3.096E-25  1.864E-17
2.249E+00  3.074E-25  1.834E-17
2.228E+00  3.053E-25  1.804E-17
2.208E+00  3.031E-25  1.775E-17
2.188E+00  3.008E-25  1.746E-17
2.168E+00  2.985E-25  1.716E-17
2.148E+00  2.960E-25  1.687E-17
2.128E+00  2.935E-25  1.657E-17
2.109E+00  2.908E-25  1.627E-17
2.089E+00  2.880E-25  1.596E-17
2.070E+00  2.849E-25  1.564E-17
2.051E+00  2.816E-25  1.532E-17
2.032E+00  2.779E-25  1.498E-17
2.014E+00  2.738E-25  1.463E-17
1.995E+00  2.692E-25  1.425E-17
1.977E+00  2.642E-25  1.385E-17
1.959E+00  2.588E-25  1.345E-17
1.941E+00  2.535E-25  1.305E-17
1.923E+00  2.492E-25  1.271E-17
1.905E+00  2.468E-25  1.248E-17
1.888E+00  2.467E-25  1.235E-17
1.871E+00  2.481E-25  1.231E-17
1.854E+00  2.501E-25  1.230E-17
1.837E+00  2.518E-25  1.226E-17
1.820E+00  2.528E-25  1.220E-17
1.803E+00  2.532E-25  1.211E-17
1.786E+00  2.531E-25  1.199E-17
1.770E+00  2.525E-25  1.185E-17
1.754E+00  2.516E-25  1.170E-17
1.738E+00  2.504E-25  1.154E-17
1.722E+00  2.491E-25  1.138E-17
1.706E+00  2.477E-25  1.121E-17
1.690E+00  2.462E-25  1.104E-17
1.675E+00  2.446E-25  1.087E-17
1.660E+00  2.429E-25  1.069E-17
1.644E+00  2.413E-25  1.052E-17
1.629E+00  2.396E-25  1.036E-17
1.614E+00  2.380E-25  1.019E-17
1.600E+00  2.363E-25  1.003E-17
1.585E+00  2.347E-25  9.869E-18
1.570E+00  2.332E-25  9.714E-18
1.556E+00  2.317E-25  9.565E-18
1.542E+00  2.304E-25  9.421E-18
1.528E+00  2.291E-25  9.284E-18
1.514E+00  2.280E-25  9.154E-18
1.500E+00  2.270E-25  9.032E-18
1.486E+00  2.263E-25  8.919E-18
1.472E+00  2.258E-25  8.817E-18
1.459E+00  2.255E-25  8.727E-18
1.445E+00  2.256E-25  8.651E-18
1.432E+00  2.261E-25  8.591E-18
1.419E+00  2.271E-25  8.549E-18
1.406E+00  2.287E-25  8.529E-18
1.393E+00  2.310E-25  8.536E-18
1.380E+00  2.341E-25  8.572E-18
1.368E+00  2.383E-25  8.644E-18
1.355E+00  2.436E-25  8.757E-18
1.343E+00  2.503E-25  8.916E-18
1.330E+00  2.585E-25  9.122E-18
1.318E+00  2.679E-25  9.368E-18
1.306E+00  2.781E-25  9.634E-18
1.294E+00  2.877E-25  9.875E-18
1.282E+00  2.946E-25  1.002E-17
1.271E+00  2.963E-25  9.986E-18
1.259E+00  2.909E-25  9.714E-18
1.247E+00  2.785E-25  9.214E-18
1.236E+00  2.613E-25  8.566E-18
1.225E+00  2.424E-25  7.874E-18
1.213E+00  2.244E-25  7.223E-18
1.202E+00  2.087E-25  6.655E-18
1.191E+00  1.957E-25  6.184E-18
1.180E+00  1.854E-25  5.806E-18
1.169E+00  1.776E-25  5.510E-18
1.159E+00  1.720E-25  5.287E-18
1.148E+00  1.685E-25  5.130E-18
1.138E+00  1.670E-25  5.039E-18
1.127E+00  1.678E-25  5.017E-18
1.117E+00  1.714E-25  5.078E-18
1.107E+00  1.787E-25  5.244E-18
1.096E+00  1.911E-25  5.558E-18
1.086E+00  2.108E-25  6.075E-18
1.076E+00  2.399E-25  6.851E-18
1.067E+00  2.768E-25  7.832E-18
1.057E+00  3.065E-25  8.591E-18
1.047E+00  3.012E-25  8.365E-18
1.038E+00  2.582E-25  7.105E-18
1.028E+00  2.072E-25  5.651E-18
1.019E+00  1.674E-25  4.523E-18
1.009E+00  1.400E-25  3.748E-18
1.000E+00  1.215E-25  3.223E-18
